1.00000 47.20000
2.00000 36.70000
3.00000 37.20000
4.00000 28.00000
5.00000 37.20000
6.00000 36.20000
7.00000 36.70000
8.00000 29.10000
9.00000 18.87000
10.00000 27.00000
11.00000 26.50000
12.00000 35.10000
13.00000 28.00000
14.00000 28.00000
15.00000 35.10000
16.00000 35.60000
17.00000 61.00000
18.00000 29.10000
19.00000 35.10000
20.00000 36.20000
21.00000 29.60000
22.00000 29.10000
23.00000 28.00000
24.00000 36.20000
25.00000 37.70000
26.00000 36.20000
27.00000 35.10000
28.00000 37.70000
29.00000 29.10000
30.00000 28.60000
31.00000 17.30000
32.00000 28.00000
33.00000 27.50000
34.00000 45.90000
35.00000 38.30000
36.00000 29.10000
37.00000 29.60000
38.00000 28.60000
39.00000 35.10000
40.00000 28.00000
41.00000 29.10000
42.00000 27.50000
43.00000 29.10000
44.00000 36.20000
45.00000 28.00000
46.00000 37.70000
47.00000 36.70000
48.00000 28.60000
49.00000 27.00000
50.00000 26.50000
51.00000 28.00000
52.00000 15.21000
53.00000 26.50000
54.00000 28.60000
55.00000 35.10000
56.00000 28.00000
57.00000 29.60000
58.00000 28.00000
59.00000 28.00000
60.00000 28.00000
61.00000 29.60000
62.00000 29.60000
63.00000 37.20000
64.00000 28.60000
65.00000 28.60000
66.00000 29.10000
67.00000 27.00000
68.00000 26.50000
69.00000 28.60000
70.00000 28.60000
71.00000 35.10000
72.00000 29.10000
73.00000 18.35000
74.00000 29.60000
75.00000 35.10000
76.00000 29.10000
77.00000 28.60000
78.00000 29.60000
79.00000 35.60000
80.00000 36.20000
81.00000 35.60000
82.00000 29.60000
83.00000 29.60000
84.00000 26.50000
85.00000 37.70000
86.00000 26.00000
87.00000 26.50000
88.00000 29.10000
89.00000 26.00000
90.00000 27.00000
91.00000 28.60000
92.00000 28.00000
93.00000 26.00000
94.00000 26.50000
95.00000 15.21000
96.00000 27.50000
97.00000 29.10000
98.00000 29.10000
99.00000 28.60000
100.00000 29.60000
101.00000 28.60000
102.00000 29.10000
103.00000 28.60000
104.00000 26.50000
105.00000 28.60000
106.00000 28.60000
107.00000 29.10000
108.00000 28.60000
109.00000 27.50000
110.00000 19.39000
111.00000 26.50000
112.00000 27.50000
113.00000 19.91000
114.00000 27.50000
115.00000 29.60000
116.00000 15.74000
117.00000 26.50000
118.00000 28.60000
119.00000 27.50000
120.00000 28.00000
121.00000 35.10000
122.00000 27.50000
123.00000 26.50000
124.00000 29.10000
125.00000 35.10000
126.00000 36.20000
127.00000 38.30000
128.00000 35.10000
129.00000 29.60000
130.00000 28.00000
131.00000 29.10000
132.00000 28.60000
133.00000 29.60000
134.00000 37.70000
135.00000 37.20000
136.00000 28.60000
137.00000 18.87000
138.00000 35.60000
139.00000 37.20000
140.00000 29.10000
141.00000 28.00000
142.00000 29.60000
143.00000 37.70000
144.00000 36.20000
145.00000 28.60000
146.00000 29.10000
147.00000 29.60000
148.00000 29.10000
149.00000 19.91000
150.00000 18.87000
151.00000 27.00000
152.00000 29.10000
153.00000 27.50000
154.00000 27.50000
155.00000 29.10000
156.00000 27.00000
157.00000 28.00000
158.00000 27.00000
159.00000 15.21000
160.00000 29.10000
161.00000 28.60000
162.00000 27.00000
163.00000 29.10000
164.00000 28.00000
165.00000 29.10000
166.00000 28.00000
167.00000 27.00000
168.00000 25.40000
169.00000 26.50000
170.00000 28.00000
171.00000 27.00000
172.00000 29.10000
173.00000 28.00000
174.00000 35.10000
175.00000 29.60000
176.00000 27.50000
177.00000 27.50000
178.00000 26.00000
179.00000 28.60000
180.00000 16.26000
181.00000 26.50000
182.00000 28.60000
183.00000 28.60000
184.00000 29.10000
185.00000 28.00000
186.00000 19.91000
187.00000 29.10000
188.00000 28.60000
189.00000 26.50000
190.00000 28.00000
191.00000 28.00000
192.00000 28.60000
193.00000 26.50000
194.00000 19.39000
195.00000 28.00000
196.00000 27.50000
197.00000 27.50000
198.00000 28.60000
199.00000 37.20000
200.00000 36.70000
201.00000 18.35000
202.00000 25.40000
203.00000 28.00000
204.00000 25.40000
205.00000 27.50000
206.00000 29.10000
207.00000 36.70000
208.00000 35.10000
209.00000 35.60000
210.00000 35.10000
211.00000 35.60000
212.00000 35.60000
213.00000 29.10000
214.00000 27.00000
215.00000 29.60000
216.00000 27.50000
217.00000 29.10000
218.00000 36.20000
219.00000 35.60000
220.00000 35.60000
221.00000 35.10000
222.00000 29.10000
223.00000 15.74000
224.00000 36.20000
225.00000 29.60000
226.00000 29.10000
227.00000 37.20000
228.00000 29.10000
229.00000 29.60000
230.00000 29.10000
231.00000 27.50000
232.00000 27.50000
233.00000 27.00000
234.00000 36.20000
235.00000 35.10000
236.00000 37.20000
237.00000 38.30000
238.00000 37.20000
239.00000 37.20000
240.00000 36.20000
241.00000 35.10000
242.00000 35.60000
243.00000 37.70000
244.00000 16.78000
245.00000 46.90000
246.00000 38.30000
247.00000 37.70000
248.00000 36.70000
249.00000 19.91000
250.00000 26.00000
251.00000 28.00000
252.00000 38.30000
253.00000 35.60000
254.00000 37.70000
255.00000 36.20000
256.00000 36.20000
257.00000 37.70000
258.00000 29.10000
259.00000 28.60000
260.00000 36.20000
261.00000 35.10000
262.00000 37.70000
263.00000 36.20000
264.00000 27.50000
265.00000 19.92000
266.00000 27.00000
267.00000 35.60000
268.00000 29.10000
269.00000 37.20000
270.00000 35.60000
271.00000 36.70000
272.00000 36.20000
273.00000 35.10000
274.00000 37.70000
275.00000 29.60000
276.00000 26.00000
277.00000 29.10000
278.00000 28.60000
279.00000 28.00000
280.00000 27.50000
281.00000 27.50000
282.00000 29.10000
283.00000 28.00000
284.00000 29.60000
285.00000 25.40000
286.00000 26.00000
287.00000 17.82000
288.00000 38.30000
289.00000 37.20000
290.00000 37.70000
291.00000 39.30000
292.00000 45.30000
293.00000 38.80000
294.00000 38.80000
295.00000 35.60000
296.00000 38.60000
297.00000 18.34000
298.00000 15.74000
299.00000 19.39000
