1.00000 18.34000
2.00000 25.40000
3.00000 26.00000
4.00000 27.00000
5.00000 19.91000
6.00000 25.40000
7.00000 35.10000
8.00000 26.50000
9.00000 18.34000
10.00000 16.78000
11.00000 16.78000
12.00000 16.26000
13.00000 16.26000
14.00000 17.30000
15.00000 16.26000
16.00000 8.13000
17.00000 1.56000
18.00000 17.30000
19.00000 17.30000
20.00000 17.30000
21.00000 16.78000
22.00000 16.26000
23.00000 16.78000
24.00000 17.82000
25.00000 17.82000
26.00000 18.87000
27.00000 19.39000
28.00000 18.34000
29.00000 19.39000
30.00000 17.82000
31.00000 17.30000
32.00000 18.34000
33.00000 17.30000
34.00000 17.82000
35.00000 16.26000
36.00000 17.82000
37.00000 9.17000
38.00000 26.00000
39.00000 17.30000
40.00000 18.34000
41.00000 38.30000
42.00000 45.90000
43.00000 18.34000
44.00000 19.39000
45.00000 18.34000
46.00000 17.82000
47.00000 17.30000
48.00000 15.74000
49.00000 15.74000
50.00000 15.21000
51.00000 18.34000
52.00000 17.30000
53.00000 19.39000
54.00000 17.82000
55.00000 19.91000
56.00000 18.34000
57.00000 16.78000
58.00000 18.34000
59.00000 9.17000
60.00000 27.50000
61.00000 25.40000
62.00000 26.50000
63.00000 19.39000
64.00000 19.39000
65.00000 17.82000
66.00000 16.26000
67.00000 18.87000
68.00000 28.00000
69.00000 18.87000
70.00000 25.40000
71.00000 19.39000
72.00000 27.00000
73.00000 18.87000
74.00000 17.82000
75.00000 8.13000
76.00000 25.40000
77.00000 18.87000
78.00000 19.39000
79.00000 19.91000
80.00000 9.69000
81.00000 17.30000
82.00000 18.87000
83.00000 19.39000
84.00000 16.26000
85.00000 16.26000
86.00000 19.39000
87.00000 18.34000
88.00000 18.34000
89.00000 17.30000
90.00000 17.82000
91.00000 17.82000
92.00000 17.30000
93.00000 16.26000
94.00000 1.56000
95.00000 26.00000
96.00000 17.30000
97.00000 16.26000
98.00000 25.40000
99.00000 25.40000
100.00000 26.00000
101.00000 8.65000
102.00000 17.82000
103.00000 16.26000
104.00000 16.78000
105.00000 18.34000
106.00000 17.82000
107.00000 18.34000
108.00000 25.40000
109.00000 17.82000
110.00000 15.21000
111.00000 25.40000
112.00000 16.26000
113.00000 18.34000
114.00000 16.78000
115.00000 18.87000
116.00000 17.30000
117.00000 18.34000
118.00000 19.91000
119.00000 16.26000
120.00000 17.82000
121.00000 15.74000
122.00000 17.30000
123.00000 8.65000
124.00000 18.34000
125.00000 18.34000
126.00000 18.87000
127.00000 18.34000
128.00000 19.39000
129.00000 25.40000
130.00000 25.40000
131.00000 16.78000
132.00000 18.87000
133.00000 17.30000
134.00000 18.87000
135.00000 18.34000
136.00000 18.87000
137.00000 16.78000
138.00000 16.26000
139.00000 17.82000
140.00000 26.00000
141.00000 18.34000
142.00000 18.87000
143.00000 19.91000
144.00000 8.13000
145.00000 17.82000
146.00000 17.82000
147.00000 18.34000
148.00000 16.26000
149.00000 16.78000
150.00000 17.30000
151.00000 18.34000
152.00000 19.91000
153.00000 17.30000
154.00000 17.82000
155.00000 17.30000
156.00000 18.34000
157.00000 15.74000
158.00000 1.56000
159.00000 19.39000
160.00000 8.13000
161.00000 17.30000
162.00000 1.04000
163.00000 18.34000
164.00000 8.13000
165.00000 15.22000
166.00000 8.64000
167.00000 9.17000
168.00000 17.30000
169.00000 16.26000
170.00000 15.74000
171.00000 8.65000
172.00000 15.21000
173.00000 9.69000
174.00000 16.78000
175.00000 9.69000
176.00000 16.78000
177.00000 16.26000
178.00000 16.78000
179.00000 15.21000
180.00000 16.26000
181.00000 16.26000
182.00000 15.21000
183.00000 15.21000
184.00000 15.21000
185.00000 8.65000
186.00000 9.69000
187.00000 8.13000
188.00000 17.30000
189.00000 16.26000
190.00000 15.74000
191.00000 15.21000
192.00000 9.69000
193.00000 8.13000
194.00000 15.74000
195.00000 16.78000
196.00000 9.69000
197.00000 16.26000
198.00000 7.61000
199.00000 19.39000
200.00000 9.69000
201.00000 17.30000
202.00000 15.21000
203.00000 9.17000
204.00000 9.69000
205.00000 16.26000
206.00000 17.82000
207.00000 16.26000
208.00000 8.13000
209.00000 15.74000
210.00000 8.65000
211.00000 8.65000
212.00000 16.78000
213.00000 9.69000
214.00000 17.82000
215.00000 18.34000
216.00000 18.34000
217.00000 19.91000
218.00000 19.91000
219.00000 17.82000
220.00000 18.34000
221.00000 17.30000
222.00000 17.30000
223.00000 16.78000
224.00000 17.30000
225.00000 18.87000
226.00000 26.00000
227.00000 18.87000
228.00000 19.39000
229.00000 16.27000
230.00000 9.15000
231.00000 16.26000
232.00000 18.34000
233.00000 16.26000
234.00000 18.87000
235.00000 18.34000
236.00000 17.82000
237.00000 16.78000
238.00000 15.74000
239.00000 17.30000
240.00000 16.78000
241.00000 19.39000
242.00000 17.30000
243.00000 17.30000
244.00000 19.39000
245.00000 17.82000
246.00000 18.87000
247.00000 17.82000
248.00000 15.74000
249.00000 1.04000
250.00000 18.34000
251.00000 0.00000
252.00000 26.50000
253.00000 16.26000
254.00000 17.82000
255.00000 18.34000
256.00000 17.82000
257.00000 16.26000
258.00000 1.56000
259.00000 26.50000
260.00000 19.91000
261.00000 18.34000
262.00000 18.87000
263.00000 17.30000
264.00000 17.30000
265.00000 9.69000
266.00000 1.56000
267.00000 25.40000
268.00000 18.87000
269.00000 19.91000
270.00000 16.78000
271.00000 18.34000
272.00000 9.17000
273.00000 17.30000
274.00000 17.82000
275.00000 15.74000
276.00000 9.69000
277.00000 17.82000
278.00000 17.82000
279.00000 16.26000
280.00000 17.30000
281.00000 9.17000
282.00000 18.34000
283.00000 18.87000
284.00000 16.26000
285.00000 17.30000
286.00000 18.87000
287.00000 17.82000
288.00000 19.91000
289.00000 19.39000
290.00000 17.82000
291.00000 18.87000
292.00000 17.30000
293.00000 15.21000
294.00000 8.13000
295.00000 16.26000
296.00000 38.10000
297.00000 18.34000
298.00000 18.87000
299.00000 17.82000
