1.00000 17.30000
2.00000 27.60000
3.00000 29.00000
4.00000 29.10000
5.00000 28.60000
6.00000 28.60000
7.00000 35.10000
8.00000 27.50000
9.00000 27.00000
10.00000 50.00000
11.00000 36.20000
12.00000 27.50000
13.00000 26.00000
14.00000 25.40000
15.00000 18.87000
16.00000 26.00000
17.00000 19.91000
18.00000 17.30000
19.00000 25.40000
20.00000 18.87000
21.00000 17.82000
22.00000 19.39000
23.00000 8.65000
24.00000 16.26000
25.00000 7.61000
26.00000 35.10000
27.00000 27.00000
28.00000 18.34000
29.00000 27.00000
30.00000 28.60000
31.00000 25.40000
32.00000 26.50000
33.00000 18.87000
34.00000 18.34000
35.00000 18.34000
36.00000 18.34000
37.00000 16.78000
38.00000 19.91000
39.00000 19.39000
40.00000 17.82000
41.00000 16.78000
42.00000 15.74000
43.00000 16.26000
44.00000 7.61000
45.00000 17.82000
46.00000 16.26000
47.00000 16.26000
48.00000 16.26000
49.00000 16.78000
50.00000 18.87000
51.00000 16.26000
52.00000 16.26000
53.00000 16.78000
54.00000 17.82000
55.00000 17.30000
56.00000 18.87000
57.00000 16.78000
58.00000 8.65000
59.00000 17.82000
60.00000 16.26000
61.00000 16.26000
62.00000 16.78000
63.00000 18.87000
64.00000 16.78000
65.00000 1.04000
66.00000 18.34000
67.00000 16.78000
68.00000 9.17000
69.00000 25.40000
70.00000 19.39000
71.00000 18.87000
72.00000 16.78000
73.00000 18.87000
74.00000 9.69000
75.00000 16.26000
76.00000 1.56000
77.00000 15.21000
78.00000 9.17000
79.00000 7.61000
80.00000 16.78000
81.00000 8.65000
82.00000 16.26000
83.00000 17.30000
84.00000 15.21000
85.00000 15.74000
86.00000 16.26000
87.00000 7.61000
88.00000 16.78000
89.00000 17.30000
90.00000 17.82000
91.00000 18.87000
92.00000 27.50000
93.00000 19.91000
94.00000 18.34000
95.00000 19.39000
96.00000 16.78000
97.00000 19.39000
98.00000 18.87000
99.00000 18.34000
100.00000 16.26000
101.00000 15.21000
102.00000 18.34000
103.00000 16.78000
104.00000 18.34000
105.00000 7.09000
106.00000 17.30000
107.00000 1.04000
108.00000 0.00000
109.00000 26.00000
110.00000 9.69000
111.00000 8.65000
112.00000 9.69000
113.00000 9.69000
114.00000 8.65000
115.00000 15.21000
116.00000 9.69000
117.00000 15.21000
118.00000 15.74000
119.00000 9.69000
120.00000 9.17000
121.00000 16.26000
122.00000 15.21000
123.00000 15.74000
124.00000 7.61000
125.00000 17.30000
126.00000 15.74000
127.00000 16.26000
128.00000 16.78000
129.00000 7.09000
130.00000 8.65000
131.00000 16.78000
132.00000 26.50000
133.00000 18.34000
134.00000 16.26000
135.00000 16.78000
136.00000 18.87000
137.00000 17.82000
138.00000 15.74000
139.00000 16.78000
140.00000 16.26000
141.00000 16.78000
142.00000 17.30000
143.00000 18.34000
144.00000 17.30000
145.00000 17.82000
146.00000 19.39000
147.00000 17.30000
148.00000 18.34000
149.00000 25.40000
150.00000 17.30000
151.00000 7.61000
152.00000 16.78000
153.00000 18.34000
154.00000 15.21000
155.00000 18.34000
156.00000 15.21000
157.00000 0.52000
158.00000 27.50000
159.00000 17.30000
160.00000 9.69000
161.00000 0.00000
162.00000 7.09000
163.00000 28.60000
164.00000 17.30000
165.00000 9.69000
166.00000 17.30000
167.00000 15.74000
168.00000 16.26000
169.00000 17.30000
170.00000 16.78000
171.00000 26.50000
172.00000 9.69000
173.00000 25.40000
174.00000 18.34000
175.00000 18.34000
176.00000 1.56000
177.00000 27.50000
178.00000 18.34000
179.00000 15.21000
180.00000 1.04000
181.00000 16.78000
182.00000 16.26000
183.00000 16.78000
184.00000 15.74000
185.00000 9.69000
186.00000 16.26000
187.00000 9.69000
188.00000 1.56000
189.00000 9.69000
190.00000 16.78000
191.00000 7.09000
192.00000 15.74000
193.00000 0.52000
194.00000 8.65000
195.00000 15.21000
196.00000 17.30000
197.00000 15.74000
198.00000 18.87000
199.00000 17.82000
200.00000 9.69000
201.00000 16.26000
202.00000 15.74000
203.00000 9.69000
204.00000 15.21000
205.00000 1.04000
206.00000 15.74000
207.00000 16.78000
208.00000 19.39000
209.00000 15.74000
210.00000 8.65000
211.00000 8.65000
212.00000 9.17000
213.00000 9.69000
214.00000 9.17000
215.00000 7.61000
216.00000 9.69000
217.00000 15.21000
218.00000 7.09000
219.00000 15.74000
220.00000 16.26000
221.00000 15.74000
222.00000 9.17000
223.00000 9.69000
224.00000 9.17000
225.00000 8.65000
226.00000 15.74000
227.00000 9.69000
228.00000 16.78000
229.00000 15.21000
230.00000 1.56000
231.00000 15.21000
232.00000 8.65000
233.00000 9.69000
234.00000 1.56000
235.00000 17.30000
236.00000 7.09000
237.00000 15.21000
238.00000 9.17000
239.00000 8.65000
240.00000 16.26000
241.00000 15.21000
242.00000 9.17000
243.00000 8.13000
244.00000 9.69000
245.00000 1.56000
246.00000 16.78000
247.00000 9.69000
248.00000 7.61000
249.00000 15.74000
250.00000 15.21000
251.00000 16.26000
252.00000 15.21000
253.00000 8.13000
254.00000 9.69000
255.00000 18.87000
256.00000 16.26000
257.00000 8.65000
258.00000 16.26000
259.00000 16.26000
260.00000 16.78000
261.00000 17.30000
262.00000 16.78000
263.00000 15.74000
264.00000 15.21000
265.00000 9.17000
266.00000 15.21000
267.00000 9.17000
268.00000 15.74000
269.00000 15.21000
270.00000 16.26000
271.00000 16.26000
272.00000 16.26000
273.00000 15.21000
274.00000 16.78000
275.00000 16.26000
276.00000 16.26000
277.00000 17.30000
278.00000 16.26000
279.00000 8.65000
280.00000 9.69000
281.00000 15.74000
282.00000 15.74000
283.00000 15.21000
284.00000 9.17000
285.00000 16.26000
286.00000 8.65000
287.00000 17.82000
288.00000 9.17000
289.00000 16.26000
290.00000 1.56000
291.00000 16.26000
292.00000 9.69000
293.00000 15.74000
294.00000 16.26000
295.00000 8.65000
296.00000 39.20000
297.00000 37.80000
298.00000 48.10000
299.00000 52.30000
