1.00000 38.90000
2.00000 28.40000
3.00000 47.00000
4.00000 47.00000
5.00000 29.70000
6.00000 47.00000
7.00000 47.00000
8.00000 29.70000
9.00000 28.60000
10.00000 47.00000
11.00000 29.70000
12.00000 46.00000
13.00000 49.10000
14.00000 29.70000
15.00000 51.20000
16.00000 37.80000
17.00000 39.60000
18.00000 38.20000
19.00000 54.40000
20.00000 37.10000
21.00000 36.20000
22.00000 38.60000
23.00000 39.30000
24.00000 38.50000
25.00000 15.70000
26.00000 27.40000
27.00000 37.10000
28.00000 37.70000
29.00000 57.80000
30.00000 50.60000
31.00000 48.80000
32.00000 47.30000
33.00000 47.30000
34.00000 46.80000
35.00000 39.70000
36.00000 39.20000
37.00000 39.20000
38.00000 38.10000
39.00000 27.40000
40.00000 26.90000
41.00000 19.84000
42.00000 17.77000
43.00000 26.40000
44.00000 9.15000
45.00000 19.84000
46.00000 18.81000
47.00000 17.25000
48.00000 17.77000
49.00000 28.50000
50.00000 40.00000
51.00000 26.90000
52.00000 29.50000
53.00000 37.10000
54.00000 37.10000
55.00000 36.10000
56.00000 29.50000
57.00000 39.20000
58.00000 37.60000
59.00000 39.20000
60.00000 36.60000
61.00000 37.10000
62.00000 37.60000
63.00000 38.70000
64.00000 29.50000
65.00000 17.25000
66.00000 40.00000
67.00000 47.80000
68.00000 46.80000
69.00000 45.20000
70.00000 48.30000
71.00000 37.60000
72.00000 38.70000
73.00000 37.60000
74.00000 29.50000
75.00000 35.50000
76.00000 35.50000
77.00000 38.70000
78.00000 38.10000
79.00000 40.00000
80.00000 36.60000
81.00000 45.20000
82.00000 39.70000
83.00000 37.60000
84.00000 47.30000
85.00000 48.80000
86.00000 50.40000
87.00000 26.90000
88.00000 36.60000
89.00000 37.60000
90.00000 46.80000
91.00000 39.20000
92.00000 49.90000
93.00000 48.80000
94.00000 39.20000
95.00000 48.80000
96.00000 48.80000
97.00000 48.30000
98.00000 50.40000
99.00000 47.80000
100.00000 37.60000
101.00000 49.90000
102.00000 47.80000
103.00000 48.30000
104.00000 48.30000
105.00000 38.70000
106.00000 36.60000
107.00000 40.00000
108.00000 17.77000
109.00000 37.60000
110.00000 47.80000
111.00000 46.80000
112.00000 38.70000
113.00000 45.20000
114.00000 39.20000
115.00000 36.10000
116.00000 29.50000
117.00000 27.40000
118.00000 29.00000
119.00000 28.00000
120.00000 36.10000
121.00000 48.30000
122.00000 48.80000
123.00000 47.80000
124.00000 45.20000
125.00000 38.10000
126.00000 38.10000
127.00000 27.40000
128.00000 35.50000
129.00000 18.81000
130.00000 35.50000
131.00000 37.60000
132.00000 36.10000
133.00000 16.74000
134.00000 17.25000
135.00000 38.10000
136.00000 50.40000
137.00000 50.40000
138.00000 49.40000
139.00000 39.70000
140.00000 45.70000
141.00000 48.30000
142.00000 50.40000
143.00000 47.80000
144.00000 50.40000
145.00000 47.80000
146.00000 50.40000
147.00000 52.50000
148.00000 52.50000
149.00000 48.80000
150.00000 48.30000
151.00000 26.90000
152.00000 50.40000
153.00000 51.90000
154.00000 50.90000
155.00000 47.30000
156.00000 47.80000
157.00000 45.70000
158.00000 46.20000
159.00000 48.30000
160.00000 48.30000
161.00000 49.40000
162.00000 37.60000
163.00000 38.10000
164.00000 49.40000
165.00000 46.20000
166.00000 39.70000
167.00000 47.30000
168.00000 50.40000
169.00000 52.50000
170.00000 50.40000
171.00000 46.20000
172.00000 28.00000
173.00000 47.30000
174.00000 39.70000
175.00000 47.30000
176.00000 47.30000
177.00000 47.80000
178.00000 48.30000
179.00000 51.40000
180.00000 50.40000
181.00000 49.40000
182.00000 46.80000
183.00000 47.30000
184.00000 49.40000
185.00000 46.80000
186.00000 45.20000
187.00000 39.70000
188.00000 47.80000
189.00000 50.40000
190.00000 48.30000
191.00000 46.80000
192.00000 45.20000
193.00000 17.77000
194.00000 28.00000
195.00000 36.60000
196.00000 36.60000
197.00000 35.50000
198.00000 38.10000
199.00000 37.10000
200.00000 39.70000
201.00000 38.10000
202.00000 46.80000
203.00000 39.20000
204.00000 36.60000
205.00000 40.00000
206.00000 37.60000
207.00000 40.00000
208.00000 40.00000
209.00000 29.50000
210.00000 19.84000
211.00000 56.10000
212.00000 48.80000
213.00000 48.50000
214.00000 55.90000
215.00000 53.00000
216.00000 56.60000
217.00000 54.50000
218.00000 53.50000
219.00000 56.80000
220.00000 52.90000
221.00000 54.00000
222.00000 56.60000
223.00000 57.70000
224.00000 56.50000
225.00000 57.60000
226.00000 57.50000
227.00000 72.30000
228.00000 56.60000
229.00000 55.60000
230.00000 54.00000
231.00000 56.50000
232.00000 54.20000
233.00000 49.40000
234.00000 48.80000
235.00000 49.40000
236.00000 53.00000
237.00000 51.40000
238.00000 57.50000
239.00000 54.30000
240.00000 56.50000
241.00000 56.60000
242.00000 52.70000
243.00000 80.20000
244.00000 56.60000
245.00000 57.10000
246.00000 48.80000
247.00000 57.60000
248.00000 54.50000
249.00000 56.10000
250.00000 52.50000
251.00000 49.90000
252.00000 57.60000
253.00000 28.00000
254.00000 50.90000
255.00000 57.60000
256.00000 47.80000
257.00000 56.60000
258.00000 28.50000
259.00000 49.40000
260.00000 57.60000
261.00000 46.20000
262.00000 46.20000
263.00000 48.80000
264.00000 28.50000
265.00000 15.70000
266.00000 16.22000
267.00000 16.22000
268.00000 45.20000
269.00000 56.60000
270.00000 53.50000
271.00000 17.25000
272.00000 1.04000
273.00000 0.00000
274.00000 0.52000
275.00000 0.00000
276.00000 0.00000
277.00000 1.04000
278.00000 9.66000
279.00000 17.77000
280.00000 18.81000
281.00000 19.33000
282.00000 17.25000
283.00000 9.66000
284.00000 16.22000
285.00000 15.18000
286.00000 16.22000
287.00000 19.84000
288.00000 40.00000
289.00000 35.50000
290.00000 26.40000
291.00000 28.50000
292.00000 26.40000
293.00000 16.22000
294.00000 26.40000
295.00000 8.11000
296.00000 15.18000
297.00000 40.00000
298.00000 19.84000
299.00000 27.40000
