1.00000 56.50000
2.00000 56.50000
3.00000 56.50000
4.00000 56.50000
5.00000 64.80000
6.00000 68.00000
7.00000 68.00000
8.00000 55.40000
9.00000 78.50000
10.00000 66.90000
11.00000 70.10000
12.00000 70.10000
13.00000 60.70000
14.00000 62.70000
15.00000 48.10000
16.00000 62.70000
17.00000 60.70000
18.00000 49.10000
19.00000 48.40000
20.00000 60.50000
21.00000 48.50000
22.00000 49.10000
23.00000 60.80000
24.00000 48.50000
25.00000 27.50000
26.00000 45.40000
27.00000 37.10000
28.00000 48.50000
29.00000 60.70000
30.00000 48.80000
31.00000 48.10000
32.00000 50.20000
33.00000 49.10000
34.00000 49.20000
35.00000 60.40000
36.00000 26.00000
37.00000 48.50000
38.00000 60.10000
39.00000 49.50000
40.00000 49.50000
41.00000 49.40000
42.00000 50.00000
43.00000 37.20000
44.00000 45.30000
45.00000 45.30000
46.00000 38.30000
47.00000 17.82000
48.00000 36.70000
49.00000 28.00000
50.00000 37.20000
51.00000 38.30000
52.00000 38.80000
53.00000 45.90000
54.00000 39.80000
55.00000 46.40000
56.00000 48.50000
57.00000 47.40000
58.00000 39.80000
59.00000 47.40000
60.00000 47.90000
61.00000 48.50000
62.00000 37.20000
63.00000 36.20000
64.00000 36.70000
65.00000 19.91000
66.00000 36.70000
67.00000 35.60000
68.00000 18.87000
69.00000 37.70000
70.00000 37.20000
71.00000 35.10000
72.00000 36.20000
73.00000 35.60000
74.00000 28.60000
75.00000 35.10000
76.00000 38.80000
77.00000 36.70000
78.00000 35.10000
79.00000 37.70000
80.00000 37.20000
81.00000 35.10000
82.00000 38.80000
83.00000 39.80000
84.00000 38.80000
85.00000 37.70000
86.00000 47.40000
87.00000 36.70000
88.00000 37.20000
89.00000 18.34000
90.00000 38.30000
91.00000 39.80000
92.00000 50.20000
93.00000 61.90000
94.00000 45.30000
95.00000 25.40000
96.00000 39.30000
97.00000 38.30000
98.00000 29.10000
99.00000 36.70000
100.00000 36.70000
101.00000 28.60000
102.00000 38.30000
103.00000 37.20000
104.00000 28.00000
105.00000 25.40000
106.00000 36.70000
107.00000 29.60000
108.00000 36.70000
109.00000 28.00000
110.00000 29.10000
111.00000 28.00000
112.00000 29.60000
113.00000 27.50000
114.00000 16.78000
115.00000 36.20000
116.00000 25.40000
117.00000 45.30000
118.00000 39.80000
119.00000 7.09000
120.00000 0.00000
121.00000 17.30000
122.00000 19.39000
123.00000 38.30000
124.00000 38.30000
125.00000 38.30000
126.00000 50.00000
127.00000 46.40000
128.00000 37.20000
129.00000 39.80000
130.00000 47.90000
131.00000 46.90000
132.00000 47.00000
133.00000 50.00000
134.00000 46.90000
135.00000 35.10000
136.00000 47.40000
137.00000 49.00000
138.00000 49.00000
139.00000 49.00000
140.00000 50.00000
141.00000 50.20000
142.00000 50.40000
143.00000 48.50000
144.00000 47.00000
145.00000 50.20000
146.00000 49.30000
147.00000 59.60000
148.00000 50.20000
149.00000 48.70000
150.00000 49.10000
151.00000 49.40000
152.00000 50.10000
153.00000 49.50000
154.00000 50.50000
155.00000 47.40000
156.00000 50.00000
157.00000 62.60000
158.00000 50.20000
159.00000 51.20000
160.00000 61.70000
161.00000 62.70000
162.00000 49.80000
163.00000 62.70000
164.00000 63.80000
165.00000 49.60000
166.00000 49.10000
167.00000 63.80000
168.00000 63.80000
169.00000 63.80000
170.00000 62.70000
171.00000 50.20000
172.00000 49.50000
173.00000 47.90000
174.00000 47.50000
175.00000 50.00000
176.00000 50.20000
177.00000 63.80000
178.00000 50.20000
179.00000 50.20000
180.00000 50.20000
181.00000 62.70000
182.00000 65.90000
183.00000 58.70000
184.00000 51.10000
185.00000 54.20000
186.00000 54.70000
187.00000 58.40000
188.00000 57.90000
189.00000 54.70000
190.00000 53.80000
191.00000 59.90000
192.00000 55.20000
193.00000 53.70000
194.00000 56.80000
195.00000 29.10000
196.00000 56.30000
197.00000 54.70000
198.00000 54.20000
199.00000 55.20000
200.00000 59.90000
201.00000 60.50000
202.00000 55.80000
203.00000 56.80000
204.00000 55.80000
205.00000 59.90000
206.00000 59.40000
207.00000 54.70000
208.00000 57.90000
209.00000 58.40000
210.00000 56.90000
211.00000 63.80000
212.00000 63.30000
213.00000 59.90000
214.00000 61.00000
215.00000 62.50000
216.00000 63.80000
217.00000 63.00000
218.00000 63.50000
219.00000 63.80000
220.00000 58.20000
221.00000 61.00000
222.00000 56.80000
223.00000 56.80000
224.00000 62.60000
225.00000 60.40000
226.00000 64.80000
227.00000 63.90000
228.00000 63.00000
229.00000 59.90000
230.00000 55.80000
231.00000 59.90000
232.00000 37.70000
233.00000 49.00000
234.00000 61.00000
235.00000 57.90000
236.00000 49.00000
237.00000 51.10000
238.00000 57.30000
239.00000 37.20000
240.00000 57.30000
241.00000 60.50000
242.00000 62.00000
243.00000 61.70000
244.00000 61.80000
245.00000 56.30000
246.00000 60.50000
247.00000 56.80000
248.00000 55.20000
249.00000 55.80000
250.00000 61.00000
251.00000 56.80000
252.00000 61.50000
253.00000 56.80000
254.00000 53.70000
255.00000 52.10000
256.00000 47.90000
257.00000 51.10000
258.00000 50.60000
259.00000 49.50000
260.00000 50.60000
261.00000 47.40000
262.00000 47.40000
263.00000 19.39000
264.00000 37.20000
265.00000 38.80000
266.00000 38.30000
267.00000 38.30000
268.00000 39.80000
269.00000 39.30000
270.00000 46.40000
271.00000 46.40000
272.00000 37.20000
273.00000 47.90000
274.00000 37.70000
275.00000 38.80000
276.00000 35.10000
277.00000 38.30000
278.00000 45.30000
279.00000 51.10000
280.00000 39.30000
281.00000 50.00000
282.00000 49.00000
283.00000 47.90000
284.00000 16.78000
285.00000 50.00000
286.00000 39.30000
287.00000 45.90000
288.00000 39.30000
289.00000 37.70000
290.00000 39.30000
291.00000 39.30000
292.00000 36.70000
293.00000 37.20000
294.00000 38.30000
295.00000 36.70000
296.00000 37.10000
297.00000 7.61000
298.00000 7.09000
299.00000 7.09000
