1.00000 15.21000
2.00000 15.74000
3.00000 16.78000
4.00000 15.74000
5.00000 9.69000
6.00000 17.30000
7.00000 15.74000
8.00000 1.04000
9.00000 18.87000
10.00000 15.21000
11.00000 15.74000
12.00000 7.09000
13.00000 17.82000
14.00000 16.26000
15.00000 15.21000
16.00000 19.39000
17.00000 9.69000
18.00000 17.30000
19.00000 17.30000
20.00000 19.39000
21.00000 26.00000
22.00000 19.39000
23.00000 26.00000
24.00000 19.39000
25.00000 7.61000
26.00000 17.82000
27.00000 16.78000
28.00000 8.13000
29.00000 18.34000
30.00000 16.78000
31.00000 17.82000
32.00000 16.26000
33.00000 17.82000
34.00000 17.30000
35.00000 17.30000
36.00000 18.34000
37.00000 17.82000
38.00000 8.65000
39.00000 17.30000
40.00000 19.39000
41.00000 18.87000
42.00000 17.82000
43.00000 18.34000
44.00000 18.87000
45.00000 16.26000
46.00000 16.26000
47.00000 16.78000
48.00000 17.30000
49.00000 19.91000
50.00000 18.34000
51.00000 18.87000
52.00000 26.00000
53.00000 27.00000
54.00000 19.91000
55.00000 19.91000
56.00000 27.00000
57.00000 15.74000
58.00000 25.40000
59.00000 29.60000
60.00000 18.34000
61.00000 8.65000
62.00000 19.91000
63.00000 17.30000
64.00000 16.26000
65.00000 1.56000
66.00000 28.00000
67.00000 18.87000
68.00000 18.87000
69.00000 17.30000
70.00000 18.34000
71.00000 18.34000
72.00000 17.82000
73.00000 16.26000
74.00000 17.82000
75.00000 19.91000
76.00000 18.34000
77.00000 19.39000
78.00000 18.87000
79.00000 18.87000
80.00000 17.82000
81.00000 16.26000
82.00000 19.39000
83.00000 19.39000
84.00000 17.82000
85.00000 19.91000
86.00000 19.91000
87.00000 19.91000
88.00000 17.82000
89.00000 17.30000
90.00000 0.52000
91.00000 28.00000
92.00000 1.04000
93.00000 0.00000
94.00000 29.10000
95.00000 16.78000
96.00000 18.34000
97.00000 18.34000
98.00000 19.39000
99.00000 25.40000
100.00000 18.87000
101.00000 19.39000
102.00000 8.65000
103.00000 19.39000
104.00000 19.39000
105.00000 17.82000
106.00000 18.87000
107.00000 18.34000
108.00000 18.34000
109.00000 17.82000
110.00000 16.26000
111.00000 1.04000
112.00000 36.20000
113.00000 26.00000
114.00000 18.34000
115.00000 19.91000
116.00000 18.87000
117.00000 17.30000
118.00000 16.78000
119.00000 16.78000
120.00000 17.30000
121.00000 19.39000
122.00000 17.82000
123.00000 15.21000
124.00000 17.30000
125.00000 18.34000
126.00000 18.34000
127.00000 17.30000
128.00000 16.26000
129.00000 16.26000
130.00000 19.91000
131.00000 8.65000
132.00000 27.00000
133.00000 17.82000
134.00000 18.34000
135.00000 19.39000
136.00000 19.39000
137.00000 17.82000
138.00000 16.78000
139.00000 25.40000
140.00000 19.39000
141.00000 19.91000
142.00000 18.87000
143.00000 17.82000
144.00000 18.34000
145.00000 9.69000
146.00000 16.78000
147.00000 16.26000
148.00000 16.26000
149.00000 15.74000
150.00000 7.61000
151.00000 19.91000
152.00000 9.17000
153.00000 8.65000
154.00000 25.40000
155.00000 17.30000
156.00000 15.21000
157.00000 7.09000
158.00000 19.91000
159.00000 15.74000
160.00000 19.39000
161.00000 18.34000
162.00000 16.78000
163.00000 16.78000
164.00000 16.78000
165.00000 17.82000
166.00000 8.65000
167.00000 17.82000
168.00000 17.82000
169.00000 19.39000
170.00000 18.34000
171.00000 16.78000
172.00000 18.87000
173.00000 17.30000
174.00000 16.26000
175.00000 17.82000
176.00000 18.87000
177.00000 16.26000
178.00000 17.82000
179.00000 17.30000
180.00000 17.82000
181.00000 18.34000
182.00000 17.30000
183.00000 16.78000
184.00000 18.87000
185.00000 17.82000
186.00000 17.82000
187.00000 8.65000
188.00000 17.30000
189.00000 18.87000
190.00000 19.91000
191.00000 17.82000
192.00000 18.87000
193.00000 17.30000
194.00000 17.82000
195.00000 16.78000
196.00000 17.82000
197.00000 17.82000
198.00000 18.34000
199.00000 18.34000
200.00000 16.78000
201.00000 0.00000
202.00000 26.00000
203.00000 17.82000
204.00000 18.87000
205.00000 18.34000
206.00000 17.30000
207.00000 16.26000
208.00000 16.78000
209.00000 8.65000
210.00000 15.74000
211.00000 8.65000
212.00000 18.87000
213.00000 16.26000
214.00000 16.78000
215.00000 17.82000
216.00000 17.30000
217.00000 17.30000
218.00000 16.78000
219.00000 1.56000
220.00000 19.91000
221.00000 16.26000
222.00000 17.82000
223.00000 16.78000
224.00000 17.30000
225.00000 18.34000
226.00000 18.34000
227.00000 17.82000
228.00000 16.26000
229.00000 18.34000
230.00000 8.13000
231.00000 16.78000
232.00000 17.30000
233.00000 16.78000
234.00000 16.26000
235.00000 15.21000
236.00000 16.26000
237.00000 9.69000
238.00000 1.04000
239.00000 19.39000
240.00000 16.26000
241.00000 8.65000
242.00000 17.82000
243.00000 15.21000
244.00000 15.74000
245.00000 15.21000
246.00000 9.69000
247.00000 9.17000
248.00000 9.69000
249.00000 16.26000
250.00000 17.30000
251.00000 8.65000
252.00000 15.74000
253.00000 16.26000
254.00000 16.78000
255.00000 15.21000
256.00000 15.21000
257.00000 16.26000
258.00000 16.26000
259.00000 16.78000
260.00000 17.30000
261.00000 18.34000
262.00000 16.26000
263.00000 16.26000
264.00000 16.26000
265.00000 9.69000
266.00000 17.30000
267.00000 17.30000
268.00000 18.34000
269.00000 17.82000
270.00000 18.87000
271.00000 18.87000
272.00000 8.65000
273.00000 16.26000
274.00000 16.26000
275.00000 16.26000
276.00000 17.30000
277.00000 17.82000
278.00000 16.78000
279.00000 19.91000
280.00000 17.82000
281.00000 17.30000
282.00000 17.30000
283.00000 15.74000
284.00000 17.82000
285.00000 18.34000
286.00000 18.34000
287.00000 18.87000
288.00000 19.39000
289.00000 16.78000
290.00000 17.82000
291.00000 18.87000
292.00000 17.82000
293.00000 17.82000
294.00000 9.17000
295.00000 17.30000
296.00000 39.20000
297.00000 19.39000
298.00000 26.00000
299.00000 19.39000
