1.00000 12.82000
2.00000 10.74000
3.00000 12.30000
4.00000 21.00000
5.00000 21.00000
6.00000 20.40000
7.00000 14.39000
8.00000 20.40000
9.00000 25.60000
10.00000 27.20000
11.00000 29.80000
12.00000 22.00000
13.00000 13.34000
14.00000 12.82000
15.00000 2.09000
16.00000 26.70000
17.00000 10.21000
18.00000 12.30000
19.00000 11.26000
20.00000 13.34000
21.00000 12.82000
22.00000 13.34000
23.00000 13.34000
24.00000 13.87000
25.00000 3.65000
26.00000 0.00000
27.00000 27.70000
28.00000 14.39000
29.00000 12.82000
30.00000 12.30000
31.00000 13.34000
32.00000 13.34000
33.00000 12.30000
34.00000 13.34000
35.00000 11.26000
36.00000 13.34000
37.00000 13.34000
38.00000 11.27000
39.00000 4.68000
40.00000 12.82000
41.00000 14.39000
42.00000 14.39000
43.00000 14.91000
44.00000 14.91000
45.00000 13.34000
46.00000 14.91000
47.00000 21.00000
48.00000 20.40000
49.00000 20.40000
50.00000 14.91000
51.00000 14.39000
52.00000 14.39000
53.00000 13.87000
54.00000 14.91000
55.00000 20.40000
56.00000 14.91000
57.00000 20.40000
58.00000 14.91000
59.00000 14.91000
60.00000 10.74000
61.00000 14.39000
62.00000 12.82000
63.00000 13.87000
64.00000 14.39000
65.00000 20.40000
66.00000 21.00000
67.00000 14.91000
68.00000 14.91000
69.00000 13.87000
70.00000 21.00000
71.00000 14.91000
72.00000 13.87000
73.00000 22.50000
74.00000 21.00000
75.00000 21.00000
76.00000 21.00000
77.00000 20.40000
78.00000 13.87000
79.00000 13.87000
80.00000 12.82000
81.00000 3.65000
82.00000 13.34000
83.00000 20.40000
84.00000 14.91000
85.00000 13.87000
86.00000 14.39000
87.00000 13.34000
88.00000 13.87000
89.00000 12.82000
90.00000 13.34000
91.00000 13.87000
92.00000 14.91000
93.00000 13.34000
94.00000 14.91000
95.00000 3.65000
96.00000 0.52000
97.00000 36.40000
98.00000 12.30000
99.00000 11.78000
100.00000 11.78000
101.00000 11.78000
102.00000 4.70000
103.00000 11.25000
104.00000 12.30000
105.00000 12.82000
106.00000 13.34000
107.00000 12.30000
108.00000 13.34000
109.00000 14.39000
110.00000 13.87000
111.00000 13.34000
112.00000 11.26000
113.00000 12.30000
114.00000 13.34000
115.00000 13.87000
116.00000 12.30000
117.00000 12.82000
118.00000 12.82000
119.00000 12.82000
120.00000 12.30000
121.00000 12.30000
122.00000 13.34000
123.00000 13.34000
124.00000 4.17000
125.00000 13.87000
126.00000 20.40000
127.00000 14.91000
128.00000 14.91000
129.00000 14.91000
130.00000 21.50000
131.00000 22.00000
132.00000 14.39000
133.00000 22.00000
134.00000 21.50000
135.00000 21.50000
136.00000 20.40000
137.00000 14.91000
138.00000 14.39000
139.00000 20.40000
140.00000 21.50000
141.00000 22.00000
142.00000 14.91000
143.00000 21.50000
144.00000 21.50000
145.00000 11.26000
146.00000 22.00000
147.00000 21.00000
148.00000 13.87000
149.00000 20.40000
150.00000 14.39000
151.00000 12.82000
152.00000 13.34000
153.00000 12.82000
154.00000 12.82000
155.00000 12.30000
156.00000 12.30000
157.00000 13.34000
158.00000 14.39000
159.00000 13.87000
160.00000 12.82000
161.00000 13.87000
162.00000 14.39000
163.00000 13.34000
164.00000 13.87000
165.00000 20.40000
166.00000 14.39000
167.00000 10.21000
168.00000 14.39000
169.00000 14.91000
170.00000 14.39000
171.00000 13.87000
172.00000 12.30000
173.00000 13.87000
174.00000 14.39000
175.00000 14.39000
176.00000 4.17000
177.00000 1.04000
178.00000 37.40000
179.00000 13.87000
180.00000 14.91000
181.00000 12.82000
182.00000 12.30000
183.00000 12.30000
184.00000 13.34000
185.00000 13.34000
186.00000 14.39000
187.00000 14.91000
188.00000 10.21000
189.00000 21.00000
190.00000 21.00000
191.00000 14.91000
192.00000 22.00000
193.00000 14.91000
194.00000 21.50000
195.00000 20.40000
196.00000 22.00000
197.00000 21.50000
198.00000 13.87000
199.00000 21.00000
200.00000 13.87000
201.00000 12.82000
202.00000 12.82000
203.00000 10.74000
204.00000 0.52000
205.00000 0.00000
206.00000 29.80000
207.00000 12.82000
208.00000 11.26000
209.00000 3.65000
210.00000 13.87000
211.00000 13.34000
212.00000 14.91000
213.00000 14.39000
214.00000 22.00000
215.00000 14.91000
216.00000 14.91000
217.00000 13.87000
218.00000 14.91000
219.00000 14.39000
220.00000 12.82000
221.00000 13.34000
222.00000 11.78000
223.00000 13.87000
224.00000 12.82000
225.00000 12.82000
226.00000 13.34000
227.00000 14.91000
228.00000 14.39000
229.00000 21.00000
230.00000 11.26000
231.00000 12.82000
232.00000 14.91000
233.00000 14.91000
234.00000 14.39000
235.00000 12.82000
236.00000 13.34000
237.00000 13.34000
238.00000 13.87000
239.00000 13.34000
240.00000 12.30000
241.00000 13.34000
242.00000 14.91000
243.00000 14.39000
244.00000 13.34000
245.00000 12.82000
246.00000 11.26000
247.00000 13.87000
248.00000 14.39000
249.00000 12.82000
250.00000 14.91000
251.00000 13.87000
252.00000 4.17000
253.00000 14.91000
254.00000 14.39000
255.00000 13.34000
256.00000 12.82000
257.00000 13.87000
258.00000 0.52000
259.00000 29.30000
260.00000 14.91000
261.00000 14.39000
262.00000 13.87000
263.00000 13.87000
264.00000 13.34000
265.00000 13.87000
266.00000 12.82000
267.00000 14.39000
268.00000 13.87000
269.00000 13.34000
270.00000 12.30000
271.00000 12.30000
272.00000 12.82000
273.00000 3.65000
274.00000 13.87000
275.00000 12.82000
276.00000 12.82000
277.00000 14.39000
278.00000 13.34000
279.00000 13.87000
280.00000 13.34000
281.00000 13.34000
282.00000 14.91000
283.00000 13.87000
284.00000 14.39000
285.00000 13.34000
286.00000 14.39000
287.00000 12.82000
288.00000 12.30000
289.00000 13.87000
290.00000 14.91000
291.00000 13.87000
292.00000 13.34000
293.00000 13.34000
294.00000 12.82000
295.00000 3.65000
296.00000 13.34000
297.00000 12.82000
298.00000 28.60000
299.00000 13.34000
