1.00000 3.63000
2.00000 21.50000
3.00000 20.80000
4.00000 26.80000
5.00000 21.80000
6.00000 21.50000
7.00000 26.90000
8.00000 14.44000
9.00000 21.90000
10.00000 21.50000
11.00000 27.80000
12.00000 26.80000
13.00000 21.50000
14.00000 27.80000
15.00000 26.80000
16.00000 27.80000
17.00000 38.10000
18.00000 27.80000
19.00000 44.40000
20.00000 50.70000
21.00000 49.60000
22.00000 60.10000
23.00000 42.30000
24.00000 65.30000
25.00000 55.10000
26.00000 54.90000
27.00000 50.80000
28.00000 49.20000
29.00000 50.80000
30.00000 51.30000
31.00000 49.20000
32.00000 50.20000
33.00000 48.70000
34.00000 36.80000
35.00000 40.90000
36.00000 43.00000
37.00000 48.20000
38.00000 43.50000
39.00000 35.20000
40.00000 47.60000
41.00000 51.30000
42.00000 45.60000
43.00000 49.70000
44.00000 51.80000
45.00000 50.80000
46.00000 46.10000
47.00000 39.90000
48.00000 38.30000
49.00000 40.90000
50.00000 45.60000
51.00000 41.40000
52.00000 41.90000
53.00000 39.40000
54.00000 43.00000
55.00000 42.50000
56.00000 44.00000
57.00000 42.50000
58.00000 60.10000
59.00000 59.00000
60.00000 84.20000
61.00000 60.10000
62.00000 82.10000
63.00000 61.10000
64.00000 60.00000
65.00000 50.20000
66.00000 37.80000
67.00000 39.40000
68.00000 55.40000
69.00000 52.30000
70.00000 49.70000
71.00000 47.60000
72.00000 23.00000
73.00000 28.70000
74.00000 25.00000
75.00000 44.00000
76.00000 51.30000
77.00000 38.80000
78.00000 3.63000
79.00000 20.90000
80.00000 29.20000
81.00000 24.50000
82.00000 29.70000
83.00000 45.60000
84.00000 44.50000
85.00000 48.20000
86.00000 50.20000
87.00000 47.10000
88.00000 50.80000
89.00000 51.80000
90.00000 53.30000
91.00000 53.30000
92.00000 57.20000
93.00000 61.40000
94.00000 54.80000
95.00000 48.20000
96.00000 52.70000
97.00000 84.20000
98.00000 72.70000
99.00000 60.10000
100.00000 59.00000
101.00000 59.70000
102.00000 60.10000
103.00000 82.30000
104.00000 44.00000
105.00000 14.84000
106.00000 0.00000
107.00000 0.52000
108.00000 3.11000
109.00000 12.77000
110.00000 1.55000
111.00000 0.52000
112.00000 36.80000
113.00000 28.10000
114.00000 36.20000
115.00000 27.60000
116.00000 27.60000
117.00000 29.20000
118.00000 36.20000
119.00000 39.40000
120.00000 35.20000
121.00000 39.90000
122.00000 43.50000
123.00000 41.40000
124.00000 38.80000
125.00000 37.80000
126.00000 28.10000
127.00000 35.20000
128.00000 28.10000
129.00000 14.84000
130.00000 54.40000
131.00000 44.00000
132.00000 43.50000
133.00000 43.50000
134.00000 29.70000
135.00000 41.40000
136.00000 39.40000
137.00000 35.20000
138.00000 13.81000
139.00000 42.50000
140.00000 27.10000
141.00000 2.07000
142.00000 2.07000
143.00000 39.90000
144.00000 50.80000
145.00000 43.50000
146.00000 43.00000
147.00000 41.90000
148.00000 41.90000
149.00000 43.50000
150.00000 43.50000
151.00000 43.00000
152.00000 40.40000
153.00000 35.20000
154.00000 45.60000
155.00000 42.50000
156.00000 26.10000
157.00000 40.90000
158.00000 51.30000
159.00000 51.30000
160.00000 41.90000
161.00000 23.00000
162.00000 38.80000
163.00000 10.70000
164.00000 36.80000
165.00000 44.00000
166.00000 44.50000
167.00000 44.50000
168.00000 43.00000
169.00000 46.10000
170.00000 45.60000
171.00000 47.10000
172.00000 47.10000
173.00000 48.70000
174.00000 54.40000
175.00000 55.40000
176.00000 21.40000
177.00000 26.60000
178.00000 60.10000
179.00000 58.00000
180.00000 60.10000
181.00000 60.10000
182.00000 59.30000
183.00000 61.10000
184.00000 56.40000
185.00000 83.40000
186.00000 60.30000
187.00000 55.90000
188.00000 55.10000
189.00000 36.00000
190.00000 58.00000
191.00000 53.30000
192.00000 53.30000
193.00000 55.40000
194.00000 57.50000
195.00000 60.10000
196.00000 60.10000
197.00000 83.20000
198.00000 59.80000
199.00000 50.70000
200.00000 81.40000
201.00000 37.30000
202.00000 53.30000
203.00000 53.30000
204.00000 57.50000
205.00000 60.10000
206.00000 60.10000
207.00000 59.80000
208.00000 57.70000
209.00000 41.40000
210.00000 45.60000
211.00000 57.00000
212.00000 58.00000
213.00000 28.10000
214.00000 14.33000
215.00000 40.40000
216.00000 28.10000
217.00000 11.22000
218.00000 3.63000
219.00000 14.84000
220.00000 25.50000
221.00000 41.90000
222.00000 35.70000
223.00000 38.30000
224.00000 38.30000
225.00000 38.80000
226.00000 39.90000
227.00000 22.40000
228.00000 39.90000
229.00000 41.40000
230.00000 28.70000
231.00000 12.25000
232.00000 13.29000
233.00000 29.20000
234.00000 35.70000
235.00000 38.80000
236.00000 39.40000
237.00000 38.80000
238.00000 41.90000
239.00000 41.90000
240.00000 41.90000
241.00000 45.10000
242.00000 47.10000
243.00000 49.70000
244.00000 58.80000
245.00000 61.10000
246.00000 60.10000
247.00000 60.10000
248.00000 60.80000
249.00000 83.20000
250.00000 59.00000
251.00000 47.00000
252.00000 54.80000
253.00000 82.10000
254.00000 59.80000
255.00000 57.50000
256.00000 54.40000
257.00000 53.30000
258.00000 56.50000
259.00000 26.60000
260.00000 54.90000
261.00000 52.30000
262.00000 52.30000
263.00000 45.10000
264.00000 47.60000
265.00000 47.10000
266.00000 41.90000
267.00000 38.80000
268.00000 37.80000
269.00000 41.90000
270.00000 44.50000
271.00000 44.50000
272.00000 47.10000
273.00000 45.10000
274.00000 41.40000
275.00000 38.80000
276.00000 39.40000
277.00000 29.20000
278.00000 37.30000
279.00000 39.90000
280.00000 46.10000
281.00000 24.00000
282.00000 43.50000
283.00000 27.10000
284.00000 29.20000
285.00000 22.40000
286.00000 25.50000
287.00000 24.00000
288.00000 25.50000
289.00000 26.10000
290.00000 24.50000
291.00000 29.70000
292.00000 35.20000
293.00000 53.30000
294.00000 59.00000
295.00000 55.90000
296.00000 14.34000
297.00000 57.70000
298.00000 28.10000
299.00000 13.81000
