1.00000 26.80000
2.00000 27.80000
3.00000 27.80000
4.00000 26.80000
5.00000 27.80000
6.00000 26.80000
7.00000 21.50000
8.00000 38.10000
9.00000 38.10000
10.00000 27.80000
11.00000 38.10000
12.00000 27.80000
13.00000 38.10000
14.00000 38.10000
15.00000 38.10000
16.00000 43.30000
17.00000 43.30000
18.00000 52.70000
19.00000 62.20000
20.00000 52.70000
21.00000 61.10000
22.00000 58.00000
23.00000 66.40000
24.00000 57.70000
25.00000 56.20000
26.00000 53.10000
27.00000 54.10000
28.00000 54.60000
29.00000 51.50000
30.00000 58.40000
31.00000 59.70000
32.00000 54.60000
33.00000 60.40000
34.00000 58.80000
35.00000 23.60000
36.00000 14.39000
37.00000 41.10000
38.00000 59.00000
39.00000 60.10000
40.00000 61.10000
41.00000 58.00000
42.00000 42.60000
43.00000 51.10000
44.00000 59.30000
45.00000 60.80000
46.00000 59.30000
47.00000 58.80000
48.00000 53.10000
49.00000 57.20000
50.00000 56.70000
51.00000 56.20000
52.00000 54.10000
53.00000 52.50000
54.00000 55.70000
55.00000 26.70000
56.00000 53.10000
57.00000 49.40000
58.00000 54.10000
59.00000 48.40000
60.00000 52.50000
61.00000 54.10000
62.00000 55.70000
63.00000 50.50000
64.00000 46.30000
65.00000 56.20000
66.00000 51.00000
67.00000 46.30000
68.00000 42.10000
69.00000 40.00000
70.00000 46.30000
71.00000 40.60000
72.00000 37.40000
73.00000 49.90000
74.00000 43.20000
75.00000 56.70000
76.00000 35.30000
77.00000 52.50000
78.00000 52.50000
79.00000 49.90000
80.00000 46.30000
81.00000 43.20000
82.00000 47.30000
83.00000 39.50000
84.00000 42.60000
85.00000 41.10000
86.00000 39.00000
87.00000 36.40000
88.00000 35.90000
89.00000 37.90000
90.00000 35.90000
91.00000 39.50000
92.00000 42.10000
93.00000 36.40000
94.00000 37.40000
95.00000 35.90000
96.00000 36.90000
97.00000 21.50000
98.00000 28.30000
99.00000 27.20000
100.00000 27.70000
101.00000 27.70000
102.00000 27.70000
103.00000 29.80000
104.00000 29.80000
105.00000 13.34000
106.00000 41.10000
107.00000 40.00000
108.00000 43.20000
109.00000 12.30000
110.00000 22.50000
111.00000 1.04000
112.00000 2.61000
113.00000 23.00000
114.00000 14.39000
115.00000 23.60000
116.00000 29.30000
117.00000 25.10000
118.00000 26.70000
119.00000 12.30000
120.00000 22.00000
121.00000 21.50000
122.00000 24.10000
123.00000 22.00000
124.00000 12.30000
125.00000 20.40000
126.00000 13.34000
127.00000 12.82000
128.00000 14.91000
129.00000 10.74000
130.00000 1.56000
131.00000 21.00000
132.00000 23.60000
133.00000 14.91000
134.00000 1.04000
135.00000 0.00000
136.00000 0.00000
137.00000 0.00000
138.00000 2.09000
139.00000 0.00000
140.00000 0.52000
141.00000 0.00000
142.00000 0.52000
143.00000 3.65000
144.00000 2.09000
145.00000 0.52000
146.00000 1.04000
147.00000 0.00000
148.00000 0.52000
149.00000 0.52000
150.00000 2.09000
151.00000 1.56000
152.00000 0.52000
153.00000 1.04000
154.00000 0.52000
155.00000 1.04000
156.00000 2.09000
157.00000 1.56000
158.00000 0.52000
159.00000 0.00000
160.00000 0.52000
161.00000 2.09000
162.00000 0.52000
163.00000 0.52000
164.00000 0.00000
165.00000 0.00000
166.00000 0.52000
167.00000 0.00000
168.00000 0.00000
169.00000 0.00000
170.00000 0.52000
171.00000 1.56000
172.00000 0.52000
173.00000 0.00000
174.00000 0.00000
175.00000 0.00000
176.00000 0.00000
177.00000 0.00000
178.00000 0.00000
179.00000 10.21000
180.00000 12.30000
181.00000 36.90000
182.00000 35.90000
183.00000 39.50000
184.00000 14.39000
185.00000 37.90000
186.00000 26.20000
187.00000 36.90000
188.00000 37.90000
189.00000 25.10000
190.00000 35.30000
191.00000 26.20000
192.00000 26.70000
193.00000 37.40000
194.00000 27.20000
195.00000 28.30000
196.00000 24.60000
197.00000 26.20000
198.00000 12.30000
199.00000 24.60000
200.00000 23.00000
201.00000 13.34000
202.00000 1.04000
203.00000 23.60000
204.00000 4.69000
205.00000 1.04000
206.00000 10.21000
207.00000 27.70000
208.00000 36.40000
209.00000 37.40000
210.00000 38.50000
211.00000 41.60000
212.00000 41.60000
213.00000 35.90000
214.00000 28.80000
215.00000 36.90000
216.00000 36.40000
217.00000 36.40000
218.00000 38.50000
219.00000 45.20000
220.00000 21.50000
221.00000 48.90000
222.00000 39.50000
223.00000 29.30000
224.00000 21.50000
225.00000 21.50000
226.00000 12.82000
227.00000 25.60000
228.00000 21.50000
229.00000 14.39000
230.00000 22.00000
231.00000 21.00000
232.00000 24.60000
233.00000 10.21000
234.00000 22.50000
235.00000 41.60000
236.00000 23.60000
237.00000 13.87000
238.00000 2.61000
239.00000 27.20000
240.00000 14.39000
241.00000 12.82000
242.00000 20.40000
243.00000 3.65000
244.00000 3.65000
245.00000 4.69000
246.00000 12.30000
247.00000 11.26000
248.00000 11.26000
249.00000 10.21000
250.00000 2.61000
251.00000 1.04000
252.00000 4.69000
253.00000 3.13000
254.00000 3.65000
255.00000 1.56000
256.00000 0.52000
257.00000 2.09000
258.00000 0.52000
259.00000 0.52000
260.00000 0.00000
261.00000 1.56000
262.00000 0.00000
263.00000 1.56000
264.00000 2.09000
265.00000 0.52000
266.00000 1.04000
267.00000 0.52000
268.00000 1.04000
269.00000 0.52000
270.00000 0.52000
271.00000 0.00000
272.00000 0.52000
273.00000 1.56000
274.00000 0.52000
275.00000 1.04000
276.00000 0.52000
277.00000 0.52000
278.00000 1.04000
279.00000 1.56000
280.00000 0.52000
281.00000 1.56000
282.00000 0.00000
283.00000 1.04000
284.00000 2.61000
285.00000 1.56000
286.00000 2.61000
287.00000 2.61000
288.00000 1.04000
289.00000 1.56000
290.00000 2.61000
291.00000 2.61000
292.00000 0.52000
293.00000 3.13000
294.00000 1.56000
295.00000 1.56000
296.00000 1.56000
297.00000 0.00000
298.00000 58.00000
299.00000 46.50000
