1.00000 12.77000
2.00000 14.33000
3.00000 13.29000
4.00000 13.29000
5.00000 10.70000
6.00000 3.63000
7.00000 4.66000
8.00000 4.66000
9.00000 4.66000
10.00000 4.15000
11.00000 3.11000
12.00000 4.15000
13.00000 2.07000
14.00000 3.63000
15.00000 10.70000
16.00000 3.11000
17.00000 2.59000
18.00000 3.11000
19.00000 0.52000
20.00000 1.04000
21.00000 4.15000
22.00000 3.11000
23.00000 0.52000
24.00000 3.63000
25.00000 2.59000
26.00000 2.59000
27.00000 3.63000
28.00000 3.63000
29.00000 3.11000
30.00000 2.59000
31.00000 4.15000
32.00000 2.07000
33.00000 2.59000
34.00000 2.07000
35.00000 1.55000
36.00000 11.77000
37.00000 22.40000
38.00000 13.29000
39.00000 14.84000
40.00000 10.70000
41.00000 12.77000
42.00000 11.77000
43.00000 20.30000
44.00000 4.15000
45.00000 22.60000
46.00000 28.90000
47.00000 22.10000
48.00000 25.70000
49.00000 22.60000
50.00000 28.90000
51.00000 23.60000
52.00000 38.10000
53.00000 43.00000
54.00000 37.30000
55.00000 12.77000
56.00000 0.52000
57.00000 26.60000
58.00000 2.07000
59.00000 1.55000
60.00000 2.59000
61.00000 10.18000
62.00000 3.11000
63.00000 2.07000
64.00000 2.07000
65.00000 3.63000
66.00000 4.17000
67.00000 3.08000
68.00000 4.66000
69.00000 14.33000
70.00000 25.00000
71.00000 36.40000
72.00000 56.90000
73.00000 42.90000
74.00000 26.10000
75.00000 20.90000
76.00000 21.40000
77.00000 26.60000
78.00000 13.29000
79.00000 1.55000
80.00000 1.55000
81.00000 0.00000
82.00000 13.81000
83.00000 2.59000
84.00000 12.77000
85.00000 11.22000
86.00000 25.50000
87.00000 22.40000
88.00000 14.33000
89.00000 21.40000
90.00000 4.66000
91.00000 12.25000
92.00000 11.22000
93.00000 13.29000
94.00000 3.11000
95.00000 4.66000
96.00000 10.70000
97.00000 11.22000
98.00000 4.15000
99.00000 2.59000
100.00000 4.66000
101.00000 10.18000
102.00000 4.66000
103.00000 11.74000
104.00000 21.40000
105.00000 21.40000
106.00000 14.33000
107.00000 10.70000
108.00000 23.50000
109.00000 21.90000
110.00000 29.70000
111.00000 24.50000
112.00000 25.50000
113.00000 27.10000
114.00000 11.74000
115.00000 21.40000
116.00000 2.59000
117.00000 4.15000
118.00000 4.66000
119.00000 11.22000
120.00000 11.22000
121.00000 11.74000
122.00000 12.77000
123.00000 12.77000
124.00000 11.74000
125.00000 12.25000
126.00000 12.25000
127.00000 13.29000
128.00000 3.11000
129.00000 11.22000
130.00000 11.22000
131.00000 10.70000
132.00000 12.77000
133.00000 11.22000
134.00000 3.63000
135.00000 0.52000
136.00000 24.50000
137.00000 11.74000
138.00000 12.77000
139.00000 13.29000
140.00000 14.33000
141.00000 14.33000
142.00000 20.90000
143.00000 20.40000
144.00000 14.33000
145.00000 13.81000
146.00000 20.40000
147.00000 12.25000
148.00000 12.25000
149.00000 4.15000
150.00000 13.29000
151.00000 14.84000
152.00000 13.29000
153.00000 12.25000
154.00000 11.74000
155.00000 10.70000
156.00000 4.15000
157.00000 13.29000
158.00000 12.77000
159.00000 14.33000
160.00000 14.84000
161.00000 14.84000
162.00000 14.33000
163.00000 14.84000
164.00000 14.84000
165.00000 21.40000
166.00000 23.50000
167.00000 13.81000
168.00000 13.29000
169.00000 13.81000
170.00000 10.70000
171.00000 3.11000
172.00000 2.07000
173.00000 21.90000
174.00000 2.07000
175.00000 0.00000
176.00000 3.63000
177.00000 11.74000
178.00000 0.00000
179.00000 10.18000
180.00000 3.11000
181.00000 3.63000
182.00000 4.66000
183.00000 11.74000
184.00000 10.70000
185.00000 11.74000
186.00000 13.29000
187.00000 13.81000
188.00000 13.29000
189.00000 11.22000
190.00000 10.70000
191.00000 10.18000
192.00000 4.66000
193.00000 10.70000
194.00000 10.18000
195.00000 1.04000
196.00000 13.81000
197.00000 1.04000
198.00000 10.18000
199.00000 4.15000
200.00000 2.07000
201.00000 3.11000
202.00000 10.70000
203.00000 3.63000
204.00000 2.07000
205.00000 10.18000
206.00000 3.63000
207.00000 3.63000
208.00000 0.52000
209.00000 2.59000
210.00000 4.15000
211.00000 4.15000
212.00000 4.15000
213.00000 3.11000
214.00000 10.70000
215.00000 10.70000
216.00000 4.15000
217.00000 4.66000
218.00000 11.22000
219.00000 14.33000
220.00000 20.90000
221.00000 12.77000
222.00000 13.29000
223.00000 13.29000
224.00000 13.29000
225.00000 10.18000
226.00000 1.04000
227.00000 12.25000
228.00000 23.00000
229.00000 10.70000
230.00000 12.77000
231.00000 2.07000
232.00000 13.81000
233.00000 2.07000
234.00000 13.29000
235.00000 3.11000
236.00000 10.70000
237.00000 3.63000
238.00000 11.74000
239.00000 10.70000
240.00000 11.74000
241.00000 11.22000
242.00000 12.77000
243.00000 21.40000
244.00000 14.84000
245.00000 23.00000
246.00000 21.90000
247.00000 20.40000
248.00000 20.40000
249.00000 13.81000
250.00000 13.29000
251.00000 12.77000
252.00000 4.66000
253.00000 0.52000
254.00000 20.40000
255.00000 13.29000
256.00000 4.15000
257.00000 13.81000
258.00000 20.40000
259.00000 12.77000
260.00000 14.84000
261.00000 13.29000
262.00000 20.40000
263.00000 22.40000
264.00000 14.84000
265.00000 20.40000
266.00000 20.40000
267.00000 14.84000
268.00000 21.40000
269.00000 22.40000
270.00000 27.10000
271.00000 14.84000
272.00000 14.84000
273.00000 14.84000
274.00000 26.60000
275.00000 21.90000
276.00000 21.90000
277.00000 3.63000
278.00000 21.90000
279.00000 23.00000
280.00000 14.33000
281.00000 25.50000
282.00000 23.50000
283.00000 25.00000
284.00000 20.90000
285.00000 25.50000
286.00000 28.10000
287.00000 22.40000
288.00000 24.00000
289.00000 23.50000
290.00000 24.50000
291.00000 25.50000
292.00000 24.50000
293.00000 26.60000
294.00000 25.00000
295.00000 20.90000
296.00000 14.33000
297.00000 20.40000
298.00000 29.20000
299.00000 26.80000
