1.00000 26.20000
2.00000 27.20000
3.00000 27.70000
4.00000 28.30000
5.00000 28.30000
6.00000 27.70000
7.00000 25.60000
8.00000 29.30000
9.00000 27.70000
10.00000 26.70000
11.00000 24.10000
12.00000 22.00000
13.00000 10.74000
14.00000 22.50000
15.00000 23.60000
16.00000 21.50000
17.00000 22.50000
18.00000 22.00000
19.00000 21.50000
20.00000 23.00000
21.00000 22.50000
22.00000 22.00000
23.00000 21.50000
24.00000 14.91000
25.00000 21.50000
26.00000 21.00000
27.00000 23.00000
28.00000 23.60000
29.00000 24.60000
30.00000 24.10000
31.00000 23.00000
32.00000 23.00000
33.00000 1.04000
34.00000 29.30000
35.00000 22.50000
36.00000 22.00000
37.00000 20.40000
38.00000 20.40000
39.00000 22.50000
40.00000 24.10000
41.00000 22.00000
42.00000 23.60000
43.00000 23.00000
44.00000 22.00000
45.00000 22.50000
46.00000 22.50000
47.00000 24.10000
48.00000 25.10000
49.00000 25.10000
50.00000 26.20000
51.00000 24.60000
52.00000 23.60000
53.00000 24.10000
54.00000 11.26000
55.00000 22.50000
56.00000 21.00000
57.00000 21.00000
58.00000 22.50000
59.00000 21.50000
60.00000 22.00000
61.00000 22.00000
62.00000 14.91000
63.00000 21.50000
64.00000 23.00000
65.00000 22.50000
66.00000 23.60000
67.00000 24.10000
68.00000 23.00000
69.00000 23.00000
70.00000 23.00000
71.00000 25.10000
72.00000 25.10000
73.00000 24.10000
74.00000 26.20000
75.00000 26.20000
76.00000 11.78000
77.00000 22.00000
78.00000 25.10000
79.00000 23.60000
80.00000 23.60000
81.00000 23.00000
82.00000 23.60000
83.00000 23.60000
84.00000 23.00000
85.00000 23.00000
86.00000 26.20000
87.00000 25.60000
88.00000 10.21000
89.00000 41.10000
90.00000 25.10000
91.00000 22.00000
92.00000 23.60000
93.00000 21.50000
94.00000 21.00000
95.00000 22.50000
96.00000 20.40000
97.00000 4.17000
98.00000 21.50000
99.00000 21.50000
100.00000 21.00000
101.00000 20.40000
102.00000 21.50000
103.00000 22.50000
104.00000 22.00000
105.00000 22.50000
106.00000 24.60000
107.00000 23.60000
108.00000 23.60000
109.00000 23.00000
110.00000 22.00000
111.00000 22.50000
112.00000 23.60000
113.00000 24.10000
114.00000 23.00000
115.00000 23.00000
116.00000 23.60000
117.00000 22.50000
118.00000 11.78000
119.00000 24.60000
120.00000 22.50000
121.00000 22.50000
122.00000 24.10000
123.00000 23.60000
124.00000 24.60000
125.00000 24.10000
126.00000 24.10000
127.00000 24.10000
128.00000 24.10000
129.00000 24.10000
130.00000 24.10000
131.00000 23.00000
132.00000 24.10000
133.00000 24.10000
134.00000 22.50000
135.00000 22.00000
136.00000 23.00000
137.00000 24.10000
138.00000 22.50000
139.00000 23.60000
140.00000 11.78000
141.00000 23.60000
142.00000 24.10000
143.00000 22.50000
144.00000 4.69000
145.00000 39.50000
146.00000 23.00000
147.00000 23.00000
148.00000 23.00000
149.00000 24.10000
150.00000 24.10000
151.00000 23.00000
152.00000 25.10000
153.00000 23.60000
154.00000 22.50000
155.00000 25.10000
156.00000 25.10000
157.00000 23.00000
158.00000 24.60000
159.00000 23.00000
160.00000 24.10000
161.00000 11.78000
162.00000 23.60000
163.00000 23.60000
164.00000 23.00000
165.00000 24.60000
166.00000 23.00000
167.00000 23.60000
168.00000 23.60000
169.00000 24.10000
170.00000 24.10000
171.00000 24.10000
172.00000 23.60000
173.00000 24.60000
174.00000 24.10000
175.00000 23.60000
176.00000 23.60000
177.00000 22.50000
178.00000 23.00000
179.00000 23.60000
180.00000 24.10000
181.00000 22.50000
182.00000 12.82000
183.00000 23.60000
184.00000 25.10000
185.00000 24.60000
186.00000 24.60000
187.00000 23.00000
188.00000 22.50000
189.00000 22.50000
190.00000 22.50000
191.00000 24.10000
192.00000 22.50000
193.00000 23.00000
194.00000 24.10000
195.00000 24.10000
196.00000 23.60000
197.00000 3.65000
198.00000 37.40000
199.00000 22.50000
200.00000 23.00000
201.00000 22.50000
202.00000 21.00000
203.00000 21.50000
204.00000 11.26000
205.00000 22.50000
206.00000 23.00000
207.00000 22.50000
208.00000 22.00000
209.00000 21.50000
210.00000 22.00000
211.00000 22.50000
212.00000 23.60000
213.00000 23.00000
214.00000 22.00000
215.00000 23.60000
216.00000 21.00000
217.00000 22.00000
218.00000 14.91000
219.00000 21.50000
220.00000 21.50000
221.00000 22.00000
222.00000 23.00000
223.00000 21.00000
224.00000 26.20000
225.00000 10.21000
226.00000 22.50000
227.00000 22.00000
228.00000 23.60000
229.00000 22.50000
230.00000 25.60000
231.00000 25.10000
232.00000 24.10000
233.00000 26.20000
234.00000 23.00000
235.00000 25.10000
236.00000 25.60000
237.00000 25.10000
238.00000 22.00000
239.00000 20.40000
240.00000 22.50000
241.00000 22.00000
242.00000 25.10000
243.00000 25.60000
244.00000 26.70000
245.00000 28.80000
246.00000 12.82000
247.00000 23.00000
248.00000 24.10000
249.00000 23.60000
250.00000 21.00000
251.00000 23.60000
252.00000 23.60000
253.00000 3.66000
254.00000 43.10000
255.00000 23.00000
256.00000 26.20000
257.00000 26.20000
258.00000 25.60000
259.00000 26.20000
260.00000 26.70000
261.00000 24.10000
262.00000 23.60000
263.00000 24.60000
264.00000 23.60000
265.00000 21.50000
266.00000 24.10000
267.00000 24.10000
268.00000 24.60000
269.00000 24.10000
270.00000 22.50000
271.00000 25.10000
272.00000 12.82000
273.00000 24.60000
274.00000 24.60000
275.00000 23.60000
276.00000 23.00000
277.00000 22.00000
278.00000 23.00000
279.00000 23.00000
280.00000 25.10000
281.00000 24.60000
282.00000 22.50000
283.00000 24.10000
284.00000 22.50000
285.00000 22.00000
286.00000 21.50000
287.00000 21.50000
288.00000 23.00000
289.00000 22.50000
290.00000 24.60000
291.00000 21.50000
292.00000 22.00000
293.00000 11.26000
294.00000 23.00000
295.00000 23.60000
296.00000 22.50000
297.00000 23.60000
298.00000 42.00000
299.00000 21.50000
