1.00000 12.82000
2.00000 13.34000
3.00000 13.34000
4.00000 21.00000
5.00000 13.34000
6.00000 14.39000
7.00000 13.34000
8.00000 22.00000
9.00000 22.50000
10.00000 26.20000
11.00000 29.30000
12.00000 21.00000
13.00000 11.78000
14.00000 11.78000
15.00000 2.61000
16.00000 0.52000
17.00000 28.80000
18.00000 13.34000
19.00000 4.17000
20.00000 14.39000
21.00000 21.50000
22.00000 21.00000
23.00000 14.91000
24.00000 14.39000
25.00000 13.34000
26.00000 13.87000
27.00000 12.82000
28.00000 14.91000
29.00000 13.34000
30.00000 14.91000
31.00000 13.87000
32.00000 13.87000
33.00000 11.78000
34.00000 12.82000
35.00000 12.30000
36.00000 12.30000
37.00000 13.87000
38.00000 14.39000
39.00000 20.40000
40.00000 4.69000
41.00000 14.91000
42.00000 14.39000
43.00000 14.91000
44.00000 21.00000
45.00000 21.00000
46.00000 21.00000
47.00000 14.39000
48.00000 12.82000
49.00000 12.30000
50.00000 12.82000
51.00000 11.78000
52.00000 12.82000
53.00000 11.78000
54.00000 12.30000
55.00000 13.34000
56.00000 13.87000
57.00000 13.87000
58.00000 14.39000
59.00000 13.87000
60.00000 14.91000
61.00000 4.69000
62.00000 20.40000
63.00000 13.87000
64.00000 14.39000
65.00000 20.40000
66.00000 14.91000
67.00000 14.39000
68.00000 14.91000
69.00000 14.91000
70.00000 14.91000
71.00000 14.39000
72.00000 14.39000
73.00000 14.91000
74.00000 14.91000
75.00000 13.87000
76.00000 14.39000
77.00000 14.39000
78.00000 12.82000
79.00000 12.82000
80.00000 12.82000
81.00000 13.87000
82.00000 13.87000
83.00000 10.74000
84.00000 14.39000
85.00000 20.40000
86.00000 20.40000
87.00000 20.40000
88.00000 20.40000
89.00000 14.91000
90.00000 14.91000
91.00000 14.39000
92.00000 14.39000
93.00000 14.39000
94.00000 14.39000
95.00000 3.65000
96.00000 27.70000
97.00000 14.91000
98.00000 14.39000
99.00000 14.91000
100.00000 14.39000
101.00000 14.91000
102.00000 14.91000
103.00000 14.39000
104.00000 4.17000
105.00000 14.39000
106.00000 14.39000
107.00000 13.34000
108.00000 12.82000
109.00000 13.34000
110.00000 11.78000
111.00000 13.34000
112.00000 12.82000
113.00000 10.74000
114.00000 0.52000
115.00000 0.52000
116.00000 36.90000
117.00000 12.82000
118.00000 10.74000
119.00000 12.30000
120.00000 13.34000
121.00000 13.87000
122.00000 14.91000
123.00000 13.87000
124.00000 13.87000
125.00000 4.17000
126.00000 12.30000
127.00000 13.87000
128.00000 13.87000
129.00000 12.82000
130.00000 13.87000
131.00000 12.82000
132.00000 13.87000
133.00000 14.91000
134.00000 14.91000
135.00000 13.87000
136.00000 13.34000
137.00000 12.30000
138.00000 13.34000
139.00000 13.34000
140.00000 12.82000
141.00000 13.87000
142.00000 13.87000
143.00000 12.30000
144.00000 12.30000
145.00000 12.30000
146.00000 13.34000
147.00000 3.13000
148.00000 11.26000
149.00000 12.30000
150.00000 11.78000
151.00000 11.78000
152.00000 13.87000
153.00000 13.87000
154.00000 12.30000
155.00000 12.82000
156.00000 12.30000
157.00000 11.26000
158.00000 12.82000
159.00000 13.87000
160.00000 14.91000
161.00000 13.87000
162.00000 14.91000
163.00000 20.40000
164.00000 13.34000
165.00000 13.87000
166.00000 14.39000
167.00000 14.91000
168.00000 4.69000
169.00000 13.87000
170.00000 14.39000
171.00000 13.34000
172.00000 13.34000
173.00000 12.82000
174.00000 12.82000
175.00000 12.82000
176.00000 12.82000
177.00000 12.82000
178.00000 12.82000
179.00000 12.30000
180.00000 13.34000
181.00000 12.30000
182.00000 3.65000
183.00000 0.00000
184.00000 35.90000
185.00000 13.34000
186.00000 12.30000
187.00000 11.26000
188.00000 12.82000
189.00000 3.65000
190.00000 13.87000
191.00000 13.34000
192.00000 13.87000
193.00000 13.87000
194.00000 14.39000
195.00000 14.39000
196.00000 13.34000
197.00000 14.39000
198.00000 12.82000
199.00000 13.34000
200.00000 12.82000
201.00000 12.82000
202.00000 14.39000
203.00000 13.34000
204.00000 14.91000
205.00000 13.34000
206.00000 13.87000
207.00000 14.91000
208.00000 14.91000
209.00000 14.39000
210.00000 14.91000
211.00000 4.69000
212.00000 12.82000
213.00000 12.82000
214.00000 13.34000
215.00000 14.91000
216.00000 14.39000
217.00000 13.34000
218.00000 13.34000
219.00000 13.87000
220.00000 14.39000
221.00000 12.30000
222.00000 12.82000
223.00000 12.30000
224.00000 11.78000
225.00000 12.82000
226.00000 12.30000
227.00000 12.30000
228.00000 11.78000
229.00000 11.78000
230.00000 13.34000
231.00000 12.82000
232.00000 3.65000
233.00000 12.30000
234.00000 13.34000
235.00000 12.82000
236.00000 13.34000
237.00000 12.82000
238.00000 12.82000
239.00000 12.82000
240.00000 13.87000
241.00000 12.82000
242.00000 12.30000
243.00000 14.39000
244.00000 13.34000
245.00000 13.34000
246.00000 12.82000
247.00000 12.30000
248.00000 13.34000
249.00000 12.82000
250.00000 13.34000
251.00000 13.34000
252.00000 13.34000
253.00000 4.17000
254.00000 13.34000
255.00000 12.82000
256.00000 12.82000
257.00000 13.34000
258.00000 14.39000
259.00000 12.82000
260.00000 13.87000
261.00000 11.78000
262.00000 12.82000
263.00000 12.30000
264.00000 12.30000
265.00000 12.30000
266.00000 12.82000
267.00000 12.82000
268.00000 12.82000
269.00000 13.34000
270.00000 13.34000
271.00000 2.09000
272.00000 0.52000
273.00000 35.90000
274.00000 11.78000
275.00000 3.13000
276.00000 10.74000
277.00000 10.21000
278.00000 11.26000
279.00000 10.74000
280.00000 11.26000
281.00000 12.30000
282.00000 13.87000
283.00000 13.87000
284.00000 13.87000
285.00000 12.82000
286.00000 12.30000
287.00000 13.87000
288.00000 12.82000
289.00000 12.82000
290.00000 14.39000
291.00000 12.82000
292.00000 12.82000
293.00000 12.82000
294.00000 13.87000
295.00000 14.91000
296.00000 10.21000
297.00000 20.40000
298.00000 28.60000
299.00000 13.34000
