1.00000 21.00000
2.00000 21.50000
3.00000 27.10000
4.00000 21.50000
5.00000 22.00000
6.00000 21.50000
7.00000 26.80000
8.00000 21.50000
9.00000 27.80000
10.00000 22.60000
11.00000 36.00000
12.00000 36.40000
13.00000 20.40000
14.00000 37.40000
15.00000 38.50000
16.00000 39.00000
17.00000 24.60000
18.00000 21.50000
19.00000 23.60000
20.00000 22.00000
21.00000 23.00000
22.00000 24.10000
23.00000 22.00000
24.00000 24.10000
25.00000 24.10000
26.00000 23.60000
27.00000 22.00000
28.00000 26.20000
29.00000 25.60000
30.00000 24.60000
31.00000 23.60000
32.00000 23.00000
33.00000 22.50000
34.00000 10.21000
35.00000 21.00000
36.00000 24.60000
37.00000 22.50000
38.00000 24.10000
39.00000 22.50000
40.00000 23.60000
41.00000 22.50000
42.00000 12.82000
43.00000 12.82000
44.00000 14.91000
45.00000 13.87000
46.00000 13.87000
47.00000 13.34000
48.00000 14.39000
49.00000 13.34000
50.00000 24.10000
51.00000 22.50000
52.00000 23.60000
53.00000 23.00000
54.00000 23.60000
55.00000 23.00000
56.00000 11.26000
57.00000 3.13000
58.00000 40.60000
59.00000 21.50000
60.00000 23.60000
61.00000 23.00000
62.00000 22.00000
63.00000 21.50000
64.00000 21.50000
65.00000 21.50000
66.00000 24.60000
67.00000 21.50000
68.00000 21.50000
69.00000 21.00000
70.00000 21.50000
71.00000 23.60000
72.00000 23.60000
73.00000 23.60000
74.00000 22.00000
75.00000 22.00000
76.00000 22.00000
77.00000 11.26000
78.00000 22.50000
79.00000 23.60000
80.00000 23.00000
81.00000 21.00000
82.00000 14.91000
83.00000 22.50000
84.00000 23.60000
85.00000 23.60000
86.00000 23.00000
87.00000 24.60000
88.00000 24.10000
89.00000 23.00000
90.00000 22.00000
91.00000 24.10000
92.00000 24.10000
93.00000 24.60000
94.00000 23.60000
95.00000 24.60000
96.00000 25.10000
97.00000 24.60000
98.00000 11.78000
99.00000 24.60000
100.00000 24.60000
101.00000 24.60000
102.00000 22.50000
103.00000 25.60000
104.00000 23.60000
105.00000 23.60000
106.00000 24.10000
107.00000 24.10000
108.00000 23.60000
109.00000 23.60000
110.00000 24.10000
111.00000 22.50000
112.00000 4.17000
113.00000 40.00000
114.00000 23.60000
115.00000 24.10000
116.00000 22.00000
117.00000 23.00000
118.00000 25.10000
119.00000 23.60000
120.00000 12.82000
121.00000 24.60000
122.00000 23.60000
123.00000 23.60000
124.00000 22.00000
125.00000 23.00000
126.00000 24.10000
127.00000 24.10000
128.00000 22.50000
129.00000 24.10000
130.00000 23.00000
131.00000 23.00000
132.00000 28.30000
133.00000 24.60000
134.00000 24.60000
135.00000 24.60000
136.00000 25.10000
137.00000 27.20000
138.00000 25.10000
139.00000 24.10000
140.00000 25.10000
141.00000 11.78000
142.00000 14.91000
143.00000 23.60000
144.00000 22.00000
145.00000 24.60000
146.00000 24.10000
147.00000 22.00000
148.00000 22.50000
149.00000 23.60000
150.00000 14.91000
151.00000 21.50000
152.00000 21.00000
153.00000 23.00000
154.00000 0.00000
155.00000 0.00000
156.00000 4.69000
157.00000 23.20000
158.00000 14.39000
159.00000 22.00000
160.00000 22.50000
161.00000 22.50000
162.00000 10.21000
163.00000 23.00000
164.00000 22.00000
165.00000 21.00000
166.00000 22.50000
167.00000 10.74000
168.00000 35.30000
169.00000 13.34000
170.00000 20.40000
171.00000 20.40000
172.00000 21.00000
173.00000 20.40000
174.00000 21.00000
175.00000 21.50000
176.00000 22.50000
177.00000 21.00000
178.00000 21.00000
179.00000 21.00000
180.00000 21.00000
181.00000 23.00000
182.00000 24.60000
183.00000 26.60000
184.00000 2.09000
