1.00000 13.87000
2.00000 13.87000
3.00000 21.50000
4.00000 21.50000
5.00000 23.00000
6.00000 21.50000
7.00000 21.50000
8.00000 21.00000
9.00000 21.00000
10.00000 21.00000
11.00000 21.50000
12.00000 14.91000
13.00000 20.40000
14.00000 21.50000
15.00000 21.00000
16.00000 14.39000
17.00000 20.40000
18.00000 21.00000
19.00000 11.26000
20.00000 23.00000
21.00000 23.00000
22.00000 25.10000
23.00000 25.10000
24.00000 26.70000
25.00000 26.20000
26.00000 13.87000
27.00000 12.30000
28.00000 12.30000
29.00000 13.34000
30.00000 13.87000
31.00000 12.82000
32.00000 13.34000
33.00000 12.82000
34.00000 13.34000
35.00000 12.30000
36.00000 14.39000
37.00000 13.34000
38.00000 13.87000
39.00000 12.82000
40.00000 10.74000
41.00000 13.87000
42.00000 12.82000
43.00000 14.39000
44.00000 13.34000
45.00000 14.91000
46.00000 20.40000
47.00000 14.91000
48.00000 20.40000
49.00000 22.50000
50.00000 22.00000
51.00000 21.50000
52.00000 22.50000
53.00000 22.00000
54.00000 21.50000
55.00000 22.00000
56.00000 20.40000
57.00000 20.40000
58.00000 14.39000
59.00000 21.50000
60.00000 21.00000
61.00000 11.78000
62.00000 21.00000
63.00000 21.50000
64.00000 21.00000
65.00000 21.00000
66.00000 22.50000
67.00000 21.00000
68.00000 22.00000
69.00000 21.00000
70.00000 22.50000
71.00000 20.40000
72.00000 22.00000
73.00000 21.50000
74.00000 21.00000
75.00000 20.40000
76.00000 21.00000
77.00000 21.50000
78.00000 1.04000
79.00000 36.40000
80.00000 21.00000
81.00000 21.50000
82.00000 14.91000
83.00000 10.74000
84.00000 20.40000
85.00000 20.40000
86.00000 20.40000
87.00000 21.00000
88.00000 21.00000
89.00000 14.91000
90.00000 13.34000
91.00000 12.30000
92.00000 14.39000
93.00000 13.34000
94.00000 14.39000
95.00000 14.39000
96.00000 13.87000
97.00000 14.39000
98.00000 21.00000
99.00000 20.40000
100.00000 14.91000
101.00000 21.00000
102.00000 20.40000
103.00000 21.50000
104.00000 11.26000
105.00000 20.40000
106.00000 20.40000
107.00000 20.40000
108.00000 14.39000
109.00000 14.91000
110.00000 13.87000
111.00000 13.87000
112.00000 14.91000
113.00000 20.40000
114.00000 14.91000
115.00000 14.91000
116.00000 21.00000
117.00000 20.40000
118.00000 22.00000
119.00000 22.00000
120.00000 22.00000
121.00000 21.50000
122.00000 21.00000
123.00000 21.00000
124.00000 22.00000
125.00000 10.21000
126.00000 22.00000
127.00000 22.50000
128.00000 22.00000
129.00000 22.00000
130.00000 20.40000
131.00000 21.50000
132.00000 23.00000
133.00000 21.00000
134.00000 22.00000
135.00000 14.39000
136.00000 21.50000
137.00000 21.00000
138.00000 11.78000
139.00000 14.39000
140.00000 21.00000
141.00000 14.91000
142.00000 20.40000
143.00000 21.00000
144.00000 20.40000
145.00000 14.91000
146.00000 14.91000
147.00000 4.17000
148.00000 1.04000
149.00000 36.90000
150.00000 22.00000
151.00000 14.91000
152.00000 21.00000
153.00000 21.00000
154.00000 22.00000
155.00000 22.00000
156.00000 20.40000
157.00000 21.00000
158.00000 22.50000
159.00000 14.91000
160.00000 14.91000
161.00000 21.50000
162.00000 21.00000
163.00000 20.40000
164.00000 14.91000
165.00000 21.00000
166.00000 14.91000
167.00000 21.00000
168.00000 10.21000
169.00000 20.40000
170.00000 20.40000
171.00000 20.40000
172.00000 20.40000
173.00000 20.40000
174.00000 20.40000
175.00000 22.00000
176.00000 21.00000
177.00000 20.40000
178.00000 21.00000
179.00000 21.00000
180.00000 21.00000
181.00000 13.87000
182.00000 14.91000
183.00000 14.91000
184.00000 14.91000
185.00000 14.91000
186.00000 14.91000
187.00000 14.39000
188.00000 13.87000
189.00000 4.17000
190.00000 14.91000
191.00000 14.39000
192.00000 14.91000
193.00000 14.39000
194.00000 14.39000
195.00000 14.39000
196.00000 14.39000
197.00000 13.34000
198.00000 13.87000
199.00000 13.34000
200.00000 12.82000
201.00000 12.82000
202.00000 13.34000
203.00000 13.87000
204.00000 13.34000
205.00000 13.34000
206.00000 13.87000
207.00000 13.87000
208.00000 14.39000
209.00000 13.87000
210.00000 14.39000
211.00000 4.17000
212.00000 14.39000
213.00000 13.34000
214.00000 13.87000
215.00000 13.87000
216.00000 13.87000
217.00000 13.87000
218.00000 13.34000
219.00000 13.34000
220.00000 13.87000
221.00000 12.82000
222.00000 0.52000
223.00000 28.80000
224.00000 13.34000
225.00000 13.34000
226.00000 13.87000
227.00000 13.87000
228.00000 14.39000
229.00000 13.87000
230.00000 12.82000
231.00000 13.34000
232.00000 3.65000
233.00000 13.87000
234.00000 12.82000
235.00000 13.87000
236.00000 12.82000
237.00000 13.34000
238.00000 14.39000
239.00000 14.39000
240.00000 13.87000
241.00000 20.40000
242.00000 13.87000
243.00000 14.39000
244.00000 20.40000
245.00000 14.91000
246.00000 13.87000
247.00000 14.39000
248.00000 13.87000
249.00000 13.87000
250.00000 13.87000
251.00000 12.82000
252.00000 12.30000
253.00000 4.17000
254.00000 13.34000
255.00000 13.34000
256.00000 14.91000
257.00000 14.39000
258.00000 13.87000
259.00000 20.40000
260.00000 13.87000
261.00000 13.34000
262.00000 13.34000
263.00000 13.34000
264.00000 12.82000
265.00000 12.82000
266.00000 13.34000
267.00000 12.30000
268.00000 12.82000
269.00000 12.82000
270.00000 13.87000
271.00000 12.30000
272.00000 12.82000
273.00000 12.82000
274.00000 11.78000
275.00000 4.69000
276.00000 13.34000
277.00000 12.82000
278.00000 14.39000
279.00000 14.91000
280.00000 13.87000
281.00000 14.91000
282.00000 13.87000
283.00000 13.34000
284.00000 12.82000
285.00000 12.30000
286.00000 13.87000
287.00000 13.34000
288.00000 13.34000
289.00000 13.34000
290.00000 12.82000
291.00000 12.82000
292.00000 13.34000
293.00000 13.34000
294.00000 12.82000
295.00000 12.30000
296.00000 4.17000
297.00000 12.30000
298.00000 29.20000
299.00000 14.39000
