1.00000 0.19000
2.00000 10.26000
3.00000 11.74000
4.00000 11.74000
5.00000 12.77000
6.00000 13.81000
7.00000 11.74000
8.00000 14.33000
9.00000 14.84000
10.00000 21.50000
11.00000 20.70000
12.00000 12.25000
13.00000 12.82000
14.00000 22.40000
15.00000 20.40000
16.00000 14.33000
17.00000 13.29000
18.00000 22.60000
19.00000 24.70000
20.00000 23.20000
21.00000 14.84000
22.00000 14.33000
23.00000 20.40000
24.00000 21.90000
25.00000 22.40000
26.00000 12.77000
27.00000 2.59000
28.00000 0.52000
29.00000 0.52000
30.00000 1.55000
31.00000 3.11000
32.00000 2.07000
33.00000 1.04000
34.00000 1.55000
35.00000 23.00000
36.00000 10.18000
37.00000 4.15000
38.00000 11.22000
39.00000 10.18000
40.00000 3.11000
41.00000 4.15000
42.00000 4.15000
43.00000 4.15000
44.00000 4.15000
45.00000 4.15000
46.00000 3.63000
47.00000 4.15000
48.00000 3.63000
49.00000 2.59000
50.00000 1.04000
51.00000 13.81000
52.00000 13.29000
53.00000 14.33000
54.00000 21.90000
55.00000 25.50000
56.00000 25.00000
57.00000 10.18000
58.00000 4.15000
59.00000 2.59000
60.00000 2.07000
61.00000 1.55000
62.00000 13.81000
63.00000 12.77000
64.00000 12.25000
65.00000 13.81000
66.00000 13.29000
67.00000 14.84000
68.00000 21.90000
69.00000 24.00000
70.00000 22.40000
71.00000 21.40000
72.00000 22.40000
73.00000 13.81000
74.00000 13.81000
75.00000 12.77000
76.00000 4.66000
77.00000 1.04000
78.00000 0.52000
79.00000 0.52000
80.00000 1.04000
81.00000 12.25000
82.00000 1.55000
83.00000 11.74000
84.00000 10.70000
85.00000 10.18000
86.00000 2.07000
87.00000 0.00000
88.00000 3.11000
89.00000 2.07000
90.00000 0.00000
91.00000 4.15000
92.00000 1.55000
93.00000 0.52000
94.00000 1.04000
95.00000 2.07000
96.00000 2.07000
97.00000 2.07000
98.00000 2.59000
99.00000 2.07000
100.00000 1.55000
101.00000 2.07000
102.00000 1.04000
103.00000 1.04000
104.00000 1.04000
105.00000 1.55000
106.00000 1.04000
107.00000 3.11000
108.00000 10.18000
109.00000 11.22000
110.00000 4.15000
111.00000 4.15000
112.00000 3.11000
113.00000 4.15000
114.00000 1.55000
115.00000 3.11000
116.00000 3.11000
117.00000 4.66000
118.00000 10.70000
119.00000 11.74000
120.00000 12.77000
121.00000 13.29000
122.00000 13.29000
123.00000 14.33000
124.00000 14.33000
125.00000 3.11000
126.00000 12.77000
127.00000 4.66000
128.00000 4.66000
129.00000 4.15000
130.00000 10.70000
131.00000 10.18000
132.00000 4.66000
133.00000 11.22000
134.00000 0.52000
135.00000 0.52000
136.00000 2.59000
137.00000 0.00000
138.00000 2.07000
139.00000 3.11000
140.00000 4.15000
141.00000 4.15000
142.00000 10.18000
143.00000 3.11000
144.00000 11.22000
145.00000 10.70000
146.00000 1.55000
147.00000 4.66000
148.00000 3.63000
149.00000 3.63000
150.00000 3.11000
151.00000 10.70000
152.00000 4.66000
153.00000 4.15000
154.00000 10.18000
155.00000 0.52000
156.00000 1.04000
157.00000 13.29000
158.00000 10.18000
159.00000 11.22000
160.00000 1.55000
161.00000 4.15000
162.00000 3.11000
163.00000 3.11000
164.00000 4.66000
165.00000 3.63000
166.00000 4.15000
167.00000 3.11000
168.00000 1.04000
169.00000 2.59000
170.00000 2.59000
171.00000 3.11000
172.00000 3.63000
173.00000 4.66000
174.00000 3.63000
175.00000 13.29000
176.00000 13.81000
177.00000 4.66000
178.00000 0.52000
179.00000 0.52000
180.00000 2.07000
181.00000 10.70000
182.00000 3.11000
183.00000 10.70000
184.00000 1.55000
185.00000 0.52000
186.00000 0.00000
187.00000 0.52000
188.00000 1.04000
189.00000 0.00000
190.00000 0.00000
191.00000 0.00000
192.00000 3.11000
193.00000 2.07000
194.00000 3.11000
195.00000 2.59000
196.00000 2.59000
197.00000 2.07000
198.00000 11.22000
199.00000 10.18000
200.00000 1.55000
201.00000 0.00000
202.00000 24.50000
203.00000 21.40000
204.00000 20.90000
205.00000 13.81000
206.00000 22.40000
207.00000 12.77000
208.00000 11.74000
209.00000 4.66000
210.00000 0.00000
211.00000 0.00000
212.00000 3.63000
213.00000 3.11000
214.00000 4.66000
215.00000 13.29000
216.00000 25.50000
217.00000 40.90000
218.00000 28.10000
219.00000 21.90000
220.00000 24.00000
221.00000 23.00000
222.00000 27.10000
223.00000 29.20000
224.00000 10.18000
225.00000 3.63000
226.00000 20.90000
227.00000 25.00000
228.00000 27.60000
229.00000 23.00000
230.00000 29.70000
231.00000 35.70000
232.00000 20.90000
233.00000 35.70000
234.00000 37.30000
235.00000 24.00000
236.00000 3.11000
237.00000 27.60000
238.00000 26.10000
239.00000 27.60000
240.00000 29.70000
241.00000 28.70000
242.00000 28.10000
243.00000 35.70000
244.00000 25.00000
245.00000 21.90000
246.00000 20.90000
247.00000 10.18000
248.00000 14.33000
249.00000 12.25000
250.00000 20.90000
251.00000 12.77000
252.00000 0.00000
253.00000 0.00000
254.00000 1.55000
255.00000 4.15000
256.00000 4.66000
257.00000 4.15000
258.00000 10.18000
259.00000 11.74000
260.00000 11.74000
261.00000 13.81000
262.00000 11.74000
263.00000 2.59000
264.00000 3.11000
265.00000 0.00000
266.00000 0.00000
267.00000 2.59000
268.00000 2.07000
269.00000 1.04000
270.00000 1.55000
271.00000 1.55000
272.00000 1.04000
273.00000 1.55000
274.00000 1.04000
275.00000 1.04000
276.00000 1.04000
277.00000 1.55000
278.00000 3.63000
279.00000 1.55000
280.00000 3.63000
281.00000 3.11000
282.00000 0.52000
283.00000 3.63000
284.00000 4.15000
285.00000 11.22000
286.00000 10.70000
287.00000 12.77000
288.00000 12.25000
289.00000 13.29000
290.00000 12.25000
291.00000 3.11000
292.00000 2.07000
293.00000 11.22000
294.00000 11.22000
295.00000 0.00000
296.00000 10.18000
297.00000 10.70000
298.00000 4.15000
299.00000 0.52000
