0.000 0.414223
1.000 4.368118
2.000 2.721268
3.000 6.510178
4.000 6.510178
5.000 5.022285
6.000 4.523117
7.000 1.939911
8.000 1.939911
9.000 1.939911
10.000 1.512032
11.000 1.512032
12.000 1.512032
13.000 1.512032
14.000 1.409248
15.000 1.409248
16.000 1.409248
17.000 1.036774
18.000 1.036774
19.000 1.036774
20.000 1.036774
21.000 2.363959
22.000 3.761559
23.000 3.761559
24.000 3.466217
25.000 3.077896
26.000 3.077896
27.000 1.837250
28.000 1.837250
29.000 1.837250
30.000 2.197525
31.000 2.197525
32.000 2.197525
33.000 2.380440
34.000 2.380440
35.000 2.180015
36.000 1.904312
37.000 1.904312
38.000 1.904312
39.000 2.517632
40.000 2.517632
41.000 2.517632
42.000 1.328178
43.000 1.328178
44.000 1.328178
45.000 1.759189
46.000 1.934013
47.000 1.934013
48.000 1.373444
49.000 1.373444
50.000 1.373444
51.000 1.532722
52.000 1.532722
53.000 1.532722
54.000 0.340118
55.000 0.340118
56.000 0.340118
57.000 0.340118
58.000 0.340118
59.000 0.340118
60.000 0.340118
61.000 0.340118
62.000 0.340118
63.000 0.340118
64.000 0.340118
65.000 0.340118
66.000 0.340118
67.000 2.020289
68.000 2.211708
69.000 2.211708
70.000 2.509766
71.000 2.924553
72.000 1.997841
73.000 1.997841
74.000 0.670753
75.000 0.670753
76.000 0.670753
77.000 0.670753
78.000 0.670753
79.000 0.670753
80.000 0.670753
81.000 1.963722
82.000 1.963722
83.000 1.342300
84.000 1.342300
85.000 1.342300
86.000 1.342300
87.000 0.896866
88.000 0.896866
89.000 0.896866
90.000 0.896866
91.000 0.896866
92.000 1.148941
93.000 1.148941
94.000 1.148941
95.000 1.178650
96.000 1.178650
97.000 2.629160
98.000 2.510056
99.000 2.510056
100.000 2.026932
101.000 2.026932
102.000 2.026932
103.000 2.312873
104.000 2.678787
105.000 2.678787
106.000 1.713249
107.000 1.713249
108.000 1.536568
109.000 1.536568
110.000 1.536568
111.000 1.593758
112.000 1.593758
113.000 1.593758
114.000 1.386040
115.000 1.386040
116.000 1.386040
117.000 1.486397
118.000 1.486397
119.000 2.070116
120.000 2.956856
121.000 2.956856
122.000 2.251167
123.000 2.064957
124.000 2.064957
125.000 2.064957
126.000 2.064957
127.000 2.459419
128.000 2.459419
129.000 1.299797
130.000 1.299797
131.000 1.299797
132.000 1.299797
133.000 1.396010
134.000 2.970604
135.000 2.970604
136.000 1.686707
137.000 1.686707
138.000 1.734512
139.000 1.914749
140.000 1.914749
141.000 1.914749
142.000 1.387123
143.000 1.387123
144.000 1.387123
145.000 2.715202
146.000 2.715202
147.000 2.715202
148.000 1.825782
149.000 1.477391
150.000 1.397408
151.000 1.397408
152.000 1.397408
153.000 1.397408
154.000 1.782249
155.000 1.782249
156.000 3.719179
157.000 6.041883
158.000 8.364587
159.000 5.084938
160.000 5.084938
161.000 3.816505
162.000 1.796196
163.000 1.796196
164.000 1.796196
165.000 1.796196
166.000 1.741142
167.000 1.741142
168.000 1.741142
169.000 2.700653
170.000 2.700653
171.000 2.700653
172.000 1.232620
173.000 1.232620
174.000 1.232620
175.000 1.232620
176.000 1.470157
177.000 1.866110
178.000 2.067429
179.000 2.067429
180.000 2.067429
181.000 2.443642
182.000 2.443642
183.000 3.192978
184.000 3.192978
185.000 3.176446
186.000 3.169090
187.000 2.354965
188.000 2.354965
189.000 2.354965
190.000 1.623459
191.000 1.623459
192.000 1.634872
193.000 1.634872
194.000 1.344131
195.000 1.344131
196.000 2.604935
197.000 2.604935
198.000 2.604935
199.000 3.588161
200.000 4.111397
201.000 4.111397
202.000 1.223495
203.000 1.223495
204.000 1.223495
205.000 1.223495
206.000 1.223495
207.000 2.083744
208.000 1.693542
209.000 1.693542
210.000 1.693542
211.000 1.742134
212.000 1.742134
213.000 1.673186
214.000 1.149178
215.000 1.149178
216.000 1.149178
217.000 1.149178
218.000 1.149178
219.000 0.776703
220.000 0.776703
221.000 0.776703
222.000 0.776703
223.000 0.776703
224.000 0.876236
225.000 0.876236
226.000 0.876236
227.000 0.876236
228.000 0.876236
229.000 0.876236
230.000 2.293030
231.000 2.293030
232.000 2.293030
233.000 1.087448
234.000 1.087448
235.000 1.087448
236.000 1.853423
237.000 2.128777
238.000 2.128777
239.000 1.795898
240.000 1.795898
241.000 1.795898
242.000 2.691093
243.000 2.691093
244.000 2.691093
245.000 1.207588
246.000 1.207588
247.000 1.049683
248.000 1.049683
249.000 1.049683
250.000 1.144451
251.000 1.286126
252.000 1.343475
253.000 1.343475
254.000 1.573265
255.000 1.573265
256.000 1.232368
257.000 1.232368
258.000 1.020576
259.000 1.020576
260.000 1.020576
261.000 2.737434
262.000 1.096519
263.000 1.096519
264.000 1.096519
265.000 1.607792
266.000 2.131744
267.000 2.131744
268.000 1.544670
269.000 1.544670
270.000 2.902733
271.000 2.902733
272.000 2.902733
273.000 2.054214
274.000 2.054214
275.000 2.054214
276.000 1.785583
277.000 1.785583
278.000 2.369370
279.000 2.369370
280.000 2.267685
281.000 2.249825
282.000 2.249825
283.000 0.768875
284.000 0.768875
285.000 0.768875
286.000 0.768875
287.000 0.768875
288.000 0.768875
289.000 0.768875
290.000 1.104630
291.000 1.104630
292.000 0.822479
293.000 0.822479
294.000 0.822479
295.000 1.191666
296.000 1.191666
297.000 1.191666
298.000 1.191666
299.000 1.132019
300.000 1.132019
301.000 1.132019
302.000 0.424294
303.000 0.424294
304.000 0.424294
305.000 0.424294
306.000 0.424294
307.000 0.424294
308.000 0.424294
309.000 2.007996
310.000 2.007996
311.000 1.279854
312.000 1.279854
313.000 1.482841
314.000 1.482841
315.000 1.482841
316.000 1.914097
317.000 3.673782
318.000 3.330077
319.000 2.158730
320.000 2.158730
321.000 2.232231
322.000 2.232231
323.000 1.101402
324.000 1.101402
325.000 1.101402
326.000 1.101402
327.000 4.168854
328.000 4.168854
329.000 1.027771
330.000 1.027771
331.000 1.027771
332.000 1.711557
333.000 2.566353
334.000 3.059761
335.000 3.030810
336.000 2.761208
337.000 2.761208
338.000 1.933456
339.000 1.933456
340.000 1.933456
341.000 1.509262
342.000 1.604614
343.000 1.604614
344.000 1.604614
345.000 1.328377
346.000 1.328377
347.000 1.328377
348.000 1.328377
349.000 2.193460
350.000 2.183792
351.000 2.183792
352.000 2.946632
353.000 2.946632
354.000 1.410965
355.000 1.410965
356.000 1.410965
357.000 1.410965
358.000 2.531877
359.000 2.664230
