0.000 0.135262
1.000 0.135262
2.000 0.228405
3.000 0.791332
4.000 0.772522
5.000 1.479332
6.000 1.306671
7.000 1.306671
8.000 1.306671
9.000 1.306671
10.000 1.306671
11.000 1.162218
12.000 1.208928
13.000 1.255637
14.000 1.302347
15.000 1.349057
16.000 1.329056
17.000 1.198303
18.000 1.198303
19.000 1.282410
20.000 1.270432
21.000 1.270432
22.000 1.416078
23.000 1.463882
24.000 1.382632
25.000 1.270271
26.000 1.392525
27.000 1.288734
28.000 1.288734
29.000 1.183266
30.000 0.957130
31.000 0.957130
32.000 1.156876
33.000 1.156876
34.000 1.156876
35.000 1.200470
36.000 1.200470
37.000 1.200470
38.000 1.200470
39.000 1.202713
40.000 1.202713
41.000 1.202713
42.000 1.202713
43.000 1.365585
44.000 1.365585
45.000 1.365585
46.000 1.365585
47.000 1.365585
48.000 1.365585
49.000 0.288239
50.000 0.288239
51.000 0.288239
52.000 0.288239
53.000 0.288239
54.000 0.288239
55.000 0.288239
56.000 0.288239
57.000 0.288239
58.000 1.424946
59.000 1.386734
60.000 1.386734
61.000 1.731331
62.000 1.731331
63.000 1.389427
64.000 1.389427
65.000 1.331104
66.000 1.224166
67.000 1.189583
68.000 1.347443
69.000 1.406151
70.000 1.406151
71.000 1.406151
72.000 1.406151
73.000 1.406151
74.000 1.406151
75.000 1.448097
76.000 1.518439
77.000 1.588781
78.000 1.628937
79.000 1.628937
80.000 1.628937
81.000 1.628937
82.000 1.925441
83.000 1.763870
84.000 1.602298
85.000 1.502472
86.000 1.502472
87.000 1.583237
88.000 1.543293
89.000 1.413132
90.000 1.359352
91.000 1.315925
92.000 1.172312
93.000 1.171761
94.000 1.149155
95.000 1.149155
96.000 1.274277
97.000 1.274277
98.000 1.207809
99.000 1.207809
100.000 1.207809
101.000 1.207809
102.000 1.202901
103.000 1.212577
104.000 1.222252
105.000 1.231928
106.000 1.397728
107.000 1.373283
108.000 1.373283
109.000 1.385718
110.000 1.387756
111.000 1.330612
112.000 1.330612
113.000 1.384422
114.000 1.384422
115.000 1.235359
116.000 1.235359
117.000 1.315453
118.000 1.315453
119.000 1.315453
120.000 1.293190
121.000 1.260907
122.000 1.228624
123.000 1.196341
124.000 1.164058
125.000 1.225067
126.000 1.225067
127.000 1.627098
128.000 1.658096
129.000 1.674049
130.000 1.674049
131.000 1.611734
132.000 1.520111
133.000 1.520111
134.000 1.369926
135.000 1.369926
136.000 1.722900
137.000 1.722900
138.000 1.722900
139.000 1.651547
140.000 1.695270
141.000 1.726852
142.000 1.569893
143.000 1.569893
144.000 1.569893
145.000 1.665275
146.000 1.573171
147.000 1.569412
148.000 1.525314
149.000 1.525314
150.000 1.358696
151.000 1.358696
152.000 1.358696
153.000 1.401443
154.000 1.401443
155.000 1.401443
156.000 1.401443
157.000 1.327172
158.000 1.344732
159.000 1.362293
160.000 1.379853
161.000 1.392754
162.000 1.424049
163.000 1.435265
164.000 1.435265
165.000 1.435265
166.000 1.614147
167.000 1.651264
168.000 1.677444
169.000 1.677444
170.000 1.270599
171.000 1.270599
172.000 1.270599
173.000 1.343697
174.000 1.343697
175.000 1.343697
176.000 1.357711
177.000 1.359292
178.000 1.360873
179.000 1.362454
180.000 1.363655
181.000 1.363655
182.000 1.363655
183.000 1.378708
184.000 1.378708
185.000 1.336087
186.000 1.290260
187.000 1.178917
188.000 1.209447
189.000 1.315521
190.000 1.482724
191.000 1.570198
192.000 1.380455
193.000 1.420507
194.000 1.425621
195.000 1.423314
196.000 1.393349
197.000 1.393349
198.000 1.453506
199.000 1.348167
200.000 1.348167
201.000 1.557602
202.000 1.557602
203.000 1.557602
204.000 1.557602
205.000 1.638810
206.000 1.629441
207.000 1.624817
208.000 1.624817
209.000 1.624817
210.000 1.581364
211.000 1.524813
212.000 1.494942
213.000 1.511658
214.000 1.511658
215.000 1.333527
216.000 1.333527
217.000 1.331284
218.000 1.331284
219.000 1.331284
220.000 1.389122
221.000 1.389122
222.000 1.389122
223.000 1.431786
224.000 1.431786
225.000 1.340478
226.000 1.176371
227.000 1.130157
228.000 1.434395
229.000 1.516617
230.000 1.499809
231.000 1.683121
232.000 1.683121
233.000 1.470963
234.000 1.470963
235.000 1.533695
236.000 1.765915
237.000 1.449326
238.000 1.449326
239.000 1.449326
240.000 1.449326
241.000 1.449326
242.000 1.568427
243.000 1.571229
244.000 1.574031
245.000 1.574951
246.000 1.426491
247.000 1.426491
248.000 1.426491
249.000 1.426491
250.000 1.426491
251.000 1.426491
252.000 1.426491
253.000 1.426491
254.000 1.426491
255.000 1.426491
256.000 1.426491
257.000 1.426491
258.000 1.426491
259.000 1.395340
260.000 1.396157
261.000 1.396973
262.000 1.397790
263.000 1.398606
264.000 1.399423
265.000 1.400239
266.000 1.401055
267.000 1.401872
268.000 1.402688
269.000 1.403505
270.000 1.404321
271.000 1.404366
272.000 1.250938
273.000 1.343054
274.000 1.370410
275.000 1.219582
276.000 1.219582
277.000 1.219582
278.000 1.219582
279.000 1.219582
280.000 1.302829
281.000 1.307875
282.000 1.312920
283.000 1.313293
284.000 1.313293
285.000 1.311841
286.000 1.304631
287.000 1.297420
288.000 1.553444
289.000 1.326833
290.000 1.308922
291.000 1.308922
292.000 1.219505
293.000 1.219505
294.000 1.219505
295.000 1.398254
296.000 1.398254
297.000 1.398254
298.000 1.445015
299.000 1.445015
300.000 1.445015
301.000 1.445015
302.000 1.445015
303.000 1.498056
304.000 1.404457
305.000 1.404457
306.000 1.404457
307.000 1.431399
308.000 1.483315
309.000 1.483315
310.000 1.483315
311.000 1.483315
312.000 1.483315
313.000 1.371854
314.000 1.375057
315.000 1.378260
316.000 1.380951
317.000 1.258720
318.000 1.258720
319.000 1.258720
320.000 1.333262
321.000 1.334084
322.000 1.334084
323.000 1.334084
324.000 1.324699
325.000 1.324699
326.000 1.324699
327.000 1.324699
328.000 1.154533
329.000 1.154533
330.000 1.154533
331.000 1.154533
332.000 1.154533
333.000 1.154533
334.000 1.154533
335.000 1.140755
336.000 1.149246
337.000 1.157737
338.000 1.166227
339.000 1.174718
340.000 1.183209
341.000 1.191700
342.000 1.197182
343.000 1.363014
344.000 1.108665
345.000 1.109444
346.000 1.109444
347.000 1.386917
348.000 1.270668
349.000 1.264694
350.000 1.264694
351.000 0.106476
352.000 0.106476
353.000 0.106476
354.000 0.106476
355.000 0.106476
356.000 0.106476
357.000 0.106476
358.000 0.106476
359.000 1.108238
