0.000 1.845818
1.000 1.845818
2.000 1.845818
3.000 1.845818
4.000 1.845818
5.000 1.845818
6.000 1.280762
7.000 1.280762
8.000 1.280762
9.000 1.280762
10.000 1.280762
11.000 1.280762
12.000 1.280762
13.000 1.280762
14.000 1.784602
15.000 1.756911
16.000 1.745827
17.000 1.745827
18.000 1.745827
19.000 1.745827
20.000 1.672141
21.000 1.545932
22.000 1.519394
23.000 1.519394
24.000 1.777763
25.000 1.777763
26.000 0.725838
27.000 0.725838
28.000 0.725838
29.000 1.842171
30.000 1.831367
31.000 1.831367
32.000 1.831367
33.000 1.828830
34.000 1.823222
35.000 1.817613
36.000 1.812005
37.000 1.810806
38.000 0.832237
39.000 0.832237
40.000 0.832237
41.000 0.664558
42.000 0.664558
43.000 1.284116
44.000 1.838196
45.000 1.838196
46.000 1.838196
47.000 1.838196
48.000 1.873637
49.000 1.856851
50.000 1.840066
51.000 1.825363
52.000 1.825363
53.000 1.825363
54.000 1.808051
55.000 1.807785
56.000 1.783526
57.000 1.733727
58.000 1.780960
59.000 1.780960
60.000 1.780960
61.000 1.780960
62.000 1.764404
63.000 1.764404
64.000 1.764404
65.000 1.764404
66.000 1.822590
67.000 1.823601
68.000 1.823601
69.000 1.823601
70.000 1.823601
71.000 1.823601
72.000 1.803402
73.000 1.781386
74.000 1.759371
75.000 1.737356
76.000 1.735878
77.000 1.735878
78.000 1.702759
79.000 1.785820
80.000 1.785820
81.000 1.785820
82.000 1.785820
83.000 1.652456
84.000 1.594849
85.000 1.594849
86.000 1.594849
87.000 1.749046
88.000 1.749046
89.000 1.749046
90.000 1.749046
91.000 1.812248
92.000 1.798728
93.000 1.785207
94.000 1.778336
95.000 1.778336
96.000 1.778392
97.000 1.809014
98.000 1.821213
99.000 1.827248
100.000 1.830040
101.000 1.816940
102.000 1.816940
103.000 1.816940
104.000 1.857811
105.000 1.857811
106.000 1.857811
107.000 1.752701
108.000 1.752701
109.000 1.791939
110.000 1.791939
111.000 1.791939
112.000 1.800458
113.000 1.809503
114.000 1.818548
115.000 1.824570
116.000 1.785522
117.000 1.734131
118.000 1.725630
119.000 1.718826
120.000 1.762510
121.000 1.829720
122.000 1.829720
123.000 1.829720
124.000 1.724075
125.000 1.724075
126.000 1.746758
127.000 1.765388
128.000 1.765388
129.000 1.765388
130.000 1.765388
131.000 1.829614
132.000 1.831096
133.000 1.832579
134.000 1.834062
135.000 1.834991
136.000 1.775078
137.000 1.831573
138.000 1.831573
139.000 1.831573
140.000 1.831573
141.000 1.831573
142.000 1.808452
143.000 1.801073
144.000 1.793694
145.000 1.786316
146.000 1.786179
147.000 1.762672
148.000 1.762672
149.000 1.822212
150.000 1.822212
151.000 2.054611
152.000 2.161911
153.000 1.795387
154.000 1.795387
155.000 1.710190
156.000 1.710190
157.000 1.710190
158.000 1.742776
159.000 1.731033
160.000 1.731033
161.000 1.731033
162.000 1.740087
163.000 1.776181
164.000 1.812274
165.000 1.814186
166.000 1.674690
167.000 1.786644
168.000 1.786644
169.000 1.827576
170.000 1.827576
171.000 1.827576
172.000 1.742004
173.000 1.742004
174.000 1.742004
175.000 1.742004
176.000 1.748629
177.000 1.757512
178.000 1.766394
179.000 1.769234
180.000 1.637093
181.000 1.805740
182.000 1.805740
183.000 1.828598
184.000 1.828598
185.000 1.828598
186.000 1.828598
187.000 1.736389
188.000 1.665489
189.000 1.665489
190.000 1.665489
191.000 1.665489
192.000 1.665489
193.000 1.763710
194.000 1.765647
195.000 1.767584
196.000 1.769521
197.000 1.770859
198.000 1.833244
199.000 1.530869
200.000 1.530869
201.000 1.616325
202.000 1.616325
203.000 1.549698
204.000 1.549698
205.000 1.549698
206.000 1.549698
207.000 1.549698
208.000 1.790469
209.000 1.795750
210.000 1.801031
211.000 1.806313
212.000 1.811594
213.000 1.814255
214.000 1.814255
215.000 1.742241
216.000 1.739716
217.000 1.739716
218.000 1.739716
219.000 1.739716
220.000 1.709853
221.000 1.669062
222.000 1.628271
223.000 1.599953
224.000 1.599953
225.000 1.599953
226.000 1.835442
227.000 1.835442
228.000 1.801131
229.000 1.815205
230.000 1.829279
231.000 1.843352
232.000 1.815102
233.000 1.815102
234.000 1.815102
235.000 1.768620
236.000 1.735682
237.000 1.734917
238.000 1.734917
239.000 1.804962
240.000 1.804962
241.000 1.804962
242.000 1.721511
243.000 1.649300
244.000 0.238113
245.000 0.238113
246.000 0.238113
247.000 0.238113
248.000 0.238113
249.000 0.238113
250.000 0.238113
251.000 0.238113
252.000 0.238113
253.000 0.238113
254.000 0.238113
255.000 0.238113
256.000 0.996460
257.000 0.996460
258.000 1.325844
259.000 1.325844
260.000 1.825584
261.000 1.825584
262.000 1.825584
263.000 1.838974
264.000 1.838974
265.000 1.838974
266.000 1.803245
267.000 1.736441
268.000 1.815338
269.000 1.815338
270.000 1.815338
271.000 1.767189
272.000 1.767189
273.000 1.767407
274.000 1.792114
275.000 1.816821
276.000 1.822929
277.000 1.822929
278.000 1.784615
279.000 1.755974
280.000 1.755974
281.000 1.807236
282.000 1.807236
283.000 1.807236
284.000 1.807236
285.000 1.739410
286.000 1.739410
287.000 1.739410
288.000 1.749596
289.000 1.761975
290.000 1.769203
291.000 1.788460
292.000 1.724930
293.000 1.836243
294.000 1.836243
295.000 1.847603
296.000 1.847603
297.000 1.806473
298.000 1.806473
299.000 1.844460
300.000 1.844460
301.000 1.833101
302.000 1.808184
303.000 1.789635
304.000 1.819603
305.000 1.819603
306.000 1.782623
307.000 1.782623
308.000 1.782623
309.000 1.745309
310.000 1.748421
311.000 1.750435
312.000 1.817253
313.000 1.826630
314.000 1.785049
315.000 1.785049
316.000 1.785049
317.000 1.771425
318.000 1.717752
319.000 1.672020
320.000 1.672020
321.000 1.804718
322.000 1.804718
323.000 1.816420
324.000 1.841293
325.000 1.841293
326.000 1.742134
327.000 1.742134
328.000 1.816533
329.000 1.814734
330.000 1.814262
331.000 1.814262
332.000 1.674904
333.000 1.741822
334.000 1.843796
335.000 1.806587
336.000 1.806587
337.000 1.851082
338.000 1.846859
339.000 1.827824
340.000 1.827011
341.000 1.700333
342.000 1.700333
343.000 1.766682
344.000 1.827148
345.000 1.827148
346.000 1.778478
347.000 1.774307
348.000 1.789253
349.000 1.789253
350.000 1.814705
351.000 1.814705
352.000 1.820614
353.000 1.835849
354.000 1.839066
355.000 1.834254
356.000 1.827736
357.000 1.827736
358.000 1.808784
359.000 1.808784
