0.000 0.223869
1.000 0.223869
2.000 0.223869
3.000 0.223869
4.000 0.223869
5.000 2.277214
6.000 2.398994
7.000 2.432549
8.000 2.425667
9.000 2.311459
10.000 2.417532
11.000 2.463330
12.000 2.489597
13.000 2.503317
14.000 2.515150
15.000 2.491298
16.000 2.388329
17.000 2.390911
18.000 2.455151
19.000 2.473646
20.000 2.521706
21.000 2.446273
22.000 2.232407
23.000 2.319087
24.000 2.388885
25.000 2.401539
26.000 2.448481
27.000 2.469964
28.000 2.305344
29.000 2.409386
30.000 2.426549
31.000 2.490311
32.000 2.479411
33.000 2.468903
34.000 2.381027
35.000 2.381027
36.000 2.389824
37.000 2.440184
38.000 2.490544
39.000 2.505876
40.000 2.343232
41.000 2.335528
42.000 2.374073
43.000 2.425919
44.000 2.458597
45.000 2.484604
46.000 2.201706
47.000 2.201706
48.000 2.379120
49.000 2.380356
50.000 2.371536
51.000 2.371536
52.000 2.451500
53.000 2.451500
54.000 2.451500
55.000 2.388626
56.000 2.277733
57.000 2.277733
58.000 2.341339
59.000 2.341339
60.000 2.451637
61.000 2.451637
62.000 2.451637
63.000 2.318420
64.000 2.318420
65.000 2.318420
66.000 2.360192
67.000 2.405998
68.000 2.405998
69.000 2.313766
70.000 2.313766
71.000 2.313766
72.000 2.313766
73.000 2.366614
74.000 2.329373
75.000 2.320755
76.000 2.320755
77.000 2.343418
78.000 2.386002
79.000 2.386002
80.000 2.465958
81.000 2.465958
82.000 2.521439
83.000 2.521439
84.000 2.517074
85.000 2.493690
86.000 2.474625
87.000 2.474625
88.000 2.139524
89.000 2.109863
90.000 2.468956
91.000 2.460655
92.000 2.420929
93.000 2.445160
94.000 2.475937
95.000 2.475937
96.000 2.475937
97.000 2.475937
98.000 2.370081
99.000 2.441914
100.000 2.460548
101.000 2.460548
102.000 2.040405
103.000 2.040405
104.000 2.071141
105.000 2.456535
106.000 2.456535
107.000 2.439071
108.000 2.333984
109.000 2.333984
110.000 2.465225
111.000 2.418427
112.000 2.418427
113.000 2.418427
114.000 2.433107
115.000 2.465974
116.000 2.498840
117.000 2.504219
118.000 2.466064
119.000 2.466064
120.000 2.417774
121.000 2.330017
122.000 2.330017
123.000 2.357994
124.000 2.357994
125.000 2.301514
126.000 2.350946
127.000 2.489296
128.000 2.489296
129.000 2.322182
130.000 2.322182
131.000 2.456589
132.000 2.456589
133.000 2.460240
134.000 2.461685
135.000 2.420914
136.000 2.420914
137.000 2.413025
138.000 2.329690
139.000 2.250450
140.000 2.250450
141.000 2.422874
142.000 2.422874
143.000 2.376495
144.000 2.383858
145.000 2.383858
146.000 2.412317
147.000 2.445580
148.000 2.445580
149.000 2.406410
150.000 2.406410
151.000 2.340550
152.000 2.314346
153.000 2.512703
154.000 2.512703
155.000 2.454425
156.000 2.442039
157.000 2.442039
158.000 2.454277
159.000 2.457870
160.000 2.364388
161.000 2.401652
162.000 2.465088
163.000 2.435398
164.000 2.421448
165.000 2.475403
166.000 2.375942
167.000 2.323814
168.000 2.454163
169.000 2.454163
170.000 2.453705
171.000 2.452401
172.000 2.451416
173.000 2.451416
174.000 2.490143
175.000 2.481010
176.000 2.481010
177.000 2.481010
178.000 2.481987
179.000 2.483742
180.000 2.483742
181.000 2.483742
182.000 2.378716
183.000 2.378716
184.000 2.297180
185.000 2.297180
186.000 2.297180
187.000 2.262329
188.000 2.262329
189.000 2.262329
190.000 2.411583
191.000 2.411583
192.000 2.400680
193.000 2.289045
194.000 2.186287
195.000 2.186287
196.000 2.441513
197.000 2.416749
198.000 2.394249
199.000 2.394249
200.000 2.164429
201.000 2.164429
202.000 2.383522
203.000 2.383522
204.000 2.301003
205.000 2.111977
206.000 2.111977
207.000 2.396815
208.000 2.476212
209.000 2.432816
210.000 2.432816
211.000 2.552132
212.000 2.552132
213.000 2.328354
214.000 2.328354
215.000 2.328354
216.000 2.306194
217.000 2.269989
218.000 2.269989
219.000 2.334367
220.000 2.479454
221.000 2.145622
222.000 2.458946
223.000 2.458946
224.000 2.451421
225.000 2.441132
226.000 2.441132
227.000 2.334816
228.000 2.334816
229.000 2.241653
230.000 2.469170
231.000 2.469170
232.000 2.185417
233.000 2.185417
234.000 2.187096
235.000 2.380736
236.000 2.453934
237.000 2.453934
238.000 2.469833
239.000 2.488571
240.000 2.348335
241.000 2.350510
242.000 2.129852
243.000 2.129852
244.000 2.327875
245.000 2.340668
246.000 2.340668
247.000 2.478806
248.000 2.478806
249.000 2.468086
250.000 2.468086
251.000 2.331657
252.000 2.331657
253.000 2.372308
254.000 2.435461
255.000 2.439873
256.000 2.518394
257.000 2.368279
258.000 2.368279
259.000 2.337486
260.000 2.475060
261.000 2.475060
262.000 2.468149
263.000 2.464607
264.000 2.464607
265.000 2.379951
266.000 2.379951
267.000 2.429855
268.000 2.429855
269.000 2.370522
270.000 2.370522
271.000 2.362792
272.000 2.345486
273.000 2.330879
274.000 2.330879
275.000 2.261421
276.000 2.450203
277.000 2.450203
278.000 2.438005
279.000 2.409484
280.000 2.400887
281.000 2.372116
282.000 2.184540
283.000 2.184540
284.000 2.184540
285.000 2.226196
286.000 2.226196
287.000 2.455826
288.000 2.455826
289.000 2.410027
290.000 2.410027
291.000 2.460396
292.000 2.460396
293.000 2.513733
294.000 2.513733
295.000 2.333656
296.000 2.396936
297.000 2.461403
298.000 2.470070
299.000 2.470070
300.000 2.456505
301.000 2.456505
302.000 2.456505
303.000 2.433667
304.000 2.395520
305.000 2.365898
306.000 2.458199
307.000 2.458199
308.000 2.494484
309.000 2.472739
310.000 2.236275
311.000 2.236275
312.000 2.368889
313.000 2.368889
314.000 2.368889
315.000 2.419064
316.000 2.447960
317.000 2.412963
318.000 2.372864
319.000 2.312317
320.000 2.359886
321.000 2.466408
322.000 2.466408
323.000 2.459897
324.000 2.409293
325.000 2.358690
326.000 2.348381
327.000 2.256486
328.000 2.143387
329.000 2.143387
330.000 2.143387
331.000 2.391016
332.000 2.401140
333.000 2.406509
334.000 2.406509
335.000 2.335876
336.000 2.335876
337.000 2.407213
338.000 2.473541
339.000 2.473541
340.000 2.464335
341.000 2.406807
342.000 2.265625
343.000 2.265625
344.000 2.320946
345.000 2.530754
346.000 2.530754
347.000 2.472387
348.000 2.406677
349.000 2.406677
350.000 2.332169
351.000 2.332169
352.000 2.339436
353.000 2.408210
354.000 2.466286
355.000 2.466286
356.000 2.420034
357.000 2.290749
358.000 2.361435
359.000 2.457138
