0.000 0.191765
1.000 0.191765
2.000 0.191765
3.000 2.594780
4.000 2.706291
5.000 2.334885
6.000 2.656967
7.000 2.722847
8.000 2.722847
9.000 2.546448
10.000 2.700874
11.000 2.700874
12.000 2.666870
13.000 2.612694
14.000 2.612694
15.000 2.670082
16.000 2.670082
17.000 2.249222
18.000 2.249222
19.000 2.695686
20.000 2.695686
21.000 2.343086
22.000 2.361271
23.000 2.667358
24.000 2.667358
25.000 2.717873
26.000 2.717873
27.000 2.685638
28.000 2.372398
29.000 2.477463
30.000 2.477463
31.000 2.708519
32.000 2.680048
33.000 2.668884
34.000 2.340294
35.000 2.340294
36.000 2.199860
37.000 2.199860
38.000 2.598999
39.000 2.607218
40.000 2.679818
41.000 2.694977
42.000 2.638741
43.000 2.696899
44.000 2.696899
45.000 2.714371
46.000 2.714371
47.000 2.680206
48.000 2.680206
49.000 2.680206
50.000 2.365898
51.000 2.365898
52.000 2.558777
53.000 2.558777
54.000 2.431667
55.000 2.299782
56.000 2.681435
57.000 2.681435
58.000 2.692337
59.000 2.692337
60.000 2.388153
61.000 2.667099
62.000 2.667099
63.000 2.333565
64.000 2.417534
65.000 2.417534
66.000 2.715790
67.000 2.715790
68.000 2.713783
69.000 2.687546
70.000 2.687546
71.000 2.669651
72.000 2.552139
73.000 2.552139
74.000 2.578169
75.000 2.665871
76.000 2.665871
77.000 2.636063
78.000 2.636063
79.000 2.395577
80.000 2.346947
81.000 2.346947
82.000 2.630424
83.000 2.480217
84.000 2.429756
85.000 2.338631
86.000 2.362511
87.000 2.362511
88.000 2.362511
89.000 2.645286
90.000 2.664472
91.000 2.683657
92.000 2.587227
93.000 2.571419
94.000 2.533714
95.000 2.533714
96.000 2.352745
97.000 2.353574
98.000 2.354591
99.000 2.424692
100.000 2.435242
101.000 2.326897
102.000 2.326897
103.000 2.550791
104.000 2.734001
105.000 2.454735
106.000 2.454735
107.000 2.701019
108.000 2.701019
109.000 2.724772
110.000 2.727318
111.000 2.709869
112.000 2.709869
113.000 2.709869
114.000 2.709869
115.000 2.607776
116.000 2.692066
117.000 2.693542
118.000 2.693542
119.000 2.672321
120.000 2.476215
121.000 2.471085
122.000 2.471085
123.000 2.529967
124.000 2.585457
125.000 2.625252
126.000 2.466195
127.000 2.567791
128.000 2.653412
129.000 2.695308
130.000 2.681267
131.000 2.693939
132.000 2.693939
133.000 2.281235
134.000 2.281235
135.000 2.281235
136.000 2.592789
137.000 2.592789
138.000 2.269165
139.000 2.269165
140.000 2.269165
141.000 2.282069
142.000 2.407091
143.000 2.532113
144.000 2.585442
145.000 2.684738
146.000 2.684738
147.000 2.684738
148.000 2.372589
149.000 2.372589
150.000 2.372589
151.000 2.372589
152.000 2.706293
153.000 2.693352
154.000 2.680411
155.000 2.671227
156.000 2.671227
157.000 2.671227
158.000 2.671227
159.000 2.630086
160.000 2.726974
161.000 2.726974
162.000 2.726974
163.000 2.726974
164.000 2.707046
165.000 2.663459
166.000 2.619871
167.000 2.617691
168.000 2.694603
169.000 2.697334
170.000 2.697334
171.000 2.671425
172.000 2.651602
173.000 2.646667
174.000 2.623081
175.000 2.572372
176.000 2.572372
177.000 2.726425
178.000 2.726343
179.000 2.713837
180.000 2.625877
181.000 2.444183
182.000 2.444183
183.000 2.292702
184.000 2.292702
185.000 2.589577
186.000 2.589577
187.000 2.457397
188.000 2.457397
189.000 2.466066
190.000 2.628954
191.000 2.671410
192.000 2.671410
193.000 2.255295
194.000 2.255295
195.000 2.255295
196.000 2.255295
197.000 2.255295
198.000 2.313975
199.000 2.291267
200.000 2.291267
201.000 2.291267
202.000 2.690117
203.000 2.690117
204.000 2.310715
205.000 2.310715
206.000 2.310715
207.000 2.535255
208.000 2.535255
209.000 2.535255
210.000 2.473923
211.000 2.473923
212.000 2.386002
213.000 2.386002
214.000 2.386002
215.000 2.634102
216.000 2.634102
217.000 2.380577
218.000 2.380577
219.000 2.526230
220.000 2.526230
221.000 2.526230
222.000 2.672775
223.000 2.672775
224.000 2.578659
225.000 2.578659
226.000 2.346893
227.000 2.346893
228.000 2.496544
229.000 2.496544
230.000 2.622795
231.000 2.595564
232.000 2.537430
233.000 2.700653
234.000 2.700653
235.000 2.234200
236.000 2.234200
237.000 2.263138
238.000 2.263138
239.000 2.263138
240.000 2.432686
241.000 2.432686
242.000 2.615916
243.000 2.666664
244.000 2.666664
245.000 2.593307
246.000 2.593307
247.000 2.701408
248.000 2.701408
249.000 2.679230
250.000 2.674138
251.000 2.654343
252.000 2.654343
253.000 2.601036
254.000 2.582793
255.000 2.656128
256.000 2.618576
257.000 2.618576
258.000 2.241493
259.000 2.565376
260.000 2.565376
261.000 2.565376
262.000 2.272873
263.000 2.272873
264.000 2.330212
265.000 2.677231
266.000 2.677231
267.000 2.677231
268.000 2.659093
269.000 2.634322
270.000 2.630753
271.000 2.653083
272.000 2.698380
273.000 2.454636
274.000 2.454636
275.000 2.703079
276.000 2.703079
277.000 2.697105
278.000 2.697105
279.000 2.221161
280.000 2.221161
281.000 2.319458
282.000 2.319458
283.000 2.659630
284.000 2.659630
285.000 2.659630
286.000 2.501793
287.000 2.501793
288.000 2.515211
289.000 2.536255
290.000 2.536255
291.000 2.356850
292.000 2.251465
293.000 2.251465
294.000 2.529930
295.000 2.697792
296.000 2.697792
297.000 2.644440
298.000 2.717522
299.000 2.717522
300.000 2.727249
301.000 2.718787
302.000 2.703682
303.000 2.703682
304.000 2.726952
305.000 2.726952
306.000 2.562424
307.000 2.562424
308.000 2.235168
309.000 2.235168
310.000 2.260024
311.000 2.282280
312.000 2.282280
313.000 2.595123
314.000 2.595123
315.000 2.448410
316.000 2.570229
317.000 2.616705
318.000 2.693619
319.000 2.693619
320.000 2.592560
321.000 2.592560
322.000 2.304543
323.000 2.682144
324.000 2.682144
325.000 2.649824
326.000 2.589073
327.000 2.589073
328.000 2.291084
329.000 2.291084
330.000 2.418401
331.000 2.700974
332.000 2.696872
333.000 2.649254
334.000 2.361885
335.000 2.361885
336.000 2.603951
337.000 2.603951
338.000 2.603951
339.000 2.419197
340.000 2.419197
341.000 2.598381
342.000 2.598381
343.000 2.539063
344.000 2.418686
345.000 2.418686
346.000 2.619041
347.000 2.619041
348.000 2.294708
349.000 2.294708
350.000 2.298359
351.000 2.299141
352.000 2.639412
353.000 2.639412
354.000 2.689674
355.000 2.740005
356.000 2.661041
357.000 2.661041
358.000 2.632820
359.000 2.606850
