0.000 0.177216
1.000 0.177216
2.000 0.177216
3.000 0.177216
4.000 0.177216
5.000 2.447006
6.000 2.407356
7.000 2.500557
8.000 2.450264
9.000 2.450264
10.000 2.493606
11.000 2.504951
12.000 2.452324
13.000 2.451723
14.000 2.447751
15.000 2.445961
16.000 2.412254
17.000 2.504570
18.000 2.504570
19.000 2.513168
20.000 2.513168
21.000 2.450600
22.000 2.450600
23.000 2.455164
24.000 2.473626
25.000 2.492088
26.000 2.499893
27.000 2.499893
28.000 2.499893
29.000 1.181667
30.000 1.110809
31.000 1.110809
32.000 1.110809
33.000 1.918185
34.000 2.314331
35.000 1.778244
36.000 1.778244
37.000 2.377281
38.000 2.482773
39.000 2.482773
40.000 2.492332
41.000 2.350754
42.000 2.350754
43.000 2.516991
44.000 2.210426
45.000 2.210426
46.000 2.210426
47.000 2.500793
48.000 2.500793
49.000 2.422104
50.000 2.422104
51.000 2.421594
52.000 2.349846
53.000 2.349846
54.000 2.487045
55.000 2.487045
56.000 2.341232
57.000 2.341232
58.000 2.335518
59.000 2.335518
60.000 2.407050
61.000 2.409454
62.000 2.466965
63.000 2.464354
64.000 2.462852
65.000 2.462852
66.000 2.387558
67.000 2.387558
68.000 2.393587
69.000 2.499619
70.000 2.499619
71.000 2.495394
72.000 2.494606
73.000 2.394859
74.000 2.394859
75.000 2.412765
76.000 2.411362
77.000 2.519249
78.000 2.315323
79.000 2.315323
80.000 2.315323
81.000 2.468124
82.000 2.562355
83.000 2.519424
84.000 2.519424
85.000 1.101486
86.000 1.101486
87.000 1.101486
88.000 1.101486
89.000 1.101486
90.000 2.438214
91.000 2.440979
92.000 2.440979
93.000 2.497948
94.000 2.364578
95.000 2.364578
96.000 2.364578
97.000 2.200600
98.000 2.200600
99.000 2.225473
100.000 2.248909
101.000 2.534843
102.000 2.420654
103.000 2.420654
104.000 2.420654
105.000 2.420654
106.000 2.450058
107.000 2.450058
108.000 2.450058
109.000 2.451504
110.000 2.475127
111.000 2.498751
112.000 2.504318
113.000 2.504318
114.000 2.506812
115.000 2.507652
116.000 2.507652
117.000 2.419266
118.000 2.419266
119.000 2.419266
120.000 1.334755
121.000 1.334755
122.000 1.334755
123.000 1.334755
124.000 1.943401
125.000 2.426949
126.000 2.426949
127.000 2.485657
128.000 2.473504
129.000 2.460884
130.000 2.243355
131.000 2.243355
132.000 2.521561
133.000 2.521561
134.000 2.521561
135.000 2.313698
136.000 2.313698
137.000 2.313698
138.000 2.194857
139.000 2.186798
140.000 2.186798
141.000 2.189835
142.000 2.189835
143.000 2.504646
144.000 2.513641
145.000 2.513641
146.000 2.513641
147.000 2.438460
148.000 2.479752
149.000 2.479752
150.000 2.479752
151.000 2.479752
152.000 2.509292
153.000 2.530029
154.000 2.530029
155.000 2.530029
156.000 2.406711
157.000 2.466110
158.000 2.482903
159.000 2.482903
160.000 2.507492
161.000 2.507492
162.000 2.504211
163.000 2.504211
164.000 2.504211
165.000 2.503537
166.000 2.503471
167.000 2.402725
168.000 2.402725
169.000 2.508731
170.000 2.524086
171.000 2.512680
172.000 2.350189
173.000 2.350189
174.000 2.490028
175.000 2.490028
176.000 2.487968
177.000 2.487968
178.000 2.486770
179.000 2.485657
180.000 2.469088
181.000 2.391617
182.000 2.348236
183.000 2.348236
184.000 2.508331
185.000 2.508331
186.000 2.485869
187.000 2.428413
188.000 2.428413
189.000 2.444470
190.000 2.481364
191.000 2.483757
192.000 2.498451
193.000 2.498451
194.000 2.367531
195.000 2.329094
196.000 2.329094
197.000 2.329094
198.000 2.319705
199.000 2.247036
200.000 2.184059
201.000 2.341161
202.000 2.500633
203.000 2.442440
204.000 2.423836
205.000 2.372360
206.000 2.372360
207.000 2.372360
208.000 2.377565
209.000 2.349976
210.000 2.349976
211.000 2.349976
212.000 2.338989
213.000 2.338989
214.000 2.504494
215.000 2.504494
216.000 2.394493
217.000 2.414780
218.000 2.414780
219.000 2.381625
220.000 2.367790
221.000 2.359258
222.000 2.231384
223.000 2.448265
224.000 2.448265
225.000 2.448265
226.000 2.448265
227.000 1.814171
228.000 1.673309
229.000 1.532447
230.000 1.391586
231.000 1.250724
232.000 1.141632
233.000 1.141632
234.000 1.141632
235.000 1.113134
236.000 1.094536
237.000 1.094536
238.000 1.216080
239.000 1.216080
240.000 1.250870
241.000 1.454086
242.000 1.454086
243.000 0.712097
244.000 0.712097
245.000 1.882126
246.000 1.882126
247.000 1.882126
248.000 1.639426
249.000 1.709105
250.000 1.778783
251.000 1.810936
252.000 2.500763
253.000 1.197075
254.000 2.465134
255.000 2.465134
256.000 2.191681
257.000 2.164238
258.000 2.164238
259.000 2.439018
260.000 2.439018
261.000 2.318382
262.000 2.318382
263.000 2.529358
264.000 2.529358
265.000 2.516417
266.000 2.504066
267.000 2.398568
268.000 2.110298
269.000 2.490303
270.000 2.406250
271.000 2.406250
272.000 2.491821
273.000 2.491821
274.000 2.472916
275.000 2.472916
276.000 2.472916
277.000 2.459013
278.000 2.398354
279.000 2.349091
280.000 2.349091
281.000 2.481361
282.000 2.266022
283.000 2.266022
284.000 2.266022
285.000 2.389732
286.000 2.389732
287.000 1.848740
288.000 1.848740
289.000 1.848740
290.000 2.398527
291.000 2.405991
292.000 2.405991
293.000 2.405991
294.000 1.589328
295.000 1.454461
296.000 1.319594
297.000 1.266380
298.000 1.266380
299.000 2.200218
300.000 2.200218
301.000 2.006493
302.000 2.399803
303.000 2.399803
304.000 2.484924
305.000 2.484924
306.000 2.350525
307.000 2.043106
308.000 2.043106
309.000 1.609299
310.000 1.609299
311.000 2.535164
312.000 2.535164
313.000 2.535164
314.000 2.394707
315.000 2.394707
316.000 2.296508
317.000 2.195534
318.000 2.195534
319.000 2.195534
320.000 2.229364
321.000 2.242546
322.000 2.485900
323.000 2.506676
324.000 2.489151
325.000 1.730919
326.000 1.730919
327.000 1.715154
328.000 1.709671
329.000 1.709671
330.000 1.709671
331.000 1.709671
332.000 1.562866
333.000 1.562866
334.000 1.562866
335.000 1.562866
336.000 2.290276
337.000 2.381111
338.000 2.381111
339.000 2.381111
340.000 1.138557
341.000 1.138557
342.000 1.138557
343.000 2.191803
344.000 2.191803
345.000 2.158516
346.000 2.153874
347.000 1.698696
348.000 1.303345
349.000 1.303345
350.000 2.444466
351.000 2.444466
352.000 2.301245
353.000 2.216347
354.000 2.145554
355.000 2.145554
356.000 2.219719
357.000 2.219719
358.000 2.228761
359.000 2.271373
