0.000 0.192039
1.000 0.192039
2.000 0.192039
3.000 0.192039
4.000 0.192039
5.000 0.192039
6.000 2.573326
7.000 2.412285
8.000 2.570084
9.000 2.474297
10.000 2.431038
11.000 2.431038
12.000 2.588829
13.000 2.588829
14.000 2.463425
15.000 2.463425
16.000 2.680214
17.000 2.680214
18.000 2.285667
19.000 2.285667
20.000 2.611465
21.000 2.611465
22.000 2.616707
23.000 2.616707
24.000 2.709579
25.000 2.709579
26.000 2.603699
27.000 2.603699
28.000 2.236816
29.000 2.236816
30.000 2.240016
31.000 2.283337
32.000 2.290962
33.000 2.127886
34.000 2.670799
35.000 2.598869
36.000 2.696833
37.000 2.722176
38.000 2.613083
39.000 2.511466
40.000 2.483505
41.000 2.605293
42.000 2.626625
43.000 2.668556
44.000 2.566193
45.000 2.086933
46.000 2.072571
47.000 2.072571
48.000 2.072571
49.000 2.072571
50.000 2.072571
51.000 2.582179
52.000 2.649902
53.000 2.717624
54.000 2.769890
55.000 2.769890
56.000 2.693703
57.000 2.693703
58.000 2.693703
59.000 2.694687
60.000 2.694687
61.000 2.694687
62.000 2.694687
63.000 2.543481
64.000 2.409095
65.000 2.274709
66.000 2.189514
67.000 2.189514
68.000 2.189514
69.000 2.491057
70.000 2.497408
71.000 2.378380
72.000 2.760384
73.000 2.432198
74.000 2.700089
75.000 2.455353
76.000 2.703842
77.000 2.703842
78.000 2.477235
79.000 2.277573
80.000 2.226601
81.000 2.226601
82.000 2.374053
83.000 2.620273
84.000 2.643517
85.000 2.643517
86.000 2.718466
87.000 2.775375
88.000 2.730545
89.000 2.466499
90.000 2.466499
91.000 2.590942
92.000 2.590942
93.000 2.549484
94.000 2.549484
95.000 2.455612
96.000 2.122978
97.000 2.122978
98.000 2.122978
99.000 2.476067
100.000 2.476067
101.000 2.712860
102.000 2.704492
103.000 2.648117
104.000 2.293289
105.000 2.382790
106.000 2.382790
107.000 2.685890
108.000 2.697823
109.000 2.696578
110.000 2.280619
111.000 2.636047
112.000 2.667625
113.000 2.703707
114.000 2.737328
115.000 2.682526
116.000 2.466331
117.000 2.600792
118.000 2.635223
119.000 2.709160
120.000 2.639229
121.000 2.187622
122.000 2.597008
123.000 2.700813
124.000 2.700813
125.000 2.662922
126.000 2.652298
127.000 2.723235
128.000 2.749252
129.000 2.465860
130.000 2.376556
131.000 2.333832
132.000 2.333832
133.000 2.333832
134.000 2.333832
135.000 1.824341
136.000 1.824341
137.000 1.824341
138.000 1.824341
139.000 1.667861
140.000 1.457500
141.000 1.247140
142.000 1.155083
143.000 1.155083
144.000 1.155083
145.000 1.018261
146.000 1.006027
147.000 0.929919
148.000 0.769867
149.000 0.769867
150.000 0.570892
151.000 0.570892
152.000 0.331039
153.000 0.331039
154.000 0.447480
155.000 1.334000
156.000 1.272377
157.000 1.992828
158.000 2.137505
159.000 2.583939
160.000 2.486504
161.000 2.623238
162.000 2.711555
163.000 2.639544
164.000 2.519394
165.000 2.465325
166.000 2.385063
167.000 2.496129
168.000 2.691193
169.000 2.342346
170.000 2.000893
171.000 2.284041
172.000 2.626419
173.000 2.293674
174.000 2.008331
175.000 2.205893
176.000 2.467049
177.000 2.528716
178.000 2.618958
179.000 2.656185
180.000 2.715553
181.000 2.564250
182.000 2.321594
183.000 2.419914
184.000 2.591217
185.000 2.434876
186.000 2.396896
187.000 2.636787
188.000 2.725212
189.000 2.595821
190.000 2.429222
191.000 2.424484
192.000 2.418655
193.000 2.542372
194.000 2.751335
195.000 2.638222
196.000 2.474358
197.000 1.270321
198.000 0.633652
199.000 0.633652
200.000 0.633652
201.000 2.554246
202.000 2.568558
203.000 2.528174
204.000 2.488213
205.000 2.420376
206.000 2.343460
207.000 2.487266
208.000 2.683189
209.000 2.677301
210.000 2.669403
211.000 2.570799
212.000 2.418175
213.000 2.444589
214.000 2.487679
215.000 2.589632
216.000 2.726097
217.000 2.690691
218.000 2.634399
219.000 2.669676
220.000 2.722153
221.000 2.584671
222.000 2.407906
223.000 2.422250
224.000 2.440819
225.000 2.415444
226.000 2.380852
227.000 2.498906
228.000 2.698677
229.000 2.561420
230.000 2.403465
231.000 2.525194
232.000 2.661194
233.000 2.686342
234.000 2.720024
235.000 2.563868
236.000 2.379349
237.000 2.468824
238.000 2.572197
239.000 2.491334
240.000 2.395012
241.000 2.447160
242.000 2.522591
243.000 2.486263
244.000 2.437576
245.000 2.489162
246.000 2.557495
247.000 2.606542
248.000 2.676979
249.000 2.123287
250.000 1.735062
251.000 2.068138
252.000 2.494537
253.000 2.551622
254.000 2.641632
255.000 2.670040
256.000 2.715820
257.000 2.662982
258.000 2.587227
259.000 1.666774
260.000 1.567780
261.000 2.101519
262.000 2.752426
263.000 1.209274
264.000 1.209274
265.000 1.810407
266.000 2.487839
267.000 2.479271
268.000 2.472565
269.000 2.419532
270.000 2.362648
271.000 1.728262
272.000 1.690323
273.000 2.060506
274.000 2.538559
275.000 2.543241
276.000 2.550896
277.000 1.191010
278.000 1.191010
279.000 1.865342
280.000 2.691055
281.000 2.367699
282.000 2.367699
283.000 2.691406
284.000 2.691406
285.000 2.594284
286.000 2.594284
287.000 2.594284
288.000 2.295441
289.000 2.295441
290.000 2.295441
291.000 2.583252
292.000 2.583252
293.000 2.448901
294.000 2.369370
295.000 2.369370
296.000 2.239349
297.000 2.229319
298.000 1.854942
299.000 1.854942
300.000 1.855933
301.000 2.387053
302.000 2.716675
303.000 2.444740
304.000 2.444740
305.000 2.697617
306.000 2.626839
307.000 2.626839
308.000 2.323105
309.000 2.602107
310.000 1.275871
311.000 1.275871
312.000 2.292422
313.000 2.351298
314.000 2.457230
315.000 1.194679
316.000 1.194679
317.000 1.755227
318.000 2.392799
319.000 2.502403
320.000 2.608917
321.000 2.515002
322.000 2.395752
323.000 2.429140
324.000 2.484245
325.000 1.973937
326.000 1.778816
327.000 0.482407
328.000 0.482407
329.000 0.482407
330.000 0.482407
331.000 1.854592
332.000 1.812325
333.000 2.145433
334.000 2.694939
335.000 2.371713
336.000 1.770348
337.000 1.692777
338.000 1.592552
339.000 1.931984
340.000 2.304176
341.000 2.370365
342.000 2.423820
343.000 2.407794
344.000 2.375538
345.000 2.481318
346.000 2.698842
347.000 2.761528
348.000 2.780891
349.000 2.501033
350.000 2.328362
351.000 2.499422
352.000 2.692131
353.000 2.539630
354.000 2.410057
355.000 2.277320
356.000 2.245125
357.000 2.446083
358.000 2.446083
359.000 2.446083
