0.000 0.177238
1.000 0.177238
2.000 0.177238
3.000 0.177238
4.000 0.177238
5.000 3.808563
6.000 3.808563
7.000 4.004861
8.000 4.583694
9.000 3.858122
10.000 3.054550
11.000 4.395585
12.000 6.506325
13.000 6.427242
14.000 6.298620
15.000 1.104542
16.000 0.850456
17.000 0.850456
18.000 0.850456
19.000 0.565804
20.000 0.565804
21.000 0.565804
22.000 0.565804
23.000 1.018127
24.000 1.018127
25.000 0.976555
26.000 0.976555
27.000 1.327116
28.000 1.892860
29.000 1.799241
30.000 1.641987
31.000 1.606773
32.000 1.606773
33.000 1.443459
34.000 1.443459
35.000 1.852167
36.000 2.540994
37.000 2.789703
38.000 2.789703
39.000 2.500850
40.000 2.424324
41.000 2.330583
42.000 2.185829
43.000 1.888648
44.000 1.388629
45.000 1.670866
46.000 2.145107
47.000 2.212952
48.000 2.212952
49.000 2.325772
50.000 2.506638
51.000 2.748754
52.000 2.846161
53.000 2.904157
54.000 2.908440
55.000 3.519623
56.000 4.158615
57.000 4.447601
58.000 4.659027
59.000 3.415634
60.000 3.132439
61.000 3.453916
62.000 3.826324
63.000 3.318058
64.000 2.462880
65.000 2.063763
66.000 1.751472
67.000 1.921417
68.000 1.921417
69.000 2.685593
70.000 2.685593
71.000 2.736548
72.000 2.765770
73.000 2.391265
74.000 2.312828
75.000 1.670903
76.000 1.260468
77.000 2.113698
78.000 3.821999
79.000 3.253046
80.000 2.506783
81.000 3.184914
82.000 3.933563
83.000 3.124912
84.000 2.493706
85.000 2.924205
86.000 3.066444
87.000 3.589898
88.000 4.396149
89.000 4.093540
90.000 3.664360
91.000 3.637142
92.000 3.601303
93.000 3.736163
94.000 3.899216
95.000 4.197654
96.000 4.657967
97.000 4.499898
98.000 4.233493
99.000 3.630789
100.000 2.645505
101.000 2.413719
102.000 2.413719
103.000 2.319363
104.000 2.254990
105.000 2.548613
106.000 3.007050
107.000 3.038837
108.000 3.073685
109.000 3.001372
110.000 2.879499
111.000 3.113693
112.000 3.113693
113.000 3.345519
114.000 3.731036
115.000 3.772868
116.000 3.890038
117.000 2.018776
118.000 2.018776
119.000 1.828240
120.000 1.281257
121.000 1.038750
122.000 1.439859
123.000 1.646625
124.000 1.994815
125.000 2.251064
126.000 2.593319
127.000 2.705490
128.000 2.657768
129.000 1.552338
130.000 1.552338
131.000 2.010738
132.000 3.304413
133.000 3.675715
134.000 3.791339
135.000 3.685419
136.000 3.239471
137.000 1.967078
138.000 1.103218
139.000 0.877962
140.000 0.631981
141.000 0.980163
142.000 1.997233
143.000 2.278287
144.000 2.074822
145.000 2.124044
146.000 2.443473
147.000 2.483485
148.000 2.261840
149.000 2.147124
150.000 2.017503
151.000 2.055663
152.000 2.291219
153.000 2.538286
154.000 3.028526
155.000 3.062254
156.000 2.794820
157.000 2.560555
158.000 2.153529
159.000 2.327396
160.000 3.189700
161.000 3.447193
162.000 3.953607
163.000 3.404289
164.000 3.404289
165.000 2.811250
166.000 2.098808
167.000 2.130717
168.000 2.254231
169.000 2.697531
170.000 3.428955
171.000 3.084557
172.000 2.300453
173.000 2.373662
174.000 2.492592
175.000 2.723425
176.000 3.318413
177.000 2.908310
178.000 1.771248
179.000 1.863409
180.000 2.085861
181.000 2.512344
182.000 2.512344
183.000 2.369537
184.000 1.963071
185.000 1.891975
186.000 2.729334
187.000 3.037208
188.000 3.055996
189.000 2.547891
190.000 1.516495
191.000 1.221180
192.000 0.624748
193.000 0.839495
194.000 1.388733
195.000 1.418185
196.000 1.503471
197.000 1.237773
198.000 0.574615
199.000 0.594826
200.000 0.651704
201.000 0.655194
202.000 0.646849
203.000 0.741742
204.000 1.021028
205.000 0.995582
206.000 0.627853
207.000 0.675811
208.000 0.819252
209.000 0.888852
210.000 1.015363
211.000 1.132581
212.000 1.305795
213.000 1.384193
214.000 1.358706
215.000 1.408603
216.000 1.569349
217.000 1.624594
218.000 1.576267
219.000 1.552685
220.000 1.541713
221.000 1.522250
222.000 1.476794
223.000 1.540282
224.000 1.759764
225.000 1.899150
226.000 2.009796
227.000 1.766303
228.000 1.054419
229.000 1.250495
230.000 2.107728
231.000 2.363105
232.000 2.238622
233.000 2.175728
234.000 2.175728
235.000 2.273171
236.000 2.558643
237.000 2.368150
238.000 1.749420
239.000 1.818940
240.000 2.344734
241.000 2.094473
242.000 1.624657
243.000 1.666440
244.000 1.786046
245.000 2.044583
246.000 2.782007
247.000 2.570138
248.000 1.514813
249.000 1.035149
250.000 1.035149
251.000 1.414117
252.000 2.203735
253.000 2.388854
254.000 2.929599
255.000 2.404503
256.000 0.614609
257.000 0.721159
258.000 1.030595
259.000 1.371027
260.000 2.029572
261.000 2.348839
262.000 2.348839
263.000 2.348839
264.000 2.348839
265.000 2.233579
266.000 1.873772
267.000 1.504745
268.000 0.868607
269.000 0.797113
270.000 0.572529
271.000 0.575202
272.000 0.640661
273.000 0.753478
274.000 1.264735
275.000 1.469269
276.000 1.469269
277.000 1.482549
278.000 1.524528
279.000 1.556246
280.000 1.589943
281.000 1.577811
282.000 1.509985
283.000 1.554937
284.000 1.750962
285.000 1.807367
286.000 1.704735
287.000 1.796013
288.000 2.119781
289.000 2.093882
290.000 1.660629
291.000 1.757806
292.000 2.155705
293.000 2.097132
294.000 1.483912
295.000 1.359424
296.000 1.353973
297.000 1.247185
298.000 0.944146
299.000 0.877910
300.000 0.848579
301.000 0.396121
302.000 0.095772
303.000 0.095772
304.000 0.095772
305.000 0.898417
306.000 0.745446
307.000 0.837438
308.000 1.207891
309.000 1.191402
310.000 0.841628
311.000 0.831826
312.000 1.023925
313.000 0.309738
314.000 0.309738
315.000 0.616191
316.000 1.493428
317.000 1.920384
318.000 1.899903
319.000 1.763367
320.000 1.357941
321.000 1.293498
322.000 1.427732
323.000 1.439387
324.000 1.248668
325.000 1.156387
326.000 1.156387
327.000 1.189886
328.000 1.284691
329.000 1.407180
330.000 1.672749
331.000 1.838070
332.000 1.922032
333.000 1.820613
334.000 1.413878
335.000 1.260040
336.000 1.260040
337.000 1.429344
338.000 1.908500
339.000 2.008291
340.000 1.755950
341.000 1.496999
342.000 0.966816
343.000 1.270923
344.000 2.242006
345.000 2.623354
346.000 2.444559
347.000 2.375777
348.000 2.386837
349.000 2.172412
350.000 1.543857
351.000 1.578463
352.000 2.323437
353.000 2.273630
354.000 1.240093
355.000 1.332228
356.000 2.078997
357.000 2.127343
358.000 1.321177
359.000 1.183007
