0.000 0.058716
1.000 0.058716
2.000 0.118535
3.000 0.435104
4.000 0.267715
5.000 0.368011
6.000 0.668480
7.000 0.298994
8.000 0.198875
9.000 0.297462
10.000 0.354014
11.000 0.718140
12.000 0.334427
13.000 0.417527
14.000 0.554634
15.000 0.664177
16.000 0.400970
17.000 0.400970
18.000 0.400970
19.000 0.363495
20.000 0.344383
21.000 0.344383
22.000 0.356064
23.000 0.356064
24.000 0.329517
25.000 0.287718
26.000 0.274033
27.000 0.362213
28.000 0.355132
29.000 0.236076
30.000 0.236076
31.000 0.638954
32.000 0.351593
33.000 0.351593
34.000 0.568230
35.000 0.399490
36.000 0.399490
37.000 0.395594
38.000 0.349267
39.000 0.302939
40.000 0.256612
41.000 0.249557
42.000 0.356148
43.000 0.628922
44.000 0.457352
45.000 0.434814
46.000 0.434143
47.000 0.434143
48.000 0.381132
49.000 0.298210
50.000 0.298210
51.000 0.351280
52.000 0.424713
53.000 0.427032
54.000 0.429031
55.000 0.429031
56.000 0.408147
57.000 0.398819
58.000 0.360374
59.000 0.360374
60.000 0.491078
61.000 0.485011
62.000 0.266571
63.000 0.266571
64.000 0.611992
65.000 0.248177
66.000 0.248177
67.000 0.813728
68.000 0.790115
69.000 0.790115
70.000 0.684898
71.000 0.815375
72.000 1.015495
73.000 0.672539
74.000 0.672539
75.000 0.690847
76.000 0.707344
77.000 0.707344
78.000 0.702733
79.000 0.666452
80.000 0.630171
81.000 0.602089
82.000 0.602089
83.000 0.335945
84.000 0.335945
85.000 0.304781
86.000 0.236453
87.000 0.168125
88.000 0.144958
89.000 0.203293
90.000 1.045425
91.000 1.708306
92.000 0.976639
93.000 0.891907
94.000 1.123413
95.000 1.639691
96.000 1.918289
97.000 1.653018
98.000 1.355034
99.000 1.327216
100.000 1.145691
101.000 1.145691
102.000 2.555672
103.000 2.494945
104.000 2.326772
105.000 2.158600
106.000 1.990428
107.000 1.822256
108.000 1.654084
109.000 1.485912
110.000 1.317739
111.000 1.149567
112.000 0.981395
113.000 0.813223
114.000 0.645051
115.000 0.476879
116.000 0.308706
117.000 0.241320
118.000 0.182297
119.000 0.382317
120.000 0.609993
121.000 0.609993
122.000 0.609993
123.000 0.499435
124.000 0.499435
125.000 0.499435
126.000 0.499435
127.000 0.626716
128.000 0.576826
129.000 0.526935
130.000 0.477044
131.000 0.441353
132.000 0.329803
133.000 0.173050
134.000 0.173050
135.000 0.182839
136.000 0.262215
137.000 0.224792
138.000 0.224792
139.000 0.439079
140.000 0.430080
141.000 0.385769
142.000 0.341458
143.000 0.127563
144.000 0.127563
145.000 0.127563
146.000 0.151344
147.000 0.151344
148.000 0.151344
149.000 0.151344
150.000 0.228843
151.000 0.235132
152.000 0.238914
153.000 0.260025
154.000 0.409081
155.000 0.409081
156.000 0.307171
157.000 0.197212
158.000 0.197212
159.000 0.313828
160.000 0.398857
161.000 0.379426
162.000 0.189186
163.000 0.191808
164.000 0.217911
165.000 0.217911
166.000 0.296967
167.000 0.296967
168.000 0.167610
169.000 0.167610
170.000 0.328734
171.000 0.402415
172.000 0.259186
173.000 0.260433
174.000 0.267357
175.000 0.249207
176.000 0.249207
177.000 0.373154
178.000 0.373154
179.000 0.447586
180.000 0.448492
181.000 0.454739
182.000 0.456413
183.000 0.530060
184.000 0.530060
185.000 0.509169
186.000 0.470192
187.000 0.470192
188.000 0.296616
189.000 0.296616
190.000 0.704933
191.000 1.319702
192.000 1.319702
193.000 1.943024
194.000 1.866562
195.000 1.245433
196.000 0.683784
197.000 0.683784
198.000 1.723082
199.000 2.197075
200.000 1.988716
201.000 1.988716
202.000 2.196983
203.000 2.438438
204.000 2.438438
205.000 1.908541
206.000 1.737907
207.000 1.737907
208.000 0.850876
209.000 0.850876
210.000 0.850876
211.000 0.850876
212.000 0.747843
213.000 0.596792
214.000 0.550499
215.000 0.550499
216.000 0.756248
217.000 0.756248
218.000 0.709735
219.000 0.671105
220.000 0.632476
221.000 0.593846
222.000 0.555217
223.000 0.516587
224.000 0.488838
225.000 0.487107
226.000 0.476257
227.000 0.440742
228.000 0.440742
229.000 0.256271
230.000 0.256271
231.000 0.289367
232.000 0.423744
233.000 0.527379
234.000 0.547386
235.000 0.547386
236.000 0.859932
237.000 1.873018
238.000 2.680908
239.000 2.833951
240.000 2.945465
241.000 1.931870
242.000 2.873223
243.000 1.641731
244.000 1.641731
245.000 1.568288
246.000 1.447708
247.000 1.447708
248.000 2.026846
249.000 1.981010
250.000 1.978355
251.000 1.960571
252.000 2.595386
253.000 2.690132
254.000 2.727092
255.000 2.757866
256.000 1.845940
257.000 1.845940
258.000 1.607155
259.000 1.607155
260.000 1.433616
261.000 1.045937
262.000 1.045937
263.000 1.045937
264.000 0.990488
265.000 0.879614
266.000 0.860817
267.000 0.860817
268.000 0.862404
269.000 0.853774
270.000 0.675247
271.000 0.675247
272.000 0.733208
273.000 0.733208
274.000 0.733208
275.000 0.678184
276.000 0.547206
277.000 0.530418
278.000 0.530418
279.000 0.756516
280.000 0.746824
281.000 0.666252
282.000 0.515755
283.000 0.515755
284.000 0.802055
285.000 0.802055
286.000 0.550163
287.000 0.550163
288.000 0.891037
289.000 0.889130
290.000 0.702545
291.000 0.576225
292.000 0.576225
293.000 0.362663
294.000 0.362663
295.000 0.702638
296.000 1.277649
297.000 0.295395
298.000 0.295395
299.000 0.295395
300.000 0.537025
301.000 1.232506
302.000 0.918976
303.000 0.918976
304.000 1.391785
305.000 1.546028
306.000 0.902550
307.000 1.137131
308.000 1.137131
309.000 1.939568
310.000 1.939568
311.000 1.939568
312.000 1.895619
313.000 1.773166
314.000 1.650713
315.000 1.528260
316.000 1.405807
317.000 1.283354
318.000 1.160901
319.000 1.038448
320.000 0.915995
321.000 0.793542
322.000 0.671090
323.000 0.548637
324.000 0.426184
325.000 0.364395
326.000 0.574547
327.000 0.574547
328.000 0.574547
329.000 0.574547
330.000 0.574547
331.000 0.501498
332.000 0.486549
333.000 0.320282
334.000 0.320282
335.000 0.481529
336.000 0.481529
337.000 0.147011
338.000 0.147011
339.000 0.147011
340.000 0.397018
341.000 0.397018
342.000 0.397018
343.000 0.466963
344.000 0.485306
345.000 0.251480
346.000 0.251480
347.000 0.251480
348.000 0.251480
349.000 0.390350
350.000 0.390350
351.000 0.390350
352.000 0.390350
353.000 0.548090
354.000 0.582675
355.000 0.585579
356.000 0.579224
357.000 0.421577
358.000 0.421577
359.000 0.275620
