0.000 0.065071
1.000 0.065071
2.000 0.065071
3.000 0.065071
4.000 0.065071
5.000 0.065071
6.000 0.101677
7.000 0.101677
8.000 0.101677
9.000 4.540101
10.000 4.094585
11.000 3.722673
12.000 3.223334
13.000 2.892593
14.000 2.999594
15.000 3.060593
16.000 1.392208
17.000 0.513962
18.000 2.839699
19.000 4.788765
20.000 2.205109
21.000 2.625200
22.000 3.152496
23.000 3.655157
24.000 4.752567
25.000 3.696396
26.000 3.696396
27.000 4.269867
28.000 4.269867
29.000 4.172838
30.000 4.012471
31.000 3.852103
32.000 3.691736
33.000 3.531369
34.000 3.371001
35.000 3.210634
36.000 2.561272
37.000 2.474577
38.000 2.369972
39.000 2.175104
40.000 1.803986
41.000 0.055244
42.000 0.055244
43.000 0.055244
44.000 0.055244
45.000 0.055244
46.000 0.055244
47.000 0.055244
48.000 0.020958
49.000 0.020958
50.000 0.020958
51.000 0.020958
52.000 0.020958
53.000 0.020958
54.000 0.020958
55.000 0.020958
56.000 0.020958
57.000 0.020958
58.000 0.394501
59.000 0.357147
60.000 0.308005
61.000 0.294431
62.000 0.267811
63.000 0.252832
64.000 0.222046
65.000 0.283540
66.000 0.461248
67.000 0.568825
68.000 0.671977
69.000 0.505819
70.000 0.101614
71.000 0.061653
72.000 0.061653
73.000 0.061653
74.000 0.061653
75.000 0.061653
76.000 0.061653
77.000 0.061653
78.000 0.061653
79.000 0.061653
80.000 0.061653
81.000 0.061653
82.000 0.061653
83.000 0.704297
84.000 0.604462
85.000 0.869237
86.000 1.406260
87.000 1.345004
88.000 1.011601
89.000 1.208806
90.000 1.799560
91.000 1.712383
92.000 1.452156
93.000 1.417619
94.000 1.346415
95.000 1.392378
96.000 1.519064
97.000 1.594914
98.000 1.714017
99.000 2.220491
100.000 3.224281
101.000 2.544715
102.000 2.707298
103.000 2.873195
104.000 1.453401
105.000 1.235886
106.000 0.058533
107.000 0.058533
108.000 0.058533
109.000 0.058533
110.000 0.058533
111.000 0.058533
112.000 0.058533
113.000 0.058533
114.000 1.965578
115.000 1.941379
116.000 1.917181
117.000 1.892982
118.000 1.868783
119.000 1.844585
120.000 1.835587
121.000 0.670273
122.000 1.276184
123.000 1.743279
124.000 1.459712
125.000 1.131145
126.000 2.123550
127.000 2.464378
128.000 1.803450
129.000 2.406509
130.000 1.500847
131.000 2.166509
132.000 2.077675
133.000 3.112160
134.000 2.594224
135.000 2.549394
136.000 2.448894
137.000 0.678276
138.000 0.678276
139.000 0.984686
140.000 2.531878
141.000 3.243564
142.000 2.512404
143.000 2.518756
144.000 2.660848
145.000 2.859367
146.000 3.623438
147.000 3.150398
148.000 3.150398
149.000 2.896444
150.000 2.372032
151.000 2.892633
152.000 4.719034
153.000 4.737141
154.000 4.011469
155.000 3.840969
156.000 3.553105
157.000 0.367722
158.000 0.367722
159.000 3.197815
160.000 5.128438
161.000 4.785251
162.000 3.742523
163.000 3.918522
164.000 4.660998
165.000 4.799855
166.000 4.496632
167.000 4.512310
168.000 4.993201
169.000 4.985848
170.000 4.340399
171.000 4.239775
172.000 3.894608
173.000 3.956901
174.000 4.213209
175.000 3.957381
176.000 2.905685
177.000 3.271709
178.000 4.973808
179.000 4.541370
180.000 1.964432
181.000 1.964432
182.000 1.964432
183.000 4.722201
184.000 4.710289
185.000 4.484484
186.000 3.951820
187.000 2.479752
188.000 2.479752
189.000 3.248021
190.000 6.631837
191.000 2.170654
192.000 2.170654
193.000 2.811647
194.000 5.406313
195.000 5.671987
196.000 4.134604
197.000 4.213256
198.000 5.254889
199.000 4.523644
200.000 3.477798
201.000 3.932863
202.000 5.789948
203.000 5.996689
204.000 4.984676
205.000 5.033353
206.000 5.299248
207.000 5.120550
208.000 4.372996
209.000 3.911913
210.000 3.035378
211.000 3.535262
212.000 5.566963
213.000 5.342236
214.000 3.234040
215.000 3.060640
216.000 3.505298
217.000 1.577194
218.000 1.577194
219.000 2.159832
220.000 4.597212
221.000 5.543520
222.000 5.949346
223.000 6.075242
224.000 5.857951
225.000 5.268375
226.000 3.295097
227.000 3.642850
228.000 5.050515
229.000 4.899348
230.000 2.458217
231.000 2.457029
232.000 3.083774
233.000 3.345361
234.000 3.758404
235.000 3.480089
236.000 1.876902
237.000 1.232700
238.000 1.340366
239.000 1.526084
240.000 1.966809
241.000 2.078548
242.000 1.690314
243.000 1.846593
244.000 2.321587
245.000 2.108805
246.000 0.198013
247.000 0.198013
248.000 0.198013
249.000 0.198013
250.000 0.198013
251.000 1.799907
252.000 1.830080
253.000 1.860253
254.000 1.770209
255.000 0.985207
256.000 1.859848
257.000 1.859848
258.000 1.516590
259.000 1.041848
260.000 1.124392
261.000 1.256080
262.000 1.195946
263.000 1.101009
264.000 1.113380
265.000 1.131729
266.000 1.251560
267.000 1.412615
268.000 1.373746
269.000 1.275818
270.000 1.236492
271.000 1.185373
272.000 1.203886
273.000 1.231791
274.000 1.295937
275.000 1.371689
276.000 1.319312
277.000 1.280388
278.000 1.672791
279.000 2.199478
280.000 2.170460
281.000 2.074318
282.000 2.023164
283.000 1.952492
284.000 1.820815
285.000 1.720032
286.000 2.149386
287.000 2.540710
288.000 2.898348
289.000 3.302040
290.000 2.669922
291.000 2.669922
292.000 4.243749
293.000 4.362854
294.000 2.558736
295.000 1.704720
296.000 2.533443
297.000 3.665512
298.000 3.449417
299.000 2.960633
300.000 2.897018
301.000 2.897018
302.000 2.216492
303.000 2.216492
304.000 1.881680
305.000 1.533699
306.000 1.815778
307.000 1.841354
308.000 1.239883
309.000 1.239883
310.000 1.009664
311.000 0.923248
312.000 1.213741
313.000 1.620569
314.000 1.970461
315.000 2.498047
316.000 2.376688
317.000 2.909527
318.000 1.412186
319.000 2.311768
320.000 3.606468
321.000 2.705152
322.000 3.377342
323.000 2.416109
324.000 2.019966
325.000 3.084821
326.000 3.570312
327.000 3.353712
328.000 3.281158
329.000 3.281158
330.000 4.523490
331.000 4.695491
332.000 4.015989
333.000 2.920500
334.000 5.118310
335.000 4.483954
336.000 4.594754
337.000 5.175551
338.000 2.598953
339.000 3.610878
340.000 3.521321
341.000 3.450279
342.000 2.656390
343.000 2.583000
344.000 2.227211
345.000 0.768188
346.000 3.294060
347.000 3.951622
348.000 3.993625
349.000 2.822127
350.000 2.730803
351.000 2.973717
352.000 3.149074
353.000 3.629720
354.000 3.438908
355.000 2.417412
356.000 2.763129
357.000 4.209388
358.000 2.018913
359.000 0.980553
