0.000 0.176041
1.000 0.176041
2.000 2.340668
3.000 2.470177
4.000 2.474686
5.000 2.436096
6.000 2.500687
7.000 2.500687
8.000 2.450101
9.000 2.279358
10.000 2.279358
11.000 2.478897
12.000 2.478897
13.000 2.495293
14.000 2.495293
15.000 2.526581
16.000 1.115700
17.000 1.115700
18.000 2.506493
19.000 2.506493
20.000 2.460930
21.000 2.374191
22.000 2.374191
23.000 2.426051
24.000 2.476913
25.000 2.442627
26.000 2.442627
27.000 2.519379
28.000 2.519379
29.000 2.498833
30.000 2.498833
31.000 2.275764
32.000 2.275764
33.000 2.275764
34.000 2.306149
35.000 2.383527
36.000 2.460905
37.000 2.472710
38.000 2.401955
39.000 2.494453
40.000 2.438180
41.000 2.263100
42.000 2.263100
43.000 2.554428
44.000 2.084969
45.000 2.084969
46.000 2.084969
47.000 2.219129
48.000 2.425560
49.000 2.425560
50.000 2.500587
51.000 2.500587
52.000 2.512553
53.000 2.528267
54.000 2.528267
55.000 2.494304
56.000 2.427467
57.000 2.382339
58.000 2.336609
59.000 2.336609
60.000 2.308487
61.000 2.467171
62.000 2.416570
63.000 2.332832
64.000 2.455200
65.000 2.406021
66.000 2.481529
67.000 2.481529
68.000 2.472542
69.000 2.472542
70.000 2.472542
71.000 2.480959
72.000 2.501258
73.000 2.521556
74.000 2.525360
75.000 2.525360
76.000 2.482887
77.000 2.482887
78.000 2.482887
79.000 2.187073
80.000 2.187073
81.000 2.187073
82.000 2.187073
83.000 2.187073
84.000 2.187073
85.000 2.147053
86.000 2.119904
87.000 2.119904
88.000 2.119904
89.000 2.119904
90.000 2.404467
91.000 2.552101
92.000 2.552101
93.000 2.552101
94.000 2.552101
95.000 2.552101
96.000 2.477018
97.000 2.482657
98.000 2.488296
99.000 2.488876
100.000 2.488876
101.000 2.488876
102.000 2.480322
103.000 2.468895
104.000 2.466522
105.000 2.509392
106.000 2.451417
107.000 2.317146
108.000 2.317146
109.000 2.154533
110.000 2.154533
111.000 2.463395
112.000 2.468140
113.000 2.468140
114.000 2.468140
115.000 2.487301
116.000 2.501228
117.000 2.501228
118.000 2.515511
119.000 2.515511
120.000 2.443657
121.000 2.443657
122.000 2.342110
123.000 2.342110
124.000 2.306473
125.000 2.306473
126.000 2.430980
127.000 2.505447
128.000 2.505447
129.000 2.496201
130.000 2.494514
131.000 2.491707
132.000 2.521057
133.000 2.355103
134.000 2.355103
135.000 2.510788
136.000 2.500519
137.000 2.460197
138.000 2.460197
139.000 2.465118
140.000 2.538918
141.000 2.538918
142.000 2.538918
143.000 2.396629
144.000 2.396629
145.000 2.435019
146.000 2.480240
147.000 2.482094
148.000 2.482094
149.000 2.310333
150.000 2.310333
151.000 2.310333
152.000 2.310333
153.000 2.310333
154.000 2.310333
155.000 2.482983
156.000 2.480205
157.000 2.477427
158.000 2.474649
159.000 2.473618
160.000 2.473618
161.000 2.458529
162.000 2.381021
163.000 2.380478
164.000 2.380478
165.000 2.434412
166.000 2.489401
167.000 2.494789
168.000 2.512611
169.000 2.512611
170.000 2.512611
171.000 2.459356
172.000 2.441650
173.000 2.436157
174.000 2.540405
175.000 2.540405
176.000 2.518683
177.000 2.501068
178.000 2.501068
179.000 2.510696
180.000 2.510696
181.000 2.510696
182.000 2.093460
183.000 2.093460
184.000 2.093460
185.000 2.363426
186.000 2.363426
187.000 2.363426
188.000 2.386618
189.000 2.426216
190.000 2.465814
191.000 2.482964
192.000 2.482964
193.000 2.481655
194.000 2.480034
195.000 2.480034
196.000 2.248497
197.000 2.248497
198.000 2.248497
199.000 2.514147
200.000 2.515320
201.000 2.515320
202.000 2.291664
203.000 2.291664
204.000 2.332733
205.000 2.332733
206.000 2.085266
207.000 2.085266
208.000 2.204962
209.000 2.398361
210.000 2.516388
211.000 2.516388
212.000 2.469196
213.000 2.404388
214.000 2.199379
215.000 2.199379
216.000 2.349007
217.000 2.349007
218.000 2.377399
219.000 2.482254
220.000 2.482254
221.000 2.321815
222.000 2.327295
223.000 2.383301
224.000 2.383301
225.000 2.546623
226.000 2.539325
227.000 2.418594
228.000 2.505066
229.000 2.505066
230.000 2.351860
231.000 2.464401
232.000 2.464401
233.000 2.346817
234.000 2.487289
235.000 2.365898
236.000 2.365898
237.000 2.414838
238.000 2.420967
239.000 2.549110
240.000 2.549110
241.000 2.516457
242.000 2.404198
243.000 2.404198
244.000 2.464439
245.000 2.464439
246.000 2.365593
247.000 2.365593
248.000 2.474541
249.000 2.474541
250.000 2.473839
251.000 2.473839
252.000 2.299583
253.000 2.299583
254.000 2.487717
255.000 2.487717
256.000 2.487717
257.000 2.500969
258.000 2.500969
259.000 2.492467
260.000 2.408485
261.000 2.408485
262.000 2.408485
263.000 2.279363
264.000 2.185051
265.000 2.185051
266.000 2.511620
267.000 2.415970
268.000 2.415970
269.000 2.488541
270.000 2.514107
271.000 2.514107
272.000 2.507164
273.000 2.507164
274.000 2.463059
275.000 2.461586
276.000 2.510796
277.000 2.510796
278.000 2.256226
279.000 2.490608
280.000 2.490608
281.000 2.490608
282.000 2.333956
283.000 2.124367
284.000 2.124367
285.000 2.502693
286.000 2.346916
287.000 2.455078
288.000 2.515068
289.000 2.515068
290.000 2.506991
291.000 2.491478
292.000 2.491478
293.000 2.328926
294.000 2.277603
295.000 2.277603
296.000 2.374496
297.000 2.301498
298.000 2.301498
299.000 2.206819
300.000 2.126686
301.000 2.126686
302.000 2.039055
303.000 2.039055
304.000 2.171850
305.000 2.425919
306.000 2.513832
307.000 2.513832
308.000 2.513832
309.000 2.513832
310.000 2.513832
311.000 1.672359
312.000 1.634499
313.000 1.634499
314.000 1.634499
315.000 1.634499
316.000 1.409966
317.000 1.409966
318.000 1.409966
319.000 1.409966
320.000 1.389880
321.000 1.303554
322.000 1.217229
323.000 1.130904
324.000 1.044579
325.000 0.958253
326.000 0.933510
327.000 0.933510
328.000 2.066139
329.000 2.137894
330.000 1.011566
331.000 1.011566
332.000 1.011566
333.000 1.094959
334.000 1.694412
335.000 1.694412
336.000 2.284256
337.000 2.031317
338.000 1.468825
339.000 0.906333
340.000 0.558563
341.000 0.840164
342.000 0.840164
343.000 0.670998
344.000 0.856255
345.000 0.856255
346.000 0.856255
347.000 0.767007
348.000 0.513229
349.000 0.385353
350.000 0.385353
351.000 0.385353
352.000 0.385353
353.000 1.293948
354.000 1.334747
355.000 1.864334
356.000 1.345497
357.000 1.345497
358.000 1.978721
359.000 2.356674
