0.000 0.377502
1.000 2.439934
2.000 2.074028
3.000 2.632433
4.000 2.131795
5.000 2.252213
6.000 2.502600
7.000 2.381887
8.000 1.983482
9.000 2.143609
10.000 2.423234
11.000 2.748625
12.000 3.563586
13.000 2.599686
14.000 2.442198
15.000 2.923073
16.000 3.349999
17.000 2.104706
18.000 1.417061
19.000 1.624739
20.000 1.803207
21.000 2.287906
22.000 2.878296
23.000 2.972924
24.000 3.110756
25.000 2.212923
26.000 1.690964
27.000 2.308924
28.000 3.140457
29.000 2.515411
30.000 2.515411
31.000 2.556778
32.000 2.556778
33.000 4.057724
34.000 4.057724
35.000 3.126778
36.000 3.126778
37.000 3.475811
38.000 3.587570
39.000 3.587570
40.000 2.403900
41.000 2.403900
42.000 2.789768
43.000 3.981056
44.000 3.981056
45.000 4.122353
46.000 2.132713
47.000 2.132713
48.000 2.132713
49.000 2.030350
50.000 2.030350
51.000 2.030350
52.000 2.030350
53.000 3.403778
54.000 3.403778
55.000 2.645544
56.000 2.589478
57.000 2.589478
58.000 2.589478
59.000 2.956040
60.000 3.090485
61.000 3.090485
62.000 2.926392
63.000 2.926392
64.000 2.920182
65.000 2.871063
66.000 2.871063
67.000 2.165527
68.000 2.165527
69.000 2.199449
70.000 2.927315
71.000 2.921968
72.000 2.163574
73.000 2.163574
74.000 2.341011
75.000 2.341011
76.000 1.884407
77.000 1.884407
78.000 1.884407
79.000 3.070419
80.000 3.041436
81.000 1.761563
82.000 1.306526
83.000 2.000015
84.000 2.089386
85.000 2.816017
86.000 4.040039
87.000 3.930042
88.000 3.340709
89.000 2.751375
90.000 2.162041
91.000 2.374695
92.000 2.374695
93.000 2.967918
94.000 2.043472
95.000 2.665176
96.000 2.665176
97.000 3.190865
98.000 3.190865
99.000 3.473132
100.000 3.752113
101.000 3.752113
102.000 2.491768
103.000 2.491768
104.000 2.491768
105.000 2.157936
106.000 2.157936
107.000 2.157936
108.000 2.157936
109.000 2.277732
110.000 2.347214
111.000 2.347214
112.000 3.672028
113.000 4.470879
114.000 4.470879
115.000 2.830986
116.000 2.830986
117.000 2.114212
118.000 2.114212
119.000 1.871346
120.000 1.871346
121.000 1.871346
122.000 2.900085
123.000 2.900085
124.000 2.900085
125.000 3.187685
126.000 3.205215
127.000 2.852736
128.000 2.792152
129.000 3.135612
130.000 3.133675
131.000 3.126587
132.000 3.126587
133.000 3.120163
134.000 2.840222
135.000 2.597420
136.000 2.696053
137.000 2.422272
138.000 2.422272
139.000 2.422272
140.000 2.296325
141.000 2.265038
142.000 2.241959
143.000 2.241959
144.000 2.241959
145.000 4.718335
146.000 4.862816
147.000 2.937630
148.000 2.937630
149.000 2.932540
150.000 2.564026
151.000 2.564026
152.000 2.273079
153.000 2.115501
154.000 2.115501
155.000 2.115501
156.000 2.360131
157.000 2.301137
158.000 2.242142
159.000 2.237503
160.000 2.237503
161.000 2.403208
162.000 2.148245
163.000 2.099144
164.000 2.099144
165.000 1.807709
166.000 2.119110
167.000 2.362419
168.000 2.622704
169.000 2.498718
170.000 2.498718
171.000 3.226242
172.000 3.878201
173.000 4.687523
174.000 3.355331
175.000 3.671982
176.000 3.671982
177.000 3.059501
178.000 2.041491
179.000 1.877495
180.000 1.877495
181.000 2.678260
182.000 3.308678
183.000 2.918510
184.000 2.918510
185.000 2.403053
186.000 2.403053
187.000 2.403053
188.000 2.578346
189.000 2.578346
190.000 3.042061
191.000 4.148926
192.000 4.530251
193.000 2.963203
194.000 2.963203
195.000 3.408544
196.000 3.677208
197.000 3.677208
198.000 1.715622
199.000 1.715622
200.000 2.265053
201.000 2.265053
202.000 2.009567
203.000 2.009567
204.000 1.942758
205.000 1.640511
206.000 1.640511
207.000 2.006660
208.000 2.006660
209.000 2.118797
210.000 2.118797
211.000 2.118797
212.000 2.293949
213.000 2.415703
214.000 2.415703
215.000 2.676437
216.000 2.676437
217.000 2.956161
218.000 1.720245
219.000 1.720245
220.000 2.256363
221.000 3.971024
222.000 3.971024
223.000 3.092484
224.000 3.092484
225.000 3.513397
226.000 3.513397
227.000 1.872093
228.000 1.872093
229.000 1.872093
230.000 3.830139
231.000 3.303116
232.000 3.303116
233.000 3.295326
234.000 3.295326
235.000 3.056267
236.000 3.056267
237.000 3.056267
238.000 3.056267
239.000 2.949673
240.000 2.722427
241.000 2.722427
242.000 2.722427
243.000 2.722427
244.000 2.470237
245.000 2.210152
246.000 1.950067
247.000 1.730553
248.000 2.398308
249.000 2.398308
250.000 1.634604
251.000 1.513565
252.000 1.513565
253.000 1.513565
254.000 1.768456
255.000 1.768456
256.000 1.867470
257.000 1.867470
258.000 2.163055
259.000 2.163055
260.000 2.488304
261.000 2.488304
262.000 2.263732
263.000 1.861420
264.000 1.861420
265.000 3.034302
266.000 3.434034
267.000 3.301643
268.000 2.687119
269.000 3.102875
270.000 2.765106
271.000 4.963943
272.000 4.963943
273.000 2.830696
274.000 2.830696
275.000 2.830696
276.000 3.955574
277.000 3.955574
278.000 3.955574
279.000 3.833076
280.000 3.833076
281.000 2.650368
282.000 2.650368
283.000 2.650368
284.000 2.870132
285.000 3.565468
286.000 3.565468
287.000 3.424789
288.000 2.833344
289.000 2.628677
290.000 3.908195
291.000 3.594118
292.000 3.510239
293.000 3.556466
294.000 3.677594
295.000 3.685212
296.000 3.682411
297.000 2.782768
298.000 2.782768
299.000 3.046926
300.000 3.739079
301.000 3.775394
302.000 3.712140
303.000 4.597923
304.000 4.597923
305.000 4.640938
306.000 4.753352
307.000 4.276186
308.000 3.737991
309.000 4.528441
310.000 5.472359
311.000 5.260459
312.000 4.770682
313.000 4.574695
314.000 4.163971
315.000 4.470222
316.000 4.470222
317.000 4.243583
318.000 3.651288
319.000 3.591530
320.000 3.074951
321.000 3.850045
322.000 5.237198
323.000 3.489189
324.000 3.489189
325.000 4.927318
326.000 6.807518
327.000 3.469856
328.000 3.469856
329.000 3.752045
330.000 3.752045
331.000 3.806946
332.000 3.806946
333.000 3.806946
334.000 4.655487
335.000 4.655487
336.000 4.655487
337.000 4.877586
338.000 4.877586
339.000 3.766754
340.000 3.845110
341.000 3.883003
342.000 2.865387
343.000 2.865387
344.000 5.108444
345.000 4.875778
346.000 4.543465
347.000 4.665556
348.000 4.843330
349.000 4.608043
350.000 4.343910
351.000 3.038567
352.000 3.038567
353.000 4.721542
354.000 4.721542
355.000 3.845360
356.000 3.845360
357.000 2.174271
358.000 2.174271
359.000 2.174271
