0.000 0.178123
1.000 0.178123
2.000 2.507278
3.000 2.482651
4.000 2.462334
5.000 2.505013
6.000 2.505013
7.000 2.151237
8.000 2.151237
9.000 2.151237
10.000 2.241072
11.000 2.322487
12.000 2.489494
13.000 2.471880
14.000 2.423416
15.000 2.421548
16.000 2.412498
17.000 2.593147
18.000 2.593147
19.000 2.593147
20.000 2.593147
21.000 2.593147
22.000 2.593147
23.000 2.509992
24.000 2.511041
25.000 2.512089
26.000 2.513138
27.000 2.514187
28.000 2.515236
29.000 2.516159
30.000 2.438347
31.000 2.438347
32.000 2.482964
33.000 2.482964
34.000 2.460787
35.000 2.469761
36.000 2.478736
37.000 2.481964
38.000 2.482872
39.000 2.485268
40.000 2.391029
41.000 2.391029
42.000 2.451372
43.000 2.588821
44.000 2.655312
45.000 2.678566
46.000 2.699395
47.000 2.715302
48.000 2.634980
49.000 2.456893
50.000 2.694603
51.000 2.694603
52.000 2.694603
53.000 2.347862
54.000 2.347862
55.000 2.485847
56.000 2.485847
57.000 2.485328
58.000 2.483192
59.000 2.481651
60.000 2.473847
61.000 2.397552
62.000 2.535461
63.000 2.533186
64.000 2.530891
65.000 2.530891
66.000 2.530891
67.000 2.630456
68.000 2.732353
69.000 2.732353
70.000 2.732353
71.000 2.540994
72.000 2.395210
73.000 2.436135
74.000 2.474411
75.000 2.485951
76.000 2.498162
77.000 2.494165
78.000 2.474706
79.000 2.491018
80.000 2.539986
81.000 2.554150
82.000 2.548191
83.000 2.514713
84.000 2.441210
85.000 2.423704
86.000 2.427580
87.000 2.474241
88.000 2.552351
89.000 2.562474
90.000 2.537318
91.000 2.488588
92.000 2.401004
93.000 2.438357
94.000 2.593796
95.000 2.587895
96.000 2.447095
97.000 2.440676
98.000 2.509063
99.000 2.484164
100.000 2.411712
101.000 2.406894
102.000 2.448505
103.000 2.467865
104.000 2.467865
105.000 2.468388
106.000 2.469544
107.000 2.498775
108.000 2.562373
109.000 2.551576
110.000 2.466040
111.000 2.474699
112.000 2.542155
113.000 2.552560
114.000 2.533039
115.000 2.524762
116.000 2.519385
117.000 2.499883
118.000 2.457968
119.000 2.474664
120.000 2.544248
121.000 2.576637
122.000 2.576637
123.000 2.577551
124.000 2.579607
125.000 2.570954
126.000 2.549617
127.000 2.562184
128.000 2.609263
129.000 2.597965
130.000 2.523706
131.000 2.482296
132.000 2.458478
133.000 2.463536
134.000 2.491573
135.000 2.518048
136.000 2.553793
137.000 2.528144
138.000 2.467317
139.000 2.441277
140.000 2.436484
141.000 2.460485
142.000 2.517072
143.000 2.530655
144.000 2.524788
145.000 2.564867
146.000 2.659411
147.000 2.635603
148.000 2.538227
149.000 2.480368
150.000 2.401427
151.000 2.389060
152.000 2.405036
153.000 2.431478
154.000 2.481062
155.000 2.521695
156.000 2.574472
157.000 2.607380
158.000 2.638232
159.000 2.615094
160.000 2.534610
161.000 2.529511
162.000 2.580027
163.000 2.529300
164.000 2.372461
165.000 2.399649
166.000 2.567850
167.000 2.577266
168.000 2.501280
169.000 2.461027
170.000 2.405401
171.000 2.434363
172.000 2.536819
173.000 2.573973
174.000 2.565233
175.000 2.561218
176.000 2.561218
177.000 2.533429
178.000 2.471541
179.000 2.442612
180.000 2.442612
181.000 2.455305
182.000 2.483636
183.000 2.506043
184.000 2.534138
185.000 2.546509
186.000 2.546509
187.000 2.524909
188.000 2.476481
189.000 2.462133
190.000 2.466053
191.000 2.454491
192.000 2.424545
193.000 2.446119
194.000 2.511926
195.000 2.548542
196.000 2.564154
197.000 2.574693
198.000 2.584051
199.000 2.513634
200.000 2.407730
201.000 2.412114
202.000 2.422123
203.000 2.484329
204.000 2.484329
205.000 2.402506
206.000 2.359703
207.000 2.469825
208.000 2.513710
209.000 2.468024
210.000 2.427238
211.000 2.339348
212.000 2.339348
213.000 2.504311
214.000 2.504311
215.000 2.504311
216.000 2.504311
217.000 2.467746
218.000 2.466899
219.000 2.466052
220.000 2.465204
221.000 2.464615
222.000 2.544907
223.000 2.254524
224.000 2.254524
225.000 2.382267
226.000 2.460289
227.000 2.460289
228.000 2.460289
229.000 2.490931
230.000 2.494191
231.000 2.494507
232.000 2.490963
233.000 2.439720
234.000 2.439720
235.000 2.514008
236.000 2.514008
237.000 2.359429
238.000 2.356683
239.000 2.354698
240.000 2.473183
241.000 2.462084
242.000 2.400406
243.000 2.410710
244.000 2.446240
245.000 2.430923
246.000 2.369225
247.000 2.386606
248.000 2.474825
249.000 2.519637
250.000 2.537351
251.000 2.435089
252.000 2.435089
253.000 2.435089
254.000 2.435089
255.000 2.410704
256.000 2.365696
257.000 2.320688
258.000 2.318680
259.000 2.300888
260.000 2.300888
261.000 2.426178
262.000 2.473511
263.000 2.473511
264.000 2.473511
265.000 2.490717
266.000 2.500420
267.000 2.500420
268.000 2.526618
269.000 2.541779
270.000 2.465775
271.000 2.464401
272.000 2.463081
273.000 2.506760
274.000 2.384026
275.000 2.493828
276.000 2.517526
277.000 2.547050
278.000 2.506607
279.000 2.506607
280.000 2.410355
281.000 2.410355
282.000 2.410355
283.000 2.410355
284.000 2.499964
285.000 2.490874
286.000 2.487694
287.000 2.487694
288.000 2.487694
289.000 2.487694
290.000 2.487694
291.000 2.350097
292.000 2.289244
293.000 2.228392
294.000 2.167540
295.000 2.108002
296.000 2.453529
297.000 2.478805
298.000 2.357524
299.000 2.329630
300.000 2.289636
301.000 2.303581
302.000 2.440399
303.000 2.447214
304.000 2.481630
305.000 2.466769
306.000 2.343759
307.000 2.332958
308.000 2.385522
309.000 2.403256
310.000 2.412818
311.000 2.422589
312.000 2.446404
313.000 2.440911
314.000 2.412457
315.000 2.408919
316.000 2.466179
317.000 2.451883
318.000 2.409340
319.000 2.406398
320.000 2.437819
321.000 2.450436
322.000 2.455049
323.000 2.449364
324.000 2.413465
325.000 2.408640
326.000 2.450461
327.000 2.456212
328.000 2.398632
329.000 2.405614
330.000 2.472633
331.000 2.494525
332.000 2.395161
333.000 2.368428
334.000 2.423318
335.000 2.458598
336.000 2.486504
337.000 2.465444
338.000 2.327145
339.000 2.283600
340.000 2.364009
341.000 2.369992
342.000 2.328127
343.000 2.323788
344.000 2.378274
345.000 2.404037
346.000 2.371675
347.000 2.406584
348.000 2.573570
349.000 2.521924
350.000 2.334160
351.000 2.351936
352.000 2.414968
353.000 2.420803
354.000 2.390798
355.000 2.411410
356.000 2.519646
357.000 2.518228
358.000 2.510568
359.000 2.519332
