0.000 0.128502
1.000 0.128502
2.000 0.128502
3.000 0.128502
4.000 2.078854
5.000 2.132416
6.000 2.161423
7.000 2.219917
8.000 2.219917
9.000 2.087862
10.000 2.071391
11.000 2.143158
12.000 2.082298
13.000 1.783958
14.000 1.651398
15.000 2.542366
16.000 2.542366
17.000 2.809059
18.000 2.433693
19.000 2.433693
20.000 2.188413
21.000 1.838394
22.000 1.838394
23.000 1.819964
24.000 1.813103
25.000 1.876823
26.000 1.876823
27.000 2.076065
28.000 2.076065
29.000 1.916878
30.000 1.916878
31.000 2.196701
32.000 2.196701
33.000 1.938477
34.000 1.938477
35.000 1.848808
36.000 1.743968
37.000 1.642998
38.000 1.922760
39.000 1.590111
40.000 1.590111
41.000 1.807724
42.000 1.807724
43.000 1.807724
44.000 1.749710
45.000 1.749710
46.000 2.698639
47.000 2.321159
48.000 2.142555
49.000 2.142555
50.000 2.372849
51.000 2.372849
52.000 1.619392
53.000 1.619392
54.000 1.619392
55.000 1.610136
56.000 1.388469
57.000 1.338600
58.000 1.338600
59.000 1.338600
60.000 1.991005
61.000 1.991005
62.000 1.665802
63.000 1.665802
64.000 1.848774
65.000 1.951027
66.000 1.788368
67.000 1.788368
68.000 2.876419
69.000 2.876419
70.000 3.011055
71.000 3.327469
72.000 3.327469
73.000 2.757767
74.000 2.757767
75.000 3.283363
76.000 3.041840
77.000 3.041840
78.000 3.041840
79.000 3.468203
80.000 2.944794
81.000 2.511314
82.000 2.511314
83.000 2.438751
84.000 2.342285
85.000 2.342285
86.000 2.185593
87.000 1.910095
88.000 1.729393
89.000 1.729393
90.000 1.729393
91.000 1.690369
92.000 1.652412
93.000 0.823738
94.000 0.823738
95.000 0.823738
96.000 1.539879
97.000 1.539879
98.000 1.539879
99.000 1.593178
100.000 1.606926
101.000 2.035439
102.000 1.494362
103.000 1.486690
104.000 1.447594
105.000 1.447594
106.000 1.440587
107.000 1.421455
108.000 1.421455
109.000 0.922592
110.000 0.922592
111.000 1.027634
112.000 1.027634
113.000 1.210976
114.000 1.210976
115.000 1.552017
116.000 1.699028
117.000 1.740913
118.000 1.740913
119.000 1.234688
120.000 1.186584
121.000 1.186584
122.000 1.443016
123.000 1.443016
124.000 1.461781
125.000 1.465332
126.000 1.465332
127.000 2.098679
128.000 2.098679
129.000 2.513008
130.000 2.992477
131.000 3.498100
132.000 4.132942
133.000 4.132942
134.000 3.440826
135.000 3.928711
136.000 3.928711
137.000 3.929658
138.000 4.015022
139.000 4.015022
140.000 2.846359
141.000 2.846359
142.000 2.846359
143.000 2.685974
144.000 2.685974
145.000 2.685974
146.000 3.500809
147.000 3.500809
148.000 3.500809
149.000 3.511495
150.000 3.518913
151.000 3.518913
152.000 3.188103
153.000 3.378998
154.000 3.378998
155.000 2.539452
156.000 2.539452
157.000 3.565208
158.000 2.784897
159.000 2.784897
160.000 2.784897
161.000 3.372707
162.000 3.383820
163.000 3.096069
164.000 3.096069
165.000 4.279663
166.000 3.817771
167.000 3.232307
168.000 2.779442
169.000 2.822952
170.000 2.822952
171.000 3.433975
172.000 3.527634
173.000 3.527634
174.000 2.701828
175.000 2.701828
176.000 2.725222
177.000 2.969948
178.000 2.969948
179.000 3.568047
180.000 3.568047
181.000 4.030662
182.000 4.383095
183.000 3.522987
184.000 3.522987
185.000 3.544487
186.000 3.544487
187.000 3.544487
188.000 3.544487
189.000 3.598357
190.000 3.646966
191.000 3.695576
192.000 3.710121
193.000 3.710121
194.000 3.594101
195.000 3.363403
196.000 3.888794
197.000 3.388000
198.000 3.830582
199.000 3.830582
200.000 3.774368
201.000 3.774368
202.000 3.774368
203.000 3.179855
204.000 3.179855
205.000 3.179855
206.000 3.076009
207.000 2.959320
208.000 3.404854
209.000 3.404854
210.000 3.777847
211.000 3.721376
212.000 3.667603
213.000 3.826016
214.000 4.265656
215.000 3.612091
216.000 3.612091
217.000 3.695793
218.000 3.695793
219.000 4.085748
220.000 4.178650
221.000 3.496005
222.000 3.030510
223.000 3.547035
224.000 3.547035
225.000 3.477448
226.000 3.476257
227.000 3.589201
228.000 3.607407
229.000 3.713262
230.000 3.789307
231.000 3.789307
232.000 3.789307
233.000 3.187927
234.000 3.187927
235.000 3.929512
236.000 3.929512
237.000 3.527565
238.000 3.527565
239.000 3.527565
240.000 3.852112
241.000 3.887256
242.000 4.461777
243.000 4.461777
244.000 2.532494
245.000 2.532494
246.000 2.532494
247.000 4.241867
248.000 4.241867
249.000 4.175449
250.000 3.797559
251.000 3.514359
252.000 3.514359
253.000 3.514359
254.000 5.152953
255.000 5.359688
256.000 5.359688
257.000 4.521896
258.000 4.410179
259.000 4.410179
260.000 2.790543
261.000 2.254298
262.000 2.085609
263.000 2.085609
264.000 2.085609
265.000 2.819588
266.000 2.819588
267.000 2.835800
268.000 3.061730
269.000 3.287659
270.000 3.386871
271.000 3.808090
272.000 4.606346
273.000 3.245934
274.000 3.271390
275.000 3.890602
276.000 3.955018
277.000 4.012100
278.000 2.741608
279.000 3.453210
280.000 4.338554
281.000 4.547737
282.000 4.547737
283.000 4.223664
284.000 4.128098
285.000 4.128098
286.000 4.128098
287.000 4.577782
288.000 4.577782
289.000 4.577782
290.000 4.329839
291.000 3.893136
292.000 3.478951
293.000 3.790652
294.000 3.833702
295.000 2.983839
296.000 2.462547
297.000 3.488981
298.000 4.113167
299.000 3.921510
300.000 3.647229
301.000 3.232193
302.000 3.232193
303.000 3.973165
304.000 4.087540
305.000 4.346642
306.000 4.346642
307.000 4.232977
308.000 4.162796
309.000 3.657516
310.000 3.657516
311.000 3.869896
312.000 3.869896
313.000 3.869896
314.000 4.789492
315.000 5.083168
316.000 5.083168
317.000 3.656090
318.000 3.656090
319.000 3.656090
320.000 3.983688
321.000 3.983688
322.000 3.983688
323.000 4.358025
324.000 4.358025
325.000 4.358025
326.000 4.361241
327.000 4.365691
328.000 4.365974
329.000 4.374128
330.000 4.336166
331.000 3.982628
332.000 4.127165
333.000 4.736061
334.000 3.839981
335.000 4.174824
336.000 4.335762
337.000 4.211180
338.000 4.152695
339.000 3.972119
340.000 3.819328
341.000 3.180588
342.000 3.180588
343.000 3.672424
344.000 3.672424
345.000 3.633804
346.000 3.633804
347.000 3.593331
348.000 3.364354
349.000 3.327919
350.000 3.327919
351.000 3.327919
352.000 3.064598
353.000 3.064598
354.000 3.064598
355.000 3.092708
356.000 3.154116
357.000 3.172760
358.000 3.172760
359.000 2.722084
