0.000 0.065590
1.000 0.065590
2.000 0.065590
3.000 0.065590
4.000 0.065590
5.000 0.065590
6.000 0.065590
7.000 2.657693
8.000 1.723907
9.000 2.731209
10.000 2.757210
11.000 2.757210
12.000 2.726845
13.000 2.726845
14.000 2.771082
15.000 2.774048
16.000 2.799080
17.000 2.799080
18.000 2.799080
19.000 2.636819
20.000 2.649055
21.000 2.767616
22.000 2.767616
23.000 2.767616
24.000 2.767616
25.000 2.624470
26.000 2.610497
27.000 2.610497
28.000 2.610497
29.000 2.610497
30.000 2.732447
31.000 2.717412
32.000 2.702377
33.000 2.687342
34.000 2.685669
35.000 2.820717
36.000 2.656517
37.000 2.656517
38.000 2.739975
39.000 2.739975
40.000 2.739975
41.000 2.743452
42.000 2.747574
43.000 2.747574
44.000 2.772057
45.000 2.772057
46.000 2.748138
47.000 2.748138
48.000 2.679788
49.000 2.651649
50.000 2.651649
51.000 2.492210
52.000 2.492210
53.000 2.507734
54.000 2.606415
55.000 2.606415
56.000 2.739876
57.000 2.739876
58.000 2.654006
59.000 2.597733
60.000 2.713959
61.000 2.713959
62.000 2.655022
63.000 2.581573
64.000 2.581573
65.000 2.660368
66.000 2.745689
67.000 2.582207
68.000 2.582207
69.000 2.719414
70.000 2.719414
71.000 2.630440
72.000 2.630440
73.000 2.630440
74.000 2.630440
75.000 2.677361
76.000 2.677361
77.000 2.677361
78.000 2.759563
79.000 2.775467
80.000 2.775467
81.000 2.622818
82.000 2.622818
83.000 2.701370
84.000 2.701370
85.000 2.745697
86.000 2.745697
87.000 2.656456
88.000 2.656456
89.000 2.631004
90.000 2.631004
91.000 2.636017
92.000 2.636017
93.000 2.694845
94.000 2.699341
95.000 2.690148
96.000 2.626274
97.000 2.624595
98.000 2.586189
99.000 2.738464
100.000 2.738464
101.000 2.723534
102.000 2.723534
103.000 2.634506
104.000 2.634506
105.000 2.592018
106.000 2.592018
107.000 2.564438
108.000 2.564438
109.000 2.467636
110.000 2.467636
111.000 2.657669
112.000 2.602112
113.000 2.602112
114.000 2.722557
115.000 2.722557
116.000 2.423279
117.000 2.423279
118.000 2.597824
119.000 2.597824
120.000 2.729645
121.000 2.731558
122.000 2.737587
123.000 2.737587
124.000 2.490227
125.000 2.490227
126.000 2.490227
127.000 2.625412
128.000 2.625412
129.000 2.625412
130.000 2.604530
131.000 2.604530
132.000 2.611896
133.000 2.619415
134.000 2.763771
135.000 2.763771
136.000 2.650452
137.000 2.246864
138.000 2.246864
139.000 2.733780
140.000 2.733780
141.000 2.720253
142.000 2.720253
143.000 2.610680
144.000 2.710358
145.000 2.710358
146.000 2.650871
147.000 2.650871
148.000 2.650871
149.000 2.688039
150.000 2.688095
151.000 2.638880
152.000 2.634483
153.000 2.674339
154.000 2.674339
155.000 2.584908
156.000 2.617946
157.000 2.682991
158.000 2.682991
159.000 2.615196
160.000 2.615196
161.000 2.529823
162.000 2.529823
163.000 2.529823
164.000 2.431366
165.000 2.431366
166.000 2.576981
167.000 2.621895
168.000 2.643265
169.000 2.643265
170.000 2.669894
171.000 2.678902
172.000 2.627571
173.000 2.627571
174.000 2.726120
175.000 2.726120
176.000 2.787163
177.000 2.706909
178.000 2.706909
179.000 2.671388
180.000 2.644287
181.000 2.738510
182.000 2.738510
183.000 2.725548
184.000 2.723160
185.000 2.582420
186.000 2.582420
187.000 2.635277
188.000 2.591339
189.000 2.591339
190.000 2.619690
191.000 2.619690
192.000 2.619255
193.000 2.619255
194.000 2.423355
195.000 2.423355
196.000 2.364937
197.000 2.364937
198.000 2.588791
199.000 2.642639
200.000 2.642639
201.000 2.669380
202.000 2.669380
203.000 2.758861
204.000 2.786148
205.000 2.786148
206.000 2.675957
207.000 2.675957
208.000 2.470016
209.000 2.470016
210.000 2.672218
211.000 2.672218
212.000 2.607285
213.000 2.607285
214.000 2.607285
215.000 2.614906
216.000 2.614906
217.000 2.695396
218.000 2.695396
219.000 2.695396
220.000 2.346512
221.000 2.346512
222.000 2.459907
223.000 2.723175
224.000 2.695290
225.000 2.695290
226.000 2.619560
227.000 2.619560
228.000 2.554062
229.000 2.737633
230.000 2.737633
231.000 2.592209
232.000 2.592209
233.000 2.741501
234.000 2.741501
235.000 2.732757
236.000 2.696155
237.000 2.685890
238.000 2.569023
239.000 2.591492
240.000 2.591492
241.000 2.591492
242.000 2.476204
243.000 2.387787
244.000 2.387787
245.000 2.601540
246.000 2.400963
247.000 2.400963
248.000 2.446571
249.000 2.678970
250.000 2.678970
251.000 2.363464
252.000 2.648016
253.000 2.748894
254.000 2.686490
255.000 2.591858
256.000 2.610214
257.000 2.502510
258.000 2.502510
259.000 2.502510
260.000 2.672493
261.000 2.672493
262.000 2.703592
263.000 2.724060
264.000 2.461578
265.000 2.461578
266.000 2.762054
267.000 2.635956
268.000 2.635956
269.000 2.729187
270.000 2.729187
271.000 2.640221
272.000 2.640221
273.000 2.709659
274.000 2.716141
275.000 2.716141
276.000 2.734032
277.000 2.734032
278.000 2.584511
279.000 2.584511
280.000 2.377296
281.000 2.377296
282.000 2.469144
283.000 2.753090
284.000 2.753090
285.000 2.385506
286.000 2.793159
287.000 2.793159
288.000 2.695587
289.000 2.517799
290.000 2.517799
291.000 2.745644
292.000 2.745644
293.000 2.631737
294.000 2.631737
295.000 2.737442
296.000 2.737442
297.000 2.636993
298.000 2.636993
299.000 2.636993
300.000 2.623543
301.000 2.616859
302.000 2.709412
303.000 2.724854
304.000 2.724854
305.000 2.627319
306.000 2.627319
307.000 2.712866
308.000 2.723587
309.000 2.723587
310.000 2.771904
311.000 2.771904
312.000 2.602696
313.000 2.586349
314.000 2.544325
315.000 2.357147
316.000 2.357147
317.000 2.626236
318.000 2.638463
319.000 2.719559
320.000 2.719559
321.000 2.376320
322.000 2.690445
323.000 2.791153
324.000 2.791153
325.000 2.734978
326.000 2.734978
327.000 2.638802
328.000 2.638802
329.000 2.662453
330.000 2.662453
331.000 2.662453
332.000 2.660395
333.000 2.641874
334.000 2.632095
335.000 2.632095
336.000 2.637844
337.000 2.638481
338.000 2.705024
339.000 2.686562
340.000 2.559210
341.000 2.333206
342.000 2.630432
343.000 2.630432
344.000 2.630432
345.000 2.630432
346.000 2.630432
347.000 2.630432
348.000 2.630432
349.000 2.630432
350.000 2.297849
351.000 2.342656
352.000 2.387463
353.000 2.432270
354.000 2.477078
355.000 2.521885
356.000 2.566692
357.000 2.611499
358.000 2.639404
359.000 2.654343
