0.000 0.074837
1.000 0.074837
2.000 0.074837
3.000 0.074837
4.000 1.345871
5.000 0.831307
6.000 0.833710
7.000 0.833710
8.000 0.833710
9.000 0.833710
10.000 0.833710
11.000 1.608361
12.000 1.650040
13.000 1.201775
14.000 1.201775
15.000 1.050041
16.000 1.050041
17.000 0.916626
18.000 0.916626
19.000 0.916626
20.000 0.916626
21.000 0.784096
22.000 0.784096
23.000 0.784096
24.000 0.784096
25.000 0.784096
26.000 0.715796
27.000 0.623263
28.000 0.581039
29.000 0.581039
30.000 0.601160
31.000 0.873665
32.000 0.588242
33.000 0.588242
34.000 0.588242
35.000 1.062057
36.000 1.048846
37.000 0.881841
38.000 0.714836
39.000 0.555313
40.000 0.555313
41.000 0.843826
42.000 0.701691
43.000 0.917030
44.000 0.917030
45.000 0.485855
46.000 0.485855
47.000 0.485855
48.000 0.535533
49.000 0.593971
50.000 0.604042
51.000 0.394157
52.000 0.277611
53.000 0.277611
54.000 0.277611
55.000 0.277611
56.000 0.277611
57.000 0.559631
58.000 0.559631
59.000 0.559631
60.000 0.559631
61.000 1.155785
62.000 1.085938
63.000 0.887572
64.000 0.689205
65.000 0.490839
66.000 0.292473
67.000 0.215622
68.000 0.215622
69.000 0.524788
70.000 0.970963
71.000 0.970963
72.000 0.970963
73.000 1.244677
74.000 1.163940
75.000 1.163940
76.000 1.102408
77.000 0.698166
78.000 0.698166
79.000 1.381561
80.000 1.381561
81.000 0.810464
82.000 0.560265
83.000 0.560265
84.000 1.478561
85.000 1.478561
86.000 1.009583
87.000 0.976312
88.000 0.869499
89.000 0.869499
90.000 1.274757
91.000 0.724770
92.000 0.724770
93.000 0.730188
94.000 0.764898
95.000 0.799608
96.000 0.816574
97.000 0.816574
98.000 1.091665
99.000 1.258301
100.000 1.253021
101.000 1.178436
102.000 1.178436
103.000 1.178436
104.000 1.390776
105.000 1.399338
106.000 0.610947
107.000 0.610947
108.000 1.076828
109.000 1.076828
110.000 1.124405
111.000 1.124405
112.000 1.123344
113.000 1.123344
114.000 0.814011
115.000 0.814011
116.000 0.814011
117.000 1.310966
118.000 1.310966
119.000 1.231455
120.000 0.962935
121.000 0.734207
122.000 0.734207
123.000 0.671191
124.000 0.670937
125.000 0.659096
126.000 0.659096
127.000 0.659096
128.000 0.659096
129.000 0.659096
130.000 1.284042
131.000 1.284042
132.000 1.284042
133.000 1.976910
134.000 2.174835
135.000 1.626938
136.000 1.626938
137.000 1.626938
138.000 1.626938
139.000 3.925095
140.000 3.925095
141.000 3.925095
142.000 4.249706
143.000 4.611952
144.000 4.836250
145.000 4.836250
146.000 4.836250
147.000 4.232628
148.000 4.499840
149.000 4.499840
150.000 2.632721
151.000 2.632721
152.000 2.632721
153.000 2.306338
154.000 1.694113
155.000 1.081889
156.000 0.615356
157.000 0.615356
158.000 0.615356
159.000 1.816154
160.000 2.983765
161.000 3.130086
162.000 3.724623
163.000 3.725502
164.000 1.837929
165.000 1.837929
166.000 2.942593
167.000 2.476158
168.000 2.476158
169.000 0.878258
170.000 0.878258
171.000 0.878258
172.000 0.878258
173.000 2.699486
174.000 2.699486
175.000 2.610229
176.000 2.610229
177.000 2.746743
178.000 3.596550
179.000 1.093628
180.000 1.093628
181.000 1.093628
182.000 1.093628
183.000 1.093628
184.000 1.729034
185.000 1.729034
186.000 1.729034
187.000 7.080339
188.000 5.961019
189.000 4.841700
190.000 3.722380
191.000 2.603061
192.000 2.077560
193.000 1.909103
194.000 1.909103
195.000 1.909103
196.000 0.967044
197.000 0.868973
198.000 0.868973
199.000 0.868973
200.000 0.868973
201.000 0.868973
202.000 2.928075
203.000 2.645195
204.000 2.502838
205.000 1.961169
206.000 1.737831
207.000 1.918983
208.000 3.609276
209.000 3.609276
210.000 1.401329
211.000 1.401329
212.000 1.401329
213.000 1.641898
214.000 1.960064
215.000 2.124672
216.000 2.433426
217.000 2.433426
218.000 1.792020
219.000 1.251053
220.000 1.251053
221.000 0.603340
222.000 0.603340
223.000 0.603340
224.000 0.603340
225.000 0.603340
226.000 0.603340
227.000 1.544037
228.000 1.544037
229.000 1.084152
230.000 1.084152
231.000 1.084152
232.000 1.084152
233.000 0.970521
234.000 1.083299
235.000 1.148453
236.000 1.148453
237.000 2.248787
238.000 2.248787
239.000 2.890950
240.000 3.011757
241.000 3.011757
242.000 2.822736
243.000 2.441731
244.000 2.060725
245.000 1.679719
246.000 1.298713
247.000 1.163742
248.000 1.937958
249.000 1.937958
250.000 2.724846
251.000 2.627679
252.000 2.094963
253.000 2.094963
254.000 0.918755
255.000 0.918755
256.000 0.725090
257.000 0.725090
258.000 0.725090
259.000 0.829972
260.000 0.842087
261.000 0.842087
262.000 0.831024
263.000 0.699867
264.000 0.699867
265.000 0.699867
266.000 0.680094
267.000 0.580286
268.000 0.554047
269.000 0.554047
270.000 0.850372
271.000 0.840557
272.000 0.617554
273.000 0.617554
274.000 0.612765
275.000 0.612541
276.000 0.648773
277.000 0.648773
278.000 0.381775
279.000 0.381775
280.000 0.381775
281.000 0.383817
282.000 0.414251
283.000 0.444684
284.000 0.461082
285.000 0.502892
286.000 0.502892
287.000 0.730515
288.000 0.730515
289.000 0.774720
290.000 0.689746
291.000 0.604773
292.000 0.519799
293.000 0.434825
294.000 0.422646
295.000 0.624741
296.000 0.538620
297.000 0.385925
298.000 0.514854
299.000 0.518413
300.000 0.524818
301.000 0.524818
302.000 0.681213
303.000 0.521942
304.000 0.521942
305.000 0.518331
306.000 0.470885
307.000 0.423439
308.000 0.375994
309.000 0.328548
310.000 0.320030
311.000 0.320030
312.000 0.320030
313.000 0.320030
314.000 0.450302
315.000 0.537392
316.000 0.617874
317.000 0.417572
318.000 0.426438
319.000 0.758224
320.000 0.888893
321.000 0.409401
322.000 0.409401
323.000 0.541428
324.000 0.541428
325.000 0.477626
326.000 0.266403
327.000 0.266403
328.000 0.266403
329.000 0.806947
330.000 0.794647
331.000 0.794647
332.000 0.794647
333.000 0.932129
334.000 0.932129
335.000 0.922068
336.000 0.843538
337.000 0.768219
338.000 0.768219
339.000 0.768219
340.000 0.803153
341.000 0.742536
342.000 0.725380
343.000 0.725380
344.000 1.222191
345.000 1.082443
346.000 1.082443
347.000 0.871399
348.000 0.871399
349.000 0.871399
350.000 1.033333
351.000 0.961921
352.000 0.890510
353.000 0.823540
354.000 0.823540
355.000 0.728020
356.000 0.728020
357.000 0.828046
358.000 0.849861
359.000 0.591006
