0.000 0.058418
1.000 0.058418
2.000 0.058418
3.000 0.058418
4.000 0.058418
5.000 0.058418
6.000 0.058418
7.000 0.058418
8.000 0.058418
9.000 0.092969
10.000 1.853378
11.000 1.853378
12.000 1.853378
13.000 1.853378
14.000 0.460403
15.000 0.477564
16.000 0.869335
17.000 0.922201
18.000 1.024643
19.000 1.024643
20.000 1.024643
21.000 1.024643
22.000 1.024643
23.000 1.024643
24.000 1.024643
25.000 1.024643
26.000 1.024643
27.000 1.024643
28.000 0.620543
29.000 0.645319
30.000 0.670094
31.000 0.694869
32.000 0.719644
33.000 0.744419
34.000 0.769194
35.000 0.793969
36.000 0.818744
37.000 0.843520
38.000 0.868295
39.000 0.893070
40.000 0.917845
41.000 0.942620
42.000 0.967395
43.000 0.992170
44.000 1.016945
45.000 1.041720
46.000 1.066496
47.000 1.091271
48.000 1.116046
49.000 1.140821
50.000 1.165596
51.000 1.185051
52.000 0.775566
53.000 0.775566
54.000 0.415230
55.000 0.415230
56.000 0.415230
57.000 0.415230
58.000 0.415230
59.000 0.869690
60.000 0.869690
61.000 0.872670
62.000 0.878868
63.000 0.885066
64.000 0.887672
65.000 0.887672
66.000 0.792379
67.000 0.663744
68.000 0.535109
69.000 0.442406
70.000 0.450810
71.000 0.508452
72.000 0.566095
73.000 0.623737
74.000 0.681379
75.000 0.739021
76.000 0.796663
77.000 0.854306
78.000 0.911948
79.000 0.969590
80.000 1.027232
81.000 1.084875
82.000 1.142517
83.000 1.152816
84.000 1.137798
85.000 1.122780
86.000 1.111252
87.000 1.111252
88.000 1.111252
89.000 1.111252
90.000 1.111252
91.000 0.501597
92.000 0.071030
93.000 0.071030
94.000 0.071030
95.000 0.071030
96.000 0.071030
97.000 0.071030
98.000 0.071030
99.000 0.071030
100.000 0.071030
101.000 0.493561
102.000 0.992477
103.000 0.387520
104.000 0.919571
105.000 0.714005
106.000 0.711362
107.000 0.674038
108.000 0.641228
109.000 0.632329
110.000 0.546738
111.000 0.296158
112.000 0.296158
113.000 0.800110
114.000 0.789343
115.000 0.687578
116.000 1.363762
117.000 1.160378
118.000 1.160378
119.000 1.160378
120.000 1.160378
121.000 1.160378
122.000 1.160378
123.000 1.160378
124.000 1.160378
125.000 0.854667
126.000 0.847751
127.000 0.840835
128.000 0.833919
129.000 0.827003
130.000 0.820087
131.000 0.813171
132.000 0.806255
133.000 0.799339
134.000 0.792422
135.000 0.785506
136.000 0.778590
137.000 0.771674
138.000 0.764758
139.000 0.757842
140.000 0.750926
141.000 0.744010
142.000 0.737094
143.000 0.730178
144.000 0.723262
145.000 0.716346
146.000 0.709430
147.000 0.702514
148.000 0.695598
149.000 0.688681
150.000 0.681765
151.000 0.674849
152.000 0.667933
153.000 0.661017
154.000 0.654101
155.000 0.647185
156.000 0.640269
157.000 0.633353
158.000 0.626437
159.000 0.621750
160.000 0.601076
161.000 0.562128
162.000 0.523180
163.000 0.496521
164.000 0.112564
165.000 0.112564
166.000 0.112564
167.000 0.131314
168.000 0.369606
169.000 0.383126
170.000 0.525733
171.000 0.533842
172.000 0.445869
173.000 0.473180
174.000 0.641853
175.000 0.641853
176.000 0.363159
177.000 0.363159
178.000 0.363159
179.000 0.395775
180.000 0.395775
181.000 0.407355
182.000 0.957710
183.000 0.966442
184.000 0.971954
185.000 0.433472
186.000 0.725800
187.000 1.260101
188.000 0.997108
189.000 0.955293
190.000 0.930984
191.000 0.930984
192.000 1.120055
193.000 1.313814
194.000 1.477951
195.000 1.290203
196.000 0.485023
197.000 0.485023
198.000 0.485023
199.000 0.473619
200.000 0.424205
201.000 0.374792
202.000 0.368309
203.000 0.368309
204.000 0.368309
205.000 0.454680
206.000 0.536270
207.000 0.536270
208.000 0.445062
209.000 0.254318
210.000 0.254318
211.000 0.254318
212.000 0.254318
213.000 0.254318
214.000 0.254318
215.000 0.831258
216.000 0.824768
217.000 0.821220
218.000 0.778946
219.000 0.512833
220.000 0.512833
221.000 0.512833
222.000 0.936043
223.000 0.936043
224.000 0.839351
225.000 0.736576
226.000 0.709114
227.000 0.504132
228.000 0.475121
229.000 0.475121
230.000 0.627106
231.000 1.016010
232.000 1.014217
233.000 0.476860
234.000 0.476860
235.000 0.865356
236.000 0.946509
237.000 1.023582
238.000 0.834167
239.000 0.651901
240.000 0.651901
241.000 0.651901
242.000 1.171506
243.000 1.167900
244.000 1.237518
245.000 1.237518
246.000 1.237518
247.000 1.237518
248.000 1.237518
249.000 1.237518
250.000 1.431294
251.000 1.374599
252.000 1.317903
253.000 1.261207
254.000 1.204511
255.000 1.147815
256.000 1.091120
257.000 1.034424
258.000 0.977728
259.000 0.935265
260.000 0.935265
261.000 0.597931
262.000 0.999237
263.000 0.999237
264.000 0.999237
265.000 0.999237
266.000 0.999237
267.000 2.043177
268.000 1.980575
269.000 1.917973
270.000 1.855372
271.000 1.792770
272.000 1.730168
273.000 1.667566
274.000 1.604965
275.000 1.217359
276.000 0.792809
277.000 1.839050
278.000 1.839050
279.000 1.839050
280.000 1.745523
281.000 1.606145
282.000 1.466768
283.000 1.327391
284.000 1.968117
285.000 1.002941
286.000 0.810524
287.000 0.810524
288.000 1.363297
289.000 2.288307
290.000 1.259918
291.000 1.259918
292.000 1.100980
293.000 0.987572
294.000 0.987572
295.000 1.248581
296.000 1.248581
297.000 1.223256
298.000 1.159109
299.000 1.152328
300.000 1.152328
301.000 0.999352
302.000 0.810446
303.000 0.700424
304.000 0.961035
305.000 1.708511
306.000 1.177250
307.000 1.163910
308.000 1.163910
309.000 1.594975
310.000 1.580937
311.000 1.321411
312.000 1.297348
313.000 1.374639
314.000 1.627389
315.000 1.835556
316.000 1.261672
317.000 1.050156
318.000 1.050156
319.000 1.050156
320.000 1.050156
321.000 1.050156
322.000 1.050156
323.000 2.006112
324.000 1.916882
325.000 1.827653
326.000 1.738423
327.000 1.649193
328.000 1.559964
329.000 1.514977
330.000 1.312040
331.000 0.698572
332.000 0.666885
333.000 1.200363
334.000 1.167310
335.000 0.914611
336.000 1.304014
337.000 2.023773
338.000 1.220634
339.000 1.220634
340.000 1.201987
341.000 1.098279
342.000 0.994571
343.000 0.890863
344.000 0.787155
345.000 0.725838
346.000 0.725838
347.000 0.762337
348.000 1.043528
349.000 1.324719
350.000 1.485725
351.000 1.487610
352.000 1.463417
353.000 0.933777
354.000 1.362342
355.000 0.894348
356.000 0.894348
357.000 0.894348
358.000 0.894348
359.000 0.894348
