0.000 0.164566
1.000 0.164566
2.000 0.164566
3.000 2.669945
4.000 1.373680
5.000 2.664871
6.000 2.726601
7.000 2.726601
8.000 2.553087
9.000 2.734169
10.000 2.712952
11.000 2.691246
12.000 2.605830
13.000 2.509949
14.000 2.495842
15.000 2.495842
16.000 2.495842
17.000 2.758461
18.000 2.758461
19.000 2.758461
20.000 2.701560
21.000 2.641388
22.000 2.641388
23.000 2.578773
24.000 2.578773
25.000 2.543068
26.000 2.543068
27.000 2.777779
28.000 2.777779
29.000 2.629898
30.000 2.629898
31.000 2.645828
32.000 2.645828
33.000 2.643642
34.000 2.642845
35.000 2.642845
36.000 2.575951
37.000 2.575951
38.000 2.725868
39.000 2.725868
40.000 2.710926
41.000 2.648102
42.000 2.637810
43.000 2.660126
44.000 2.711983
45.000 2.647453
46.000 2.647453
47.000 2.665327
48.000 2.670944
49.000 2.670944
50.000 2.636353
51.000 2.636353
52.000 2.669029
53.000 2.669029
54.000 2.713808
55.000 2.771950
56.000 2.635353
57.000 2.635353
58.000 2.680787
59.000 2.651337
60.000 2.651337
61.000 2.675344
62.000 2.782600
63.000 2.650551
64.000 2.607826
65.000 2.607826
66.000 2.607826
67.000 2.607826
68.000 2.478897
69.000 2.478897
70.000 2.478897
71.000 2.623314
72.000 2.623314
73.000 2.623314
74.000 2.612326
75.000 2.551223
76.000 2.504562
77.000 2.504562
78.000 2.666939
79.000 2.665382
80.000 2.665382
81.000 2.723396
82.000 2.723396
83.000 2.652725
84.000 2.652725
85.000 2.724968
86.000 2.724968
87.000 2.719398
88.000 2.719398
89.000 2.607407
90.000 2.607407
91.000 2.732023
92.000 2.762062
93.000 2.749638
94.000 2.683418
95.000 2.738510
96.000 2.741309
97.000 2.772797
98.000 2.622269
99.000 2.573166
100.000 2.677795
101.000 2.650978
102.000 2.630646
103.000 2.622986
104.000 2.642174
105.000 2.671440
106.000 2.649109
107.000 2.672846
108.000 2.692421
109.000 2.736017
110.000 2.753944
111.000 2.726911
112.000 2.693886
113.000 2.710677
114.000 2.732452
115.000 2.756744
116.000 2.791237
117.000 2.762959
118.000 2.737831
119.000 2.632456
120.000 2.493385
121.000 2.516388
122.000 2.534798
123.000 2.540947
124.000 2.550858
125.000 2.487207
126.000 2.393890
127.000 2.491730
128.000 2.639809
129.000 2.696130
130.000 2.782768
131.000 2.618352
132.000 2.601860
133.000 2.703308
134.000 2.703308
135.000 2.690895
136.000 2.690895
137.000 2.738228
138.000 2.738228
139.000 2.738228
140.000 2.641873
141.000 2.586739
142.000 2.586739
143.000 2.758598
144.000 2.615700
145.000 2.615700
146.000 2.743111
147.000 2.743111
148.000 2.642685
149.000 2.642685
150.000 2.222649
151.000 2.222649
152.000 2.642685
153.000 2.642685
154.000 2.686394
155.000 2.686394
156.000 2.712463
157.000 2.712463
158.000 2.599838
159.000 2.599838
160.000 2.503387
161.000 2.503387
162.000 2.529935
163.000 2.666069
164.000 2.666069
165.000 2.588058
166.000 2.588058
167.000 2.731087
168.000 2.731087
169.000 2.687469
170.000 2.687469
171.000 2.558686
172.000 2.450348
173.000 2.450348
174.000 2.499626
175.000 2.499626
176.000 2.634605
177.000 2.634605
178.000 2.753777
179.000 2.753777
180.000 2.750804
181.000 2.689667
182.000 2.689667
183.000 2.563705
184.000 2.563705
185.000 2.563705
186.000 2.665070
187.000 2.665070
188.000 2.669640
189.000 2.669640
190.000 2.652054
191.000 2.652054
192.000 2.670211
193.000 2.744614
194.000 2.744614
195.000 2.618515
196.000 2.618515
197.000 2.670715
198.000 2.670715
199.000 2.524117
200.000 2.524117
201.000 2.626465
202.000 2.626465
203.000 2.626465
204.000 2.382736
205.000 2.382736
206.000 2.691124
207.000 2.691124
208.000 2.691124
209.000 2.723816
210.000 2.723816
211.000 2.731003
212.000 2.766396
213.000 2.766396
214.000 2.713081
215.000 2.713081
216.000 2.594258
217.000 2.552460
218.000 2.639725
219.000 2.639725
220.000 2.715195
221.000 2.737167
222.000 2.737167
223.000 2.744896
224.000 2.749893
225.000 2.628883
226.000 2.762535
227.000 2.762535
228.000 2.574593
229.000 2.574593
230.000 2.499786
231.000 2.499786
232.000 2.691177
233.000 2.691177
234.000 2.729156
235.000 2.729156
236.000 2.460030
237.000 2.460030
238.000 2.523254
239.000 2.547615
240.000 2.627808
241.000 2.627808
242.000 2.480354
243.000 2.501775
244.000 2.662857
245.000 2.769753
246.000 2.769753
247.000 2.651649
248.000 2.651649
249.000 2.610939
250.000 2.610939
251.000 2.610939
252.000 2.410782
253.000 2.410782
254.000 2.431972
255.000 2.605789
256.000 2.769508
257.000 2.769508
258.000 2.603394
259.000 2.603394
260.000 2.534737
261.000 2.534737
262.000 2.534737
263.000 2.512550
264.000 2.477226
265.000 2.477226
266.000 2.744942
267.000 2.742265
268.000 2.701866
269.000 2.701866
270.000 2.664375
271.000 2.418648
272.000 2.418648
273.000 2.622673
274.000 2.622673
275.000 2.657379
276.000 2.657379
277.000 2.285019
278.000 2.285019
279.000 2.435432
280.000 2.435432
281.000 2.639137
282.000 2.635369
283.000 2.586823
284.000 2.593227
285.000 2.629425
286.000 2.349312
287.000 2.349312
288.000 2.798409
289.000 2.190620
290.000 2.190620
291.000 2.519259
292.000 2.606140
293.000 2.787888
294.000 2.787888
295.000 2.426993
296.000 2.360291
297.000 2.655342
298.000 2.655342
299.000 2.661697
300.000 2.661697
301.000 2.664322
302.000 2.664322
303.000 2.646799
304.000 2.608543
305.000 2.533798
306.000 2.533798
307.000 2.393059
308.000 2.393059
309.000 2.560626
310.000 2.645134
311.000 2.645134
312.000 2.614830
313.000 2.614830
314.000 2.499718
315.000 2.499718
316.000 2.306725
317.000 2.626450
318.000 2.626450
319.000 2.723030
320.000 2.723030
321.000 2.712692
322.000 2.647301
323.000 2.647301
324.000 2.621666
325.000 2.621666
326.000 2.665657
327.000 2.665657
328.000 2.443260
329.000 2.443260
330.000 2.641647
331.000 2.672354
332.000 2.727173
333.000 2.720273
334.000 2.675735
335.000 2.782486
336.000 2.782486
337.000 2.649361
338.000 2.649361
339.000 2.750168
340.000 2.750168
341.000 2.652100
342.000 2.652100
343.000 2.440468
344.000 2.440468
345.000 2.694740
346.000 2.694740
347.000 2.694740
348.000 2.625923
349.000 2.625923
350.000 2.776978
351.000 2.776978
352.000 2.649155
353.000 2.649155
354.000 2.689285
355.000 2.689285
356.000 2.756363
357.000 2.756363
358.000 2.756363
359.000 2.472559
