0.000 0.100357
1.000 0.100357
2.000 0.100357
3.000 0.100357
4.000 0.100357
5.000 0.100357
6.000 0.100357
7.000 0.442543
8.000 0.442543
9.000 0.442543
10.000 0.442543
11.000 0.442543
12.000 0.442543
13.000 0.937393
14.000 0.937393
15.000 0.937393
16.000 0.937393
17.000 0.937393
18.000 1.252495
19.000 1.252495
20.000 1.252495
21.000 1.815445
22.000 2.859911
23.000 3.549927
24.000 2.057930
25.000 2.057930
26.000 2.743576
27.000 2.718948
28.000 2.718948
29.000 2.185249
30.000 2.185249
31.000 2.185249
32.000 2.736129
33.000 2.478058
34.000 2.385086
35.000 3.149025
36.000 3.154011
37.000 3.165242
38.000 3.207587
39.000 3.288806
40.000 0.428596
41.000 0.428596
42.000 0.428596
43.000 0.428596
44.000 0.428596
45.000 0.428596
46.000 0.428596
47.000 0.428596
48.000 0.428596
49.000 0.428596
50.000 1.579010
51.000 1.579010
52.000 1.579010
53.000 1.681091
54.000 1.681091
55.000 4.071014
56.000 4.723831
57.000 1.314629
58.000 1.314629
59.000 1.314629
60.000 1.410515
61.000 1.577675
62.000 1.577675
63.000 1.577675
64.000 2.275734
65.000 2.275734
66.000 2.156275
67.000 1.955498
68.000 1.941910
69.000 3.202499
70.000 3.229356
71.000 3.299690
72.000 3.492859
73.000 3.492859
74.000 3.113126
75.000 2.680946
76.000 2.680946
77.000 3.407669
78.000 3.407669
79.000 2.825549
80.000 2.280014
81.000 2.280014
82.000 2.051606
83.000 2.018074
84.000 1.750053
85.000 1.750053
86.000 3.381823
87.000 3.252174
88.000 2.303734
89.000 2.303734
90.000 2.754875
91.000 2.754875
92.000 2.754875
93.000 3.200793
94.000 3.274826
95.000 2.901161
96.000 2.901161
97.000 2.958580
98.000 2.958580
99.000 2.783974
100.000 2.783974
101.000 2.236076
102.000 2.236076
103.000 2.083420
104.000 2.083420
105.000 2.237350
106.000 2.237350
107.000 1.707031
108.000 1.707031
109.000 0.659164
110.000 0.659164
111.000 0.659164
112.000 0.659164
113.000 0.659164
114.000 0.650536
115.000 0.607376
116.000 0.607376
117.000 0.607376
118.000 0.607376
119.000 0.704092
120.000 0.706001
121.000 1.089722
122.000 1.145325
123.000 1.145325
124.000 1.179985
125.000 1.901688
126.000 0.955559
127.000 0.955559
128.000 2.277817
129.000 2.374398
130.000 2.524033
131.000 2.777482
132.000 3.170990
133.000 2.603457
134.000 1.999672
135.000 2.139738
136.000 2.719093
137.000 2.642114
138.000 2.402885
139.000 2.514452
140.000 2.995378
141.000 3.043061
142.000 3.136164
143.000 3.065817
144.000 2.758888
145.000 2.690636
146.000 2.396425
147.000 2.363265
148.000 2.694710
149.000 2.873894
150.000 3.006364
151.000 3.126945
152.000 3.088551
153.000 3.061783
154.000 2.649891
155.000 2.461151
156.000 2.587155
157.000 2.695351
158.000 2.842930
159.000 3.093620
160.000 2.783512
161.000 2.321915
162.000 2.260586
163.000 2.079315
164.000 2.376954
165.000 3.475321
166.000 3.059131
167.000 1.831947
168.000 1.946791
169.000 2.247757
170.000 2.366611
171.000 2.792068
172.000 2.190451
173.000 1.393074
174.000 1.349775
175.000 0.833641
176.000 0.833641
177.000 1.155991
178.000 1.155991
179.000 1.596817
180.000 1.596817
181.000 2.477950
182.000 3.061661
183.000 2.956299
184.000 2.956299
185.000 2.697662
186.000 2.697662
187.000 2.614563
188.000 2.614563
189.000 3.084763
190.000 3.084763
191.000 2.252495
192.000 2.252495
193.000 2.252495
194.000 4.042969
195.000 4.042969
196.000 4.042969
197.000 2.702065
198.000 2.702065
199.000 2.703060
200.000 3.435989
201.000 3.435989
202.000 2.541260
203.000 2.541260
204.000 4.019577
205.000 3.235916
206.000 3.235916
207.000 3.235916
208.000 2.033318
209.000 1.996144
210.000 1.985756
211.000 2.607536
212.000 2.736477
213.000 2.944237
214.000 2.880095
215.000 2.753828
216.000 2.997420
217.000 3.890217
218.000 3.923675
219.000 3.595055
220.000 3.446991
221.000 2.376566
222.000 2.052948
223.000 3.204583
224.000 4.291115
225.000 1.453117
226.000 1.453117
227.000 1.615367
228.000 1.646957
229.000 1.657542
230.000 1.667488
231.000 1.879202
232.000 2.329056
233.000 0.451241
234.000 0.451241
235.000 0.451241
236.000 0.451241
237.000 0.451241
238.000 3.030177
239.000 2.792130
240.000 3.049707
241.000 3.365913
242.000 3.435691
243.000 3.570396
244.000 3.260591
245.000 2.619019
246.000 2.738485
247.000 3.177728
248.000 2.398901
249.000 1.119843
250.000 1.119843
251.000 1.693370
252.000 1.721596
253.000 1.833199
254.000 1.879585
255.000 1.184301
256.000 0.986061
257.000 0.986061
258.000 0.986061
259.000 0.986061
260.000 0.986061
261.000 0.986061
262.000 0.986061
263.000 2.474773
264.000 2.697788
265.000 2.920804
266.000 2.939018
267.000 0.961220
268.000 0.961220
269.000 0.961220
270.000 0.961220
271.000 0.961220
272.000 0.961220
273.000 0.961220
274.000 0.961220
275.000 1.560085
276.000 1.005192
277.000 0.940186
278.000 0.940186
279.000 0.940186
280.000 0.940186
281.000 1.163676
282.000 1.964729
283.000 1.964729
284.000 1.606417
285.000 1.182121
286.000 1.320290
287.000 1.253914
288.000 1.448738
289.000 0.872513
290.000 2.449043
291.000 1.447662
292.000 1.447662
293.000 1.447662
294.000 0.885010
295.000 0.885010
296.000 0.885010
297.000 0.914503
298.000 0.960373
299.000 1.006243
300.000 1.031120
301.000 1.031120
302.000 1.026908
303.000 0.958950
304.000 0.890993
305.000 0.881989
306.000 1.041328
307.000 0.861588
308.000 0.861588
309.000 0.904312
310.000 0.864120
311.000 0.789604
312.000 0.709862
313.000 0.709862
314.000 0.852966
315.000 0.894627
316.000 1.055115
317.000 0.981644
318.000 0.814270
319.000 0.441696
320.000 0.441696
321.000 0.441696
322.000 0.841301
323.000 0.841301
324.000 0.538605
325.000 0.538605
326.000 0.674690
327.000 0.674690
328.000 0.446800
329.000 0.446800
330.000 0.819824
331.000 0.819824
332.000 0.800117
333.000 0.771912
334.000 0.771912
335.000 0.599327
336.000 0.599327
337.000 0.648773
338.000 0.648773
339.000 1.211601
340.000 1.048641
341.000 0.404526
342.000 0.404526
343.000 0.404526
344.000 0.708717
345.000 0.708717
346.000 0.365242
347.000 0.365242
348.000 0.365242
349.000 0.374416
350.000 0.380562
351.000 0.380562
352.000 0.391314
353.000 0.450725
354.000 0.471519
355.000 0.657158
356.000 0.681114
357.000 0.624672
358.000 0.614708
359.000 0.614708
