0.000 0.216423
1.000 1.694626
2.000 2.645782
3.000 1.389038
4.000 0.288185
5.000 0.288185
6.000 0.288185
7.000 0.288185
8.000 0.288185
9.000 0.288185
10.000 0.288185
11.000 0.288185
12.000 0.288185
13.000 0.288185
14.000 0.288185
15.000 1.560593
16.000 1.560593
17.000 1.516810
18.000 1.410889
19.000 1.410889
20.000 2.173470
21.000 2.321854
22.000 2.509763
23.000 2.719421
24.000 1.912712
25.000 1.291473
26.000 1.291473
27.000 1.108025
28.000 1.108025
29.000 1.108025
30.000 1.174957
31.000 1.989716
32.000 1.989716
33.000 1.795059
34.000 1.795059
35.000 1.355112
36.000 1.334312
37.000 1.334403
38.000 1.420959
39.000 1.420959
40.000 2.520851
41.000 2.407768
42.000 2.682777
43.000 2.333797
44.000 1.807770
45.000 1.738236
46.000 1.589256
47.000 1.424583
48.000 1.424583
49.000 1.624939
50.000 1.624939
51.000 2.588768
52.000 2.116838
53.000 1.894295
54.000 1.894295
55.000 1.572149
56.000 1.570694
57.000 1.376648
58.000 1.376648
59.000 1.382385
60.000 1.382385
61.000 2.263603
62.000 2.263603
63.000 1.536461
64.000 1.754471
65.000 1.754471
66.000 1.720584
67.000 1.345947
68.000 1.345947
69.000 1.889996
70.000 2.701889
71.000 2.300842
72.000 2.300842
73.000 1.602370
74.000 1.436096
75.000 1.436096
76.000 1.437838
77.000 1.444336
78.000 1.444336
79.000 1.673216
80.000 2.024605
81.000 1.637398
82.000 1.637398
83.000 1.637398
84.000 2.125636
85.000 2.012350
86.000 1.907738
87.000 1.907738
88.000 1.861241
89.000 1.819641
90.000 1.785291
91.000 1.670570
92.000 1.744522
93.000 1.744522
94.000 1.704842
95.000 1.704842
96.000 1.798340
97.000 1.556213
98.000 1.556213
99.000 1.556213
100.000 2.336223
101.000 2.439682
102.000 2.218987
103.000 1.973335
104.000 1.973335
105.000 1.966938
106.000 1.838501
107.000 1.838501
108.000 1.568298
109.000 1.568298
110.000 1.672295
111.000 1.798874
112.000 1.854721
113.000 1.854721
114.000 1.907820
115.000 1.935188
116.000 1.935188
117.000 1.560272
118.000 1.560272
119.000 2.264297
120.000 2.264297
121.000 2.648827
122.000 1.729179
123.000 1.729179
124.000 1.659454
125.000 1.659454
126.000 1.935157
127.000 2.188026
128.000 2.014870
129.000 2.014870
130.000 2.702583
131.000 1.930298
132.000 1.930298
133.000 1.930298
134.000 1.468864
135.000 1.468864
136.000 1.468864
137.000 2.114426
138.000 2.114426
139.000 2.114426
140.000 2.446892
141.000 2.446892
142.000 1.190720
143.000 1.190720
144.000 1.010056
145.000 1.010056
146.000 1.010056
147.000 1.010056
148.000 1.475955
149.000 1.961263
150.000 2.275635
151.000 2.592438
152.000 2.592438
153.000 2.111187
154.000 1.547668
155.000 1.372780
156.000 1.372780
157.000 2.165889
158.000 2.320816
159.000 2.320816
160.000 2.320816
161.000 1.679306
162.000 1.505016
163.000 1.453400
164.000 1.453400
165.000 1.512924
166.000 1.512924
167.000 1.512924
168.000 1.641823
169.000 1.641823
170.000 1.730103
171.000 2.302917
172.000 2.302917
173.000 1.869057
174.000 1.869057
175.000 1.580577
176.000 1.465431
177.000 1.465431
178.000 1.465431
179.000 1.477479
180.000 1.470306
181.000 1.470306
182.000 1.450394
183.000 1.450394
184.000 1.450394
185.000 1.450394
186.000 1.450394
187.000 1.996233
188.000 2.161676
189.000 2.327119
190.000 2.393860
191.000 2.393860
192.000 2.393860
193.000 2.233442
194.000 2.057160
195.000 1.956322
196.000 1.655556
197.000 1.655556
198.000 1.595965
199.000 1.530426
200.000 1.515953
201.000 1.778816
202.000 1.776573
203.000 1.782860
204.000 1.807610
205.000 1.557495
206.000 1.252953
207.000 1.252953
208.000 1.252953
209.000 1.635513
210.000 1.636661
211.000 1.636841
212.000 1.636841
213.000 2.609218
214.000 2.683880
215.000 2.688972
216.000 2.403961
217.000 2.404021
218.000 2.647575
219.000 2.644057
220.000 2.299019
221.000 2.299019
222.000 1.735199
223.000 1.735199
224.000 1.712349
225.000 1.712349
226.000 1.500252
227.000 1.500252
228.000 1.500252
229.000 1.452744
230.000 1.452744
231.000 1.452744
232.000 1.452744
233.000 1.720244
234.000 1.697662
235.000 1.697662
236.000 1.725482
237.000 2.422958
238.000 2.422958
239.000 2.636757
240.000 2.629097
241.000 2.629097
242.000 1.854424
243.000 1.854424
244.000 1.853985
245.000 1.839127
246.000 1.839127
247.000 1.930000
248.000 1.930000
249.000 2.093425
250.000 2.362793
251.000 1.781517
252.000 1.781517
253.000 1.696503
254.000 1.696503
255.000 1.710350
256.000 1.730621
257.000 1.730621
258.000 1.846100
259.000 1.846100
260.000 1.846100
261.000 1.846100
262.000 1.327255
263.000 1.327255
264.000 1.327255
265.000 1.327255
266.000 1.406066
267.000 1.705715
268.000 2.005364
269.000 2.075081
270.000 2.223244
271.000 2.223244
272.000 1.485229
273.000 1.485229
274.000 1.485229
275.000 1.633001
276.000 1.690620
277.000 2.645545
278.000 2.339249
279.000 2.339249
280.000 1.305183
281.000 1.305183
282.000 1.305183
283.000 1.114350
284.000 1.063629
285.000 1.063629
286.000 2.025612
287.000 2.025612
288.000 2.685730
289.000 2.690971
290.000 2.690971
291.000 1.492218
292.000 1.492218
293.000 1.367050
294.000 1.367050
295.000 1.367050
296.000 1.971275
297.000 2.485764
298.000 2.485764
299.000 2.485764
300.000 1.993561
301.000 1.993561
302.000 1.841569
303.000 1.007179
304.000 1.007179
305.000 1.007179
306.000 1.007179
307.000 1.019427
308.000 1.699512
309.000 2.292274
310.000 2.206932
311.000 0.459099
312.000 0.459099
313.000 0.459099
314.000 1.396614
315.000 1.601842
316.000 2.324097
317.000 2.688576
318.000 2.504356
319.000 2.616440
320.000 1.509758
321.000 1.509758
322.000 1.447548
323.000 1.447548
324.000 1.565819
325.000 2.409058
326.000 2.415865
327.000 2.711647
328.000 2.670730
329.000 2.629036
330.000 2.629036
331.000 1.651611
332.000 1.651611
333.000 1.651611
334.000 0.991859
335.000 0.991859
336.000 0.991859
337.000 1.188946
338.000 1.629848
339.000 1.769386
340.000 1.651453
341.000 1.603569
342.000 1.603569
343.000 1.755089
344.000 1.755089
345.000 1.553359
346.000 1.329460
347.000 1.329460
348.000 1.903235
349.000 1.947464
350.000 2.615715
351.000 2.615715
352.000 2.495155
353.000 2.495155
354.000 2.511658
355.000 2.511658
356.000 2.667389
357.000 2.667389
358.000 2.662125
359.000 2.662125
