0.000 0.100197
1.000 0.100197
2.000 0.250331
3.000 0.349884
4.000 0.349884
5.000 1.624716
6.000 3.344589
7.000 2.170545
8.000 0.995010
9.000 0.995010
10.000 0.995010
11.000 0.807457
12.000 0.807457
13.000 0.807457
14.000 0.807457
15.000 0.807457
16.000 0.573773
17.000 0.266528
18.000 0.246895
19.000 0.246895
20.000 0.172905
21.000 0.172905
22.000 0.317352
23.000 0.317352
24.000 0.317352
25.000 0.303326
26.000 0.263315
27.000 0.259117
28.000 0.225769
29.000 0.225769
30.000 0.225769
31.000 0.362000
32.000 0.362000
33.000 0.362000
34.000 0.336529
35.000 0.324944
36.000 0.324944
37.000 0.324944
38.000 0.378662
39.000 0.378662
40.000 0.378662
41.000 0.362039
42.000 0.340790
43.000 0.340790
44.000 0.336723
45.000 0.372413
46.000 0.437263
47.000 0.424984
48.000 0.554355
49.000 0.412300
50.000 0.424161
51.000 0.403969
52.000 0.333313
53.000 0.333313
54.000 0.356116
55.000 0.411655
56.000 0.333888
57.000 0.312019
58.000 0.340957
59.000 0.411439
60.000 0.422952
61.000 0.405729
62.000 0.400448
63.000 0.391495
64.000 0.400092
65.000 0.419968
66.000 0.387452
67.000 0.328064
68.000 0.405102
69.000 0.592735
70.000 0.581843
71.000 0.537920
72.000 0.611678
73.000 0.813922
74.000 0.799602
75.000 0.616002
76.000 0.598653
77.000 0.640920
78.000 0.715659
79.000 0.895170
80.000 0.809538
81.000 0.606071
82.000 0.648316
83.000 0.746368
84.000 0.768768
85.000 0.822350
86.000 0.917839
87.000 1.153860
88.000 0.919581
89.000 0.476982
90.000 0.643778
91.000 0.823555
92.000 0.685005
93.000 0.685005
94.000 0.626427
95.000 0.626427
96.000 0.693735
97.000 0.700096
98.000 0.802115
99.000 0.926689
100.000 0.545303
101.000 0.545303
102.000 0.639812
103.000 0.869996
104.000 0.909045
105.000 0.746269
106.000 0.628008
107.000 0.429726
108.000 0.455394
109.000 0.512558
110.000 0.541751
111.000 0.606247
112.000 0.590473
113.000 0.565178
114.000 0.462280
115.000 0.462280
116.000 0.468062
117.000 0.482144
118.000 0.496226
119.000 0.569070
120.000 0.425885
121.000 0.373184
122.000 0.349667
123.000 0.292250
124.000 0.272179
125.000 0.264829
126.000 0.305721
127.000 0.349915
128.000 0.349414
129.000 0.343822
130.000 0.388520
131.000 0.498255
132.000 0.460245
133.000 0.276288
134.000 0.265685
135.000 0.301063
136.000 0.299100
137.000 0.278943
138.000 0.275864
139.000 0.275864
140.000 0.313627
141.000 0.405829
142.000 0.357323
143.000 0.357323
144.000 0.352384
145.000 0.340207
146.000 0.331624
147.000 0.314225
148.000 0.304283
149.000 0.194405
150.000 0.400833
151.000 0.400833
152.000 0.412434
153.000 0.454880
154.000 0.501840
155.000 0.646729
156.000 0.580374
157.000 0.418368
158.000 0.355042
159.000 0.355042
160.000 0.409506
161.000 0.539005
162.000 0.598534
163.000 0.707055
164.000 0.750771
165.000 0.802175
166.000 0.872289
167.000 1.011176
168.000 1.008269
169.000 0.961757
170.000 0.944685
171.000 0.928989
172.000 0.923256
173.000 0.923256
174.000 0.733969
175.000 0.303436
176.000 0.303436
177.000 0.281652
178.000 0.217689
179.000 0.153726
180.000 0.089763
181.000 0.071571
182.000 0.071571
183.000 0.143530
184.000 0.292624
185.000 0.216706
186.000 0.189295
187.000 0.155996
188.000 0.146229
189.000 0.136461
190.000 0.140884
191.000 0.192940
192.000 0.195731
193.000 0.186593
194.000 0.182556
195.000 0.195786
196.000 0.207808
197.000 0.217468
198.000 0.217468
199.000 0.217468
200.000 0.198608
201.000 0.198608
202.000 0.198608
203.000 0.299980
204.000 0.299980
205.000 0.299980
206.000 0.299980
207.000 0.320831
208.000 0.320831
209.000 0.320831
210.000 0.337387
211.000 0.357812
212.000 0.359932
213.000 0.359932
214.000 0.587852
215.000 0.512291
216.000 0.495636
217.000 0.669975
218.000 0.561188
219.000 0.497032
220.000 0.529601
221.000 0.413612
222.000 0.416323
223.000 0.422814
224.000 0.486977
225.000 0.642397
226.000 0.682581
227.000 0.673035
228.000 0.650485
229.000 0.597811
230.000 0.573128
231.000 0.548558
232.000 0.609448
233.000 0.713768
234.000 0.652407
235.000 0.614395
236.000 0.620341
237.000 0.622429
238.000 0.408333
239.000 0.408333
240.000 0.605911
241.000 0.605911
242.000 0.667725
243.000 0.667725
244.000 0.553581
245.000 0.553581
246.000 0.551354
247.000 0.538066
248.000 0.533409
249.000 0.533409
250.000 0.392578
251.000 0.392578
252.000 0.838764
253.000 0.713415
254.000 0.680298
255.000 0.742470
256.000 0.735268
257.000 0.690420
258.000 0.664102
259.000 0.587233
260.000 0.583780
261.000 0.660396
262.000 0.677096
263.000 0.555338
264.000 0.489177
265.000 0.494171
266.000 0.469110
267.000 0.349922
268.000 0.338948
269.000 0.291618
270.000 0.313555
271.000 0.415215
272.000 0.400230
273.000 0.319969
274.000 0.351229
275.000 0.545896
276.000 0.594770
277.000 0.486092
278.000 0.474387
279.000 0.806647
280.000 1.021759
281.000 0.829475
282.000 0.700272
283.000 0.700272
284.000 0.476151
285.000 0.476151
286.000 0.551393
287.000 0.583290
288.000 0.644673
289.000 1.026932
290.000 0.985095
291.000 0.579406
292.000 0.520793
293.000 0.530079
294.000 0.538173
295.000 0.558838
296.000 0.571129
297.000 0.571129
298.000 0.568706
299.000 0.552827
300.000 0.469025
301.000 0.469025
302.000 0.543966
303.000 0.770958
304.000 0.730093
305.000 0.670044
306.000 0.484383
307.000 0.484383
308.000 0.505378
309.000 0.636128
310.000 0.716812
311.000 0.608523
312.000 0.510681
313.000 0.526222
314.000 0.450577
315.000 0.450577
316.000 0.464423
317.000 0.489761
318.000 0.310913
319.000 0.310913
320.000 0.310913
321.000 0.310913
322.000 0.386862
323.000 0.344081
324.000 0.331505
325.000 0.331505
326.000 0.306155
327.000 0.265307
328.000 0.224458
329.000 0.197899
330.000 0.398355
331.000 0.436686
332.000 0.257088
333.000 0.293060
334.000 0.309295
335.000 0.289589
336.000 0.298907
337.000 0.397194
338.000 0.439745
339.000 0.361878
340.000 0.303255
341.000 0.166543
342.000 0.176846
343.000 0.300112
344.000 0.339316
345.000 0.308453
346.000 0.307963
347.000 0.378727
348.000 0.383424
349.000 0.269167
350.000 0.226604
351.000 0.330109
352.000 0.357962
353.000 0.357910
354.000 0.340915
355.000 0.235171
356.000 0.244344
357.000 0.328659
358.000 0.307598
359.000 0.227402
