0.000 0.136963
1.000 0.136963
2.000 0.136963
3.000 0.136963
4.000 0.136963
5.000 0.136963
6.000 0.139930
7.000 0.160779
8.000 0.181627
9.000 0.184697
10.000 0.184761
11.000 0.206512
12.000 0.206512
13.000 0.439468
14.000 0.439468
15.000 0.323060
16.000 0.229996
17.000 0.229996
18.000 0.234815
19.000 0.246677
20.000 0.258539
21.000 0.263550
22.000 0.251312
23.000 0.220634
24.000 0.220634
25.000 0.227676
26.000 0.261808
27.000 0.343790
28.000 0.411873
29.000 0.225136
30.000 0.225136
31.000 0.213588
32.000 0.205566
33.000 0.461212
34.000 0.461212
35.000 0.461212
36.000 0.358503
37.000 0.337030
38.000 0.315557
39.000 0.294084
40.000 0.272611
41.000 0.251138
42.000 0.229665
43.000 0.228775
44.000 0.228775
45.000 0.187286
46.000 0.187286
47.000 0.187286
48.000 0.023048
49.000 0.023048
50.000 0.023048
51.000 0.023048
52.000 0.238424
53.000 0.209839
54.000 0.209877
55.000 0.209874
56.000 0.209830
57.000 0.209808
58.000 0.327362
59.000 0.327362
60.000 0.220617
61.000 0.199096
62.000 0.177576
63.000 0.175674
64.000 0.213923
65.000 0.116898
66.000 0.116898
67.000 0.178680
68.000 0.205765
69.000 0.205765
70.000 0.228279
71.000 0.228279
72.000 0.244789
73.000 0.244789
74.000 0.236396
75.000 0.227665
76.000 0.225632
77.000 0.199089
78.000 0.222706
79.000 0.256382
80.000 0.263634
81.000 0.234978
82.000 0.234978
83.000 0.210056
84.000 0.205589
85.000 0.205589
86.000 0.205589
87.000 0.213236
88.000 0.219477
89.000 0.225717
90.000 0.227570
91.000 0.220291
92.000 0.221866
93.000 0.224373
94.000 0.225143
95.000 0.186951
96.000 0.186951
97.000 0.228600
98.000 0.228600
99.000 0.228600
100.000 0.208317
101.000 0.196503
102.000 0.205456
103.000 0.236403
104.000 0.242882
105.000 0.364136
106.000 0.175934
107.000 0.184560
108.000 0.206716
109.000 0.226341
110.000 0.226357
111.000 0.225977
112.000 0.220413
113.000 0.220413
114.000 0.225093
115.000 0.228775
116.000 0.217979
117.000 0.197190
118.000 0.228294
119.000 0.280518
120.000 0.233643
121.000 0.233643
122.000 0.231012
123.000 0.228493
124.000 0.226220
125.000 0.168428
126.000 0.124733
127.000 0.124733
128.000 0.252144
129.000 0.230882
130.000 0.196106
131.000 0.196106
132.000 0.196106
133.000 0.196327
134.000 0.196327
135.000 0.196327
136.000 0.204289
137.000 0.214325
138.000 0.215530
139.000 0.184937
140.000 0.186412
141.000 0.197822
142.000 0.205734
143.000 0.273895
144.000 0.432304
145.000 0.164345
146.000 0.164345
147.000 0.224777
148.000 0.218854
149.000 0.197649
150.000 0.196548
151.000 0.276925
152.000 0.349403
153.000 0.196350
154.000 0.196350
155.000 0.196350
156.000 0.196350
157.000 0.196350
158.000 0.218853
159.000 0.214053
160.000 0.209253
161.000 0.204453
162.000 0.199653
163.000 0.199081
164.000 0.184708
165.000 0.358521
166.000 0.206894
167.000 0.206894
168.000 0.226349
169.000 0.226349
170.000 0.215675
171.000 0.196893
172.000 0.184769
173.000 0.351639
174.000 0.277582
175.000 0.209717
176.000 0.196449
177.000 0.247459
178.000 0.247459
179.000 0.247459
180.000 0.204551
181.000 0.193947
182.000 0.193947
183.000 0.196098
184.000 0.214276
185.000 0.228668
186.000 0.228668
187.000 0.236641
188.000 0.209991
189.000 0.209991
190.000 0.231812
191.000 0.231812
192.000 0.231812
193.000 0.207969
194.000 0.206630
195.000 0.205765
196.000 0.205765
197.000 0.205750
198.000 0.205750
199.000 0.138221
200.000 0.125557
201.000 0.234856
202.000 0.234726
203.000 0.233192
204.000 0.233192
205.000 0.233192
206.000 0.239761
207.000 0.274457
208.000 0.287758
209.000 0.287758
210.000 0.250582
211.000 0.225754
212.000 0.184769
213.000 0.225639
214.000 0.209869
215.000 0.196640
216.000 0.224937
217.000 0.256958
218.000 0.246328
219.000 0.208740
220.000 0.208740
221.000 0.222389
222.000 0.226967
223.000 0.242671
224.000 0.272395
225.000 0.281761
226.000 0.342949
227.000 0.248376
228.000 0.209877
229.000 0.229111
230.000 0.228699
231.000 0.228699
232.000 0.227767
233.000 0.226959
234.000 0.226959
235.000 0.226959
236.000 0.223253
237.000 0.199553
238.000 0.175852
239.000 0.174141
240.000 0.250862
241.000 0.250862
242.000 0.206009
243.000 0.205420
244.000 0.196396
245.000 0.196396
246.000 0.196396
247.000 0.216446
248.000 0.216446
249.000 0.215562
250.000 0.198335
251.000 0.196495
252.000 0.196495
253.000 0.023918
254.000 0.023918
255.000 0.023918
256.000 0.023918
257.000 0.023918
258.000 0.023918
259.000 0.023918
260.000 0.023918
261.000 0.023918
262.000 0.023918
263.000 0.023918
264.000 0.023918
265.000 0.023918
266.000 0.027565
267.000 0.228157
268.000 0.224800
269.000 0.224800
270.000 0.224800
271.000 0.196243
272.000 0.196243
273.000 0.212006
274.000 0.212006
275.000 0.212006
276.000 0.225746
277.000 0.225746
278.000 0.225746
279.000 0.308435
280.000 0.341637
281.000 0.196800
282.000 0.196800
283.000 0.196800
284.000 0.196800
285.000 0.228500
286.000 0.228500
287.000 0.228500
288.000 0.228500
289.000 0.175873
290.000 0.175873
291.000 0.175873
292.000 0.175873
293.000 0.180431
294.000 0.208861
295.000 0.237291
296.000 0.255844
297.000 0.255844
298.000 0.235607
299.000 0.205490
300.000 0.205490
301.000 0.205490
302.000 0.228172
303.000 0.228172
304.000 0.226349
305.000 0.226349
306.000 0.226349
307.000 0.161919
308.000 0.161919
309.000 0.161919
310.000 0.161919
311.000 0.128204
312.000 0.128204
313.000 0.128204
314.000 0.209686
315.000 0.226425
316.000 0.226425
317.000 0.220421
318.000 0.220421
319.000 0.221924
320.000 0.254883
321.000 0.128548
322.000 0.205460
323.000 0.187012
324.000 0.187012
325.000 0.193639
326.000 0.220337
327.000 0.249111
328.000 0.308601
329.000 0.308601
330.000 0.228775
331.000 0.228775
332.000 0.228669
333.000 0.228546
334.000 0.228546
335.000 0.228546
336.000 0.257477
337.000 0.257477
338.000 0.223320
339.000 0.223320
340.000 0.223320
341.000 0.223320
342.000 0.223320
343.000 0.289727
344.000 0.351173
345.000 0.184547
346.000 0.184547
347.000 0.184547
348.000 0.196129
349.000 0.196129
350.000 0.218658
351.000 0.218658
352.000 0.218658
353.000 0.228622
354.000 0.228622
355.000 0.228622
356.000 0.196747
357.000 0.196747
358.000 0.196747
359.000 0.185818
