0.000 0.168465
1.000 0.168465
2.000 0.168465
3.000 0.993468
4.000 3.369435
5.000 2.718773
6.000 2.326958
7.000 3.339241
8.000 3.634544
9.000 2.256569
10.000 3.744270
11.000 4.305130
12.000 4.531339
13.000 5.269829
14.000 5.253464
15.000 5.253464
16.000 3.032471
17.000 3.032471
18.000 5.656754
19.000 5.656754
20.000 5.034988
21.000 5.034988
22.000 6.831847
23.000 7.108376
24.000 5.118370
25.000 5.118370
26.000 7.294983
27.000 7.304698
28.000 7.381706
29.000 7.387390
30.000 6.802463
31.000 6.476479
32.000 5.939267
33.000 5.438034
34.000 5.438034
35.000 5.438034
36.000 2.614555
37.000 2.614555
38.000 0.925224
39.000 0.925224
40.000 2.925698
41.000 3.630836
42.000 3.641188
43.000 3.645569
44.000 3.873924
45.000 3.992920
46.000 2.929742
47.000 2.805710
48.000 2.647459
49.000 2.633331
50.000 2.334328
51.000 2.334328
52.000 2.187805
53.000 2.187805
54.000 1.373436
55.000 1.373436
56.000 2.301357
57.000 2.349007
58.000 2.576965
59.000 2.576965
60.000 2.631073
61.000 2.631073
62.000 1.886520
63.000 1.886520
64.000 3.494858
65.000 3.494858
66.000 4.871475
67.000 4.871475
68.000 4.052055
69.000 4.052055
70.000 4.501778
71.000 4.501778
72.000 3.468626
73.000 2.709839
74.000 2.709839
75.000 3.392632
76.000 3.387380
77.000 2.566742
78.000 2.566742
79.000 3.907257
80.000 2.874634
81.000 2.874634
82.000 3.760269
83.000 3.760269
84.000 2.937076
85.000 1.601056
86.000 1.376793
87.000 1.376793
88.000 1.376793
89.000 1.376793
90.000 0.910004
91.000 0.910004
92.000 0.910004
93.000 0.910004
94.000 0.910004
95.000 2.353911
96.000 3.076462
97.000 2.008057
98.000 2.008057
99.000 3.035416
100.000 3.498222
101.000 2.864891
102.000 2.864891
103.000 2.400963
104.000 2.400963
105.000 2.400963
106.000 2.744998
107.000 3.176773
108.000 3.176773
109.000 3.580635
110.000 3.580635
111.000 3.629471
112.000 4.007462
113.000 4.376215
114.000 3.999824
115.000 4.568222
116.000 2.495071
117.000 2.495071
118.000 3.759437
119.000 3.115076
120.000 3.102066
121.000 1.265190
122.000 1.265190
123.000 1.265190
124.000 1.265190
125.000 2.082330
126.000 1.624185
127.000 1.281441
128.000 1.281441
129.000 1.269379
130.000 1.269379
131.000 2.507965
132.000 1.751555
133.000 1.717056
134.000 1.270737
135.000 1.270737
136.000 1.270737
137.000 1.270737
138.000 1.270737
139.000 1.270737
140.000 3.213394
141.000 3.213394
142.000 3.213394
143.000 3.061836
144.000 1.743713
145.000 1.743713
146.000 1.743713
147.000 1.743713
148.000 3.790413
149.000 3.623417
150.000 3.218689
151.000 3.218689
152.000 1.602516
153.000 1.602516
154.000 1.602516
155.000 1.693581
156.000 2.071724
157.000 2.071724
158.000 2.071724
159.000 1.622734
160.000 1.622734
161.000 1.697634
162.000 1.944084
163.000 1.944084
164.000 1.993721
165.000 1.993721
166.000 2.161369
167.000 2.161369
168.000 1.860718
169.000 1.860718
170.000 2.536713
171.000 2.497406
172.000 1.974394
173.000 1.726601
174.000 1.726601
175.000 1.473694
176.000 2.053970
177.000 0.929588
178.000 0.929588
179.000 1.076791
180.000 1.441015
181.000 1.593760
182.000 2.172745
183.000 3.052635
184.000 2.876480
185.000 2.664649
186.000 2.142929
187.000 2.142929
188.000 0.973663
189.000 0.973663
190.000 0.973663
191.000 0.973663
192.000 0.964712
193.000 0.903042
194.000 0.841373
195.000 0.779703
196.000 0.718033
197.000 0.656364
198.000 0.594694
199.000 0.533024
200.000 0.512344
201.000 0.464401
202.000 0.464401
203.000 0.661598
204.000 0.487656
205.000 0.487656
206.000 0.781029
207.000 0.781029
208.000 0.430779
209.000 0.430779
210.000 0.572586
211.000 0.572586
212.000 0.572586
213.000 0.826286
214.000 0.855843
215.000 0.855843
216.000 1.340212
217.000 1.630669
218.000 2.041603
219.000 1.202367
220.000 1.070496
221.000 1.070496
222.000 1.371880
223.000 2.175026
224.000 2.175026
225.000 2.910439
226.000 1.336426
227.000 1.336426
228.000 1.156311
229.000 1.156311
230.000 3.060242
231.000 3.060242
232.000 2.281708
233.000 2.296259
234.000 3.438148
235.000 2.163399
236.000 2.163399
237.000 2.355653
238.000 2.785605
239.000 2.996190
240.000 3.087463
241.000 3.126953
242.000 3.531006
243.000 1.457199
244.000 1.457199
245.000 1.457199
246.000 1.904266
247.000 1.904266
248.000 2.678658
249.000 2.678658
250.000 3.692879
251.000 2.918114
252.000 2.918114
253.000 2.651672
254.000 2.651672
255.000 2.651672
256.000 3.291718
257.000 3.210594
258.000 3.210594
259.000 3.174072
260.000 3.174072
261.000 3.174072
262.000 4.051435
263.000 4.196098
264.000 3.528297
265.000 3.528297
266.000 2.369583
267.000 2.369583
268.000 2.503075
269.000 2.503075
270.000 2.957403
271.000 3.853172
272.000 3.100067
273.000 3.100067
274.000 2.599978
275.000 2.377434
276.000 1.800697
277.000 1.384872
278.000 1.667885
279.000 1.667885
280.000 1.345009
281.000 1.317772
282.000 1.998192
283.000 1.998192
284.000 1.998192
285.000 3.039444
286.000 3.039444
287.000 3.039444
288.000 2.248138
289.000 2.248138
290.000 2.248138
291.000 2.656878
292.000 3.387543
293.000 3.387543
294.000 3.318366
295.000 3.266640
296.000 2.934642
297.000 1.775803
298.000 1.775803
299.000 1.457321
300.000 1.457321
301.000 0.758835
302.000 0.758835
303.000 0.758835
304.000 1.026917
305.000 1.026917
306.000 1.125928
307.000 2.189445
308.000 1.775566
309.000 2.024712
310.000 2.024712
311.000 1.870636
312.000 1.870636
313.000 1.589508
314.000 1.589508
315.000 1.589508
316.000 1.589508
317.000 2.301003
318.000 2.301003
319.000 2.301003
320.000 2.091037
321.000 1.823067
322.000 1.823067
323.000 2.066678
324.000 2.329636
325.000 2.005642
326.000 1.994041
327.000 1.873466
328.000 1.583313
329.000 1.583313
330.000 1.106071
331.000 1.106071
332.000 1.106071
333.000 1.106071
334.000 1.982971
335.000 1.996655
336.000 2.010340
337.000 2.020386
338.000 2.020386
339.000 1.921533
340.000 1.645668
341.000 1.390434
342.000 1.858719
343.000 1.858719
344.000 2.098000
345.000 2.098000
346.000 2.098000
347.000 2.748191
348.000 2.965469
349.000 2.209373
350.000 2.209373
351.000 2.117414
352.000 1.816061
353.000 1.514708
354.000 1.213354
355.000 0.912001
356.000 0.823540
357.000 1.203812
358.000 1.303627
359.000 1.960739
