0.000 0.033218
1.000 0.033218
2.000 0.033218
3.000 0.033218
4.000 0.033218
5.000 0.033218
6.000 0.033218
7.000 0.033218
8.000 0.033218
9.000 0.033218
10.000 0.033218
11.000 0.033218
12.000 0.033218
13.000 0.426422
14.000 0.426422
15.000 1.010330
16.000 0.832489
17.000 0.848511
18.000 0.848511
19.000 0.830055
20.000 0.830055
21.000 1.051411
22.000 0.954949
23.000 0.880043
24.000 0.880043
25.000 0.880043
26.000 0.880043
27.000 1.227247
28.000 1.270851
29.000 1.233608
30.000 1.100624
31.000 1.034546
32.000 1.034546
33.000 0.968443
34.000 0.968735
35.000 1.105461
36.000 0.896263
37.000 1.098335
38.000 1.098335
39.000 1.334114
40.000 1.334114
41.000 0.666847
42.000 0.666847
43.000 0.666847
44.000 0.666847
45.000 0.666847
46.000 0.666847
47.000 0.666847
48.000 1.502574
49.000 1.403736
50.000 1.304897
51.000 1.206059
52.000 1.107220
53.000 1.008382
54.000 0.909543
55.000 0.810705
56.000 0.725372
57.000 0.725372
58.000 0.548340
59.000 1.137901
60.000 0.699532
61.000 0.699532
62.000 0.836334
63.000 0.388802
64.000 0.490852
65.000 0.947502
66.000 0.811022
67.000 0.724823
68.000 0.677551
69.000 0.743835
70.000 0.704083
71.000 0.777243
72.000 0.767460
73.000 0.849159
74.000 0.941673
75.000 0.996475
76.000 1.243912
77.000 0.861038
78.000 0.861038
79.000 1.129325
80.000 1.158546
81.000 1.145647
82.000 1.110854
83.000 1.096924
84.000 1.011925
85.000 0.927361
86.000 0.879203
87.000 0.823959
88.000 0.810181
89.000 0.896233
90.000 0.717117
91.000 0.749374
92.000 0.756229
93.000 0.836731
94.000 0.823463
95.000 0.868271
96.000 1.039520
97.000 0.879829
98.000 0.879829
99.000 0.951126
100.000 0.951126
101.000 0.951126
102.000 0.947785
103.000 0.895312
104.000 0.881119
105.000 0.761368
106.000 0.761368
107.000 0.764203
108.000 0.864761
109.000 0.864761
110.000 0.703976
111.000 0.674522
112.000 1.037521
113.000 0.733749
114.000 0.733749
115.000 0.293175
116.000 0.293175
117.000 0.293175
118.000 0.747683
119.000 0.978180
120.000 0.485222
121.000 0.485222
122.000 1.156876
123.000 1.298256
124.000 1.298256
125.000 1.578621
126.000 1.578621
127.000 1.578621
128.000 1.953758
129.000 1.953758
130.000 1.702377
131.000 1.144539
132.000 1.144539
133.000 1.590005
134.000 1.906044
135.000 2.248688
136.000 1.658852
137.000 1.658852
138.000 2.757713
139.000 1.054787
140.000 1.054787
141.000 1.244196
142.000 0.766212
143.000 0.766212
144.000 0.909912
145.000 0.924883
146.000 0.955528
147.000 0.964661
148.000 1.158966
149.000 1.158966
150.000 1.158966
151.000 1.158966
152.000 1.041516
153.000 1.044258
154.000 1.044258
155.000 1.044258
156.000 1.044258
157.000 1.044258
158.000 1.539973
159.000 1.576384
160.000 1.612795
161.000 1.631851
162.000 1.896446
163.000 1.896446
164.000 2.568665
165.000 2.568665
166.000 2.319271
167.000 1.925747
168.000 1.532222
169.000 1.440948
170.000 1.440948
171.000 1.468497
172.000 1.500172
173.000 1.224724
174.000 1.227353
175.000 0.872462
176.000 0.807356
177.000 0.731354
178.000 0.833641
179.000 1.082053
180.000 1.066154
181.000 1.009872
182.000 1.009872
183.000 1.387672
184.000 1.387672
185.000 1.712700
186.000 1.409737
187.000 1.409737
188.000 0.966431
189.000 0.966431
190.000 2.015248
191.000 2.557449
192.000 1.542404
193.000 3.075386
194.000 1.001396
195.000 1.001396
196.000 1.001396
197.000 1.108214
198.000 2.390823
199.000 2.694160
200.000 1.254013
201.000 1.254013
202.000 1.254013
203.000 0.696960
204.000 0.696960
205.000 0.696960
206.000 1.261909
207.000 1.261909
208.000 1.261909
209.000 1.103981
210.000 1.103981
211.000 1.103981
212.000 1.103981
213.000 1.103981
214.000 1.103981
215.000 0.771622
216.000 0.771622
217.000 0.771622
218.000 0.771622
219.000 0.771622
220.000 1.443932
221.000 1.443932
222.000 1.443932
223.000 1.456692
224.000 1.503308
225.000 1.518684
226.000 1.332024
227.000 1.332024
228.000 0.847336
229.000 0.847336
230.000 0.831133
231.000 0.779326
232.000 0.727519
233.000 0.675711
234.000 0.623904
235.000 0.594467
236.000 0.594467
237.000 0.643066
238.000 0.759216
239.000 0.759216
240.000 0.687899
241.000 0.682823
242.000 0.682823
243.000 0.546678
244.000 0.432327
245.000 0.432327
246.000 0.523788
247.000 0.552208
248.000 0.552208
249.000 0.552208
250.000 0.973427
251.000 1.766655
252.000 1.766655
253.000 1.766655
254.000 1.885437
255.000 1.885437
256.000 1.058289
257.000 1.058289
258.000 1.058289
259.000 1.548058
260.000 1.548058
261.000 1.548058
262.000 1.292107
263.000 1.425774
264.000 1.425774
265.000 1.433853
266.000 1.433853
267.000 1.433853
268.000 1.384176
269.000 1.135470
270.000 0.886764
271.000 0.638059
272.000 0.530357
273.000 0.530357
274.000 0.530357
275.000 0.605339
276.000 0.605339
277.000 0.678947
278.000 0.678947
279.000 0.678947
280.000 0.952744
281.000 0.952744
282.000 0.953276
283.000 0.953461
284.000 0.953461
285.000 1.536880
286.000 0.970146
287.000 0.970146
288.000 0.822540
289.000 1.346474
290.000 1.686226
291.000 1.668320
292.000 1.378315
293.000 1.268562
294.000 1.268562
295.000 1.263847
296.000 1.245262
297.000 1.245262
298.000 0.727318
299.000 0.727318
300.000 0.727318
301.000 0.727318
302.000 1.479682
303.000 1.500053
304.000 1.500053
305.000 1.500053
306.000 1.358436
307.000 1.155761
308.000 0.953086
309.000 0.769485
310.000 0.769485
311.000 0.820802
312.000 0.808992
313.000 0.886791
314.000 0.976912
315.000 0.790646
316.000 0.616005
317.000 0.661991
318.000 0.818011
319.000 0.876983
320.000 0.838182
321.000 0.825288
322.000 0.873840
323.000 0.873840
324.000 0.873840
325.000 0.873840
326.000 0.873840
327.000 0.873840
328.000 1.292229
329.000 1.292229
330.000 1.292229
331.000 1.224444
332.000 1.218033
333.000 1.218033
334.000 1.218033
335.000 1.143854
336.000 0.909662
337.000 0.811066
338.000 0.811066
339.000 0.682518
340.000 0.682518
341.000 0.682518
342.000 1.086008
343.000 1.086815
344.000 0.640587
345.000 0.640587
346.000 0.714340
347.000 0.714340
348.000 1.028099
349.000 1.028099
350.000 1.015261
351.000 1.011314
352.000 1.060013
353.000 1.060013
354.000 1.118759
355.000 1.972389
356.000 1.110909
357.000 1.131462
358.000 1.163618
359.000 1.453983
