0.000 0.148643
1.000 0.148643
2.000 0.148643
3.000 0.148643
4.000 0.148643
5.000 0.148643
6.000 0.697617
7.000 1.414612
8.000 1.414612
9.000 1.578491
10.000 1.414277
11.000 0.692535
12.000 0.692535
13.000 1.121475
14.000 1.121475
15.000 0.480010
16.000 0.374008
17.000 0.374008
18.000 0.374008
19.000 0.374008
20.000 0.815498
21.000 0.815498
22.000 0.861366
23.000 0.861366
24.000 0.861366
25.000 0.861366
26.000 0.861366
27.000 0.770637
28.000 0.788249
29.000 0.805860
30.000 0.820198
31.000 0.855792
32.000 0.748767
33.000 0.697357
34.000 0.684453
35.000 0.601885
36.000 0.561127
37.000 0.561127
38.000 0.498131
39.000 0.447830
40.000 0.447830
41.000 1.216125
42.000 0.778030
43.000 0.778030
44.000 0.733788
45.000 0.733788
46.000 0.733788
47.000 0.703558
48.000 0.701904
49.000 0.701904
50.000 0.789810
51.000 0.789810
52.000 0.551511
53.000 0.357964
54.000 0.357964
55.000 0.756081
56.000 0.756081
57.000 0.809555
58.000 0.809555
59.000 0.186501
60.000 0.186501
61.000 0.186501
62.000 0.186501
63.000 0.186501
64.000 0.186501
65.000 0.668495
66.000 0.668495
67.000 0.730484
68.000 0.730484
69.000 0.505311
70.000 0.617004
71.000 0.457504
72.000 0.457504
73.000 0.666725
74.000 0.666725
75.000 0.666725
76.000 1.050406
77.000 1.186810
78.000 1.231041
79.000 0.887259
80.000 0.844521
81.000 0.844521
82.000 1.234451
83.000 1.248311
84.000 1.123031
85.000 0.956268
86.000 0.956268
87.000 1.022621
88.000 1.022621
89.000 0.710747
90.000 0.740511
91.000 0.834671
92.000 0.967346
93.000 1.135025
94.000 1.135025
95.000 0.977310
96.000 0.977310
97.000 1.255249
98.000 1.255249
99.000 1.255249
100.000 1.255249
101.000 0.841255
102.000 0.841255
103.000 0.841255
104.000 0.841255
105.000 0.841255
106.000 0.841255
107.000 1.478310
108.000 1.482238
109.000 1.486166
110.000 1.490093
111.000 1.494021
112.000 1.497949
113.000 1.501876
114.000 1.505804
115.000 0.724342
116.000 0.724342
117.000 1.134560
118.000 1.134560
119.000 0.951004
120.000 0.971906
121.000 1.142120
122.000 1.301369
123.000 1.649017
124.000 2.619202
125.000 1.934952
126.000 1.477730
127.000 0.937897
128.000 0.937897
129.000 0.937897
130.000 0.937897
131.000 1.764488
132.000 1.764488
133.000 2.351593
134.000 0.819344
135.000 0.819344
136.000 0.819344
137.000 1.388855
138.000 1.765160
139.000 1.765160
140.000 1.882777
141.000 2.275775
142.000 2.359360
143.000 2.359360
144.000 1.481445
145.000 1.481445
146.000 1.481445
147.000 1.809341
148.000 1.809341
149.000 1.185747
150.000 1.114639
151.000 1.114639
152.000 1.063957
153.000 1.063957
154.000 0.751991
155.000 0.751991
156.000 0.751991
157.000 0.751991
158.000 0.751991
159.000 0.751991
160.000 0.751991
161.000 1.223210
162.000 1.119826
163.000 1.016442
164.000 0.913058
165.000 0.874802
166.000 1.232422
167.000 0.895119
168.000 0.781982
169.000 0.781982
170.000 1.045204
171.000 1.220688
172.000 1.716316
173.000 1.716316
174.000 0.959610
175.000 0.959610
176.000 1.376793
177.000 1.376793
178.000 1.528305
179.000 1.302397
180.000 1.109863
181.000 1.109863
182.000 1.326080
183.000 1.109192
184.000 1.109192
185.000 1.244240
186.000 1.244240
187.000 1.244240
188.000 1.244240
189.000 1.244240
190.000 1.244240
191.000 1.244240
192.000 1.357287
193.000 1.321244
194.000 1.285201
195.000 1.249158
196.000 1.213115
197.000 1.177072
198.000 1.303635
199.000 1.303635
200.000 1.303635
201.000 1.900696
202.000 1.900696
203.000 1.900696
204.000 1.900696
205.000 1.900696
206.000 0.903687
207.000 0.903687
208.000 0.903687
209.000 0.903687
210.000 0.903687
211.000 0.903687
212.000 0.903687
213.000 0.874626
214.000 0.830614
215.000 0.786602
216.000 0.742589
217.000 0.698577
218.000 0.675804
219.000 0.675804
220.000 0.691551
221.000 0.691551
222.000 0.501030
223.000 0.501030
224.000 0.891151
225.000 0.883690
226.000 0.810181
227.000 0.804400
228.000 0.636047
229.000 0.636047
230.000 0.698853
231.000 0.700701
232.000 0.807633
233.000 0.855705
234.000 0.855705
235.000 0.673958
236.000 1.705185
237.000 1.705185
238.000 1.599220
239.000 1.673223
240.000 1.836838
241.000 1.647232
242.000 2.097328
243.000 2.660385
244.000 1.355965
245.000 1.466057
246.000 1.524368
247.000 1.524368
248.000 1.017159
249.000 1.017159
250.000 1.601349
251.000 1.601349
252.000 1.212006
253.000 1.212006
254.000 0.978233
255.000 0.978233
256.000 0.978233
257.000 0.735916
258.000 0.735916
259.000 0.735916
260.000 0.723828
261.000 0.612195
262.000 0.588531
263.000 0.588531
264.000 0.490982
265.000 0.490982
266.000 0.547569
267.000 0.628883
268.000 0.628883
269.000 0.573814
270.000 0.573814
271.000 0.889620
272.000 1.160957
273.000 0.734138
274.000 0.614082
275.000 0.614082
276.000 0.648216
277.000 0.648216
278.000 0.975589
279.000 1.088737
280.000 1.086798
281.000 1.081917
282.000 0.866806
283.000 0.866806
284.000 0.866806
285.000 1.143490
286.000 1.258483
287.000 1.274902
288.000 1.170212
289.000 1.170212
290.000 1.003220
291.000 1.003220
292.000 1.065712
293.000 1.644730
294.000 1.644730
295.000 1.595787
296.000 1.595787
297.000 0.723259
298.000 0.723259
299.000 0.723259
300.000 1.504425
301.000 1.504425
302.000 0.594337
303.000 0.594337
304.000 1.113663
305.000 1.113663
306.000 1.019547
307.000 1.019547
308.000 2.183846
309.000 2.183846
310.000 0.833694
311.000 0.833694
312.000 0.730072
313.000 0.730072
314.000 0.730072
315.000 2.237000
316.000 2.237000
317.000 0.722931
318.000 0.722931
319.000 0.722931
320.000 0.722931
321.000 0.722931
322.000 0.722931
323.000 1.630092
324.000 1.603131
325.000 1.591621
326.000 1.171288
327.000 1.171288
328.000 1.171288
329.000 1.031925
330.000 0.748322
331.000 0.748322
332.000 0.756561
333.000 0.756561
334.000 0.703339
335.000 0.703339
336.000 0.703339
337.000 0.772812
338.000 0.772812
339.000 0.772812
340.000 0.771010
341.000 0.682157
342.000 0.678650
343.000 0.678650
344.000 0.668053
345.000 0.668053
346.000 0.730873
347.000 0.557110
348.000 0.451218
349.000 0.451218
350.000 0.624107
351.000 0.624107
352.000 0.624107
353.000 1.089157
354.000 1.030290
355.000 0.884315
356.000 0.884315
357.000 0.933708
358.000 1.385216
359.000 1.385216
