0.000 0.103500
1.000 0.103500
2.000 0.103500
3.000 0.103500
4.000 0.103500
5.000 0.103500
6.000 0.103500
7.000 0.356063
8.000 0.618759
9.000 0.618759
10.000 0.443031
11.000 0.443031
12.000 0.443031
13.000 0.241386
14.000 0.241386
15.000 0.241386
16.000 0.241386
17.000 0.241386
18.000 0.241386
19.000 0.241386
20.000 0.241386
21.000 0.241386
22.000 0.241386
23.000 0.242237
24.000 0.203223
25.000 0.164208
26.000 0.125801
27.000 0.125801
28.000 0.125801
29.000 0.125801
30.000 0.149998
31.000 0.251711
32.000 0.353423
33.000 0.455136
34.000 0.556848
35.000 0.658561
36.000 0.727043
37.000 0.727043
38.000 0.727043
39.000 0.721092
40.000 0.720642
41.000 0.720203
42.000 0.719751
43.000 0.719604
44.000 0.719604
45.000 0.723328
46.000 0.668777
47.000 0.590048
48.000 0.523178
49.000 0.719620
50.000 0.719620
51.000 0.710872
52.000 0.721809
53.000 0.721809
54.000 0.721809
55.000 0.725540
56.000 0.721352
57.000 0.722525
58.000 0.725987
59.000 0.698654
60.000 0.677979
61.000 0.722008
62.000 0.722008
63.000 0.678118
64.000 0.296783
65.000 0.296783
66.000 0.296783
67.000 0.717773
68.000 0.704948
69.000 0.712791
70.000 0.686269
71.000 0.652588
72.000 0.652588
73.000 0.717049
74.000 0.704080
75.000 0.685585
76.000 0.685585
77.000 0.730240
78.000 0.723274
79.000 0.718567
80.000 0.749245
81.000 0.749245
82.000 0.688607
83.000 0.535500
84.000 0.535500
85.000 0.679665
86.000 0.519920
87.000 0.519920
88.000 0.557995
89.000 0.722185
90.000 0.722427
91.000 0.721126
92.000 0.717743
93.000 0.714401
94.000 0.714401
95.000 0.730827
96.000 0.730827
97.000 0.723306
98.000 0.719902
99.000 0.666717
100.000 0.428108
101.000 0.356346
102.000 0.408928
103.000 0.408928
104.000 0.436951
105.000 0.625160
106.000 0.650423
107.000 0.671234
108.000 0.591171
109.000 0.723671
110.000 0.738945
111.000 0.738945
112.000 0.327896
113.000 0.327896
114.000 0.327896
115.000 0.685806
116.000 0.685806
117.000 0.698223
118.000 0.723763
119.000 0.723763
120.000 0.693481
121.000 0.693481
122.000 0.724536
123.000 0.734200
124.000 0.729244
125.000 0.708244
126.000 0.719627
127.000 0.689934
128.000 0.689934
129.000 0.718575
130.000 0.718575
131.000 0.722023
132.000 0.722023
133.000 0.698643
134.000 0.669998
135.000 0.669558
136.000 0.661079
137.000 0.720390
138.000 0.720390
139.000 0.669357
140.000 0.669357
141.000 0.691574
142.000 0.691574
143.000 0.653099
144.000 0.653099
145.000 0.653099
146.000 0.653099
147.000 0.653099
148.000 0.682152
149.000 0.679146
150.000 0.679146
151.000 0.679146
152.000 0.689088
153.000 0.710587
154.000 0.710587
155.000 0.718967
156.000 0.759276
157.000 0.763863
158.000 0.669762
159.000 0.679810
160.000 0.702866
161.000 0.722351
162.000 0.722351
163.000 0.739754
164.000 0.739754
165.000 0.749725
166.000 0.752998
167.000 0.714500
168.000 0.715461
169.000 0.728633
170.000 0.729019
171.000 0.718719
172.000 0.718719
173.000 0.723328
174.000 0.723328
175.000 0.703194
176.000 0.720894
177.000 0.720894
178.000 0.704874
179.000 0.686180
180.000 0.717163
181.000 0.717163
182.000 0.721662
183.000 0.723671
184.000 0.660271
185.000 0.660271
186.000 0.721695
187.000 0.721695
188.000 0.720988
189.000 0.718530
190.000 0.717697
191.000 0.717697
192.000 0.720246
193.000 0.721046
194.000 0.636787
195.000 0.703978
196.000 0.718430
197.000 0.724380
198.000 0.724380
199.000 0.719784
200.000 0.679634
201.000 0.679634
202.000 0.659332
203.000 0.659332
204.000 0.702576
205.000 0.707049
206.000 0.718712
207.000 0.718712
208.000 0.719482
209.000 0.677849
210.000 0.677849
211.000 0.682401
212.000 0.697431
213.000 0.701790
214.000 0.690712
215.000 0.683784
216.000 0.683784
217.000 0.683784
218.000 0.720583
219.000 0.721533
220.000 0.722483
221.000 0.723343
222.000 0.737534
223.000 0.751602
224.000 0.695397
225.000 0.699265
226.000 0.686859
227.000 0.717010
228.000 0.719413
229.000 0.721443
230.000 0.724434
231.000 0.726425
232.000 0.706421
233.000 0.706421
234.000 0.706421
235.000 0.728294
236.000 0.718147
237.000 0.718147
238.000 0.718147
239.000 0.705242
240.000 0.691933
241.000 0.691933
242.000 0.690063
243.000 0.690063
244.000 0.714579
245.000 0.722183
246.000 0.722183
247.000 0.664772
248.000 0.664772
249.000 0.721878
250.000 0.734192
251.000 0.734192
252.000 0.717278
253.000 0.717278
254.000 0.717752
255.000 0.719955
256.000 0.719955
257.000 0.722092
258.000 0.698652
259.000 0.694054
260.000 0.694054
261.000 0.690521
262.000 0.690521
263.000 0.719181
264.000 0.721878
265.000 0.692436
266.000 0.692436
267.000 0.713058
268.000 0.725090
269.000 0.725090
270.000 0.664619
271.000 0.664619
272.000 0.686969
273.000 0.714333
274.000 0.714333
275.000 0.712517
276.000 0.712517
277.000 0.719292
278.000 0.719292
279.000 0.680766
280.000 0.662178
281.000 0.691081
282.000 0.737915
283.000 0.716888
284.000 0.716888
285.000 0.546211
286.000 0.665100
287.000 0.665100
288.000 0.721581
289.000 0.721581
290.000 0.708091
291.000 0.695274
292.000 0.695274
293.000 0.740326
294.000 0.740326
295.000 0.709373
296.000 0.709373
297.000 0.715657
298.000 0.721497
299.000 0.721386
300.000 0.721039
301.000 0.714730
302.000 0.714622
303.000 0.685387
304.000 0.689765
305.000 0.720757
306.000 0.720757
307.000 0.719613
308.000 0.717674
309.000 0.716972
310.000 0.694809
311.000 0.722069
312.000 0.722069
313.000 0.722206
314.000 0.722768
315.000 0.723330
316.000 0.723480
317.000 0.721870
318.000 0.731682
319.000 0.714088
320.000 0.717728
321.000 0.717728
322.000 0.700764
323.000 0.700264
324.000 0.706127
325.000 0.724625
326.000 0.708176
327.000 0.708176
328.000 0.713095
329.000 0.717697
330.000 0.717697
331.000 0.724335
332.000 0.724335
333.000 0.715286
334.000 0.676399
335.000 0.730726
336.000 0.733643
337.000 0.716187
338.000 0.716187
339.000 0.725385
340.000 0.754050
341.000 0.765198
342.000 0.765198
343.000 0.706505
344.000 0.706505
345.000 0.706505
346.000 0.735108
347.000 0.735344
348.000 0.735344
349.000 0.717010
350.000 0.717010
351.000 0.745186
352.000 0.745186
353.000 0.741845
354.000 0.733254
355.000 0.724663
356.000 0.704979
357.000 0.704979
358.000 0.734184
359.000 0.714439
