0.000 0.013718
1.000 0.013718
2.000 0.013718
3.000 0.013718
4.000 0.013718
5.000 0.013718
6.000 0.013718
7.000 0.013718
8.000 0.013718
9.000 0.013718
10.000 0.046783
11.000 0.046783
12.000 0.046783
13.000 0.046783
14.000 0.046783
15.000 0.046783
16.000 0.046783
17.000 0.048529
18.000 0.054839
19.000 0.061149
20.000 0.067459
21.000 0.073769
22.000 0.078789
23.000 0.078789
24.000 0.078789
25.000 0.096275
26.000 0.096275
27.000 0.096275
28.000 0.127275
29.000 0.196892
30.000 0.196892
31.000 0.282166
32.000 0.254532
33.000 0.250946
34.000 0.257577
35.000 0.310810
36.000 0.318382
37.000 0.135757
38.000 0.135757
39.000 0.139915
40.000 0.139915
41.000 0.267147
42.000 0.256335
43.000 0.245524
44.000 0.234712
45.000 0.225334
46.000 0.180431
47.000 0.098597
48.000 0.077858
49.000 0.127449
50.000 0.127449
51.000 0.415863
52.000 0.298210
53.000 0.298210
54.000 0.796364
55.000 0.579399
56.000 0.511810
57.000 0.511810
58.000 0.361214
59.000 0.361214
60.000 0.492714
61.000 0.492714
62.000 0.232895
63.000 0.232895
64.000 0.232895
65.000 0.232895
66.000 0.232895
67.000 0.489006
68.000 0.489006
69.000 0.533369
70.000 0.816216
71.000 0.892509
72.000 0.892509
73.000 0.566534
74.000 0.540840
75.000 0.540840
76.000 0.284081
77.000 0.284081
78.000 0.284081
79.000 0.284081
80.000 0.364746
81.000 0.364746
82.000 0.993759
83.000 0.993759
84.000 0.400467
85.000 0.400467
86.000 0.414340
87.000 0.478912
88.000 0.478912
89.000 0.449439
90.000 0.398332
91.000 0.347224
92.000 0.296117
93.000 0.245010
94.000 0.193903
95.000 0.142795
96.000 0.129105
97.000 0.317863
98.000 0.542495
99.000 0.760704
100.000 0.751744
101.000 0.724190
102.000 0.781677
103.000 0.799614
104.000 0.465408
105.000 0.465408
106.000 0.515678
107.000 0.541130
108.000 0.643211
109.000 0.643211
110.000 0.830406
111.000 0.830406
112.000 0.502632
113.000 0.502632
114.000 0.502632
115.000 0.759094
116.000 0.759094
117.000 0.759094
118.000 0.646794
119.000 0.509796
120.000 0.509796
121.000 0.509796
122.000 0.509796
123.000 0.509796
124.000 0.593919
125.000 0.583539
126.000 0.583282
127.000 0.583282
128.000 0.417923
129.000 0.417923
130.000 0.417923
131.000 0.451732
132.000 0.615297
133.000 0.623009
134.000 1.044479
135.000 1.356606
136.000 0.657356
137.000 0.657356
138.000 0.657356
139.000 1.177719
140.000 1.177719
141.000 1.177719
142.000 1.235009
143.000 1.299765
144.000 1.364521
145.000 1.425018
146.000 1.425018
147.000 1.262433
148.000 0.961182
149.000 0.659932
150.000 0.468575
151.000 0.456836
152.000 0.452843
153.000 0.259453
154.000 0.259453
155.000 0.257468
156.000 0.240462
157.000 0.223455
158.000 0.206449
159.000 0.201599
160.000 0.498756
161.000 1.298943
162.000 1.108522
163.000 1.185951
164.000 1.248665
165.000 1.248665
166.000 0.773841
167.000 0.579071
168.000 0.579071
169.000 0.800310
170.000 0.879379
171.000 0.776691
172.000 0.639901
173.000 0.503111
174.000 0.366321
175.000 0.325638
176.000 0.344910
177.000 0.758271
178.000 0.830276
179.000 0.830276
180.000 0.830276
181.000 0.431793
182.000 0.431793
183.000 0.431793
184.000 0.402339
185.000 0.394043
186.000 0.394043
187.000 0.394043
188.000 0.394043
189.000 0.394043
190.000 0.805400
191.000 0.731640
192.000 0.657881
193.000 0.584121
194.000 0.510362
195.000 0.436603
196.000 0.362843
197.000 0.310486
198.000 0.317410
199.000 0.328903
200.000 0.340408
201.000 0.391724
202.000 0.391724
203.000 0.429413
204.000 0.429413
205.000 0.422469
206.000 0.324257
207.000 0.305267
208.000 0.565399
209.000 0.448435
210.000 0.318577
211.000 0.190117
212.000 0.190117
213.000 0.189087
214.000 0.185761
215.000 0.182435
216.000 0.180229
217.000 0.180229
218.000 0.180229
219.000 0.191834
220.000 0.192871
221.000 0.192871
222.000 0.213619
223.000 0.276358
224.000 0.295647
225.000 0.209892
226.000 0.365829
227.000 0.452263
228.000 0.452263
229.000 0.575714
230.000 0.575714
231.000 0.575714
232.000 0.412973
233.000 0.255836
234.000 0.255836
235.000 0.240873
236.000 0.206940
237.000 0.285390
238.000 0.358391
239.000 0.454065
240.000 0.539101
241.000 0.539101
242.000 0.455559
243.000 0.455559
244.000 0.308045
245.000 0.178452
246.000 0.178452
247.000 0.417320
248.000 0.402908
249.000 0.382183
250.000 0.323085
251.000 0.263988
252.000 0.204890
253.000 0.180862
254.000 0.180862
255.000 0.206007
256.000 0.215118
257.000 0.052971
258.000 0.052971
259.000 0.052971
260.000 0.052971
261.000 0.052971
262.000 0.418175
263.000 0.276036
264.000 0.168121
265.000 0.134071
266.000 0.134071
267.000 0.219971
268.000 0.219971
269.000 0.219971
270.000 0.219971
271.000 0.316866
272.000 0.285312
273.000 0.253758
274.000 0.222204
275.000 0.213188
276.000 0.242157
277.000 0.242157
278.000 0.264290
279.000 0.266813
280.000 0.301048
281.000 0.226677
282.000 0.226677
283.000 0.226677
284.000 0.326015
285.000 0.286757
286.000 0.247500
287.000 0.220451
288.000 0.220451
289.000 0.323774
290.000 0.401573
291.000 0.376213
292.000 0.199736
293.000 0.023258
294.000 0.021538
295.000 0.021538
296.000 0.021538
297.000 0.021538
298.000 0.021538
299.000 0.195839
300.000 0.221018
301.000 0.301949
302.000 0.301949
303.000 0.301949
304.000 0.305215
305.000 0.319130
306.000 0.313587
307.000 0.220447
308.000 0.138069
309.000 0.138069
310.000 0.152763
311.000 0.152763
312.000 0.219796
313.000 0.451927
314.000 0.446945
315.000 0.361636
316.000 0.223529
317.000 0.149246
318.000 0.149246
319.000 0.158700
320.000 0.173882
321.000 0.214981
322.000 0.214981
323.000 0.399465
324.000 0.415047
325.000 0.412498
326.000 0.317067
327.000 0.224670
328.000 0.224670
329.000 0.230591
330.000 0.241941
331.000 0.272804
332.000 0.213509
333.000 0.213509
334.000 0.299515
335.000 0.405167
336.000 0.350494
337.000 0.350494
338.000 0.271882
339.000 0.203041
340.000 0.203041
341.000 0.203479
342.000 0.204353
343.000 0.206944
344.000 0.219734
345.000 0.203649
346.000 0.171295
347.000 0.171295
348.000 0.171295
349.000 0.155008
350.000 0.159425
351.000 0.163841
352.000 0.168258
353.000 0.170586
354.000 0.170586
355.000 0.180056
356.000 0.184206
357.000 0.201019
358.000 0.201019
359.000 0.114464
