0.000 0.213943
1.000 0.504991
2.000 1.065652
3.000 1.626313
4.000 1.732964
5.000 1.732964
6.000 1.732964
7.000 2.865098
8.000 2.816740
9.000 2.792892
10.000 2.792892
11.000 2.997398
12.000 2.997398
13.000 3.017690
14.000 3.579554
15.000 3.902565
16.000 3.554657
17.000 3.554657
18.000 0.594948
19.000 0.594948
20.000 0.594948
21.000 0.594948
22.000 0.594948
23.000 1.104187
24.000 1.104187
25.000 1.104187
26.000 2.603650
27.000 3.428719
28.000 3.428719
29.000 3.214310
30.000 3.214310
31.000 1.527542
32.000 1.527542
33.000 0.825539
34.000 0.825539
35.000 0.825539
36.000 1.064842
37.000 2.785043
38.000 2.934303
39.000 2.934303
40.000 2.883102
41.000 2.883102
42.000 3.249702
43.000 3.618843
44.000 3.769196
45.000 3.256450
46.000 1.508087
47.000 1.508087
48.000 1.508087
49.000 1.520859
50.000 2.575170
51.000 3.078987
52.000 1.673416
53.000 1.673416
54.000 1.673416
55.000 1.673416
56.000 1.815261
57.000 1.952873
58.000 1.952873
59.000 1.952873
60.000 2.066413
61.000 2.129547
62.000 2.129547
63.000 2.504519
64.000 3.119113
65.000 3.703720
66.000 3.703720
67.000 3.423790
68.000 3.423790
69.000 3.552783
70.000 3.686025
71.000 3.818123
72.000 3.818123
73.000 3.717685
74.000 3.529638
75.000 3.372688
76.000 3.372688
77.000 1.527435
78.000 1.527435
79.000 1.814316
80.000 2.857085
81.000 3.899854
82.000 3.903915
83.000 1.462791
84.000 1.462791
85.000 1.462791
86.000 1.462791
87.000 1.922203
88.000 1.922203
89.000 1.922203
90.000 1.457031
91.000 1.457031
92.000 1.457031
93.000 2.023845
94.000 2.909334
95.000 3.344421
96.000 1.459274
97.000 1.459274
98.000 1.459274
99.000 1.847635
100.000 2.557471
101.000 3.262840
102.000 3.262840
103.000 3.630611
104.000 3.779533
105.000 3.627192
106.000 3.425712
107.000 3.373169
108.000 3.362472
109.000 3.324420
110.000 3.286368
111.000 3.283302
112.000 3.298638
113.000 3.355202
114.000 3.374222
115.000 0.978058
116.000 0.978058
117.000 0.978058
118.000 0.978058
119.000 0.978058
120.000 1.333900
121.000 1.333900
122.000 1.333900
123.000 1.604845
124.000 2.392215
125.000 2.768570
126.000 2.768570
127.000 3.077416
128.000 3.135643
129.000 3.144793
130.000 3.158408
131.000 3.168922
132.000 3.148461
133.000 2.179388
134.000 1.588425
135.000 1.588425
136.000 2.210636
137.000 2.440010
138.000 0.887886
139.000 0.887886
140.000 0.887886
141.000 1.146748
142.000 2.823990
143.000 2.838972
144.000 3.222008
145.000 3.605044
146.000 3.805336
147.000 3.770058
148.000 3.645892
149.000 3.532722
150.000 3.532722
151.000 3.927437
152.000 3.927437
153.000 2.793885
154.000 1.805763
155.000 1.805763
156.000 1.805763
157.000 3.403285
158.000 3.639977
159.000 3.770838
160.000 3.935420
161.000 4.004967
162.000 3.191728
163.000 0.721886
164.000 0.721886
165.000 0.721886
166.000 0.721886
167.000 0.721886
168.000 0.721886
169.000 2.990137
170.000 2.847527
171.000 2.847527
172.000 1.591858
173.000 1.591858
174.000 1.511208
175.000 1.511208
176.000 1.511208
177.000 1.744709
178.000 2.147219
179.000 2.252983
180.000 2.252983
181.000 0.828392
182.000 0.828392
183.000 0.828392
184.000 0.828392
185.000 0.828392
186.000 2.698364
187.000 2.819252
188.000 2.842232
189.000 2.887883
190.000 3.081169
191.000 0.447144
192.000 0.447144
193.000 0.447144
194.000 0.447144
195.000 0.447144
196.000 0.447144
197.000 0.447144
198.000 0.447144
199.000 0.447144
200.000 0.447144
201.000 3.204585
202.000 3.240768
203.000 3.240768
204.000 1.562988
205.000 1.562988
206.000 1.562988
207.000 3.244057
208.000 3.244057
209.000 3.235536
210.000 3.202396
211.000 3.169256
212.000 3.167984
213.000 3.081088
214.000 3.025925
215.000 3.119868
216.000 3.293480
217.000 3.467092
218.000 3.617546
219.000 3.572823
220.000 3.471519
221.000 3.451724
222.000 3.372259
223.000 3.292794
224.000 3.257835
225.000 3.243395
226.000 3.215844
227.000 3.200722
228.000 3.378838
229.000 3.550377
230.000 3.495958
231.000 3.394451
232.000 3.292945
233.000 0.857094
234.000 0.857094
235.000 0.857094
236.000 1.563736
237.000 2.103516
238.000 2.103516
239.000 0.769348
240.000 0.769348
241.000 0.769348
242.000 1.697829
243.000 3.293060
244.000 2.616130
245.000 0.463242
246.000 0.463242
247.000 0.463242
248.000 0.463242
249.000 0.463242
250.000 0.463242
251.000 0.463242
252.000 1.121086
253.000 1.121086
254.000 1.144106
255.000 1.207466
256.000 1.207466
257.000 1.207466
258.000 1.207466
259.000 2.506242
260.000 2.325455
261.000 2.325455
262.000 2.325598
263.000 2.337448
264.000 2.338058
265.000 2.338058
266.000 2.598741
267.000 3.219460
268.000 3.219460
269.000 3.179927
270.000 3.132965
271.000 3.132965
272.000 2.281639
273.000 2.281639
274.000 2.534260
275.000 2.642548
276.000 2.642548
277.000 2.711296
278.000 2.945042
279.000 3.065804
280.000 3.065804
281.000 1.546295
282.000 1.546295
283.000 2.137202
284.000 2.838064
285.000 3.466797
286.000 3.466797
287.000 1.091652
288.000 1.091652
289.000 1.091652
290.000 1.091652
291.000 0.989175
292.000 0.942627
293.000 0.942627
294.000 0.942627
295.000 1.040230
296.000 1.040230
297.000 1.040230
298.000 1.040230
299.000 0.861010
300.000 0.826256
301.000 0.826256
302.000 0.826256
303.000 0.826256
304.000 0.826256
305.000 1.276978
306.000 1.276978
307.000 1.276978
308.000 1.276978
309.000 1.276978
310.000 0.896900
311.000 0.913556
312.000 0.930212
313.000 0.946868
314.000 0.963524
315.000 0.980180
316.000 0.996836
317.000 1.006294
318.000 0.961166
319.000 0.961166
320.000 1.270531
321.000 1.270531
322.000 0.757629
323.000 0.757629
324.000 0.757629
325.000 0.757629
326.000 1.328392
327.000 1.148823
328.000 0.340366
329.000 0.316071
330.000 0.316071
331.000 0.316071
332.000 0.316071
333.000 0.316071
334.000 0.316071
335.000 0.316071
336.000 0.839340
337.000 0.839340
338.000 0.822731
339.000 0.743303
340.000 0.663875
341.000 0.584448
342.000 0.554077
343.000 0.554077
344.000 0.655470
345.000 0.994804
346.000 1.241271
347.000 1.625977
348.000 1.625977
349.000 1.683655
350.000 1.683655
351.000 1.683655
352.000 0.281830
353.000 0.281830
354.000 0.281830
355.000 0.281830
356.000 1.112244
357.000 1.112244
358.000 1.112244
359.000 1.011005
