0.000 0.954659
1.000 1.835205
2.000 2.431030
3.000 3.175659
4.000 2.948250
5.000 3.300560
6.000 2.903698
7.000 3.225281
8.000 2.241829
9.000 2.883179
10.000 2.720067
11.000 2.236046
12.000 3.216721
13.000 3.287415
14.000 3.287415
15.000 3.281448
16.000 3.281448
17.000 3.073677
18.000 3.073677
19.000 3.073677
20.000 3.087911
21.000 3.128203
22.000 3.157799
23.000 3.157799
24.000 3.165865
25.000 3.190880
26.000 2.027916
27.000 3.172386
28.000 2.793259
29.000 2.860856
30.000 2.887543
31.000 3.284798
32.000 3.284798
33.000 3.250011
34.000 3.182760
35.000 3.140167
36.000 3.247086
37.000 2.953621
38.000 2.735886
39.000 2.796921
40.000 2.836563
41.000 2.613649
42.000 2.490547
43.000 2.957829
44.000 3.312683
45.000 2.762793
46.000 2.520813
47.000 2.541588
48.000 2.541588
49.000 3.199847
50.000 3.489151
51.000 2.808298
52.000 2.778099
53.000 2.086975
54.000 2.086975
55.000 2.086975
56.000 2.086975
57.000 1.986519
58.000 1.986519
59.000 1.986519
60.000 1.986519
61.000 1.986519
62.000 1.986519
63.000 3.087640
64.000 3.065605
65.000 3.065605
66.000 3.065605
67.000 3.122455
68.000 3.222679
69.000 3.222679
70.000 2.585335
71.000 3.061813
72.000 3.061813
73.000 3.019760
74.000 2.852349
75.000 2.522881
76.000 2.522881
77.000 2.637108
78.000 2.980070
79.000 3.046883
80.000 2.968094
81.000 2.942159
82.000 3.080048
83.000 2.676659
84.000 2.549614
85.000 2.920013
86.000 2.920013
87.000 3.045384
88.000 3.234230
89.000 3.234230
90.000 3.144958
91.000 2.524216
92.000 2.524216
93.000 2.524216
94.000 2.524216
95.000 2.524216
96.000 2.524216
97.000 3.000770
98.000 2.964385
99.000 2.928810
100.000 2.928810
101.000 2.928810
102.000 2.928810
103.000 3.134293
104.000 3.134293
105.000 3.134293
106.000 3.060675
107.000 2.815331
108.000 2.815331
109.000 2.870274
110.000 2.881187
111.000 3.268097
112.000 2.557358
113.000 2.822353
114.000 3.275764
115.000 3.288246
116.000 3.288246
117.000 2.652885
118.000 2.826561
119.000 2.867694
120.000 3.168625
121.000 3.190825
122.000 3.243065
123.000 3.017650
124.000 2.861671
125.000 1.810066
126.000 1.810066
127.000 2.750748
128.000 3.649147
129.000 3.525551
130.000 3.388046
131.000 2.587427
132.000 2.378677
133.000 2.269028
134.000 2.269028
135.000 2.327576
136.000 2.327576
137.000 2.747542
138.000 3.116989
139.000 3.123688
140.000 3.127121
141.000 2.566833
142.000 2.424774
143.000 3.282639
144.000 3.282639
145.000 2.612549
146.000 2.612549
147.000 2.878845
148.000 2.878845
149.000 3.220323
150.000 3.290009
151.000 2.418205
152.000 2.418205
153.000 3.296539
154.000 3.296539
155.000 3.296539
156.000 3.296539
157.000 3.296539
158.000 3.296539
159.000 2.951693
160.000 2.811421
161.000 2.671149
162.000 2.530878
163.000 2.489586
164.000 2.489586
165.000 3.278008
166.000 3.260353
167.000 3.260353
168.000 3.087479
169.000 2.573813
170.000 2.292297
171.000 2.292297
172.000 2.895233
173.000 2.995155
174.000 2.995155
175.000 2.750298
176.000 2.896363
177.000 3.082497
178.000 3.082497
179.000 3.277695
180.000 3.277695
181.000 3.277695
182.000 3.005156
183.000 2.979935
184.000 3.081398
185.000 3.081398
186.000 2.772743
187.000 2.766497
188.000 2.764084
189.000 2.241150
190.000 2.241150
191.000 3.074593
192.000 3.074593
193.000 2.292160
194.000 2.292160
195.000 3.039771
196.000 3.233894
197.000 3.233894
198.000 3.426399
199.000 3.426399
200.000 3.256075
201.000 3.100609
202.000 3.100609
203.000 3.100609
204.000 2.016075
205.000 2.016075
206.000 2.016075
207.000 2.680862
208.000 2.680862
209.000 2.390663
210.000 2.390663
211.000 3.229492
212.000 3.229492
213.000 3.159180
214.000 3.159180
215.000 3.204445
216.000 3.309162
217.000 3.336670
218.000 3.100174
219.000 3.123146
220.000 3.123146
221.000 2.771744
222.000 2.771744
223.000 2.771744
224.000 3.031914
225.000 3.031914
226.000 3.078117
227.000 3.078117
228.000 2.905983
229.000 2.905983
230.000 2.401016
231.000 2.401016
232.000 2.498633
233.000 3.112129
234.000 3.112129
235.000 2.730019
236.000 2.730019
237.000 2.250717
238.000 2.250717
239.000 2.760574
240.000 2.760574
241.000 2.568794
242.000 2.568794
243.000 2.568794
244.000 3.091461
245.000 3.091461
246.000 3.056192
247.000 2.980583
248.000 2.980583
249.000 2.944384
250.000 2.923637
251.000 2.854492
252.000 2.659531
253.000 1.942825
254.000 2.505699
255.000 2.377251
256.000 2.962189
257.000 1.894547
258.000 1.894547
259.000 2.705132
260.000 2.913437
261.000 2.913437
262.000 3.068974
263.000 3.268082
264.000 3.208982
265.000 2.987862
266.000 3.176932
267.000 3.130076
268.000 2.588397
269.000 2.566864
270.000 3.032506
271.000 3.186260
272.000 3.067513
273.000 3.041656
274.000 3.087414
275.000 3.114205
276.000 3.155124
277.000 3.157914
278.000 3.111108
279.000 2.918893
280.000 2.588264
281.000 2.675563
282.000 3.000977
283.000 3.032105
284.000 2.918467
285.000 2.949527
286.000 3.220055
287.000 3.282059
288.000 3.138547
289.000 3.025255
290.000 2.801511
291.000 2.662649
292.000 2.417359
293.000 2.390240
294.000 2.549530
295.000 2.507571
296.000 2.192129
297.000 2.604828
298.000 2.604828
299.000 2.604828
300.000 2.604828
301.000 3.283084
302.000 3.240485
303.000 3.225166
304.000 3.225166
305.000 3.185303
306.000 3.185303
307.000 2.513145
308.000 2.513145
309.000 2.969582
310.000 3.335274
311.000 2.350777
312.000 2.350777
313.000 3.198339
314.000 3.413963
315.000 2.918633
316.000 2.918633
317.000 2.383438
318.000 2.383438
319.000 2.383438
320.000 3.277138
321.000 3.277138
322.000 3.226936
323.000 3.080307
324.000 3.080307
325.000 2.796013
326.000 2.796013
327.000 2.638222
328.000 2.638222
329.000 2.641652
330.000 2.928810
331.000 2.928810
332.000 3.194862
333.000 2.760292
334.000 3.434433
335.000 2.355560
336.000 2.355560
337.000 2.355560
338.000 2.355560
339.000 2.355560
340.000 3.071271
341.000 3.058174
342.000 3.058174
343.000 3.058174
344.000 2.655813
345.000 2.431732
346.000 2.431732
347.000 2.322319
348.000 2.322319
349.000 3.289993
350.000 2.223717
351.000 2.223717
352.000 2.223717
353.000 3.005264
354.000 3.005264
355.000 3.204803
356.000 3.204803
357.000 3.204803
358.000 3.363868
359.000 3.314390
