0.000 0.141991
1.000 0.141991
2.000 2.642326
3.000 2.665314
4.000 2.610214
5.000 2.710757
6.000 2.643333
7.000 2.723946
8.000 2.552818
9.000 2.689575
10.000 2.623093
11.000 2.623093
12.000 2.766609
13.000 2.766609
14.000 2.765933
15.000 2.705436
16.000 2.689629
17.000 2.688805
18.000 2.688805
19.000 2.678459
20.000 2.668556
21.000 2.253830
22.000 2.253830
23.000 2.657738
24.000 2.657738
25.000 2.652458
26.000 2.627098
27.000 2.622406
28.000 2.622406
29.000 2.757317
30.000 2.757317
31.000 2.701492
32.000 2.427719
33.000 2.427719
34.000 2.374527
35.000 2.374527
36.000 2.752388
37.000 2.752388
38.000 2.752388
39.000 2.704947
40.000 2.665459
41.000 2.665459
42.000 2.786118
43.000 2.786118
44.000 2.590515
45.000 2.590515
46.000 2.622375
47.000 2.622375
48.000 2.808655
49.000 2.808655
50.000 2.751806
51.000 2.525764
52.000 2.525764
53.000 2.525764
54.000 2.537330
55.000 2.628769
56.000 2.628769
57.000 2.608566
58.000 2.608566
59.000 2.547262
60.000 2.508881
61.000 2.566437
62.000 2.143341
63.000 2.592186
64.000 2.655569
65.000 2.712601
66.000 2.751595
67.000 2.738579
68.000 2.738579
69.000 2.781929
70.000 2.735869
71.000 2.671417
72.000 2.730525
73.000 2.776382
74.000 2.726868
75.000 2.726868
76.000 2.641426
77.000 2.641426
78.000 2.661978
79.000 2.689084
80.000 2.715233
81.000 2.661995
82.000 2.438930
83.000 2.398354
84.000 2.580574
85.000 2.580574
86.000 2.733643
87.000 2.733643
88.000 2.633537
89.000 2.633537
90.000 2.622940
91.000 2.622940
92.000 2.723297
93.000 2.723297
94.000 2.741028
95.000 2.741028
96.000 2.758362
97.000 2.758362
98.000 2.626701
99.000 2.626701
100.000 2.655449
101.000 2.655449
102.000 2.654068
103.000 2.653648
104.000 2.666127
105.000 2.710403
106.000 2.624054
107.000 2.624054
108.000 2.724327
109.000 2.728887
110.000 2.771141
111.000 2.771141
112.000 2.681244
113.000 2.681244
114.000 2.671318
115.000 2.664243
116.000 2.638947
117.000 2.638947
118.000 2.689323
119.000 2.689323
120.000 2.696564
121.000 2.696564
122.000 2.696564
123.000 2.679166
124.000 2.673224
125.000 2.667281
126.000 2.667084
127.000 2.667084
128.000 2.667084
129.000 2.593602
130.000 2.471577
131.000 2.349552
132.000 2.348816
133.000 2.711105
134.000 2.634804
135.000 2.675056
136.000 2.784180
137.000 2.784180
138.000 2.757729
139.000 2.724068
140.000 2.724068
141.000 2.599955
142.000 2.565056
143.000 2.735031
144.000 2.735031
145.000 2.721575
146.000 2.715218
147.000 2.701111
148.000 2.701111
149.000 2.700573
150.000 2.699768
151.000 2.699753
152.000 2.191833
153.000 2.640167
154.000 2.659973
155.000 2.659973
156.000 2.783493
157.000 2.783493
158.000 2.439659
159.000 2.772728
160.000 2.772728
161.000 2.772728
162.000 2.724226
163.000 2.641201
164.000 2.636520
165.000 2.679726
166.000 2.679726
167.000 2.633072
168.000 2.633072
169.000 2.671646
170.000 2.671646
171.000 2.643350
172.000 2.627777
173.000 2.598251
174.000 2.773605
175.000 2.773605
176.000 2.721085
177.000 2.721085
178.000 2.646784
179.000 2.625931
180.000 2.665616
181.000 2.721939
182.000 2.565361
183.000 2.565361
184.000 2.618767
185.000 2.618767
186.000 2.380684
187.000 2.380684
188.000 2.635483
189.000 2.635483
190.000 2.652763
191.000 2.653679
192.000 2.712166
193.000 2.712166
194.000 2.712166
195.000 2.636597
196.000 2.636597
197.000 2.622116
198.000 2.622116
199.000 2.647224
200.000 2.647224
201.000 2.728966
202.000 2.728966
203.000 2.620826
204.000 2.563782
205.000 2.669991
206.000 2.669991
207.000 2.692818
208.000 2.692818
209.000 2.692818
210.000 2.665730
211.000 2.664983
212.000 2.664612
213.000 2.664612
214.000 2.664612
215.000 2.717224
216.000 2.717224
217.000 2.717224
218.000 2.717242
219.000 2.717261
220.000 2.717280
221.000 2.717293
222.000 2.619034
223.000 2.782433
224.000 2.622940
225.000 2.389870
226.000 2.389870
227.000 2.626717
228.000 2.690437
229.000 2.664009
230.000 2.500252
231.000 2.500252
232.000 2.615477
233.000 2.625351
234.000 2.625351
235.000 2.671692
236.000 2.671692
237.000 2.664146
238.000 2.732437
239.000 2.732437
240.000 2.725403
241.000 2.672979
242.000 2.646545
243.000 2.716530
244.000 2.748722
245.000 2.750496
246.000 2.748138
247.000 2.748138
248.000 2.717094
249.000 2.717094
250.000 2.772285
251.000 2.772285
252.000 2.693405
253.000 2.693405
254.000 2.747200
255.000 2.747200
256.000 2.664686
257.000 2.556567
258.000 2.532097
259.000 2.532097
260.000 2.532097
261.000 2.726132
262.000 2.747864
263.000 2.747864
264.000 2.569542
265.000 2.598040
266.000 2.667618
267.000 2.664629
268.000 2.363129
269.000 2.790993
270.000 2.790993
271.000 2.722145
272.000 2.722145
273.000 2.634834
274.000 2.634834
275.000 2.744755
276.000 2.866798
277.000 2.758110
278.000 2.758110
279.000 2.744082
280.000 2.723824
281.000 2.666290
282.000 2.666290
283.000 2.622078
284.000 2.622078
285.000 2.537941
286.000 2.673546
287.000 2.673546
288.000 2.724174
289.000 2.724174
290.000 2.674957
291.000 2.674957
292.000 2.649734
293.000 2.649734
294.000 2.660080
295.000 2.660080
296.000 0.948273
297.000 0.948273
298.000 0.948273
299.000 0.948273
300.000 2.630432
301.000 2.630432
302.000 2.643814
303.000 2.643814
304.000 2.610214
305.000 2.610214
306.000 2.718386
307.000 2.727280
308.000 2.615120
309.000 2.615120
310.000 2.601143
311.000 2.601143
312.000 2.622614
313.000 2.623177
314.000 2.389618
315.000 2.389618
316.000 2.753174
317.000 2.753174
318.000 2.698633
319.000 2.694580
320.000 2.427666
321.000 2.427666
322.000 2.751976
323.000 2.751976
324.000 2.732483
325.000 2.732483
326.000 2.761910
327.000 2.766747
328.000 2.622437
329.000 2.622437
330.000 2.473602
331.000 2.473602
332.000 2.630486
333.000 2.630486
334.000 2.648454
335.000 2.649361
336.000 2.668452
337.000 2.672562
338.000 2.726222
339.000 2.731552
340.000 2.473062
341.000 2.415962
342.000 2.651282
343.000 2.679787
344.000 2.646122
345.000 2.632607
346.000 2.722395
347.000 2.730438
348.000 2.702220
349.000 2.693123
350.000 2.741366
351.000 2.742355
352.000 2.667946
353.000 2.667946
354.000 2.772087
355.000 2.772087
356.000 2.747885
357.000 2.745529
358.000 2.724505
359.000 2.719765
