0.000 0.423645
1.000 0.804283
2.000 1.045433
3.000 1.476761
4.000 1.790718
5.000 1.790718
6.000 1.701119
7.000 1.670067
8.000 1.670067
9.000 1.822281
10.000 1.837975
11.000 1.837975
12.000 1.714798
13.000 1.675629
14.000 1.675629
15.000 1.711655
16.000 1.711655
17.000 1.196487
18.000 1.196487
19.000 1.196487
20.000 1.196487
21.000 1.266083
22.000 1.505431
23.000 1.577393
24.000 1.577393
25.000 1.735592
26.000 1.743515
27.000 1.827560
28.000 1.827560
29.000 1.641087
30.000 1.632347
31.000 1.836853
32.000 1.836853
33.000 1.789490
34.000 1.789490
35.000 1.802559
36.000 1.802559
37.000 1.836075
38.000 1.836075
39.000 1.768250
40.000 1.768250
41.000 1.070862
42.000 1.070862
43.000 1.070862
44.000 1.194928
45.000 1.793686
46.000 1.793686
47.000 1.839531
48.000 1.808731
49.000 1.807251
50.000 1.807251
51.000 1.807251
52.000 1.787521
53.000 1.750198
54.000 1.750198
55.000 1.819641
56.000 1.819641
57.000 1.817947
58.000 1.817947
59.000 1.502853
60.000 1.502853
61.000 1.237053
62.000 1.237053
63.000 1.366764
64.000 1.784149
65.000 1.829025
66.000 1.819977
67.000 1.778923
68.000 1.721886
69.000 1.721886
70.000 1.718712
71.000 1.826996
72.000 1.826996
73.000 1.826813
74.000 1.826813
75.000 1.826221
76.000 1.750106
77.000 1.721985
78.000 1.812546
79.000 1.812546
80.000 1.798550
81.000 1.785820
82.000 1.755657
83.000 1.682625
84.000 1.682625
85.000 1.682625
86.000 1.798096
87.000 1.798096
88.000 1.779837
89.000 1.702393
90.000 1.661430
91.000 1.597954
92.000 1.597954
93.000 1.803216
94.000 1.820358
95.000 1.744873
96.000 1.728226
97.000 1.728226
98.000 1.642525
99.000 1.772141
100.000 1.349396
101.000 1.349396
102.000 1.233383
103.000 1.368385
104.000 1.368385
105.000 1.413724
106.000 1.567017
107.000 1.567017
108.000 1.380859
109.000 1.380859
110.000 1.244049
111.000 1.244049
112.000 1.345734
113.000 1.400429
114.000 0.633171
115.000 0.633171
116.000 1.669876
117.000 1.615423
118.000 1.348083
119.000 1.677979
120.000 1.773392
121.000 1.814331
122.000 1.778069
123.000 1.778069
124.000 1.761414
125.000 1.761414
126.000 1.765678
127.000 1.765678
128.000 1.770869
129.000 1.772636
130.000 1.772636
131.000 1.701614
132.000 1.701614
133.000 1.639088
134.000 1.613487
135.000 1.597969
136.000 1.630407
137.000 1.677567
138.000 1.705701
139.000 1.778099
140.000 1.825836
141.000 1.799868
142.000 1.653145
143.000 1.836479
144.000 1.836479
145.000 1.715523
146.000 1.715523
147.000 1.715523
148.000 1.717134
149.000 1.724966
150.000 1.726692
151.000 1.726692
152.000 1.726692
153.000 1.726692
154.000 1.744183
155.000 1.743467
156.000 1.743088
157.000 1.743088
158.000 1.758606
159.000 1.758606
160.000 0.601105
161.000 0.601105
162.000 0.601105
163.000 0.601105
164.000 0.601105
165.000 0.601105
166.000 0.631582
167.000 0.691961
168.000 0.752340
169.000 0.812718
170.000 0.873097
171.000 0.916992
172.000 0.934578
173.000 0.934578
174.000 1.061920
175.000 1.290497
176.000 1.653099
177.000 1.692651
178.000 1.809288
179.000 1.445366
180.000 1.445366
181.000 1.666914
182.000 1.819038
183.000 1.826401
184.000 1.643471
185.000 1.643471
186.000 1.690948
187.000 1.690948
188.000 1.511917
189.000 1.511917
190.000 1.690666
191.000 1.690666
192.000 1.690666
193.000 1.808745
194.000 1.813232
195.000 1.810663
196.000 1.798851
197.000 1.822014
198.000 1.689435
199.000 1.539635
200.000 1.880699
201.000 1.880699
202.000 1.729813
203.000 1.729813
204.000 1.778076
205.000 1.778076
206.000 1.785699
207.000 1.794411
208.000 1.807571
209.000 1.825256
210.000 1.825256
211.000 1.735840
212.000 1.833519
213.000 1.833519
214.000 1.833519
215.000 1.833519
216.000 1.833519
217.000 1.833519
218.000 1.264461
219.000 1.145086
220.000 1.025711
221.000 0.982338
222.000 0.982338
223.000 0.982338
224.000 0.982338
225.000 1.023948
226.000 1.149745
227.000 1.167763
228.000 1.167763
229.000 1.806755
230.000 1.806755
231.000 0.163956
232.000 0.163956
233.000 0.163956
234.000 0.163956
235.000 0.163956
236.000 0.163956
237.000 0.163956
238.000 0.163956
239.000 0.163956
240.000 0.039726
241.000 0.039726
242.000 0.039726
243.000 0.039726
244.000 0.039726
245.000 0.039726
246.000 0.039726
247.000 0.039726
248.000 0.039726
249.000 0.039726
250.000 0.539764
251.000 0.539764
252.000 0.539764
253.000 0.978618
254.000 1.387375
255.000 1.668396
256.000 1.668396
257.000 1.779134
258.000 1.816452
259.000 1.769300
260.000 1.461990
261.000 1.822350
262.000 1.823727
263.000 1.826347
264.000 1.790497
265.000 1.762604
266.000 1.762604
267.000 1.792428
268.000 1.826797
269.000 1.805283
270.000 1.805283
271.000 1.780641
272.000 1.768456
273.000 1.768456
274.000 1.554222
275.000 1.817902
276.000 1.817902
277.000 1.818689
278.000 1.821922
279.000 1.646088
280.000 1.646088
281.000 1.665987
282.000 1.709373
283.000 1.709373
284.000 1.855247
285.000 1.855247
286.000 1.781281
287.000 1.781281
288.000 1.824569
289.000 1.838631
290.000 1.699722
291.000 1.699722
292.000 1.794861
293.000 1.794861
294.000 1.585052
295.000 1.585052
296.000 1.542900
297.000 1.542900
298.000 1.808739
299.000 1.809028
300.000 1.809494
301.000 1.809622
302.000 1.826927
303.000 1.825600
304.000 1.816223
305.000 1.816223
306.000 1.734428
307.000 1.734428
308.000 1.747986
309.000 1.747986
310.000 1.672508
311.000 1.672508
312.000 1.896545
313.000 1.896545
314.000 1.826797
315.000 1.826797
316.000 1.790291
317.000 1.790291
318.000 1.794144
319.000 1.794144
320.000 1.744337
321.000 1.687531
322.000 1.825493
323.000 1.827997
324.000 1.909744
325.000 1.728645
326.000 1.728645
327.000 1.646049
328.000 1.793907
329.000 1.819084
330.000 1.806717
331.000 1.814697
332.000 1.814697
333.000 1.814400
334.000 1.814400
335.000 1.794481
336.000 1.776619
337.000 1.825500
338.000 1.826060
339.000 1.830368
340.000 1.830368
341.000 1.792625
342.000 1.786591
343.000 1.786591
344.000 1.786591
345.000 1.765608
346.000 1.749199
347.000 1.749199
348.000 1.797093
349.000 1.799797
350.000 1.801292
351.000 1.803566
352.000 1.822876
353.000 1.822876
354.000 1.839127
355.000 1.839127
356.000 1.801064
357.000 1.801064
358.000 1.804348
359.000 1.810577
