0.000 1.469902
1.000 1.469902
2.000 0.156805
3.000 0.229695
4.000 0.302584
5.000 0.375474
6.000 0.447273
7.000 0.615204
8.000 0.669518
9.000 0.436535
10.000 0.245697
11.000 0.277969
12.000 0.277969
13.000 0.325035
14.000 0.325035
15.000 0.637787
16.000 0.637787
17.000 0.546165
18.000 0.546165
19.000 0.519226
20.000 0.522799
21.000 0.587227
22.000 0.531967
23.000 0.531967
24.000 0.532616
25.000 0.532616
26.000 0.532616
27.000 0.532616
28.000 0.464506
29.000 0.484144
30.000 0.503782
31.000 0.523420
32.000 0.543058
33.000 0.562696
34.000 0.582334
35.000 0.597115
36.000 0.706955
37.000 0.891090
38.000 0.556267
39.000 0.479431
40.000 0.479431
41.000 0.748283
42.000 0.759184
43.000 0.791855
44.000 0.347496
45.000 0.347496
46.000 0.349518
47.000 0.565227
48.000 0.633759
49.000 0.633759
50.000 0.764717
51.000 0.702744
52.000 0.466217
53.000 0.466217
54.000 0.648186
55.000 0.648186
56.000 0.648186
57.000 0.468666
58.000 0.468666
59.000 0.452248
60.000 0.374206
61.000 0.326218
62.000 0.326218
63.000 0.326218
64.000 0.589058
65.000 0.589058
66.000 0.600501
67.000 0.631248
68.000 0.631248
69.000 0.546402
70.000 0.404984
71.000 0.404984
72.000 0.404984
73.000 0.418548
74.000 0.448269
75.000 0.477990
76.000 0.479446
77.000 0.399826
78.000 0.442038
79.000 0.527725
80.000 0.527725
81.000 0.337227
82.000 0.337227
83.000 0.359230
84.000 0.412331
85.000 0.434357
86.000 0.434357
87.000 0.425224
88.000 0.425224
89.000 0.295479
90.000 0.295479
91.000 0.295096
92.000 0.293275
93.000 0.291878
94.000 0.291878
95.000 0.291878
96.000 0.503799
97.000 0.320992
98.000 0.320992
99.000 0.320992
100.000 0.320992
101.000 0.468201
102.000 0.468201
103.000 0.644829
104.000 0.570761
105.000 0.469903
106.000 0.388496
107.000 0.388496
108.000 0.409996
109.000 0.418153
110.000 0.568177
111.000 0.615364
112.000 0.385994
113.000 0.385994
114.000 0.385994
115.000 0.371422
116.000 0.371422
117.000 0.371422
118.000 0.371422
119.000 0.391980
120.000 0.435501
121.000 0.476974
122.000 0.476974
123.000 0.731697
124.000 0.657938
125.000 0.548729
126.000 0.548729
127.000 1.145638
128.000 1.145638
129.000 0.679314
130.000 0.679314
131.000 0.883026
132.000 0.883026
133.000 0.883026
134.000 0.461143
135.000 0.461143
136.000 0.461143
137.000 0.461143
138.000 0.461143
139.000 0.461143
140.000 0.907402
141.000 0.907402
142.000 0.907402
143.000 0.865020
144.000 0.716505
145.000 0.567990
146.000 0.438972
147.000 0.438972
148.000 0.438972
149.000 0.438972
150.000 0.466034
151.000 0.466034
152.000 0.466034
153.000 0.466034
154.000 0.622101
155.000 0.622101
156.000 0.606778
157.000 0.538181
158.000 0.469585
159.000 0.432976
160.000 0.432976
161.000 0.329460
162.000 0.329460
163.000 0.329460
164.000 0.233879
165.000 0.233879
166.000 0.663676
167.000 0.770248
168.000 0.852570
169.000 0.629185
170.000 0.508362
171.000 0.508362
172.000 0.508362
173.000 0.508362
174.000 0.316375
175.000 0.231264
176.000 0.220207
177.000 0.220207
178.000 0.220207
179.000 0.220207
180.000 0.220207
181.000 0.220207
182.000 0.220207
183.000 0.220207
184.000 0.667156
185.000 0.765167
186.000 0.765167
187.000 0.459450
188.000 0.459450
189.000 0.459450
190.000 0.783577
191.000 0.783577
192.000 0.783577
193.000 0.754303
194.000 0.754303
195.000 0.754303
196.000 1.122383
197.000 1.122383
198.000 1.025581
199.000 1.025581
200.000 1.025581
201.000 0.759254
202.000 0.759254
203.000 0.759254
204.000 0.759254
205.000 0.758927
206.000 0.723978
207.000 0.689029
208.000 0.667107
209.000 0.667107
210.000 0.917133
211.000 0.969925
212.000 1.027298
213.000 1.027298
214.000 0.631004
215.000 0.631004
216.000 0.631004
217.000 1.145813
218.000 1.145813
219.000 0.919891
220.000 0.919891
221.000 0.919891
222.000 0.919891
223.000 1.117045
224.000 1.013832
225.000 0.971977
226.000 0.971977
227.000 0.820019
228.000 0.431374
229.000 0.431374
230.000 0.599792
231.000 0.599792
232.000 1.396950
233.000 1.286889
234.000 1.006387
235.000 0.725884
236.000 0.669029
237.000 0.669029
238.000 0.669029
239.000 0.670308
240.000 0.773683
241.000 0.877058
242.000 0.980433
243.000 1.083808
244.000 1.071995
245.000 0.592285
246.000 1.074600
247.000 1.002823
248.000 0.824318
249.000 0.824318
250.000 0.824318
251.000 0.824318
252.000 1.542764
253.000 1.691887
254.000 1.762901
255.000 1.767021
256.000 1.832025
257.000 1.754301
258.000 0.764282
259.000 0.764282
260.000 0.764282
261.000 0.764282
262.000 0.764282
263.000 0.651519
264.000 0.583733
265.000 0.583733
266.000 0.583733
267.000 0.583733
268.000 1.294762
269.000 1.294762
270.000 1.294762
271.000 1.054964
272.000 0.772942
273.000 0.772942
274.000 0.772942
275.000 0.772942
276.000 0.724540
277.000 0.603345
278.000 0.530350
279.000 0.530350
280.000 0.696109
281.000 0.993393
282.000 0.984039
283.000 0.984039
284.000 0.733505
285.000 0.733505
286.000 0.622261
287.000 0.622261
288.000 0.622261
289.000 0.731233
290.000 1.044036
291.000 1.201813
292.000 1.201813
293.000 0.709991
294.000 0.709991
295.000 0.709991
296.000 0.709991
297.000 0.709991
298.000 0.526260
299.000 0.526260
300.000 0.526260
301.000 0.526260
302.000 0.653040
303.000 0.628778
304.000 0.604516
305.000 0.580255
306.000 0.578247
307.000 0.604668
308.000 0.604668
309.000 0.677361
310.000 0.677361
311.000 0.584335
312.000 0.584335
313.000 0.872482
314.000 0.872482
315.000 0.436586
316.000 0.286499
317.000 0.286499
318.000 0.286499
319.000 0.286499
320.000 1.362534
321.000 0.622375
322.000 0.622375
323.000 0.622375
324.000 0.853256
325.000 0.853256
326.000 0.882031
327.000 0.914097
328.000 0.926926
329.000 0.926926
330.000 0.606598
331.000 0.606598
332.000 0.606598
333.000 0.606598
334.000 1.129349
335.000 1.129349
336.000 1.117544
337.000 1.101271
338.000 1.084997
339.000 1.068723
340.000 1.058754
341.000 0.783890
342.000 0.783890
343.000 1.080811
344.000 1.080811
345.000 1.135201
346.000 1.135201
347.000 1.135201
348.000 0.883987
349.000 0.883987
350.000 0.883987
351.000 0.883987
352.000 0.647779
353.000 0.635841
354.000 0.635841
355.000 0.635841
356.000 0.622766
357.000 0.497498
358.000 0.497498
359.000 0.497498
