0.000 0.229393
1.000 0.229393
2.000 2.401764
3.000 1.657310
4.000 3.272219
5.000 6.038490
6.000 6.019936
7.000 6.074816
8.000 6.177813
9.000 6.044255
10.000 5.356622
11.000 5.058833
12.000 5.062937
13.000 5.055977
14.000 5.332541
15.000 6.462165
16.000 5.478859
17.000 6.553062
18.000 3.814779
19.000 4.964726
20.000 4.658806
21.000 3.342224
22.000 3.573851
23.000 4.354126
24.000 4.109689
25.000 3.359980
26.000 3.724937
27.000 0.655403
28.000 5.868410
29.000 5.343228
30.000 4.897557
31.000 0.261642
32.000 0.261642
33.000 0.261642
34.000 0.261642
35.000 0.261642
36.000 0.261642
37.000 0.261642
38.000 0.261642
39.000 0.261642
40.000 0.261642
41.000 0.261642
42.000 3.800941
43.000 3.769783
44.000 3.980897
45.000 1.772626
46.000 3.099854
47.000 3.438828
48.000 4.987014
49.000 6.738670
50.000 6.879391
51.000 5.696701
52.000 5.484631
53.000 5.299589
54.000 5.572661
55.000 6.273460
56.000 4.742873
57.000 2.958439
58.000 3.018913
59.000 6.344496
60.000 5.626791
61.000 0.533869
62.000 0.486992
63.000 2.471649
64.000 2.954915
65.000 2.458519
66.000 1.787916
67.000 0.225838
68.000 0.225838
69.000 0.225838
70.000 0.225838
71.000 0.225838
72.000 0.225838
73.000 1.551613
74.000 1.551613
75.000 0.234955
76.000 0.234955
77.000 0.536435
78.000 0.731361
79.000 1.240092
80.000 1.665182
81.000 1.687697
82.000 1.705800
83.000 1.693435
84.000 1.679765
85.000 1.587861
86.000 1.523283
87.000 1.794817
88.000 2.025415
89.000 2.192120
90.000 2.331644
91.000 2.772490
92.000 3.152728
93.000 3.476707
94.000 0.774239
95.000 0.774239
96.000 0.840815
97.000 2.554893
98.000 3.277257
99.000 4.269946
100.000 4.811707
101.000 4.992439
102.000 5.016452
103.000 5.451477
104.000 5.451477
105.000 3.228783
106.000 3.228783
107.000 3.228783
108.000 2.516418
109.000 2.516418
110.000 2.516418
111.000 3.185425
112.000 3.248892
113.000 3.736442
114.000 3.846087
115.000 2.923353
116.000 1.211334
117.000 1.211334
118.000 3.863815
119.000 3.863815
120.000 3.863815
121.000 3.695957
122.000 3.037281
123.000 2.378605
124.000 2.047272
125.000 2.047272
126.000 0.410500
127.000 0.410500
128.000 1.975365
129.000 1.975365
130.000 1.975365
131.000 0.322655
132.000 0.322655
133.000 0.322655
134.000 0.322655
135.000 0.322655
136.000 0.955841
137.000 0.955841
138.000 0.966930
139.000 1.067889
140.000 1.168847
141.000 1.172600
142.000 0.462372
143.000 0.462372
144.000 0.468504
145.000 0.481163
146.000 2.080942
147.000 2.528909
148.000 2.929283
149.000 2.929283
150.000 2.848512
151.000 0.656119
152.000 0.338142
153.000 0.338142
154.000 0.338142
155.000 0.338142
156.000 0.338142
157.000 0.338142
158.000 0.338142
159.000 0.338142
160.000 0.338142
161.000 0.338142
162.000 0.338142
163.000 0.338142
164.000 1.899493
165.000 0.753075
166.000 0.753075
167.000 0.753075
168.000 2.122442
169.000 1.579254
170.000 1.579254
171.000 1.579254
172.000 1.579254
173.000 1.579254
174.000 1.579254
175.000 1.579254
176.000 1.579254
177.000 6.671728
178.000 6.953322
179.000 1.883794
180.000 0.520073
181.000 0.520073
182.000 0.520073
183.000 0.520073
184.000 0.520073
185.000 0.520073
186.000 4.842749
187.000 4.086439
188.000 3.686167
189.000 0.530991
190.000 0.530991
191.000 0.530991
192.000 4.906241
193.000 5.499904
194.000 5.656884
195.000 6.776421
196.000 6.692474
197.000 4.474098
198.000 4.501365
199.000 6.181793
200.000 6.181793
201.000 5.618942
202.000 4.028255
203.000 2.963684
204.000 2.284889
205.000 2.284889
206.000 3.221733
207.000 3.233688
208.000 3.233688
209.000 2.270844
210.000 2.270844
211.000 2.476688
212.000 2.714428
213.000 2.976562
214.000 3.234619
215.000 4.704649
216.000 5.417235
217.000 5.097041
218.000 4.821548
219.000 5.535734
220.000 6.009697
221.000 6.131660
222.000 6.213487
223.000 5.631055
224.000 5.139366
225.000 1.277374
226.000 1.277374
227.000 3.659774
228.000 6.074066
229.000 4.532938
230.000 3.228088
231.000 4.065751
232.000 4.936119
233.000 3.572374
234.000 2.625603
235.000 0.464668
236.000 0.464668
237.000 0.464668
238.000 0.464668
239.000 0.464668
240.000 0.464668
241.000 5.682723
242.000 6.649483
243.000 4.530603
244.000 2.707672
245.000 4.160250
246.000 6.025299
247.000 0.487183
248.000 0.487183
249.000 0.487183
250.000 0.487183
251.000 0.011559
252.000 0.011559
253.000 0.011559
254.000 0.011559
255.000 0.011559
256.000 0.011559
257.000 0.011559
258.000 0.011559
259.000 0.011559
260.000 0.011559
261.000 0.011559
262.000 0.218918
263.000 0.114555
264.000 0.114555
265.000 0.114555
266.000 0.114555
267.000 0.296722
268.000 0.277011
269.000 0.257300
270.000 0.243248
271.000 0.219006
272.000 0.167955
273.000 0.153191
274.000 0.173990
275.000 0.197891
276.000 0.199417
277.000 0.180638
278.000 0.104870
279.000 0.090424
280.000 0.090424
281.000 0.090424
282.000 0.090424
283.000 0.229769
284.000 0.234945
285.000 0.240120
286.000 0.245296
287.000 0.245583
288.000 0.268982
289.000 0.409500
290.000 0.984023
291.000 1.574449
292.000 2.151374
293.000 2.459076
294.000 2.459076
295.000 1.707992
296.000 0.566368
297.000 0.586254
298.000 0.633173
299.000 0.682718
300.000 0.795822
301.000 0.801823
302.000 0.395148
303.000 0.800716
304.000 1.940257
305.000 1.901818
306.000 1.802375
307.000 0.079338
308.000 0.079338
309.000 0.079338
310.000 0.079338
311.000 0.079338
312.000 0.079338
313.000 0.079338
314.000 0.079338
315.000 0.079338
316.000 0.610557
317.000 0.557838
318.000 0.557838
319.000 0.826372
320.000 1.008170
321.000 1.551918
322.000 0.895370
323.000 0.344788
324.000 0.344788
325.000 0.237823
326.000 0.237823
327.000 0.736946
328.000 1.490120
329.000 0.149071
330.000 0.149071
331.000 0.287322
332.000 0.606987
333.000 0.818475
334.000 1.286534
335.000 1.186620
336.000 1.051384
337.000 0.601932
338.000 0.445320
339.000 0.471095
340.000 0.542633
341.000 0.661509
342.000 1.024109
343.000 0.984455
344.000 0.776742
345.000 0.722504
346.000 0.840935
347.000 0.778344
348.000 0.681129
349.000 0.607292
350.000 0.588020
351.000 0.332111
352.000 0.064850
353.000 0.064850
354.000 0.064850
355.000 0.064850
356.000 0.064850
357.000 0.745299
358.000 0.859650
359.000 0.801980
