0.000 0.172829
1.000 0.172829
2.000 0.172829
3.000 0.172829
4.000 0.172829
5.000 0.172829
6.000 0.172829
7.000 0.172829
8.000 2.387266
9.000 2.329384
10.000 2.289806
11.000 2.399478
12.000 2.201538
13.000 2.545418
14.000 2.351875
15.000 2.318936
16.000 2.137527
17.000 2.137527
18.000 2.300560
19.000 1.754471
20.000 1.754471
21.000 2.412010
22.000 2.387848
23.000 2.387848
24.000 2.075356
25.000 2.075356
26.000 2.075356
27.000 2.239432
28.000 2.336021
29.000 2.336021
30.000 2.395409
31.000 2.395409
32.000 2.176215
33.000 2.135750
34.000 2.461861
35.000 2.429543
36.000 2.429543
37.000 2.460892
38.000 2.460892
39.000 2.460892
40.000 2.516624
41.000 2.516624
42.000 2.516624
43.000 2.518927
44.000 2.526934
45.000 2.534942
46.000 2.539871
47.000 2.519363
48.000 2.509594
49.000 2.508430
50.000 2.644936
51.000 2.298325
52.000 2.298325
53.000 2.377991
54.000 2.377991
55.000 2.478730
56.000 2.526306
57.000 2.454301
58.000 2.197433
59.000 2.339859
60.000 2.339859
61.000 2.441330
62.000 2.450523
63.000 2.250450
64.000 2.250450
65.000 2.377896
66.000 2.444618
67.000 2.433698
68.000 2.402672
69.000 2.318840
70.000 2.318840
71.000 2.317146
72.000 2.317146
73.000 2.317146
74.000 2.316253
75.000 2.315041
76.000 2.315041
77.000 1.255505
78.000 1.208664
79.000 2.300189
80.000 2.066444
81.000 1.316635
82.000 1.316635
83.000 1.316635
84.000 2.423848
85.000 2.456549
86.000 2.474289
87.000 2.470253
88.000 2.505806
89.000 2.505806
90.000 2.341476
91.000 2.341476
92.000 2.338464
93.000 2.332982
94.000 2.327500
95.000 2.763077
96.000 2.279800
97.000 2.279800
98.000 2.439178
99.000 2.439178
100.000 2.438364
101.000 2.419678
102.000 2.419678
103.000 2.505386
104.000 2.505386
105.000 2.505386
106.000 2.168573
107.000 2.154091
108.000 2.154091
109.000 2.236630
110.000 2.456619
111.000 2.456619
112.000 2.527853
113.000 2.724129
114.000 2.724129
115.000 2.267614
116.000 0.596703
117.000 0.596703
118.000 0.596703
119.000 0.596703
120.000 0.596703
121.000 0.596703
122.000 0.596703
123.000 0.596703
124.000 2.404404
125.000 2.232506
126.000 2.232506
127.000 2.232506
128.000 2.324287
129.000 2.324287
130.000 2.319453
131.000 2.268349
132.000 2.268349
133.000 2.117088
134.000 2.117088
135.000 2.345856
136.000 2.345856
137.000 2.345856
138.000 1.995201
139.000 1.995201
140.000 1.995201
141.000 1.995201
142.000 1.995201
143.000 2.219443
144.000 2.303054
145.000 2.372734
146.000 2.372734
147.000 2.392681
148.000 2.441193
149.000 2.714439
150.000 2.495117
151.000 3.226791
152.000 2.414516
153.000 2.460548
154.000 2.314590
155.000 2.314590
156.000 2.314590
157.000 2.388100
158.000 2.388100
159.000 2.547989
160.000 2.573692
161.000 2.468048
162.000 2.468048
163.000 2.441521
164.000 2.441521
165.000 2.211533
166.000 2.211533
167.000 2.211533
168.000 2.387581
169.000 2.387581
170.000 2.390389
171.000 2.407669
172.000 2.417900
173.000 2.465775
174.000 2.411095
175.000 2.411095
176.000 2.180573
177.000 2.180573
178.000 2.180573
179.000 2.202743
180.000 2.299545
181.000 2.299545
182.000 2.320676
183.000 2.354576
184.000 2.355682
185.000 2.355682
186.000 2.137917
187.000 2.396667
188.000 2.396667
189.000 2.422832
190.000 2.466721
191.000 2.466721
192.000 2.302902
193.000 2.302902
194.000 2.409225
195.000 2.409225
196.000 2.529465
197.000 2.529465
198.000 2.695435
199.000 2.695435
200.000 2.348663
201.000 2.348663
202.000 2.406387
203.000 2.406387
204.000 2.406387
205.000 2.361870
206.000 2.361870
207.000 1.894463
208.000 1.894463
209.000 2.037377
210.000 2.346138
211.000 2.535713
212.000 2.255966
213.000 2.255966
214.000 2.284988
215.000 2.284988
216.000 2.499802
217.000 2.499802
218.000 2.338951
219.000 2.338951
220.000 1.968803
221.000 1.968803
222.000 1.869694
223.000 1.738684
224.000 1.607674
225.000 1.537758
226.000 1.240990
227.000 0.894374
228.000 0.650238
229.000 0.658676
230.000 0.685941
231.000 0.688927
232.000 0.939751
233.000 1.168861
234.000 0.759575
235.000 0.759575
236.000 0.908943
237.000 0.908943
238.000 0.866467
239.000 0.835808
240.000 0.835808
241.000 0.835808
242.000 0.417610
243.000 0.417610
244.000 0.800768
245.000 1.183769
246.000 1.320760
247.000 1.376741
248.000 1.401817
249.000 0.954430
250.000 0.736382
251.000 0.736382
252.000 0.871060
253.000 1.176376
254.000 1.025886
255.000 0.795952
256.000 0.814293
257.000 1.112527
258.000 1.123581
259.000 1.237778
260.000 1.570114
261.000 1.570114
262.000 1.521683
263.000 1.521683
264.000 1.521683
265.000 1.521683
266.000 2.075462
267.000 2.075462
268.000 1.370399
269.000 1.370399
270.000 1.370399
271.000 1.370399
272.000 2.349380
273.000 2.349380
274.000 2.349380
275.000 2.281532
276.000 2.281532
277.000 2.281532
278.000 2.273627
279.000 2.262162
280.000 2.257797
281.000 1.894485
282.000 1.894485
283.000 2.247421
284.000 2.247421
285.000 2.247421
286.000 1.850766
287.000 1.073771
288.000 0.556557
289.000 0.556557
290.000 0.556557
291.000 0.556557
292.000 0.556557
293.000 1.425354
294.000 1.425354
295.000 1.911219
296.000 2.563576
297.000 2.561063
298.000 2.405640
299.000 1.074860
300.000 1.074860
301.000 1.074860
302.000 1.074860
303.000 1.074860
304.000 2.431905
305.000 2.430992
306.000 2.622269
307.000 2.622269
308.000 2.317741
309.000 2.317741
310.000 2.317741
311.000 1.623848
312.000 1.623848
313.000 1.623848
314.000 1.729814
315.000 2.420153
316.000 2.428871
317.000 2.182320
318.000 2.182320
319.000 2.160614
320.000 2.160614
321.000 1.743042
322.000 1.743042
323.000 2.598602
324.000 2.159088
325.000 2.159088
326.000 2.159088
327.000 2.144760
328.000 2.144760
329.000 2.144760
330.000 2.173014
331.000 2.199242
332.000 2.215413
333.000 2.407181
334.000 2.660675
335.000 2.660675
336.000 2.154427
337.000 2.154427
338.000 2.359258
339.000 2.415810
340.000 2.406793
341.000 2.381691
342.000 2.387678
343.000 2.622486
344.000 2.658363
345.000 1.618523
346.000 1.618523
347.000 2.658066
348.000 2.360283
349.000 2.104720
350.000 1.977722
351.000 1.977722
352.000 1.920723
353.000 1.920723
354.000 1.920723
355.000 2.101143
356.000 2.266510
357.000 2.266510
358.000 2.380155
359.000 2.420319
