0.000 0.075279
1.000 0.075279
2.000 0.075279
3.000 0.075279
4.000 0.075279
5.000 0.075279
6.000 0.075279
7.000 0.075279
8.000 0.092728
9.000 0.191558
10.000 0.265831
11.000 0.265831
12.000 0.110809
13.000 0.110809
14.000 0.110809
15.000 0.110809
16.000 0.110809
17.000 0.110809
18.000 0.110809
19.000 0.284418
20.000 0.281334
21.000 0.324402
22.000 0.481186
23.000 0.229927
24.000 0.229927
25.000 0.229927
26.000 0.477196
27.000 0.522095
28.000 0.522095
29.000 0.522095
30.000 0.522095
31.000 0.522095
32.000 0.522095
33.000 0.350000
34.000 0.417773
35.000 0.485546
36.000 0.550278
37.000 1.308182
38.000 0.647202
39.000 0.384033
40.000 0.384033
41.000 0.671791
42.000 0.655949
43.000 0.634841
44.000 0.613733
45.000 0.592626
46.000 0.571518
47.000 0.550411
48.000 0.529303
49.000 0.508195
50.000 0.487088
51.000 0.465980
52.000 0.444872
53.000 0.423765
54.000 0.402657
55.000 0.381549
56.000 0.360442
57.000 0.339334
58.000 0.318226
59.000 0.297119
60.000 0.276011
61.000 0.254903
62.000 0.233796
63.000 0.212688
64.000 0.191580
65.000 0.170473
66.000 0.149365
67.000 0.128258
68.000 0.107150
69.000 0.086042
70.000 0.074844
71.000 0.074844
72.000 0.074844
73.000 0.074844
74.000 0.074844
75.000 0.412872
76.000 0.533249
77.000 0.533249
78.000 0.533249
79.000 0.533249
80.000 0.474224
81.000 0.484666
82.000 0.495109
83.000 0.505551
84.000 0.515993
85.000 0.526435
86.000 0.527779
87.000 0.216476
88.000 0.216476
89.000 0.369270
90.000 0.369270
91.000 0.286797
92.000 0.286797
93.000 0.286797
94.000 0.403618
95.000 0.399944
96.000 0.396187
97.000 0.307709
98.000 0.292970
99.000 0.282623
100.000 0.342583
101.000 0.342583
102.000 0.342583
103.000 0.313407
104.000 0.340709
105.000 0.350967
106.000 0.350967
107.000 0.310112
108.000 0.230827
109.000 0.230827
110.000 0.230888
111.000 0.230888
112.000 0.379562
113.000 0.379562
114.000 0.317474
115.000 0.317474
116.000 0.317474
117.000 0.326349
118.000 0.327232
119.000 0.327232
120.000 0.327232
121.000 0.292358
122.000 0.292358
123.000 0.259140
124.000 0.259140
125.000 0.259140
126.000 0.259140
127.000 0.259140
128.000 0.251303
129.000 0.238009
130.000 0.224715
131.000 0.215111
132.000 0.215111
133.000 0.215111
134.000 0.215111
135.000 0.215111
136.000 0.218088
137.000 0.223314
138.000 0.224594
139.000 0.224594
140.000 0.224594
141.000 0.086449
142.000 0.086449
143.000 0.086449
144.000 0.086449
145.000 0.086449
146.000 0.086449
147.000 0.158203
148.000 0.158203
149.000 0.158203
150.000 0.158203
151.000 0.158203
152.000 0.127243
153.000 0.127243
154.000 0.127243
155.000 0.127243
156.000 0.127243
157.000 0.127243
158.000 0.127243
159.000 0.117561
160.000 0.117561
161.000 0.117561
162.000 0.117561
163.000 0.117561
164.000 0.117561
165.000 0.117561
166.000 0.117561
167.000 0.102546
168.000 0.099174
169.000 0.099174
170.000 0.099174
171.000 0.099174
172.000 0.099174
173.000 0.099174
174.000 0.094566
175.000 0.094566
176.000 0.094566
177.000 0.094566
178.000 0.094566
179.000 0.094566
180.000 0.094566
181.000 0.107643
182.000 0.107643
183.000 0.107643
184.000 0.107643
185.000 0.107643
186.000 0.107643
187.000 0.107643
188.000 0.107643
189.000 0.107643
190.000 0.109498
191.000 0.121581
192.000 0.133664
193.000 0.142090
194.000 0.142090
195.000 0.142090
196.000 0.142090
197.000 0.142090
198.000 0.142090
199.000 0.142090
200.000 0.142090
201.000 0.101906
202.000 0.101906
203.000 0.101906
204.000 0.101906
205.000 0.101906
206.000 0.101906
207.000 0.101906
208.000 0.101906
209.000 0.101906
210.000 0.104580
211.000 0.119476
212.000 0.130592
213.000 0.130592
214.000 0.130592
215.000 0.130592
216.000 0.130592
217.000 0.130592
218.000 0.130592
219.000 0.128234
220.000 0.121078
221.000 0.113922
222.000 0.107361
223.000 0.107361
224.000 0.107361
225.000 0.107361
226.000 0.107361
227.000 0.107361
228.000 0.107361
229.000 0.154117
230.000 0.144047
231.000 0.142632
232.000 0.142632
233.000 0.142632
234.000 0.144762
235.000 0.150070
236.000 0.150070
237.000 0.150070
238.000 0.149948
239.000 0.149948
240.000 0.147004
241.000 0.122467
242.000 0.122467
243.000 0.122467
244.000 0.145922
245.000 0.151634
246.000 0.142826
247.000 0.139931
248.000 0.139931
249.000 0.151466
250.000 0.151466
251.000 0.151466
252.000 0.151466
253.000 0.173778
254.000 0.177452
255.000 0.177452
256.000 0.163589
257.000 0.163589
258.000 0.229591
259.000 0.229591
260.000 0.304680
261.000 0.304680
262.000 0.224968
263.000 0.224968
264.000 0.241196
265.000 0.241196
266.000 0.183968
267.000 0.183968
268.000 0.121140
269.000 0.121140
270.000 0.137123
271.000 0.137123
272.000 0.137123
273.000 0.195111
274.000 0.260890
275.000 0.269943
276.000 0.220062
277.000 0.217698
278.000 0.183200
279.000 0.176811
280.000 0.145180
281.000 0.145180
282.000 0.221062
283.000 0.213233
284.000 0.160533
285.000 0.127785
286.000 0.127785
287.000 0.135452
288.000 0.136274
289.000 0.146431
290.000 0.152177
291.000 0.216187
292.000 0.161453
293.000 0.127808
294.000 0.127808
295.000 0.127703
296.000 0.126945
297.000 0.126945
298.000 0.110558
299.000 0.110558
300.000 0.110558
301.000 0.169922
302.000 0.169922
303.000 0.172162
304.000 0.173203
305.000 0.138077
306.000 0.159470
307.000 0.159470
308.000 0.094856
309.000 0.094856
310.000 0.094856
311.000 0.096158
312.000 0.198105
313.000 0.196186
314.000 0.186050
315.000 0.192065
316.000 0.238670
317.000 0.178268
318.000 0.245827
319.000 0.241212
320.000 0.176704
321.000 0.176704
322.000 0.181408
323.000 0.182579
324.000 0.245613
325.000 0.155178
326.000 0.137634
327.000 0.137634
328.000 0.137634
329.000 0.346092
330.000 0.346092
331.000 0.615564
332.000 0.653893
333.000 0.768768
334.000 0.537831
335.000 0.534279
336.000 0.775459
337.000 0.366234
338.000 0.366234
339.000 0.335037
340.000 0.335037
341.000 0.335037
342.000 0.443451
343.000 0.443451
344.000 0.209465
345.000 0.209465
346.000 0.340179
347.000 0.420006
348.000 0.342701
349.000 0.225708
350.000 0.225708
351.000 0.205864
352.000 0.205864
353.000 0.281219
354.000 0.281219
355.000 0.306844
356.000 0.340424
357.000 0.395020
358.000 0.395020
359.000 0.410645
