0.000 0.133606
1.000 0.133606
2.000 3.932930
3.000 2.814461
4.000 3.633600
5.000 2.722813
6.000 2.617455
7.000 2.159966
8.000 2.458274
9.000 2.707881
10.000 2.714557
11.000 2.720268
12.000 2.675260
13.000 2.562515
14.000 1.427607
15.000 1.123657
16.000 1.123657
17.000 1.041496
18.000 1.041496
19.000 1.041496
20.000 1.826229
21.000 2.612487
22.000 2.978371
23.000 2.332119
24.000 1.411611
25.000 1.193932
26.000 1.193932
27.000 1.193932
28.000 2.761226
29.000 2.703857
30.000 2.646488
31.000 2.632644
32.000 1.371833
33.000 1.263428
34.000 1.263428
35.000 1.910689
36.000 2.272614
37.000 2.272614
38.000 1.140701
39.000 1.140701
40.000 2.696701
41.000 2.696701
42.000 2.751245
43.000 3.032684
44.000 3.032684
45.000 3.032684
46.000 2.804070
47.000 2.804070
48.000 2.804070
49.000 2.143840
50.000 1.954231
51.000 1.954231
52.000 2.818672
53.000 2.818672
54.000 2.882614
55.000 2.882614
56.000 2.882614
57.000 1.036026
58.000 1.036026
59.000 1.036026
60.000 0.578262
61.000 0.578262
62.000 0.578262
63.000 1.434561
64.000 2.934753
65.000 3.015058
66.000 3.182338
67.000 3.330078
68.000 3.206559
69.000 2.726053
70.000 2.415520
71.000 2.415520
72.000 3.461804
73.000 4.366043
74.000 4.384425
75.000 4.408705
76.000 4.430542
77.000 1.413773
78.000 1.413773
79.000 1.695348
80.000 2.281889
81.000 2.868430
82.000 3.079963
83.000 3.661392
84.000 4.242821
85.000 4.734795
86.000 4.439373
87.000 4.144844
88.000 3.883644
89.000 3.539988
90.000 3.240982
91.000 3.250171
92.000 3.264374
93.000 2.791079
94.000 1.855824
95.000 1.527054
96.000 1.684034
97.000 2.294706
98.000 2.905378
99.000 3.210785
100.000 3.626426
101.000 3.681992
102.000 3.445160
103.000 3.149887
104.000 3.149887
105.000 3.894197
106.000 4.336121
107.000 3.922342
108.000 3.125174
109.000 2.635361
110.000 2.633205
111.000 2.490086
112.000 2.426086
113.000 2.426086
114.000 1.998795
115.000 1.998795
116.000 1.574881
117.000 0.802812
118.000 0.657143
119.000 0.657143
120.000 0.657143
121.000 0.657143
122.000 0.657143
123.000 0.657143
124.000 2.390209
125.000 2.770879
126.000 3.151549
127.000 3.227280
128.000 3.086053
129.000 3.037277
130.000 2.544838
131.000 1.896944
132.000 1.875961
133.000 0.367607
134.000 0.367607
135.000 0.367607
136.000 0.367607
137.000 0.367607
138.000 0.367607
139.000 0.367607
140.000 0.367607
141.000 0.367607
142.000 1.842945
143.000 1.768814
144.000 1.751319
145.000 1.728302
146.000 1.705284
147.000 2.082899
148.000 2.790268
149.000 2.790268
150.000 2.790268
151.000 3.688297
152.000 4.154900
153.000 4.260317
154.000 4.374028
155.000 4.455254
156.000 0.219246
157.000 0.219246
158.000 0.219246
159.000 0.219246
160.000 0.219246
161.000 0.219246
162.000 0.219246
163.000 0.219246
164.000 0.228218
165.000 0.228218
166.000 3.230864
167.000 3.146673
168.000 3.062482
169.000 3.007576
170.000 3.140036
171.000 3.314084
172.000 3.467445
173.000 3.133550
174.000 2.653130
175.000 2.064463
176.000 1.191025
177.000 1.191025
178.000 1.511262
179.000 2.621750
180.000 2.644335
181.000 2.738808
182.000 2.833282
183.000 2.868034
184.000 2.198751
185.000 1.317026
186.000 1.234413
187.000 2.075102
188.000 2.446281
189.000 2.439931
190.000 2.426674
191.000 2.423882
192.000 2.271723
193.000 1.635240
194.000 1.516724
195.000 1.516724
196.000 2.186363
197.000 2.186363
198.000 1.461960
199.000 1.223419
200.000 1.223419
201.000 1.273636
202.000 1.273636
203.000 1.530715
204.000 1.931519
205.000 1.931519
206.000 3.197121
207.000 3.197121
208.000 3.197121
209.000 3.197121
210.000 3.197121
211.000 3.197121
212.000 1.564044
213.000 1.680922
214.000 1.797800
215.000 1.914679
216.000 2.031557
217.000 2.148435
218.000 2.265313
219.000 2.382192
220.000 2.499070
221.000 2.615948
222.000 2.717247
223.000 2.717247
224.000 2.717247
225.000 2.562659
226.000 2.317693
227.000 2.130363
228.000 2.035240
229.000 1.805980
230.000 1.797035
231.000 2.277306
232.000 2.277306
233.000 0.951218
234.000 0.951218
235.000 0.932741
236.000 0.855451
237.000 0.815147
238.000 0.815147
239.000 1.404755
240.000 1.404755
241.000 2.377060
242.000 2.377060
243.000 0.991241
244.000 0.991241
245.000 0.679184
246.000 0.679184
247.000 0.679184
248.000 0.679184
249.000 2.024048
250.000 2.024048
251.000 1.308769
252.000 1.308769
253.000 1.308769
254.000 1.208214
255.000 1.208214
256.000 1.208214
257.000 1.774619
258.000 1.882568
259.000 1.817078
260.000 1.817078
261.000 1.819937
262.000 1.832146
263.000 1.108185
264.000 1.108185
265.000 1.300148
266.000 1.300148
267.000 0.732178
268.000 0.732178
269.000 0.732178
270.000 0.732178
271.000 0.798157
272.000 0.798157
273.000 1.071925
274.000 1.580223
275.000 1.580223
276.000 1.792839
277.000 1.792839
278.000 1.792839
279.000 1.256905
280.000 1.256905
281.000 2.889549
282.000 2.889549
283.000 1.696373
284.000 1.696373
285.000 1.696373
286.000 1.597801
287.000 1.597801
288.000 1.394440
289.000 1.394440
290.000 1.394440
291.000 1.394440
292.000 2.094826
293.000 2.094826
294.000 2.094826
295.000 1.482330
296.000 1.482330
297.000 1.482330
298.000 1.482330
299.000 1.604406
300.000 2.199723
301.000 2.795040
302.000 2.872971
303.000 0.752098
304.000 0.752098
305.000 0.752098
306.000 0.752098
307.000 0.752098
308.000 2.224998
309.000 2.224998
310.000 2.224998
311.000 1.671829
312.000 1.671829
313.000 1.618338
314.000 1.369610
315.000 1.252434
316.000 1.315235
317.000 1.479609
318.000 1.643982
319.000 0.944977
320.000 0.944977
321.000 0.944977
322.000 1.582243
323.000 2.123833
324.000 2.123833
325.000 2.123833
326.000 2.123833
327.000 2.123833
328.000 1.335786
329.000 1.135457
330.000 1.010605
331.000 1.010605
332.000 1.010605
333.000 1.010605
334.000 1.682951
335.000 1.404205
336.000 1.404205
337.000 2.486061
338.000 2.486061
339.000 2.324468
340.000 1.992013
341.000 1.659559
342.000 1.579445
343.000 1.579445
344.000 1.579445
345.000 1.603143
346.000 1.664056
347.000 1.672577
348.000 1.672577
349.000 1.077713
350.000 1.077713
351.000 1.077713
352.000 1.077713
353.000 1.077713
354.000 1.077713
355.000 1.077713
356.000 1.126749
357.000 1.321288
358.000 1.515827
359.000 1.710366
