0.000 0.061935
1.000 0.061935
2.000 0.061935
3.000 0.061935
4.000 0.061935
5.000 0.185747
6.000 0.372139
7.000 0.341491
8.000 0.344872
9.000 0.515160
10.000 0.515160
11.000 0.566130
12.000 0.723892
13.000 0.723892
14.000 0.723892
15.000 0.723892
16.000 0.723892
17.000 0.723892
18.000 0.723892
19.000 0.723892
20.000 0.723892
21.000 1.607481
22.000 1.690498
23.000 1.690498
24.000 1.690498
25.000 1.790459
26.000 1.790459
27.000 1.839600
28.000 2.057108
29.000 2.080780
30.000 2.080780
31.000 2.080780
32.000 2.080528
33.000 2.071699
34.000 1.927388
35.000 1.783077
36.000 1.638767
37.000 1.581688
38.000 1.581688
39.000 1.228767
40.000 1.228767
41.000 1.712759
42.000 1.980301
43.000 1.916550
44.000 1.916550
45.000 1.977242
46.000 2.060371
47.000 1.754641
48.000 1.574387
49.000 1.498924
50.000 2.525299
51.000 2.691261
52.000 2.652496
53.000 2.652496
54.000 2.640140
55.000 2.602344
56.000 2.600243
57.000 1.664436
58.000 1.664436
59.000 2.583958
60.000 2.703987
61.000 2.297562
62.000 2.297562
63.000 2.297562
64.000 2.247963
65.000 2.247963
66.000 1.712029
67.000 1.712029
68.000 1.715568
69.000 1.716393
70.000 1.716393
71.000 2.588249
72.000 2.588249
73.000 2.551254
74.000 2.551254
75.000 1.776573
76.000 1.776573
77.000 1.776573
78.000 1.776573
79.000 2.053899
80.000 2.333200
81.000 2.612501
82.000 2.697868
83.000 2.697868
84.000 2.543392
85.000 2.535881
86.000 2.535881
87.000 1.373085
88.000 1.373085
89.000 1.409101
90.000 2.026939
91.000 2.026939
92.000 2.736061
93.000 2.736061
94.000 2.506821
95.000 2.506821
96.000 2.644165
97.000 2.644165
98.000 2.689462
99.000 2.720985
100.000 2.720985
101.000 2.641663
102.000 2.641663
103.000 2.298012
104.000 1.944527
105.000 1.944527
106.000 1.944527
107.000 2.630028
108.000 2.630028
109.000 2.329713
110.000 2.110085
111.000 2.110085
112.000 2.023026
113.000 2.023026
114.000 2.507300
115.000 2.683884
116.000 2.548546
117.000 2.548546
118.000 1.838249
119.000 1.838249
120.000 1.838249
121.000 1.822449
122.000 1.822449
123.000 2.657707
124.000 2.657707
125.000 2.690529
126.000 2.690529
127.000 1.807732
128.000 1.807732
129.000 1.855858
130.000 1.855858
131.000 2.317627
132.000 2.317627
133.000 2.333032
134.000 2.629684
135.000 2.653000
136.000 2.419212
137.000 2.656586
138.000 1.977043
139.000 1.977043
140.000 1.867111
141.000 1.867111
142.000 2.357880
143.000 2.403005
144.000 2.470222
145.000 2.470222
146.000 2.296730
147.000 2.296730
148.000 2.296730
149.000 2.025455
150.000 1.711452
151.000 1.581635
152.000 1.581635
153.000 2.413658
154.000 2.444854
155.000 2.512749
156.000 2.512749
157.000 1.605843
158.000 1.605843
159.000 1.605843
160.000 1.837641
161.000 2.536926
162.000 2.536926
163.000 2.656084
164.000 2.676903
165.000 2.576376
166.000 2.382530
167.000 2.382530
168.000 2.314812
169.000 1.775719
170.000 1.775719
171.000 2.472244
172.000 2.472244
173.000 2.472244
174.000 2.472244
175.000 2.472244
176.000 2.472244
177.000 2.472244
178.000 2.296154
179.000 2.310620
180.000 2.325085
181.000 2.339551
182.000 2.354016
183.000 2.368482
184.000 2.382947
185.000 2.397413
186.000 2.411878
187.000 2.372076
188.000 2.061050
189.000 1.758003
190.000 1.758003
191.000 1.630783
192.000 1.630783
193.000 2.165436
194.000 2.624268
195.000 2.634560
196.000 2.634560
197.000 2.108483
198.000 1.807899
199.000 1.807899
200.000 1.678535
201.000 1.678535
202.000 2.107564
203.000 2.471062
204.000 2.471062
205.000 2.471062
206.000 2.467255
207.000 2.467255
208.000 2.467255
209.000 1.750000
210.000 1.750000
211.000 1.750000
212.000 2.249931
213.000 2.249931
214.000 2.273000
215.000 2.549507
216.000 2.549507
217.000 2.626727
218.000 2.641037
219.000 1.405838
220.000 1.405838
221.000 2.412170
222.000 2.412170
223.000 2.511002
224.000 2.279831
225.000 2.405116
226.000 2.541695
227.000 2.780212
228.000 2.678223
229.000 2.678886
230.000 2.682219
231.000 2.683060
232.000 2.610741
233.000 2.610741
234.000 2.610741
235.000 2.631699
236.000 2.699936
237.000 2.699936
238.000 2.699936
239.000 2.527824
240.000 2.527824
241.000 2.561861
242.000 2.627220
243.000 2.627220
244.000 2.402184
245.000 2.402184
246.000 2.639465
247.000 2.639465
248.000 2.519279
249.000 2.519279
250.000 2.575116
251.000 2.696739
252.000 2.696739
253.000 2.612297
254.000 2.612297
255.000 2.629565
256.000 2.698936
257.000 2.698936
258.000 2.757162
259.000 2.839272
260.000 2.839272
261.000 2.467392
262.000 2.467392
263.000 2.689499
264.000 2.689188
265.000 2.637924
266.000 2.720978
267.000 2.631409
268.000 2.631409
269.000 2.649228
270.000 2.684519
271.000 2.703781
272.000 2.703781
273.000 2.530426
274.000 2.530426
275.000 2.598618
276.000 2.598618
277.000 2.599643
278.000 2.631765
279.000 2.646858
280.000 2.284485
281.000 2.284485
282.000 2.564812
283.000 2.564812
284.000 2.301094
285.000 2.301094
286.000 2.732986
287.000 2.732986
288.000 1.998070
289.000 1.998070
290.000 2.548409
291.000 2.548409
292.000 2.514169
293.000 2.478973
294.000 2.478973
295.000 2.478973
296.000 1.880697
297.000 1.487511
298.000 1.487511
299.000 1.487511
300.000 1.420235
301.000 1.420235
302.000 1.606880
303.000 1.606880
304.000 1.567798
305.000 1.499821
306.000 1.444321
307.000 1.444321
308.000 1.507965
309.000 1.722252
310.000 1.722252
311.000 1.820496
312.000 1.820496
313.000 1.539513
314.000 1.539513
315.000 1.596712
316.000 1.701105
317.000 1.754898
318.000 1.345100
319.000 1.341705
320.000 1.341705
321.000 1.428406
322.000 1.428406
323.000 1.547399
324.000 1.751854
325.000 2.168221
326.000 2.689163
327.000 1.470886
328.000 1.470886
329.000 1.470886
330.000 1.470886
331.000 2.176956
332.000 2.176956
333.000 2.176956
334.000 2.676544
335.000 2.676544
336.000 2.245720
337.000 1.769341
338.000 1.769341
339.000 1.728432
340.000 1.728432
341.000 2.297188
342.000 2.683189
343.000 2.495728
344.000 2.495728
345.000 2.607719
346.000 1.860886
347.000 1.860886
348.000 1.860886
349.000 1.860886
350.000 2.624890
351.000 2.684872
352.000 2.744855
353.000 2.767487
354.000 2.300987
355.000 2.300987
356.000 1.875893
357.000 1.875893
358.000 1.875893
359.000 1.875893
