0.000 0.155609
1.000 0.155609
2.000 0.155609
3.000 0.155609
4.000 0.155609
5.000 0.155609
6.000 0.155609
7.000 0.155609
8.000 0.543495
9.000 0.852999
10.000 1.442734
11.000 2.552910
12.000 2.552910
13.000 2.552910
14.000 2.078911
15.000 2.078911
16.000 2.078911
17.000 2.415100
18.000 2.415100
19.000 2.415100
20.000 2.280486
21.000 2.409111
22.000 2.537737
23.000 2.599121
24.000 2.305260
25.000 2.229706
26.000 2.243587
27.000 2.355896
28.000 2.155838
29.000 2.155838
30.000 2.155838
31.000 2.155838
32.000 2.179207
33.000 2.179207
34.000 2.179207
35.000 2.179207
36.000 2.185239
37.000 2.287759
38.000 2.390279
39.000 2.492799
40.000 2.541878
41.000 2.541878
42.000 2.541878
43.000 2.541878
44.000 2.541878
45.000 2.541878
46.000 2.541878
47.000 2.541878
48.000 2.541878
49.000 2.541878
50.000 2.541878
51.000 2.541878
52.000 2.377623
53.000 2.396992
54.000 2.416362
55.000 2.435731
56.000 2.455101
57.000 2.474470
58.000 2.493840
59.000 2.513209
60.000 2.532579
61.000 2.551948
62.000 2.571317
63.000 2.590687
64.000 2.604553
65.000 2.609489
66.000 2.609489
67.000 2.297585
68.000 2.297585
69.000 2.297585
70.000 2.297585
71.000 2.297585
72.000 2.297585
73.000 2.297585
74.000 2.297585
75.000 2.376342
76.000 2.405050
77.000 2.433758
78.000 2.462465
79.000 2.491173
80.000 2.519881
81.000 2.548589
82.000 2.577297
83.000 2.411034
84.000 2.614310
85.000 2.635147
86.000 2.610802
87.000 2.610802
88.000 2.605049
89.000 2.605049
90.000 2.436678
91.000 1.905273
92.000 1.423599
93.000 1.423599
94.000 1.423599
95.000 1.592316
96.000 1.592316
97.000 1.592316
98.000 1.814731
99.000 1.845215
100.000 1.845215
101.000 2.003383
102.000 2.324968
103.000 2.620758
104.000 1.671204
105.000 1.671204
106.000 1.671204
107.000 1.671204
108.000 2.537201
109.000 2.537201
110.000 2.040077
111.000 2.040077
112.000 2.040077
113.000 2.040077
114.000 2.174881
115.000 2.174881
116.000 2.174881
117.000 2.200401
118.000 2.485985
119.000 2.485985
120.000 2.485985
121.000 2.485985
122.000 2.485985
123.000 2.560119
124.000 2.531654
125.000 2.531654
126.000 2.531654
127.000 2.531654
128.000 2.531654
129.000 2.529483
130.000 2.526973
131.000 2.524462
132.000 2.521951
133.000 2.521530
134.000 2.326803
135.000 2.320976
136.000 2.615349
137.000 2.597687
138.000 2.597687
139.000 2.523416
140.000 2.513779
141.000 2.593140
142.000 2.593140
143.000 1.764351
144.000 1.764351
145.000 2.629417
146.000 2.629417
147.000 2.565168
148.000 2.467819
149.000 2.569286
150.000 2.625488
151.000 2.625488
152.000 2.454010
153.000 2.454010
154.000 2.527397
155.000 2.589180
156.000 2.656761
157.000 2.656761
158.000 2.622467
159.000 2.622467
160.000 2.597969
161.000 2.570953
162.000 2.557110
163.000 2.545738
164.000 2.534899
165.000 2.524223
166.000 2.551949
167.000 2.551949
168.000 2.663191
169.000 2.665459
170.000 1.427780
171.000 1.427780
172.000 1.838880
173.000 2.593765
174.000 2.593765
175.000 2.593765
176.000 1.761607
177.000 1.831589
178.000 1.831589
179.000 2.010431
180.000 2.087769
181.000 2.581398
182.000 2.551721
183.000 2.202515
184.000 2.202515
185.000 2.202515
186.000 2.003761
187.000 2.003761
188.000 2.003761
189.000 2.549812
190.000 2.617653
191.000 2.357933
192.000 2.357933
193.000 2.330097
194.000 2.259239
195.000 2.209618
196.000 2.530174
197.000 2.530174
198.000 2.522171
199.000 2.522171
200.000 2.474735
201.000 2.366642
202.000 2.345055
203.000 2.351305
204.000 2.356026
205.000 2.414327
206.000 2.523376
207.000 2.373154
208.000 2.357898
209.000 2.140053
210.000 2.289131
211.000 2.289131
212.000 2.177768
213.000 2.179688
214.000 2.544670
215.000 2.564957
216.000 2.526465
217.000 2.516983
218.000 2.123515
219.000 1.960594
220.000 1.635880
221.000 1.635880
222.000 2.023350
223.000 2.405823
224.000 2.565727
225.000 2.565727
226.000 1.483551
227.000 1.483551
228.000 1.572221
229.000 1.759353
230.000 1.902832
231.000 2.630646
232.000 2.614662
233.000 2.614662
234.000 2.550392
235.000 2.550392
236.000 1.941620
237.000 1.941620
238.000 2.382439
239.000 2.382439
240.000 2.510731
241.000 2.564034
242.000 2.428374
243.000 2.360947
244.000 2.138642
245.000 2.088783
246.000 1.986496
247.000 1.986496
248.000 2.302081
249.000 2.569649
250.000 2.458218
251.000 2.457863
252.000 2.116698
253.000 1.887268
254.000 1.917367
255.000 1.933334
256.000 2.201138
257.000 2.440704
258.000 2.501855
259.000 2.552567
260.000 2.041611
261.000 2.041611
262.000 2.041611
263.000 2.041611
264.000 2.600471
265.000 2.600471
266.000 2.600471
267.000 2.393968
268.000 2.184326
269.000 2.184326
270.000 2.184326
271.000 2.184326
272.000 2.165387
273.000 2.134881
274.000 2.113045
275.000 2.113045
276.000 2.151925
277.000 2.237972
278.000 1.769035
279.000 1.769035
280.000 2.636581
281.000 2.636581
282.000 2.543800
283.000 2.543800
284.000 2.543800
285.000 2.123184
286.000 2.123184
287.000 2.123184
288.000 2.241002
289.000 2.492299
290.000 2.654404
291.000 1.958664
292.000 1.958664
293.000 1.547953
294.000 0.994315
295.000 0.440677
296.000 0.256325
297.000 0.256325
298.000 2.577492
299.000 2.602012
300.000 2.110821
301.000 1.937492
302.000 1.937492
303.000 1.937492
304.000 2.038452
305.000 2.038452
306.000 2.038452
307.000 2.052656
308.000 2.120023
309.000 2.187390
310.000 2.237846
311.000 1.769569
312.000 1.769569
313.000 1.912075
314.000 2.018158
315.000 2.423000
316.000 1.932869
317.000 1.932869
318.000 1.932869
319.000 1.932869
320.000 2.384295
321.000 2.287498
322.000 2.285042
323.000 2.285042
324.000 2.269555
325.000 2.243912
326.000 1.890312
327.000 1.719864
328.000 1.676916
329.000 1.484833
330.000 1.428012
331.000 1.401817
332.000 1.868581
333.000 2.589111
334.000 2.440510
335.000 2.181801
336.000 2.102885
337.000 1.958574
338.000 1.974969
339.000 2.006955
340.000 2.173073
341.000 2.473078
342.000 2.541658
343.000 2.553940
344.000 1.841522
345.000 1.841522
346.000 1.841825
347.000 1.842087
348.000 2.229996
349.000 2.620171
350.000 2.579742
351.000 2.579742
352.000 2.493808
353.000 2.333734
354.000 2.173425
355.000 1.808830
356.000 2.059342
357.000 2.463799
358.000 2.458889
359.000 2.449553
