0.000 0.106430
1.000 0.106430
2.000 0.106430
3.000 0.235680
4.000 0.235680
5.000 0.289196
6.000 0.367500
7.000 0.350711
8.000 0.302002
9.000 0.254306
10.000 0.220169
11.000 0.298897
12.000 0.629295
13.000 0.439257
14.000 0.327965
15.000 0.327965
16.000 0.572677
17.000 0.580879
18.000 0.388649
19.000 0.227867
20.000 0.227867
21.000 0.227867
22.000 0.330246
23.000 0.330246
24.000 0.288301
25.000 0.239986
26.000 0.228249
27.000 0.410198
28.000 0.468873
29.000 0.354675
30.000 0.383943
31.000 0.475649
32.000 0.312103
33.000 0.312103
34.000 0.375305
35.000 0.375305
36.000 0.401163
37.000 0.574654
38.000 0.567846
39.000 0.467865
40.000 0.503223
41.000 0.833216
42.000 1.031091
43.000 0.761453
44.000 0.601852
45.000 0.601852
46.000 0.582152
47.000 0.509903
48.000 0.509903
49.000 0.717473
50.000 0.841049
51.000 0.784849
52.000 0.725105
53.000 0.357841
54.000 0.364531
55.000 0.586418
56.000 0.654493
57.000 0.627564
58.000 0.615769
59.000 0.564292
60.000 0.581787
61.000 0.972908
62.000 0.402855
63.000 0.402855
64.000 0.402855
65.000 0.469475
66.000 0.469475
67.000 0.449157
68.000 0.446518
69.000 0.566530
70.000 0.660812
71.000 0.241943
72.000 0.241943
73.000 0.350395
74.000 0.350395
75.000 0.443359
76.000 0.433744
77.000 0.378533
78.000 0.370430
79.000 0.207880
80.000 0.203690
81.000 0.203690
82.000 0.203690
83.000 0.270531
84.000 0.270531
85.000 0.291550
86.000 0.299821
87.000 0.428528
88.000 0.428528
89.000 0.419785
90.000 0.419785
91.000 0.239899
92.000 0.239899
93.000 0.239899
94.000 0.432907
95.000 0.409057
96.000 0.360397
97.000 0.330986
98.000 0.269165
99.000 0.467895
100.000 0.494372
101.000 0.321960
102.000 0.332144
103.000 0.399551
104.000 0.396698
105.000 0.365128
106.000 0.235931
107.000 0.235931
108.000 0.237984
109.000 0.268097
110.000 0.274902
111.000 0.274902
112.000 0.198608
113.000 0.198608
114.000 0.216295
115.000 0.380203
116.000 0.159744
117.000 0.159744
118.000 0.159744
119.000 0.159744
120.000 0.159744
121.000 0.159744
122.000 0.159744
123.000 0.181984
124.000 0.181984
125.000 0.181984
126.000 0.181984
127.000 0.281502
128.000 0.281502
129.000 0.281502
130.000 0.281502
131.000 0.230438
132.000 0.230438
133.000 0.230438
134.000 0.248873
135.000 0.349258
136.000 0.349258
137.000 0.234543
138.000 0.234543
139.000 0.234543
140.000 0.349846
141.000 0.349846
142.000 0.349846
143.000 0.194435
144.000 0.194435
145.000 0.194435
146.000 0.194435
147.000 0.194740
148.000 0.196564
149.000 0.196564
150.000 0.196564
151.000 0.239441
152.000 0.239441
153.000 0.239441
154.000 0.239441
155.000 0.239441
156.000 0.348755
157.000 0.348755
158.000 0.348755
159.000 0.303886
160.000 0.303886
161.000 0.303886
162.000 0.303886
163.000 0.235191
164.000 0.235191
165.000 0.235191
166.000 0.240448
167.000 0.319115
168.000 0.319115
169.000 0.319115
170.000 0.182106
171.000 0.182106
172.000 0.182106
173.000 0.379204
174.000 0.379204
175.000 0.366520
176.000 0.340248
177.000 0.380486
178.000 0.472374
179.000 0.303078
180.000 0.303078
181.000 0.384415
182.000 0.254501
183.000 0.254501
184.000 0.254501
185.000 0.372108
186.000 0.252663
187.000 0.252663
188.000 0.252864
189.000 0.254776
190.000 0.254776
191.000 0.385246
192.000 0.325558
193.000 0.296059
194.000 0.320175
195.000 0.288033
196.000 0.288033
197.000 0.176849
198.000 0.176849
199.000 0.176849
200.000 0.176849
201.000 0.176849
202.000 0.409472
203.000 0.421028
204.000 0.301941
205.000 0.301941
206.000 0.322442
207.000 0.346382
208.000 0.346382
209.000 0.279762
210.000 0.279762
211.000 0.275352
212.000 0.275352
213.000 0.305954
214.000 0.305954
215.000 0.245499
216.000 0.245499
217.000 0.245499
218.000 0.317024
219.000 0.317024
220.000 0.282533
221.000 0.233689
222.000 0.230995
223.000 0.341187
224.000 0.178444
225.000 0.178444
226.000 0.150002
227.000 0.150002
228.000 0.254524
229.000 0.178497
230.000 0.178497
231.000 0.304489
232.000 0.298986
233.000 0.217024
234.000 0.213837
235.000 0.213837
236.000 0.200691
237.000 0.200691
238.000 0.248184
239.000 0.243619
240.000 0.234680
241.000 0.234680
242.000 0.339424
243.000 0.223999
244.000 0.157722
245.000 0.157722
246.000 0.317429
247.000 0.148033
248.000 0.148033
249.000 0.184868
250.000 0.252845
251.000 0.263797
252.000 0.207031
253.000 0.320938
254.000 0.308513
255.000 0.278557
256.000 0.251820
257.000 0.186630
258.000 0.288872
259.000 0.172447
260.000 0.358742
261.000 0.280982
262.000 0.215874
263.000 0.329819
264.000 0.285707
265.000 0.196381
266.000 0.196381
267.000 0.221024
268.000 0.418571
269.000 0.302445
270.000 0.224243
271.000 0.224243
272.000 0.322525
273.000 0.269351
274.000 0.199043
275.000 0.199043
276.000 0.204124
277.000 0.204124
278.000 0.270457
279.000 0.294945
280.000 0.178284
281.000 0.178284
282.000 0.197149
283.000 0.314201
284.000 0.254570
285.000 0.254570
286.000 0.257000
287.000 0.262444
288.000 0.262444
289.000 0.252688
290.000 0.236461
291.000 0.220233
292.000 0.214722
293.000 0.207404
294.000 0.174973
295.000 0.379539
296.000 0.296242
297.000 0.225868
298.000 0.225868
299.000 0.248466
300.000 0.324738
301.000 0.291210
302.000 0.217606
303.000 0.209999
304.000 0.299812
305.000 0.297633
306.000 0.273865
307.000 0.273865
308.000 0.324478
309.000 0.313410
310.000 0.284920
311.000 0.303963
312.000 0.306614
313.000 0.331451
314.000 0.320885
315.000 0.256630
316.000 0.324982
317.000 0.297380
318.000 0.276169
319.000 0.276169
320.000 0.239120
321.000 0.213172
322.000 0.208710
323.000 0.208710
324.000 0.214989
325.000 0.214989
326.000 0.309975
327.000 0.281866
328.000 0.194458
329.000 0.238556
330.000 0.245594
331.000 0.259779
332.000 0.272514
333.000 0.283960
334.000 0.296082
335.000 0.277111
336.000 0.264008
337.000 0.264008
338.000 0.171425
339.000 0.171425
340.000 0.198870
341.000 0.377007
342.000 0.280466
343.000 0.209938
344.000 0.299934
345.000 0.270779
346.000 0.221954
347.000 0.191093
348.000 0.123528
349.000 0.123528
350.000 0.225939
351.000 0.201037
352.000 0.186028
353.000 0.186203
354.000 0.178184
355.000 0.139954
356.000 0.139954
357.000 0.139954
358.000 0.276665
359.000 0.184891
