0.000 0.170105
1.000 0.170105
2.000 0.170105
3.000 2.432410
4.000 2.467018
5.000 2.494431
6.000 2.516655
7.000 2.479042
8.000 2.514214
9.000 2.431831
10.000 2.507316
11.000 2.500893
12.000 2.500893
13.000 2.500893
14.000 2.371223
15.000 2.371223
16.000 2.371223
17.000 2.386410
18.000 2.472157
19.000 2.504173
20.000 2.504173
21.000 2.504173
22.000 2.235466
23.000 2.235466
24.000 2.294640
25.000 2.549461
26.000 2.549461
27.000 2.507149
28.000 2.507149
29.000 2.463821
30.000 2.463821
31.000 2.330231
32.000 2.503822
33.000 2.514664
34.000 2.494689
35.000 2.492441
36.000 2.437553
37.000 2.460728
38.000 2.491539
39.000 2.466481
40.000 2.417740
41.000 2.418683
42.000 2.420532
43.000 2.501419
44.000 2.654808
45.000 2.582992
46.000 2.473213
47.000 2.485474
48.000 2.500984
49.000 2.438158
50.000 2.355713
51.000 2.389312
52.000 2.430023
53.000 2.446136
54.000 2.466019
55.000 2.480207
56.000 2.497314
57.000 2.500009
58.000 2.507174
59.000 2.518183
60.000 2.519501
61.000 2.367928
62.000 2.367928
63.000 2.396748
64.000 2.461128
65.000 2.461128
66.000 2.398743
67.000 2.398743
68.000 2.303253
69.000 2.303253
70.000 2.304888
71.000 2.504791
72.000 2.504791
73.000 2.335052
74.000 2.507462
75.000 2.507462
76.000 2.514343
77.000 2.529480
78.000 2.529480
79.000 2.489136
80.000 2.489136
81.000 2.529221
82.000 2.529221
83.000 2.324829
84.000 2.509217
85.000 2.521027
86.000 2.521027
87.000 2.434814
88.000 2.434814
89.000 2.525200
90.000 2.525200
91.000 2.525200
92.000 2.528178
93.000 2.533615
94.000 2.533615
95.000 2.533615
96.000 2.318560
97.000 2.223045
98.000 2.223045
99.000 2.244585
100.000 2.271095
101.000 2.405876
102.000 2.450306
103.000 2.491005
104.000 2.529839
105.000 2.400497
106.000 2.400497
107.000 2.251656
108.000 2.251656
109.000 2.360836
110.000 2.502296
111.000 2.502296
112.000 2.431649
113.000 2.400627
114.000 2.410998
115.000 2.423073
116.000 2.491356
117.000 2.411140
118.000 2.411140
119.000 2.099724
120.000 2.099724
121.000 2.662102
122.000 2.681778
123.000 2.501297
124.000 2.467008
125.000 2.170319
126.000 2.170319
127.000 2.445175
128.000 2.439139
129.000 2.336685
130.000 2.336685
131.000 2.484566
132.000 2.502052
133.000 2.518021
134.000 2.306190
135.000 2.306190
136.000 2.494514
137.000 2.494514
138.000 2.422890
139.000 2.422890
140.000 2.402650
141.000 2.398376
142.000 2.392273
143.000 2.392273
144.000 2.445206
145.000 2.459295
146.000 2.520332
147.000 2.507366
148.000 2.416344
149.000 2.410712
150.000 2.404213
151.000 2.403894
152.000 2.403076
153.000 2.402937
154.000 2.400002
155.000 2.358299
156.000 2.358299
157.000 2.428696
158.000 2.428696
159.000 2.437762
160.000 2.485199
161.000 2.487615
162.000 2.524521
163.000 2.501033
164.000 2.369247
165.000 2.357984
166.000 2.331100
167.000 2.333116
168.000 2.344643
169.000 2.389684
170.000 2.491096
171.000 2.452996
172.000 2.347412
173.000 2.389306
174.000 2.496979
175.000 2.478679
176.000 2.431953
177.000 2.433250
178.000 2.443532
179.000 2.443987
180.000 2.421494
181.000 2.413826
182.000 2.413826
183.000 2.422964
184.000 2.450745
185.000 2.230095
186.000 2.103394
187.000 2.152554
188.000 2.449730
189.000 2.449730
190.000 2.449730
191.000 2.336219
192.000 2.334846
193.000 2.334846
194.000 2.334846
195.000 2.487411
196.000 2.487411
197.000 2.487411
198.000 2.527635
199.000 2.566170
200.000 2.548780
201.000 2.488960
202.000 2.544310
203.000 2.548012
204.000 2.397079
205.000 2.399409
206.000 2.419827
207.000 2.436532
208.000 2.465996
209.000 2.472930
210.000 2.482269
211.000 2.487837
212.000 2.488586
213.000 2.500999
214.000 2.500999
215.000 2.456146
216.000 2.336319
217.000 2.336319
218.000 2.336319
219.000 2.365839
220.000 2.433839
221.000 2.485168
222.000 2.377792
223.000 2.377792
224.000 2.498405
225.000 2.498405
226.000 2.317764
227.000 2.317764
228.000 2.317764
229.000 2.288341
230.000 2.193092
231.000 2.193092
232.000 2.508545
233.000 2.510052
234.000 2.513763
235.000 2.504517
236.000 2.505625
237.000 2.507629
238.000 2.206856
239.000 2.206856
240.000 2.511875
241.000 2.512894
242.000 2.512894
243.000 2.494720
244.000 2.490105
245.000 2.388077
246.000 2.388077
247.000 2.388077
248.000 2.393564
249.000 2.382904
250.000 2.382904
251.000 2.482689
252.000 2.479112
253.000 2.360316
254.000 2.347687
255.000 2.425056
256.000 2.313972
257.000 2.313972
258.000 2.520889
259.000 2.454460
260.000 2.454460
261.000 2.454460
262.000 2.456689
263.000 2.459154
264.000 2.461619
265.000 2.446114
266.000 2.446114
267.000 2.495827
268.000 2.495827
269.000 2.314161
270.000 2.233360
271.000 2.233360
272.000 2.306102
273.000 2.505600
274.000 2.505600
275.000 2.494711
276.000 2.483742
277.000 2.483742
278.000 2.561859
279.000 2.561859
280.000 2.386696
281.000 2.386696
282.000 2.146332
283.000 2.146332
284.000 2.146332
285.000 2.511688
286.000 2.511688
287.000 2.515198
288.000 2.515198
289.000 2.515198
290.000 2.409569
291.000 2.409569
292.000 2.288208
293.000 2.288208
294.000 2.288208
295.000 2.315309
296.000 2.358185
297.000 2.358185
298.000 2.500298
299.000 2.500298
300.000 2.665514
301.000 2.690598
302.000 2.446312
303.000 2.514420
304.000 2.491089
305.000 2.491089
306.000 2.323830
307.000 2.323830
308.000 2.507790
309.000 2.487484
310.000 2.487175
311.000 2.487175
312.000 2.139236
313.000 2.139236
314.000 2.334970
315.000 2.421303
316.000 2.468666
317.000 2.468666
318.000 2.265060
319.000 2.265060
320.000 2.368912
321.000 2.416397
322.000 2.459808
323.000 2.459917
324.000 2.471813
325.000 2.476486
326.000 2.492657
327.000 2.509384
328.000 2.388023
329.000 2.388023
330.000 2.513611
331.000 2.513611
332.000 2.500364
333.000 2.494492
334.000 2.494269
335.000 2.469231
336.000 2.519569
337.000 2.519569
338.000 2.476555
339.000 2.476555
340.000 2.166223
341.000 2.135277
342.000 2.312852
343.000 2.354362
344.000 2.353106
345.000 2.352859
346.000 2.509125
347.000 2.507570
348.000 2.379845
349.000 2.379845
350.000 2.391464
351.000 2.391464
352.000 2.500298
353.000 2.500298
354.000 2.413417
355.000 2.300674
356.000 2.300674
357.000 2.514610
358.000 2.514610
359.000 2.510476
