0.000 0.273018
1.000 0.273018
2.000 0.273018
3.000 3.315903
4.000 2.990616
5.000 3.064299
6.000 2.697130
7.000 3.714649
8.000 3.787161
9.000 3.469442
10.000 2.836467
11.000 3.256893
12.000 4.172369
13.000 4.240222
14.000 3.976341
15.000 3.712461
16.000 3.448580
17.000 3.184699
18.000 2.920819
19.000 2.656938
20.000 2.683695
21.000 3.127564
22.000 3.216728
23.000 3.216728
24.000 3.216728
25.000 3.216728
26.000 3.409515
27.000 3.409515
28.000 3.409515
29.000 3.409515
30.000 3.409515
31.000 3.072403
32.000 2.609156
33.000 2.145910
34.000 1.682663
35.000 1.656815
36.000 3.255074
37.000 3.255074
38.000 3.913452
39.000 3.913452
40.000 1.910194
41.000 1.910194
42.000 1.910194
43.000 1.910194
44.000 1.910194
45.000 1.910194
46.000 2.849411
47.000 2.849411
48.000 2.849411
49.000 3.171139
50.000 3.325935
51.000 3.325935
52.000 1.983246
53.000 1.983246
54.000 1.983246
55.000 3.194644
56.000 3.267135
57.000 3.292564
58.000 3.292564
59.000 3.292564
60.000 3.466236
61.000 3.514641
62.000 3.562714
63.000 3.562714
64.000 3.562714
65.000 3.471348
66.000 3.187622
67.000 2.907394
68.000 2.485077
69.000 2.485077
70.000 2.485077
71.000 2.461745
72.000 1.965448
73.000 1.494049
74.000 1.494049
75.000 1.494049
76.000 2.363335
77.000 2.848259
78.000 2.848259
79.000 2.723685
80.000 1.716758
81.000 1.586571
82.000 3.402130
83.000 3.821841
84.000 4.079353
85.000 2.844910
86.000 2.851740
87.000 3.315829
88.000 3.400998
89.000 3.286987
90.000 3.292986
91.000 3.597235
92.000 3.623553
93.000 4.915756
94.000 3.370331
95.000 3.370331
96.000 2.897720
97.000 2.897720
98.000 2.897720
99.000 2.288521
100.000 2.288521
101.000 2.293262
102.000 2.359371
103.000 2.425480
104.000 2.467293
105.000 2.467293
106.000 2.467293
107.000 2.023483
108.000 2.023483
109.000 2.023483
110.000 2.023483
111.000 2.023483
112.000 2.707827
113.000 2.442145
114.000 2.176463
115.000 1.910781
116.000 1.853271
117.000 3.288628
118.000 2.575220
119.000 2.320407
120.000 2.065593
121.000 1.810780
122.000 1.990387
123.000 2.175926
124.000 2.175926
125.000 1.709901
126.000 1.753281
127.000 1.765160
128.000 1.765160
129.000 1.832787
130.000 1.832787
131.000 1.957108
132.000 1.957108
133.000 2.199127
134.000 2.199127
135.000 2.114267
136.000 1.787527
137.000 1.812088
138.000 3.461922
139.000 3.099882
140.000 3.091209
141.000 3.737997
142.000 3.853966
143.000 3.388329
144.000 3.320114
145.000 3.036461
146.000 3.036461
147.000 2.430702
148.000 2.430702
149.000 2.038429
150.000 2.038429
151.000 2.038429
152.000 2.038429
153.000 1.554496
154.000 1.553537
155.000 1.552579
156.000 1.552231
157.000 1.552231
158.000 1.552231
159.000 1.552231
160.000 1.585156
161.000 1.546394
162.000 1.546394
163.000 1.509674
164.000 1.509674
165.000 2.280411
166.000 2.087296
167.000 2.087296
168.000 1.921593
169.000 1.921593
170.000 1.709356
171.000 1.597931
172.000 3.895027
173.000 3.455620
174.000 3.455620
175.000 3.021294
176.000 3.021294
177.000 3.361923
178.000 3.361923
179.000 3.356487
180.000 3.352821
181.000 3.446879
182.000 3.519989
183.000 3.186655
184.000 2.928085
185.000 3.879752
186.000 4.915627
187.000 3.852099
188.000 3.038612
189.000 4.118811
190.000 5.385529
191.000 4.093369
192.000 3.067429
193.000 3.134157
194.000 3.188446
195.000 2.347801
196.000 2.043938
197.000 2.316534
198.000 2.485283
199.000 3.054022
200.000 3.453308
201.000 2.637689
202.000 2.219589
203.000 3.358045
204.000 4.281364
205.000 0.877998
206.000 0.877998
207.000 1.246006
208.000 1.387665
209.000 2.802390
210.000 3.969894
211.000 1.205833
212.000 1.205833
213.000 2.963282
214.000 4.738495
215.000 1.765373
216.000 1.765373
217.000 1.973953
218.000 1.973953
219.000 1.910232
220.000 1.905327
221.000 2.002613
222.000 2.014359
223.000 2.335008
224.000 2.568405
225.000 2.094213
226.000 1.899567
227.000 2.750325
228.000 3.527008
229.000 2.993741
230.000 2.625908
231.000 1.970683
232.000 1.775917
233.000 2.382909
234.000 2.916916
235.000 2.980050
236.000 3.035416
237.000 4.042616
238.000 5.288094
239.000 4.215825
240.000 2.963524
241.000 2.985035
242.000 3.010048
243.000 3.254092
244.000 3.546310
245.000 3.426697
246.000 3.290688
247.000 4.052721
248.000 5.056366
249.000 4.425720
250.000 3.595612
251.000 4.062276
252.000 4.774096
253.000 4.170528
254.000 3.388629
255.000 4.188639
256.000 5.337242
257.000 5.484282
258.000 5.417477
259.000 5.287965
260.000 5.129669
261.000 5.257670
262.000 5.456272
263.000 4.685054
264.000 3.657558
265.000 4.277223
266.000 5.221709
267.000 4.409502
268.000 3.459869
269.000 3.650314
270.000 3.872528
271.000 3.698483
272.000 3.500542
273.000 2.519863
274.000 1.819038
275.000 3.506485
276.000 5.640625
277.000 4.869770
278.000 3.973404
279.000 3.951621
280.000 3.923775
281.000 4.613875
282.000 5.531908
283.000 4.689736
284.000 3.534973
285.000 4.304764
286.000 5.318025
287.000 4.650763
288.000 3.680435
289.000 3.771403
290.000 3.891861
291.000 3.406512
292.000 2.834618
293.000 1.709155
294.000 1.187416
295.000 2.790905
296.000 4.946954
297.000 4.180083
298.000 3.202103
299.000 3.936304
300.000 4.844536
301.000 4.458565
302.000 4.042984
303.000 3.698909
304.000 3.294807
305.000 3.235579
306.000 3.163010
307.000 3.384688
308.000 3.642105
309.000 4.365261
310.000 5.332413
311.000 4.490870
312.000 3.504066
313.000 1.762374
314.000 1.120293
315.000 1.150778
316.000 1.159782
317.000 2.090286
318.000 3.195099
319.000 3.954566
320.000 4.912323
321.000 3.803143
322.000 2.888855
323.000 3.393467
324.000 3.945213
325.000 3.703896
326.000 3.450630
327.000 3.403191
328.000 3.361923
329.000 1.489610
330.000 0.992432
331.000 1.096146
332.000 1.096146
333.000 2.454760
334.000 3.236221
335.000 2.213712
336.000 1.692566
337.000 2.402648
338.000 3.189278
339.000 1.248985
340.000 1.248985
341.000 2.555884
342.000 3.712791
343.000 4.384619
344.000 5.266693
345.000 3.638591
346.000 3.301346
347.000 3.962046
348.000 4.582764
349.000 1.912025
350.000 1.912025
351.000 1.589790
352.000 1.589790
353.000 1.578574
354.000 1.572426
355.000 2.488242
356.000 3.146286
357.000 3.917813
358.000 4.582428
359.000 1.837013
