0.000 1.447807
1.000 1.447807
2.000 2.622581
3.000 3.635628
4.000 1.981697
5.000 1.981697
6.000 2.763680
7.000 2.763680
8.000 1.667508
9.000 0.670464
10.000 0.670464
11.000 0.670464
12.000 0.670464
13.000 0.670464
14.000 0.670464
15.000 0.670464
16.000 0.893028
17.000 0.893028
18.000 3.366119
19.000 3.084946
20.000 2.559975
21.000 2.350197
22.000 1.735481
23.000 1.170410
24.000 1.170410
25.000 1.572143
26.000 2.108444
27.000 1.724495
28.000 1.724495
29.000 3.636787
30.000 3.472196
31.000 3.074883
32.000 2.572105
33.000 2.269745
34.000 2.269745
35.000 2.269745
36.000 2.269745
37.000 3.224793
38.000 3.250345
39.000 3.275896
40.000 3.295273
41.000 3.295273
42.000 2.623680
43.000 2.737930
44.000 2.737930
45.000 2.818329
46.000 2.757353
47.000 2.655930
48.000 2.911797
49.000 2.465797
50.000 2.326424
51.000 2.326424
52.000 2.872253
53.000 2.975158
54.000 3.162132
55.000 3.234184
56.000 2.535042
57.000 2.535042
58.000 3.255989
59.000 3.217562
60.000 2.827499
61.000 2.827499
62.000 2.929039
63.000 2.929039
64.000 2.452682
65.000 2.458861
66.000 2.581512
67.000 2.581512
68.000 2.508118
69.000 2.508118
70.000 1.838707
71.000 1.838707
72.000 2.029358
73.000 2.029358
74.000 2.949753
75.000 2.949753
76.000 2.558586
77.000 2.558586
78.000 2.993469
79.000 2.993469
80.000 2.654457
81.000 2.654457
82.000 2.298439
83.000 2.298439
84.000 1.836563
85.000 1.836563
86.000 3.237328
87.000 3.237328
88.000 2.774567
89.000 2.774567
90.000 3.027054
91.000 3.027054
92.000 1.809700
93.000 1.809700
94.000 3.216873
95.000 3.216873
96.000 2.572525
97.000 2.572525
98.000 3.118919
99.000 3.118919
100.000 2.327507
101.000 2.327507
102.000 2.198112
103.000 2.198112
104.000 1.707397
105.000 1.707397
106.000 2.543526
107.000 2.543526
108.000 1.116463
109.000 1.116463
110.000 2.451752
111.000 2.451752
112.000 1.315048
113.000 1.315048
114.000 1.315048
115.000 1.315048
116.000 1.315048
117.000 1.886703
118.000 1.886703
119.000 1.886703
120.000 1.623161
121.000 1.623161
122.000 1.623161
123.000 1.623161
124.000 1.614754
125.000 1.614754
126.000 1.614754
127.000 2.882368
128.000 3.219566
129.000 1.808807
130.000 1.808807
131.000 1.277611
132.000 1.277611
133.000 1.277611
134.000 1.277611
135.000 1.277611
136.000 1.277611
137.000 1.493105
138.000 1.556419
139.000 1.556419
140.000 1.556419
141.000 1.556419
142.000 0.299149
143.000 0.299149
144.000 0.299149
145.000 0.299149
146.000 0.299149
147.000 0.299149
148.000 0.299149
149.000 0.299149
150.000 0.299149
151.000 1.683165
152.000 1.665459
153.000 1.665459
154.000 1.673279
155.000 2.127208
156.000 2.091768
157.000 2.066574
158.000 2.255775
159.000 2.255775
160.000 2.393071
161.000 2.441460
162.000 2.441460
163.000 2.910118
164.000 2.910118
165.000 2.910118
166.000 2.910118
167.000 2.910118
168.000 2.910118
169.000 2.910118
170.000 2.910118
171.000 2.910118
172.000 1.854594
173.000 1.805600
174.000 1.756606
175.000 1.707612
176.000 1.658618
177.000 1.633217
178.000 1.633217
179.000 1.633217
180.000 1.633217
181.000 2.513444
182.000 2.868744
183.000 3.070137
184.000 2.722847
185.000 2.722847
186.000 2.722847
187.000 3.236572
188.000 3.146086
189.000 1.825394
190.000 1.825394
191.000 1.825394
192.000 3.233460
193.000 3.114899
194.000 2.424339
195.000 2.180313
196.000 2.578026
197.000 2.578026
198.000 2.885384
199.000 2.885384
200.000 1.166672
201.000 1.166672
202.000 1.166672
203.000 1.166672
204.000 1.166672
205.000 1.166672
206.000 1.166672
207.000 1.166672
208.000 1.166672
209.000 3.048126
210.000 2.985075
211.000 2.922024
212.000 2.858972
213.000 2.834740
214.000 2.834740
215.000 1.979507
216.000 1.979507
217.000 2.507980
218.000 0.759483
219.000 0.759483
220.000 0.759483
221.000 0.759483
222.000 0.759483
223.000 0.759483
224.000 0.759483
225.000 0.759483
226.000 0.759483
227.000 0.759483
228.000 0.759483
229.000 0.759483
230.000 2.222846
231.000 2.330650
232.000 2.330650
233.000 2.330650
234.000 1.572655
235.000 1.572655
236.000 1.572655
237.000 1.572655
238.000 1.616585
239.000 1.616585
240.000 1.616585
241.000 1.106956
242.000 1.106956
243.000 1.106956
244.000 1.106956
245.000 1.106956
246.000 1.106956
247.000 1.106956
248.000 1.106956
249.000 1.106956
250.000 1.106956
251.000 0.147392
252.000 0.147392
253.000 0.147392
254.000 0.147392
255.000 0.147392
256.000 0.147392
257.000 0.147392
258.000 0.147392
259.000 0.147392
260.000 0.147392
261.000 1.079323
262.000 1.079323
263.000 1.490013
264.000 1.493957
265.000 2.361984
266.000 2.110435
267.000 2.732536
268.000 2.732536
269.000 2.468025
270.000 1.829247
271.000 1.829247
272.000 1.829247
273.000 2.202999
274.000 2.398323
275.000 2.398323
276.000 1.395370
277.000 1.395370
278.000 2.036270
279.000 2.036270
280.000 2.063316
281.000 2.063316
282.000 2.063316
283.000 2.233111
284.000 2.761178
285.000 3.163895
286.000 3.163895
287.000 3.115059
288.000 3.115059
289.000 2.308792
290.000 3.227966
291.000 3.227966
292.000 2.373886
293.000 3.227264
294.000 3.227264
295.000 2.560679
296.000 2.087509
297.000 2.087509
298.000 2.087509
299.000 1.882168
300.000 1.800514
301.000 1.800514
302.000 3.185875
303.000 1.990654
304.000 1.990654
305.000 2.898354
306.000 1.399948
307.000 1.399948
308.000 1.399948
309.000 1.399948
310.000 1.399948
311.000 1.399948
312.000 1.399948
313.000 1.399948
314.000 2.941522
315.000 2.886798
316.000 2.832074
317.000 2.824699
318.000 1.331955
319.000 2.408928
320.000 3.160736
321.000 3.160736
322.000 2.825653
323.000 2.825653
324.000 2.825653
325.000 2.825653
326.000 2.825653
327.000 2.825653
328.000 2.825653
329.000 2.825653
330.000 3.119822
331.000 3.072710
332.000 3.025598
333.000 2.978486
334.000 2.931374
335.000 2.884262
336.000 2.837150
337.000 2.816109
338.000 2.816109
339.000 3.228722
340.000 3.021057
341.000 3.021057
342.000 2.820908
343.000 3.462166
344.000 3.462166
345.000 2.322563
346.000 2.322563
347.000 2.322563
348.000 2.926586
349.000 2.781433
350.000 2.781433
351.000 2.646614
352.000 3.141426
353.000 3.141426
354.000 2.684593
355.000 2.684593
356.000 3.211395
357.000 3.211395
358.000 3.211395
359.000 3.157463
