0.000 0.307007
1.000 0.307007
2.000 2.201294
3.000 2.978928
4.000 1.217262
5.000 1.257183
6.000 1.329041
7.000 1.355752
8.000 1.402245
9.000 1.585997
10.000 1.910732
11.000 1.887153
12.000 1.819893
13.000 2.251753
14.000 3.013611
15.000 2.931079
16.000 2.444359
17.000 1.303835
18.000 0.563866
19.000 1.057535
20.000 1.924141
21.000 2.252884
22.000 2.832829
23.000 2.733593
24.000 2.204360
25.000 2.212096
26.000 2.412649
27.000 2.821234
28.000 3.462037
29.000 3.453265
30.000 3.066385
31.000 2.859106
32.000 2.710142
33.000 2.490559
34.000 2.148322
35.000 2.342652
36.000 2.780344
37.000 3.167249
38.000 3.789006
39.000 2.202156
40.000 1.574097
41.000 1.773302
42.000 2.141617
43.000 2.337460
44.000 2.684177
45.000 2.480156
46.000 1.920696
47.000 1.719290
48.000 1.639801
49.000 1.292557
50.000 1.214706
51.000 1.240030
52.000 1.284782
53.000 1.283011
54.000 1.264058
55.000 1.279712
56.000 1.308719
57.000 1.437633
58.000 1.653713
59.000 1.838373
60.000 2.057440
61.000 2.012856
62.000 1.877266
63.000 1.753115
64.000 1.533709
65.000 1.090177
66.000 0.252495
67.000 0.659312
68.000 1.383376
69.000 1.503868
70.000 1.306177
71.000 1.487286
72.000 1.887262
73.000 2.017405
74.000 2.026916
75.000 2.030235
76.000 2.030235
77.000 2.173017
78.000 2.424903
79.000 2.548311
80.000 2.606000
81.000 2.473939
82.000 2.206209
83.000 1.948049
84.000 1.749214
85.000 1.891725
86.000 2.081627
87.000 2.189885
88.000 2.313103
89.000 1.871781
90.000 1.369583
91.000 1.960498
92.000 3.002949
93.000 2.860837
94.000 2.474571
95.000 2.322114
96.000 2.126900
97.000 2.325262
98.000 2.599136
99.000 2.493217
100.000 2.493217
101.000 2.757736
102.000 2.757736
103.000 2.567543
104.000 2.567543
105.000 2.246758
106.000 2.246758
107.000 2.647046
108.000 2.948647
109.000 3.146851
110.000 3.146851
111.000 3.201981
112.000 3.201981
113.000 2.400108
114.000 2.400108
115.000 2.400108
116.000 2.609062
117.000 2.609062
118.000 2.609062
119.000 2.674736
120.000 2.674736
121.000 2.674736
122.000 2.729727
123.000 2.744995
124.000 2.654885
125.000 2.222092
126.000 1.985161
127.000 2.114127
128.000 2.261391
129.000 2.617519
130.000 2.728004
131.000 1.679098
132.000 2.426834
133.000 0.812714
134.000 2.493190
135.000 1.691971
136.000 1.868973
137.000 2.172882
138.000 2.297166
139.000 2.516419
140.000 2.676945
141.000 2.864265
142.000 3.045897
143.000 3.251404
144.000 3.309662
145.000 3.412437
146.000 3.035400
147.000 2.348789
148.000 2.312731
149.000 2.392469
150.000 2.736059
151.000 3.307106
152.000 3.179988
153.000 2.768370
154.000 2.464329
155.000 2.141732
156.000 2.053237
157.000 2.092626
158.000 1.984641
159.000 1.782011
160.000 1.687702
161.000 1.652267
162.000 1.761698
163.000 1.955090
164.000 2.149144
165.000 2.423420
166.000 2.169837
167.000 1.900703
168.000 1.983106
169.000 2.120766
170.000 2.100601
171.000 2.080643
172.000 2.277486
173.000 2.624743
174.000 2.682934
175.000 2.672874
176.000 2.496605
177.000 2.301369
178.000 2.350116
179.000 2.375008
180.000 1.891418
181.000 1.891418
182.000 1.918538
183.000 1.967592
184.000 2.575695
185.000 2.751122
186.000 2.376593
187.000 2.098671
188.000 2.858139
189.000 2.858139
190.000 2.060898
191.000 2.060898
192.000 2.067447
193.000 2.079001
194.000 1.662644
195.000 1.465584
196.000 1.839502
197.000 2.346710
198.000 1.392970
199.000 0.827080
200.000 1.290604
201.000 1.730713
202.000 2.317991
203.000 2.354614
204.000 1.115990
205.000 1.115990
206.000 1.565285
207.000 1.565285
208.000 2.302963
209.000 2.302963
210.000 2.400429
211.000 2.529358
212.000 1.918068
213.000 1.918068
214.000 1.537834
215.000 1.537834
216.000 1.537834
217.000 1.924888
218.000 2.098259
219.000 2.098259
220.000 2.421181
221.000 2.012924
222.000 1.318901
223.000 1.318901
224.000 1.318901
225.000 1.462070
226.000 1.737244
227.000 2.079018
228.000 2.050713
229.000 2.050713
230.000 1.679314
231.000 1.679314
232.000 2.356881
233.000 2.805260
234.000 1.323761
235.000 1.323761
236.000 1.718597
237.000 1.718597
238.000 1.783852
239.000 1.783852
240.000 2.213216
241.000 2.623947
242.000 1.758034
243.000 1.758034
244.000 2.397214
245.000 3.258614
246.000 1.361435
247.000 1.361435
248.000 1.339783
249.000 1.339783
250.000 1.767502
251.000 1.767502
252.000 1.742188
253.000 1.742188
254.000 2.029351
255.000 2.246201
256.000 1.848773
257.000 1.381248
258.000 1.504698
259.000 1.523170
260.000 1.527435
261.000 1.527435
262.000 1.604601
263.000 1.714653
264.000 1.721720
265.000 1.733566
266.000 1.507900
267.000 1.220512
268.000 1.639286
269.000 2.381988
270.000 2.137232
271.000 1.768051
272.000 1.948394
273.000 2.042763
274.000 2.891359
275.000 3.136032
276.000 1.736549
277.000 1.736549
278.000 2.889153
279.000 2.889153
280.000 3.042083
281.000 3.152962
282.000 1.754036
283.000 1.754036
284.000 2.173746
285.000 2.271446
286.000 2.668046
287.000 3.111259
288.000 2.716089
289.000 2.360527
290.000 2.600112
291.000 2.914452
292.000 3.063047
293.000 3.325189
294.000 3.618585
295.000 4.251709
296.000 3.607022
297.000 3.213470
298.000 2.941151
299.000 2.211273
300.000 2.621887
301.000 2.621887
302.000 2.455406
303.000 2.417282
304.000 2.643224
305.000 3.345229
306.000 3.312100
307.000 2.893512
308.000 2.818066
309.000 2.689522
310.000 2.646919
311.000 2.512352
312.000 1.797531
313.000 1.797531
314.000 1.797531
315.000 1.797531
316.000 1.797531
317.000 1.797531
318.000 2.275567
319.000 2.232208
320.000 2.232208
321.000 2.232208
322.000 2.077704
323.000 1.857986
324.000 1.857986
325.000 1.806003
326.000 1.621568
327.000 1.442291
328.000 1.442291
329.000 1.806793
330.000 1.765377
331.000 1.198601
332.000 2.001579
333.000 2.188647
334.000 2.270973
335.000 1.568336
336.000 1.665876
337.000 1.901016
338.000 2.037462
339.000 2.441216
340.000 2.141005
341.000 1.812805
342.000 1.530334
343.000 1.365303
344.000 1.791252
345.000 1.791252
346.000 2.410545
347.000 2.410545
348.000 2.364182
349.000 2.364182
350.000 2.254914
351.000 1.939880
352.000 1.939880
353.000 2.001259
354.000 1.936074
355.000 1.760933
356.000 2.133992
357.000 3.293093
358.000 2.589949
359.000 1.761383
