0.000 0.256264
1.000 0.256264
2.000 0.672951
3.000 0.672951
4.000 1.981473
5.000 1.867723
6.000 1.753974
7.000 1.670792
8.000 2.058182
9.000 2.337311
10.000 2.362219
11.000 2.547945
12.000 0.812386
13.000 1.146294
14.000 1.286075
15.000 1.367699
16.000 1.052422
17.000 1.052422
18.000 1.544948
19.000 1.540984
20.000 1.212311
21.000 0.942642
22.000 1.688713
23.000 2.752357
24.000 1.591095
25.000 1.591095
26.000 1.710375
27.000 1.555559
28.000 1.479050
29.000 2.013471
30.000 1.851479
31.000 1.851479
32.000 1.999374
33.000 2.057691
34.000 2.437103
35.000 1.912234
36.000 1.781075
37.000 1.892822
38.000 2.059692
39.000 3.423004
40.000 2.410179
41.000 2.410179
42.000 1.414352
43.000 1.414352
44.000 1.929260
45.000 1.929260
46.000 2.502052
47.000 2.502052
48.000 2.439134
49.000 2.189186
50.000 2.189186
51.000 2.189186
52.000 2.842476
53.000 2.842476
54.000 3.388603
55.000 3.388603
56.000 2.452148
57.000 2.452148
58.000 1.905525
59.000 1.745018
60.000 1.745018
61.000 3.174652
62.000 2.708527
63.000 2.986526
64.000 2.599388
65.000 1.644127
66.000 2.711060
67.000 2.636810
68.000 2.636810
69.000 2.884659
70.000 2.881744
71.000 2.881744
72.000 1.796120
73.000 1.796120
74.000 3.070038
75.000 3.070038
76.000 1.911423
77.000 1.911423
78.000 2.643074
79.000 2.643074
80.000 2.347319
81.000 2.211449
82.000 2.211449
83.000 2.211449
84.000 2.211449
85.000 2.211449
86.000 2.494591
87.000 2.494591
88.000 2.494591
89.000 2.494591
90.000 2.485979
91.000 2.465220
92.000 2.454086
93.000 2.454086
94.000 1.428917
95.000 1.428917
96.000 1.428917
97.000 2.828516
98.000 2.867714
99.000 2.203880
100.000 2.203880
101.000 2.429665
102.000 2.092072
103.000 1.854424
104.000 1.781380
105.000 1.781380
106.000 2.074878
107.000 2.271843
108.000 2.443047
109.000 2.443047
110.000 1.907143
111.000 1.907143
112.000 3.005348
113.000 3.005348
114.000 2.214790
115.000 2.214790
116.000 2.645630
117.000 2.645630
118.000 1.473160
119.000 1.473160
120.000 1.561218
121.000 1.561218
122.000 1.536835
123.000 1.536835
124.000 2.429878
125.000 2.429878
126.000 2.957573
127.000 2.957573
128.000 2.841129
129.000 2.818283
130.000 2.550618
131.000 2.347038
132.000 2.394775
133.000 2.394775
134.000 0.801292
135.000 0.801292
136.000 0.801292
137.000 0.801292
138.000 0.801292
139.000 0.801292
140.000 0.801292
141.000 2.121643
142.000 2.121643
143.000 2.121643
144.000 2.170456
145.000 2.170456
146.000 1.679184
147.000 1.679184
148.000 1.679184
149.000 2.491570
150.000 2.491570
151.000 1.286720
152.000 1.286720
153.000 1.286720
154.000 0.695251
155.000 0.695251
156.000 0.695251
157.000 0.695251
158.000 2.601570
159.000 2.705383
160.000 2.705383
161.000 1.908875
162.000 2.080238
163.000 1.184792
164.000 1.184792
165.000 1.184792
166.000 2.233208
167.000 1.978998
168.000 1.972061
169.000 3.421486
170.000 3.301299
171.000 3.227135
172.000 3.227135
173.000 3.031746
174.000 2.910312
175.000 2.893021
176.000 1.948992
177.000 1.442291
178.000 2.218815
179.000 2.784813
180.000 2.436345
181.000 2.365982
182.000 2.365982
183.000 2.365982
184.000 2.849655
185.000 2.849655
186.000 1.746872
187.000 1.746872
188.000 1.746872
189.000 1.571136
190.000 1.571136
191.000 2.187881
192.000 2.187881
193.000 2.947455
194.000 3.458076
195.000 0.896431
196.000 0.896431
197.000 0.896431
198.000 0.896431
199.000 0.896431
200.000 0.896431
201.000 0.896431
202.000 0.896431
203.000 0.896431
204.000 2.776156
205.000 3.007019
206.000 3.007019
207.000 3.007019
208.000 2.420113
209.000 2.420113
210.000 2.420113
211.000 2.709183
212.000 2.709183
213.000 3.041397
214.000 3.041397
215.000 3.041397
216.000 3.399348
217.000 3.570724
218.000 3.570724
219.000 3.570724
220.000 3.570000
221.000 3.570000
222.000 3.570000
223.000 2.204468
224.000 2.204468
225.000 2.204468
226.000 2.512474
227.000 2.512474
228.000 2.512474
229.000 4.905345
230.000 5.018196
231.000 3.608154
232.000 3.608154
233.000 2.456642
234.000 2.456642
235.000 2.536545
236.000 2.536545
237.000 2.761429
238.000 3.298576
239.000 3.298576
240.000 2.570541
241.000 2.570541
242.000 1.861115
243.000 1.861115
244.000 1.861115
245.000 1.961983
246.000 1.961983
247.000 1.961983
248.000 2.654190
249.000 2.458153
250.000 2.458153
251.000 2.188171
252.000 2.188171
253.000 2.462395
254.000 2.462395
255.000 3.614304
256.000 3.614304
257.000 3.443161
258.000 3.443161
259.000 1.663475
260.000 1.663475
261.000 1.663475
262.000 1.663475
263.000 3.035329
264.000 2.974663
265.000 2.974663
266.000 3.089552
267.000 3.526706
268.000 3.603584
269.000 3.603584
270.000 2.096085
271.000 2.096085
272.000 2.337540
273.000 2.337540
274.000 3.282394
275.000 3.282394
276.000 3.462547
277.000 3.462547
278.000 2.507004
279.000 2.507004
280.000 0.873543
281.000 0.873543
282.000 0.873543
283.000 0.873543
284.000 1.589996
285.000 1.589996
286.000 1.589996
287.000 1.478531
288.000 1.478531
289.000 1.688995
290.000 1.688995
291.000 2.407341
292.000 2.407341
293.000 1.662025
294.000 1.662025
295.000 0.877937
296.000 0.877937
297.000 0.877937
298.000 0.877937
299.000 1.491508
300.000 1.491508
301.000 2.521561
302.000 1.810120
303.000 1.810120
304.000 2.519310
305.000 2.519310
306.000 1.932213
307.000 1.932213
308.000 2.350677
309.000 2.009636
310.000 2.009636
311.000 1.572250
312.000 1.572250
313.000 1.572250
314.000 1.935478
315.000 1.935478
316.000 1.935478
317.000 2.099587
318.000 2.121864
319.000 2.121864
320.000 1.469475
321.000 1.469475
322.000 1.469154
323.000 1.926880
324.000 1.926880
325.000 2.075194
326.000 2.104546
327.000 1.406792
328.000 1.406792
329.000 2.118896
330.000 2.118896
331.000 2.039558
332.000 2.039558
333.000 2.751831
334.000 2.239304
335.000 2.239304
336.000 2.250824
337.000 1.559525
338.000 1.559525
339.000 1.559525
340.000 2.024868
341.000 1.966957
342.000 1.966957
343.000 1.981356
344.000 2.097328
345.000 2.097328
346.000 2.453926
347.000 2.453926
348.000 1.995422
349.000 1.969658
350.000 1.969658
351.000 1.969658
352.000 1.858444
353.000 1.858444
354.000 2.176656
355.000 2.562775
356.000 2.581380
357.000 2.747784
358.000 2.056534
359.000 3.481842
