0.000 0.087692
1.000 0.087692
2.000 0.087692
3.000 0.087692
4.000 0.140701
5.000 0.140701
6.000 0.140701
7.000 0.153808
8.000 0.279561
9.000 0.181427
10.000 0.181427
11.000 0.181427
12.000 0.063324
13.000 0.063324
14.000 0.063324
15.000 0.063324
16.000 0.063324
17.000 0.562279
18.000 0.314346
19.000 0.314346
20.000 0.314346
21.000 0.314346
22.000 0.314346
23.000 0.766678
24.000 0.766678
25.000 0.474945
26.000 0.474945
27.000 0.474751
28.000 0.473254
29.000 0.471756
30.000 0.471268
31.000 0.471268
32.000 0.320816
33.000 0.320816
34.000 0.355270
35.000 0.064087
36.000 0.064087
37.000 0.064087
38.000 0.064087
39.000 0.064087
40.000 0.064087
41.000 0.064087
42.000 0.064087
43.000 0.358696
44.000 0.358696
45.000 0.661613
46.000 0.661613
47.000 0.247147
48.000 0.247147
49.000 0.040894
50.000 0.040894
51.000 0.040894
52.000 0.040894
53.000 0.040894
54.000 0.040894
55.000 0.040894
56.000 0.040894
57.000 0.040894
58.000 0.040894
59.000 0.040894
60.000 0.093254
61.000 0.093254
62.000 0.093254
63.000 0.093254
64.000 0.093254
65.000 0.093254
66.000 0.093254
67.000 0.093254
68.000 0.211479
69.000 0.211479
70.000 0.294821
71.000 0.463793
72.000 0.499954
73.000 0.260887
74.000 0.260887
75.000 0.176964
76.000 0.176964
77.000 0.528641
78.000 0.528641
79.000 0.528641
80.000 0.360684
81.000 0.364379
82.000 0.368074
83.000 0.371770
84.000 0.372612
85.000 0.408340
86.000 0.550552
87.000 0.539158
88.000 0.527962
89.000 0.325905
90.000 0.393149
91.000 0.406693
92.000 0.406693
93.000 0.406693
94.000 0.406693
95.000 0.406693
96.000 0.406693
97.000 0.185244
98.000 0.207201
99.000 0.229157
100.000 0.251114
101.000 0.273071
102.000 0.295028
103.000 0.307709
104.000 0.307709
105.000 0.306411
106.000 0.260414
107.000 0.215408
108.000 0.215408
109.000 0.187027
110.000 0.187027
111.000 0.187027
112.000 0.252996
113.000 0.250565
114.000 0.250565
115.000 0.089828
116.000 0.089828
117.000 0.456306
118.000 0.518829
119.000 0.414146
120.000 0.435730
121.000 0.435730
122.000 0.191643
123.000 0.191643
124.000 0.178230
125.000 0.178230
126.000 0.178230
127.000 0.178230
128.000 0.178230
129.000 0.178230
130.000 0.178230
131.000 0.105789
132.000 0.105789
133.000 0.105789
134.000 0.105789
135.000 0.105789
136.000 0.404455
137.000 0.406273
138.000 0.209610
139.000 0.335289
140.000 0.335289
141.000 0.379860
142.000 0.379860
143.000 0.248693
144.000 0.142181
145.000 0.142181
146.000 0.251907
147.000 0.395523
148.000 0.395523
149.000 0.395523
150.000 0.503473
151.000 0.523705
152.000 0.384987
153.000 0.384987
154.000 0.384987
155.000 0.301483
156.000 0.301483
157.000 0.301483
158.000 0.462646
159.000 0.542297
160.000 0.621947
161.000 0.656876
162.000 0.656876
163.000 0.470012
164.000 0.368818
165.000 0.267625
166.000 0.247803
167.000 0.247803
168.000 0.247803
169.000 0.247803
170.000 0.289543
171.000 0.289543
172.000 0.289543
173.000 0.105171
174.000 0.105171
175.000 0.105171
176.000 0.105171
177.000 0.105171
178.000 0.319908
179.000 0.319908
180.000 0.319908
181.000 0.623953
182.000 0.613800
183.000 0.199623
184.000 0.199623
185.000 0.199623
186.000 0.199623
187.000 0.199623
188.000 0.590042
189.000 0.570699
190.000 0.504814
191.000 0.504814
192.000 0.504814
193.000 0.868340
194.000 1.267731
195.000 1.268837
196.000 1.592377
197.000 1.492504
198.000 1.167425
199.000 0.978699
200.000 0.978699
201.000 0.746506
202.000 1.663658
203.000 0.389381
204.000 0.389381
205.000 0.389381
206.000 0.389381
207.000 0.786499
208.000 0.786499
209.000 0.786499
210.000 0.786499
211.000 0.862431
212.000 0.879172
213.000 0.895912
214.000 0.912653
215.000 0.929394
216.000 0.946134
217.000 0.962875
218.000 0.970642
219.000 0.807503
220.000 0.443169
221.000 0.448012
222.000 0.482803
223.000 0.482803
224.000 0.408153
225.000 0.385653
226.000 0.375473
227.000 0.375473
228.000 0.408946
229.000 0.433266
230.000 0.433266
231.000 0.239130
232.000 0.134483
233.000 0.134483
234.000 0.134483
235.000 0.134483
236.000 0.134483
237.000 0.134483
238.000 0.134483
239.000 0.134483
240.000 0.868073
241.000 0.822368
242.000 0.811691
243.000 0.597252
244.000 0.597252
245.000 0.496437
246.000 0.496437
247.000 0.702553
248.000 0.702553
249.000 0.897675
250.000 1.072800
251.000 1.072869
252.000 1.072914
253.000 0.703941
254.000 0.703941
255.000 1.037198
256.000 1.041756
257.000 0.719154
258.000 0.719154
259.000 0.719154
260.000 0.707262
261.000 0.657944
262.000 0.399933
263.000 1.429858
264.000 0.981080
265.000 0.855003
266.000 1.573105
267.000 0.696060
268.000 0.696060
269.000 0.696060
270.000 0.372520
271.000 0.372520
272.000 0.372520
273.000 0.800255
274.000 0.800255
275.000 0.800255
276.000 1.375599
277.000 1.142097
278.000 0.908594
279.000 0.675092
280.000 0.441589
281.000 0.271553
282.000 0.271553
283.000 0.271553
284.000 0.271553
285.000 0.301062
286.000 0.345091
287.000 0.389120
288.000 0.407745
289.000 0.276871
290.000 0.265808
291.000 0.265808
292.000 0.234245
293.000 0.234245
294.000 0.206772
295.000 0.206772
296.000 0.206772
297.000 0.288522
298.000 0.437641
299.000 0.494041
300.000 0.252930
301.000 0.252930
302.000 0.274523
303.000 0.410591
304.000 0.402021
305.000 0.320961
306.000 0.525855
307.000 0.433746
308.000 0.560066
309.000 0.721840
310.000 0.321373
311.000 0.321373
312.000 0.226753
313.000 0.226753
314.000 0.770676
315.000 0.612533
316.000 0.496681
317.000 0.634140
318.000 0.626782
319.000 0.608534
320.000 0.590286
321.000 0.572038
322.000 0.553790
323.000 0.535542
324.000 0.517295
325.000 0.499047
326.000 0.480799
327.000 0.462551
328.000 0.444303
329.000 0.431511
330.000 0.162247
331.000 0.162247
332.000 0.162247
333.000 0.162247
334.000 0.162247
335.000 0.162247
336.000 0.162247
337.000 0.269165
338.000 0.269165
339.000 0.269165
340.000 0.289950
341.000 0.331585
342.000 0.352676
343.000 0.329353
344.000 0.327507
345.000 0.456223
346.000 0.456223
347.000 0.456223
348.000 0.308929
349.000 0.308929
350.000 0.479015
351.000 0.823859
352.000 1.081917
353.000 1.237251
354.000 0.338402
355.000 0.486435
356.000 0.486435
357.000 1.492729
358.000 0.314934
359.000 0.314934
