0.000 0.191620
1.000 0.949366
2.000 2.112000
3.000 2.787315
4.000 2.787315
5.000 2.573865
6.000 2.524902
7.000 2.524902
8.000 2.583406
9.000 2.666176
10.000 2.759140
11.000 2.759140
12.000 2.759140
13.000 2.671150
14.000 2.671150
15.000 2.645353
16.000 2.637695
17.000 2.737259
18.000 2.770103
19.000 2.644958
20.000 2.644958
21.000 2.579140
22.000 2.592100
23.000 2.674749
24.000 2.738880
25.000 2.769707
26.000 2.769707
27.000 2.503098
28.000 2.503098
29.000 2.540547
30.000 2.609792
31.000 2.657012
32.000 2.713599
33.000 2.717781
34.000 2.717781
35.000 2.652107
36.000 2.652107
37.000 2.659109
38.000 2.753464
39.000 2.753464
40.000 2.753464
41.000 2.721745
42.000 2.670155
43.000 2.623268
44.000 2.681908
45.000 2.632690
46.000 2.676880
47.000 2.665307
48.000 2.662659
49.000 2.659149
50.000 2.657593
51.000 2.500525
52.000 2.395462
53.000 2.380333
54.000 2.362259
55.000 2.551380
56.000 2.877296
57.000 2.790877
58.000 2.630788
59.000 2.616978
60.000 2.733229
61.000 2.751279
62.000 2.687138
63.000 2.675086
64.000 2.731656
65.000 2.728299
66.000 2.652208
67.000 2.666593
68.000 2.724663
69.000 2.727067
70.000 2.734840
71.000 2.732387
72.000 2.724009
73.000 2.701614
74.000 2.627499
75.000 2.646818
76.000 2.745428
77.000 2.733056
78.000 2.638912
79.000 2.612914
80.000 2.638672
81.000 2.667544
82.000 2.746994
83.000 2.714160
84.000 2.644623
85.000 2.665693
86.000 2.737649
87.000 2.745333
88.000 2.752113
89.000 2.749845
90.000 2.737272
91.000 2.704660
92.000 2.615967
93.000 2.614543
94.000 2.610229
95.000 2.712647
96.000 2.768425
97.000 2.426109
98.000 2.426109
99.000 2.340509
100.000 2.321449
101.000 2.376699
102.000 2.549994
103.000 2.651203
104.000 2.755600
105.000 2.748418
106.000 2.739250
107.000 2.617332
108.000 2.617332
109.000 2.628554
110.000 2.667006
111.000 2.668678
112.000 2.668678
113.000 2.626839
114.000 2.626839
115.000 2.626839
116.000 2.679698
117.000 2.718590
118.000 2.636169
119.000 2.636169
120.000 2.580693
121.000 2.486796
122.000 2.435112
123.000 2.664600
124.000 2.664864
125.000 2.626854
126.000 2.626854
127.000 2.597488
128.000 2.496855
129.000 2.431152
130.000 2.431152
131.000 2.563972
132.000 2.563972
133.000 2.788147
134.000 2.788147
135.000 2.788147
136.000 2.541567
137.000 2.318527
138.000 2.318527
139.000 2.318527
140.000 2.685929
141.000 2.743011
142.000 2.693817
143.000 2.660889
144.000 2.660889
145.000 2.660889
146.000 2.660889
147.000 2.628606
148.000 2.645651
149.000 2.662695
150.000 2.669174
151.000 2.669174
152.000 2.370186
153.000 2.370186
154.000 2.370186
155.000 2.424938
156.000 2.506074
157.000 2.587210
158.000 2.650574
159.000 2.650574
160.000 2.571266
161.000 2.753235
162.000 2.753235
163.000 2.718797
164.000 2.718765
165.000 2.671364
166.000 2.543144
167.000 2.569086
168.000 2.651680
169.000 2.657728
170.000 2.661461
171.000 2.657825
172.000 2.648972
173.000 2.626635
174.000 2.615242
175.000 2.616335
176.000 2.619469
177.000 2.771341
178.000 2.782501
179.000 2.717037
180.000 2.671143
181.000 2.604660
182.000 2.377614
183.000 2.447763
184.000 2.653664
185.000 2.660164
186.000 2.670296
187.000 2.689995
188.000 2.689995
189.000 2.694711
190.000 2.697754
191.000 2.688254
192.000 2.684845
193.000 2.595957
194.000 2.312866
195.000 2.592712
196.000 2.592712
197.000 2.715346
198.000 2.741478
199.000 2.757696
200.000 2.774590
201.000 2.740616
202.000 2.740616
203.000 2.740104
204.000 2.739326
205.000 2.666158
206.000 2.569946
207.000 2.612803
208.000 2.759163
209.000 2.744564
210.000 2.687125
211.000 2.672094
212.000 2.662895
213.000 2.674307
214.000 2.705063
215.000 2.679320
216.000 2.606712
217.000 2.619099
218.000 2.641968
219.000 2.644623
220.000 2.644623
221.000 2.711229
222.000 2.746834
223.000 2.746834
224.000 2.618540
225.000 2.525726
226.000 2.704475
227.000 2.717966
228.000 2.795189
229.000 2.802370
230.000 2.826978
231.000 2.760024
232.000 2.515412
233.000 2.532345
234.000 2.689357
235.000 2.705812
236.000 2.722858
237.000 2.726464
238.000 2.719484
239.000 2.729344
240.000 2.773725
241.000 2.779567
242.000 2.734480
243.000 2.730715
244.000 2.782724
245.000 2.773118
246.000 2.739578
247.000 2.693105
248.000 2.675873
249.000 2.624786
250.000 2.501289
251.000 2.581227
252.000 2.685448
253.000 2.746917
254.000 2.861443
255.000 2.823562
256.000 2.770111
257.000 2.669295
258.000 2.516518
259.000 2.564359
260.000 2.634201
261.000 2.665499
262.000 2.745583
263.000 2.777916
264.000 2.777916
265.000 2.326805
266.000 2.326805
267.000 2.508768
268.000 2.708237
269.000 2.752806
270.000 2.772446
271.000 2.765431
272.000 2.758430
273.000 2.597170
274.000 2.329903
275.000 2.649399
276.000 2.649399
277.000 2.658783
278.000 2.668716
279.000 2.440066
280.000 2.363472
281.000 2.472082
282.000 2.758675
283.000 2.749244
284.000 2.734398
285.000 2.723919
286.000 2.706718
287.000 2.721068
288.000 2.767143
289.000 2.711123
290.000 2.529533
291.000 2.524514
292.000 2.508942
293.000 2.474567
294.000 2.367508
295.000 2.360110
296.000 2.335854
297.000 2.414808
298.000 2.702104
299.000 2.726098
300.000 2.733002
301.000 2.739656
302.000 2.757874
303.000 2.736830
304.000 2.666245
305.000 2.666274
306.000 2.666375
307.000 2.666547
308.000 2.669886
309.000 2.674623
310.000 2.748613
311.000 2.809563
312.000 2.809563
313.000 2.809563
314.000 2.809563
315.000 2.805774
316.000 2.738014
317.000 2.463326
318.000 2.463326
319.000 2.469865
320.000 2.622599
321.000 2.733498
322.000 2.759056
323.000 2.710899
324.000 2.710899
325.000 2.693710
326.000 2.648079
327.000 2.631187
328.000 2.631187
329.000 2.676842
330.000 2.676842
331.000 2.676842
332.000 2.523796
333.000 2.523796
334.000 2.523796
335.000 2.537858
336.000 2.589975
337.000 2.642092
338.000 2.694209
339.000 2.722343
340.000 2.729844
341.000 2.759743
342.000 2.627045
343.000 2.518939
344.000 2.593811
345.000 2.691101
346.000 2.689765
347.000 2.681173
348.000 2.721399
349.000 2.722020
350.000 2.700561
351.000 2.698785
352.000 2.659978
353.000 2.781700
354.000 2.781700
355.000 2.781032
356.000 2.765065
357.000 2.764893
358.000 2.725837
359.000 2.692336
