0.000 0.265640
1.000 2.535301
2.000 0.525810
3.000 0.525810
4.000 0.466797
5.000 0.466797
6.000 0.524841
7.000 0.524841
8.000 0.240562
9.000 0.240562
10.000 0.240562
11.000 0.249725
12.000 0.481177
13.000 0.524948
14.000 0.529022
15.000 0.529022
16.000 0.612518
17.000 0.612518
18.000 0.525269
19.000 0.525269
20.000 0.495667
21.000 0.495667
22.000 0.611587
23.000 0.671280
24.000 0.668026
25.000 0.554092
26.000 0.554092
27.000 0.553810
28.000 0.524460
29.000 0.524460
30.000 0.523489
31.000 0.491447
32.000 0.491447
33.000 0.564842
34.000 0.564842
35.000 0.583282
36.000 0.582634
37.000 0.563026
38.000 0.568094
39.000 0.777990
40.000 0.787422
41.000 0.524422
42.000 0.524422
43.000 0.466339
44.000 0.466339
45.000 0.175018
46.000 0.175018
47.000 0.175018
48.000 0.175018
49.000 0.467285
50.000 0.467285
51.000 0.533173
52.000 0.533173
53.000 0.419456
54.000 0.419456
55.000 0.734177
56.000 0.529026
57.000 0.515640
58.000 0.525307
59.000 0.525307
60.000 0.381660
61.000 0.381660
62.000 0.692030
63.000 0.873260
64.000 0.514549
65.000 0.514549
66.000 0.514853
67.000 0.515045
68.000 0.515045
69.000 0.513565
70.000 0.515063
71.000 0.524391
72.000 0.524391
73.000 0.557724
74.000 0.557724
75.000 0.477448
76.000 0.477448
77.000 0.477448
78.000 0.565437
79.000 0.565437
80.000 0.565437
81.000 0.244781
82.000 0.293395
83.000 0.342010
84.000 0.381638
85.000 0.381638
86.000 0.247292
87.000 0.514039
88.000 0.523819
89.000 0.536797
90.000 0.542656
91.000 0.524963
92.000 0.524963
93.000 0.533356
94.000 0.533356
95.000 0.532572
96.000 0.530765
97.000 0.528959
98.000 0.528122
99.000 0.528122
100.000 0.528122
101.000 0.528122
102.000 0.579041
103.000 0.541098
104.000 0.524780
105.000 0.524780
106.000 0.438979
107.000 0.437019
108.000 0.437019
109.000 0.437019
110.000 0.350349
111.000 0.350349
112.000 0.350349
113.000 0.350349
114.000 0.624349
115.000 0.570950
116.000 0.536453
117.000 0.610497
118.000 0.610497
119.000 0.610497
120.000 0.244858
121.000 0.244858
122.000 0.244858
123.000 0.551559
124.000 0.551559
125.000 0.551559
126.000 0.543290
127.000 0.535118
128.000 0.526946
129.000 0.524765
130.000 0.523735
131.000 0.523735
132.000 0.247665
133.000 0.247665
134.000 0.407669
135.000 0.407669
136.000 0.515076
137.000 0.492234
138.000 0.477257
139.000 0.494339
140.000 0.572517
141.000 0.499229
142.000 0.536446
143.000 0.420525
144.000 0.420525
145.000 0.420525
146.000 0.525291
147.000 0.525291
148.000 0.525291
149.000 0.427412
150.000 0.373492
151.000 0.349991
152.000 0.349991
153.000 0.349991
154.000 0.349991
155.000 0.684608
156.000 0.684608
157.000 0.663462
158.000 0.520721
159.000 0.377980
160.000 0.300629
161.000 0.300629
162.000 0.300629
163.000 0.524574
164.000 0.611710
165.000 0.611710
166.000 0.611710
167.000 0.611710
168.000 0.611710
169.000 0.611710
170.000 0.414035
171.000 0.424874
172.000 0.435713
173.000 0.446551
174.000 0.457390
175.000 0.466469
176.000 0.773408
177.000 0.799568
178.000 0.427405
179.000 0.375587
180.000 0.375587
181.000 0.525185
182.000 0.484695
183.000 0.484695
184.000 0.698662
185.000 0.477211
186.000 0.477211
187.000 0.493001
188.000 0.524162
189.000 0.524162
190.000 0.524887
191.000 0.524887
192.000 0.466637
193.000 0.466637
194.000 0.528809
195.000 0.544670
196.000 0.432411
197.000 0.432411
198.000 0.432411
199.000 0.489655
200.000 0.489655
201.000 0.489655
202.000 0.501435
203.000 0.514182
204.000 0.520355
205.000 0.520355
206.000 0.520355
207.000 0.542097
208.000 0.548859
209.000 0.548851
210.000 0.548851
211.000 0.508763
212.000 0.477036
213.000 0.477036
214.000 0.355225
215.000 0.355225
216.000 0.109138
217.000 0.109138
218.000 0.109138
219.000 0.109138
220.000 0.109138
221.000 0.109138
222.000 0.109138
223.000 0.524460
224.000 0.524460
225.000 0.524531
226.000 0.525200
227.000 0.525200
228.000 0.524298
229.000 0.523994
230.000 0.508551
231.000 0.462303
232.000 0.527222
233.000 0.476654
234.000 0.476814
235.000 0.476814
236.000 0.476814
237.000 0.476814
238.000 0.084068
239.000 0.084068
240.000 0.084068
241.000 0.084068
242.000 0.084068
243.000 0.084068
244.000 0.084068
245.000 0.084068
246.000 0.084068
247.000 0.404030
248.000 0.404030
249.000 0.404030
250.000 0.404030
251.000 0.404030
252.000 0.505729
253.000 0.525383
254.000 0.545036
255.000 0.546982
256.000 0.443287
257.000 0.438080
258.000 0.438080
259.000 0.512039
260.000 0.512039
261.000 0.524475
262.000 0.524475
263.000 0.523964
264.000 0.529668
265.000 0.539162
266.000 0.549324
267.000 0.549324
268.000 0.477272
269.000 0.477272
270.000 0.488279
271.000 0.520262
272.000 0.523521
273.000 0.525154
274.000 0.465652
275.000 0.465652
276.000 0.525574
277.000 0.209984
278.000 0.209984
279.000 0.209984
280.000 0.209984
281.000 0.466171
282.000 0.466171
283.000 0.476974
284.000 0.476974
285.000 0.476974
286.000 0.220917
287.000 0.220917
288.000 0.220917
289.000 0.220917
290.000 0.505298
291.000 0.511055
292.000 0.510765
293.000 0.510765
294.000 0.803215
295.000 0.931633
296.000 0.548843
297.000 0.548843
298.000 0.548851
299.000 0.548851
300.000 0.478959
301.000 0.477608
302.000 0.629379
303.000 0.557915
304.000 0.557915
305.000 0.553172
306.000 0.525116
307.000 0.525116
308.000 0.557495
309.000 0.558144
310.000 0.462540
311.000 0.408567
312.000 0.358337
313.000 0.358337
314.000 0.608421
315.000 0.457375
316.000 0.457375
317.000 0.548836
318.000 0.548836
319.000 0.548836
320.000 0.523646
321.000 0.494102
322.000 0.494102
323.000 0.482903
324.000 0.477463
325.000 0.477463
326.000 0.701904
327.000 0.701904
328.000 0.524658
329.000 0.524658
330.000 0.565567
331.000 0.565720
332.000 0.437233
333.000 0.546371
334.000 0.546371
335.000 0.543346
336.000 0.536224
337.000 0.536224
338.000 0.525024
339.000 0.525024
340.000 0.387948
341.000 0.095383
342.000 0.095383
343.000 0.095383
344.000 0.095383
345.000 0.095383
346.000 0.095383
347.000 0.095383
348.000 0.437424
349.000 0.437424
350.000 0.437424
351.000 0.542613
352.000 0.483688
353.000 0.483688
354.000 0.565430
355.000 0.565430
356.000 0.597679
357.000 0.597679
358.000 0.456810
359.000 0.456810
