0.000 0.194328
1.000 0.232506
2.000 0.192924
3.000 0.192924
4.000 0.184341
5.000 0.180489
6.000 0.180489
7.000 0.104790
8.000 0.104790
9.000 0.104790
10.000 0.104790
11.000 0.104790
12.000 0.202324
13.000 0.202324
14.000 0.202324
15.000 0.220222
16.000 0.220222
17.000 0.220222
18.000 0.214081
19.000 0.214081
20.000 0.214081
21.000 0.214081
22.000 0.144608
23.000 0.144608
24.000 0.144608
25.000 0.144608
26.000 0.144608
27.000 0.223335
28.000 0.223335
29.000 0.223335
30.000 0.223335
31.000 0.223335
32.000 0.223335
33.000 0.223335
34.000 0.081726
35.000 0.081726
36.000 0.081726
37.000 0.081726
38.000 0.081726
39.000 0.081726
40.000 0.081726
41.000 0.081726
42.000 0.127177
43.000 0.201989
44.000 0.210716
45.000 0.210716
46.000 0.210716
47.000 0.210716
48.000 0.201210
49.000 0.184461
50.000 0.167711
51.000 0.161438
52.000 0.195747
53.000 0.229538
54.000 0.229538
55.000 0.227669
56.000 0.227669
57.000 0.227669
58.000 0.227669
59.000 0.231322
60.000 0.231592
61.000 0.231862
62.000 0.231903
63.000 0.231903
64.000 0.231903
65.000 0.138809
66.000 0.138809
67.000 0.138809
68.000 0.138809
69.000 0.152897
70.000 0.190312
71.000 0.227726
72.000 0.229538
73.000 0.225235
74.000 0.210938
75.000 0.154137
76.000 0.154137
77.000 0.228607
78.000 0.228607
79.000 0.211384
80.000 0.197838
81.000 0.197838
82.000 0.197838
83.000 0.197838
84.000 0.216377
85.000 0.216377
86.000 0.216377
87.000 0.225939
88.000 0.236351
89.000 0.236351
90.000 0.230339
91.000 0.202469
92.000 0.202469
93.000 0.202469
94.000 0.258926
95.000 0.258926
96.000 0.251590
97.000 0.243960
98.000 0.236331
99.000 0.235733
100.000 0.213028
101.000 0.213048
102.000 0.213199
103.000 0.200706
104.000 0.224123
105.000 0.217291
106.000 0.180946
107.000 0.380280
108.000 0.380280
109.000 0.211571
110.000 0.211571
111.000 0.211571
112.000 0.213453
113.000 0.231277
114.000 0.231277
115.000 0.231277
116.000 0.231277
117.000 0.213730
118.000 0.213730
119.000 0.213730
120.000 0.213730
121.000 0.235863
122.000 0.235863
123.000 0.235863
124.000 0.198830
125.000 0.198830
126.000 0.198830
127.000 0.198830
128.000 0.202296
129.000 0.231407
130.000 0.231407
131.000 0.231407
132.000 0.227570
133.000 0.227570
134.000 0.227570
135.000 0.227570
136.000 0.258753
137.000 0.302577
138.000 0.327774
139.000 0.327774
140.000 0.235229
141.000 0.235229
142.000 0.235229
143.000 0.167801
144.000 0.167801
145.000 0.220758
146.000 0.225815
147.000 0.225815
148.000 0.225815
149.000 0.225708
150.000 0.225708
151.000 0.214081
152.000 0.214081
153.000 0.214081
154.000 0.214081
155.000 0.214081
156.000 0.234570
157.000 0.254662
158.000 0.254662
159.000 0.254662
160.000 0.254662
161.000 0.259296
162.000 0.261658
163.000 0.261658
164.000 0.261658
165.000 0.261658
166.000 0.255487
167.000 0.244112
168.000 0.232738
169.000 0.221364
170.000 0.209990
171.000 0.207016
172.000 0.321236
173.000 0.236984
174.000 0.236984
175.000 0.236984
176.000 0.237045
177.000 0.237045
178.000 0.230644
179.000 0.230644
180.000 0.230644
181.000 0.230644
182.000 0.219510
183.000 0.207282
184.000 0.202728
185.000 0.283775
186.000 0.188698
187.000 0.188698
188.000 0.214668
189.000 0.147901
190.000 0.093094
191.000 0.093094
192.000 0.093094
193.000 0.232536
194.000 0.234062
195.000 0.235741
196.000 0.195679
197.000 0.219960
198.000 0.260429
199.000 0.260330
200.000 0.233721
201.000 0.208603
202.000 0.208603
203.000 0.197205
204.000 0.213509
205.000 0.213509
206.000 0.213509
207.000 0.232040
208.000 0.232040
209.000 0.232040
210.000 0.232040
211.000 0.176247
212.000 0.176247
213.000 0.176247
214.000 0.176247
215.000 0.176247
216.000 0.184311
217.000 0.184311
218.000 0.184311
219.000 0.184311
220.000 0.226967
221.000 0.226967
222.000 0.226967
223.000 0.226967
224.000 0.027863
225.000 0.027863
226.000 0.027863
227.000 0.027863
228.000 0.027863
229.000 0.027863
230.000 0.027863
231.000 0.178558
232.000 0.197517
233.000 0.227684
234.000 0.031845
235.000 0.031845
236.000 0.031845
237.000 0.031845
238.000 0.031845
239.000 0.172211
240.000 0.227669
241.000 0.227669
242.000 0.234211
243.000 0.243537
244.000 0.252862
245.000 0.262188
246.000 0.255411
247.000 0.231475
248.000 0.228310
249.000 0.218307
250.000 0.202171
251.000 0.305781
252.000 0.358704
253.000 0.288467
254.000 0.288467
255.000 0.250502
256.000 0.232018
257.000 0.232018
258.000 0.232100
259.000 0.232124
260.000 0.214981
261.000 0.214981
262.000 0.214981
263.000 0.214981
264.000 0.324735
265.000 0.280870
266.000 0.237006
267.000 0.193141
268.000 0.149276
269.000 0.141449
270.000 0.210007
271.000 0.210007
272.000 0.195115
273.000 0.192654
274.000 0.190193
275.000 0.188896
276.000 0.188896
277.000 0.246049
278.000 0.215897
279.000 0.215897
280.000 0.215916
281.000 0.215943
282.000 0.215969
283.000 0.215973
284.000 0.217351
285.000 0.224881
286.000 0.227699
287.000 0.230919
288.000 0.230919
289.000 0.256823
290.000 0.272766
291.000 0.232628
292.000 0.232628
293.000 0.231245
294.000 0.229710
295.000 0.228493
296.000 0.269516
297.000 0.268132
298.000 0.251162
299.000 0.234191
300.000 0.229530
301.000 0.229530
302.000 0.202608
303.000 0.204229
304.000 0.205849
305.000 0.206352
306.000 0.206352
307.000 0.274650
308.000 0.298355
309.000 0.298355
310.000 0.293784
311.000 0.261255
312.000 0.234512
313.000 0.233521
314.000 0.238120
315.000 0.247185
316.000 0.247185
317.000 0.223302
318.000 0.213011
319.000 0.203857
320.000 0.203857
321.000 0.203857
322.000 0.219575
323.000 0.224121
324.000 0.224121
325.000 0.218092
326.000 0.200699
327.000 0.177238
328.000 0.206317
329.000 0.206665
330.000 0.358185
331.000 0.358185
332.000 0.198608
333.000 0.198608
334.000 0.198608
335.000 0.350128
336.000 0.350128
337.000 0.350128
338.000 0.332423
339.000 0.310027
340.000 0.287631
341.000 0.265235
342.000 0.242840
343.000 0.241318
344.000 0.199699
345.000 0.199699
346.000 0.211655
347.000 0.243030
348.000 0.252396
349.000 0.252396
350.000 0.252396
351.000 0.252396
352.000 0.218826
353.000 0.214312
354.000 0.209799
355.000 0.205286
356.000 0.200772
357.000 0.284747
358.000 0.283194
359.000 0.237343
