0.000 0.146164
1.000 0.146164
2.000 0.146164
3.000 0.146164
4.000 0.146164
5.000 0.146164
6.000 0.146164
7.000 0.146164
8.000 0.146164
9.000 0.146164
10.000 0.146164
11.000 0.146164
12.000 0.146164
13.000 2.834229
14.000 3.081345
15.000 3.081345
16.000 3.081345
17.000 2.160149
18.000 2.160149
19.000 2.160149
20.000 2.609420
21.000 3.195076
22.000 1.750664
23.000 1.750664
24.000 1.962692
25.000 1.962692
26.000 2.998253
27.000 2.998253
28.000 2.998253
29.000 4.326004
30.000 3.450211
31.000 3.450211
32.000 5.096344
33.000 5.096344
34.000 4.325813
35.000 2.588562
36.000 2.693886
37.000 2.693886
38.000 2.693886
39.000 2.693886
40.000 2.693886
41.000 2.693886
42.000 2.693886
43.000 2.693886
44.000 3.591266
45.000 3.500784
46.000 3.410302
47.000 3.319820
48.000 3.229339
49.000 3.138857
50.000 3.064865
51.000 3.064865
52.000 3.754585
53.000 4.400795
54.000 4.400795
55.000 4.045681
56.000 4.048981
57.000 4.048981
58.000 4.795900
59.000 5.447304
60.000 4.029800
61.000 3.508820
62.000 2.996880
63.000 2.996880
64.000 3.533913
65.000 3.533913
66.000 2.355003
67.000 3.037834
68.000 4.577896
69.000 4.222542
70.000 3.006104
71.000 3.006104
72.000 4.099731
73.000 4.097558
74.000 3.766266
75.000 3.766266
76.000 2.444138
77.000 2.163651
78.000 2.163651
79.000 2.178530
80.000 3.564308
81.000 3.577247
82.000 4.649658
83.000 4.649658
84.000 2.916130
85.000 3.581711
86.000 3.581711
87.000 3.621130
88.000 5.019707
89.000 5.019707
90.000 2.775925
91.000 2.697688
92.000 2.677513
93.000 2.686496
94.000 3.758537
95.000 3.755977
96.000 3.335281
97.000 3.341541
98.000 4.225993
99.000 4.278282
100.000 4.316162
101.000 4.316112
102.000 3.776245
103.000 3.776241
104.000 3.727236
105.000 3.724962
106.000 2.782204
107.000 2.787243
108.000 3.078247
109.000 3.097176
110.000 4.544551
111.000 4.811556
112.000 4.541692
113.000 4.470665
114.000 3.471710
115.000 3.518429
116.000 4.318710
117.000 4.318710
118.000 4.727882
119.000 3.819901
120.000 3.819901
121.000 3.819901
122.000 3.849449
123.000 3.849449
124.000 2.901627
125.000 2.901627
126.000 2.901627
127.000 3.965240
128.000 3.965240
129.000 3.965240
130.000 1.707283
131.000 1.707283
132.000 1.707283
133.000 4.248474
134.000 4.248474
135.000 4.248474
136.000 2.009628
137.000 2.009628
138.000 3.366898
139.000 3.366898
140.000 3.366898
141.000 4.114746
142.000 4.114746
143.000 4.114746
144.000 3.689827
145.000 3.689827
146.000 3.949440
147.000 3.949440
148.000 3.928756
149.000 3.760697
150.000 3.661652
151.000 3.661652
152.000 3.661652
153.000 3.971683
154.000 3.990845
155.000 3.060753
156.000 2.675636
157.000 2.675636
158.000 4.737633
159.000 2.489845
160.000 2.489845
161.000 4.263763
162.000 4.263763
163.000 3.613129
164.000 3.016075
165.000 4.324265
166.000 4.324265
167.000 3.457024
168.000 3.479489
169.000 3.809448
170.000 3.809448
171.000 3.478928
172.000 2.550049
173.000 2.550049
174.000 2.550049
175.000 2.053093
176.000 2.053093
177.000 2.178795
178.000 2.178795
179.000 2.178795
180.000 2.178795
181.000 2.070983
182.000 1.912920
183.000 1.754857
184.000 1.596794
185.000 1.438731
186.000 1.410217
187.000 1.410217
188.000 1.410217
189.000 1.374511
190.000 1.407616
191.000 1.440722
192.000 1.473828
193.000 1.478859
194.000 1.038040
195.000 1.038040
196.000 1.893845
197.000 2.750809
198.000 2.355233
199.000 3.630379
200.000 3.898567
201.000 3.619557
202.000 2.716064
203.000 3.019981
204.000 2.598775
205.000 2.503815
206.000 2.503815
207.000 2.503815
208.000 2.658189
209.000 3.051239
210.000 2.994080
211.000 2.770462
212.000 1.744781
213.000 0.699814
214.000 0.699814
215.000 0.699814
216.000 0.699814
217.000 0.699814
218.000 2.356804
219.000 2.882668
220.000 2.959610
221.000 2.959610
222.000 3.135839
223.000 3.338768
224.000 3.338768
225.000 1.904968
226.000 1.904968
227.000 1.904968
228.000 2.153030
229.000 2.153030
230.000 2.931404
231.000 2.931404
232.000 2.590179
233.000 2.590179
234.000 2.400009
235.000 2.400009
236.000 2.533775
237.000 2.533775
238.000 2.533775
239.000 2.533775
240.000 2.897789
241.000 2.897789
242.000 2.897789
243.000 2.770069
244.000 2.141147
245.000 2.098076
246.000 2.098076
247.000 3.159775
248.000 3.159775
249.000 4.137711
250.000 4.386993
251.000 1.251381
252.000 1.251381
253.000 2.526360
254.000 1.469048
255.000 1.469048
256.000 1.469048
257.000 1.847519
258.000 1.847519
259.000 3.350418
260.000 2.665314
261.000 2.665314
262.000 2.852309
263.000 3.427541
264.000 3.514702
265.000 2.065102
266.000 2.065102
267.000 3.240173
268.000 3.240173
269.000 2.200653
270.000 2.200653
271.000 2.200653
272.000 3.277443
273.000 3.277443
274.000 1.770172
275.000 1.770172
276.000 1.770172
277.000 1.770172
278.000 2.019158
279.000 2.778740
280.000 2.778740
281.000 1.585114
282.000 1.585114
283.000 1.585114
284.000 0.871292
285.000 0.871292
286.000 0.871292
287.000 0.871292
288.000 0.871292
289.000 0.871292
290.000 0.871292
291.000 0.871292
292.000 2.949422
293.000 3.260475
294.000 3.260475
295.000 3.624791
296.000 2.546028
297.000 4.076263
298.000 3.816147
299.000 2.400406
300.000 2.400406
301.000 3.405754
302.000 1.723778
303.000 1.723778
304.000 1.723778
305.000 1.723778
306.000 1.723778
307.000 1.723778
308.000 3.650604
309.000 3.650604
310.000 3.278297
311.000 3.278297
312.000 3.350483
313.000 3.455757
314.000 3.455757
315.000 3.482582
316.000 3.482582
317.000 3.210480
318.000 3.210480
319.000 3.959053
320.000 3.959053
321.000 2.790939
322.000 2.790939
323.000 2.790939
324.000 2.790939
325.000 2.999404
326.000 3.186714
327.000 3.265373
328.000 3.265373
329.000 2.257295
330.000 1.478989
331.000 1.478989
332.000 1.478989
333.000 4.011826
334.000 3.544126
335.000 3.043564
336.000 2.777382
337.000 2.913200
338.000 2.913200
339.000 3.059502
340.000 2.608124
341.000 2.608124
342.000 3.485786
343.000 3.485786
344.000 3.099937
345.000 3.099937
346.000 1.503212
347.000 1.503212
348.000 1.503212
349.000 3.145111
350.000 3.145111
351.000 3.730438
352.000 3.730438
353.000 3.730438
354.000 2.693576
355.000 2.360008
356.000 2.360008
357.000 3.490517
358.000 2.649010
359.000 2.649010
