0.000 0.079407
1.000 0.079407
2.000 0.079407
3.000 0.079407
4.000 0.079407
5.000 0.079407
6.000 1.474846
7.000 3.618950
8.000 2.860443
9.000 3.405815
10.000 3.405815
11.000 3.405815
12.000 3.369188
13.000 2.876042
14.000 3.042153
15.000 3.340324
16.000 3.340324
17.000 3.340324
18.000 3.340324
19.000 3.340324
20.000 3.788639
21.000 3.768927
22.000 3.749216
23.000 3.729504
24.000 3.709792
25.000 3.694595
26.000 3.542641
27.000 3.247032
28.000 3.802071
29.000 3.802071
30.000 3.758873
31.000 3.758873
32.000 3.577248
33.000 3.359838
34.000 3.456488
35.000 3.020622
36.000 2.839203
37.000 2.846108
38.000 2.914085
39.000 3.122398
40.000 3.540611
41.000 3.786789
42.000 3.807787
43.000 3.836311
44.000 3.809681
45.000 3.068245
46.000 3.757103
47.000 3.046219
48.000 3.749962
49.000 3.174873
50.000 3.257545
51.000 3.314206
52.000 3.475449
53.000 3.110741
54.000 3.641266
55.000 2.971626
56.000 3.799805
57.000 3.145081
58.000 3.575073
59.000 3.014305
60.000 3.176590
61.000 3.612274
62.000 3.400962
63.000 3.237015
64.000 3.429935
65.000 3.791817
66.000 2.856216
67.000 2.856216
68.000 3.785126
69.000 3.785126
70.000 3.277153
71.000 3.277153
72.000 3.428067
73.000 3.675306
74.000 0.835037
75.000 0.835037
76.000 3.915642
77.000 3.067749
78.000 3.354749
79.000 1.389954
80.000 3.176346
81.000 3.211853
82.000 3.101608
83.000 3.686080
84.000 3.081352
85.000 3.081352
86.000 3.792145
87.000 3.792145
88.000 3.303322
89.000 3.303322
90.000 3.288338
91.000 3.242920
92.000 3.290394
93.000 3.311668
94.000 3.165410
95.000 1.270767
96.000 0.733292
97.000 1.922523
98.000 1.944939
99.000 2.392219
100.000 2.844597
101.000 2.844597
102.000 2.844597
103.000 3.483092
104.000 3.697252
105.000 3.346283
106.000 2.916977
107.000 2.936008
108.000 2.939499
109.000 3.045189
110.000 3.063942
111.000 2.971258
112.000 2.914192
113.000 2.792264
114.000 2.743080
115.000 2.678591
116.000 2.646088
117.000 2.925552
118.000 2.925552
119.000 2.777615
120.000 2.682541
121.000 2.682541
122.000 2.682541
123.000 2.682541
124.000 2.682541
125.000 2.776994
126.000 2.785812
127.000 2.692880
128.000 2.648193
129.000 2.716893
130.000 2.742096
131.000 2.835863
132.000 2.886475
133.000 3.564328
134.000 3.931992
135.000 2.235069
136.000 2.235069
137.000 3.863976
138.000 3.863976
139.000 3.664544
140.000 3.629181
141.000 3.453606
142.000 3.387184
143.000 3.079208
144.000 3.079208
145.000 2.973488
146.000 2.973488
147.000 3.472809
148.000 3.472809
149.000 3.232426
150.000 3.198402
151.000 3.871811
152.000 3.871811
153.000 3.601031
154.000 3.577553
155.000 3.181605
156.000 3.038551
157.000 3.067222
158.000 3.077560
159.000 2.608971
160.000 2.608971
161.000 3.382800
162.000 3.909760
163.000 2.967035
164.000 2.609192
165.000 2.797845
166.000 2.834145
167.000 2.849547
168.000 2.860046
169.000 2.860046
170.000 2.860046
171.000 3.409237
172.000 3.830467
173.000 3.830467
174.000 3.830467
175.000 3.672363
176.000 3.601456
177.000 2.994736
178.000 2.771225
179.000 3.242681
180.000 3.620209
181.000 2.695277
182.000 2.154488
183.000 2.154488
184.000 2.154488
185.000 2.154488
186.000 2.154488
187.000 2.945784
188.000 3.552315
189.000 3.552315
190.000 3.552315
191.000 3.552315
192.000 3.552315
193.000 3.552315
194.000 3.552315
195.000 3.365282
196.000 3.263931
197.000 2.937773
198.000 2.829117
199.000 2.788772
200.000 2.758095
201.000 2.733788
202.000 2.733788
203.000 3.188358
204.000 3.810716
205.000 3.913816
206.000 3.827164
207.000 3.436702
208.000 2.932358
209.000 2.932358
210.000 2.932358
211.000 2.932358
212.000 2.932358
213.000 3.070282
214.000 3.225166
215.000 3.491039
216.000 3.787132
217.000 3.770229
218.000 3.751282
219.000 3.392603
220.000 2.927788
221.000 2.927788
222.000 2.927788
223.000 2.769258
224.000 2.578499
225.000 2.578499
226.000 2.578499
227.000 3.206449
228.000 3.749138
229.000 3.331253
230.000 2.858360
231.000 2.775374
232.000 2.728783
233.000 2.717705
234.000 2.709465
235.000 2.848644
236.000 2.959328
237.000 2.914567
238.000 2.885635
239.000 3.193728
240.000 3.519287
241.000 3.650242
242.000 3.801109
243.000 3.121460
244.000 2.867767
245.000 2.831750
246.000 2.801140
247.000 3.216488
248.000 3.665497
249.000 3.116851
250.000 2.824821
251.000 3.511742
252.000 3.809013
253.000 2.846893
254.000 2.846893
255.000 2.867384
256.000 2.880867
257.000 2.894979
258.000 2.902634
259.000 2.936669
260.000 2.972206
261.000 2.937157
262.000 2.902000
263.000 2.835541
264.000 2.835541
265.000 2.740745
266.000 2.668434
267.000 2.772213
268.000 2.871155
269.000 2.793562
270.000 2.748985
271.000 2.787633
272.000 2.813881
273.000 2.811252
274.000 2.809662
275.000 2.795625
276.000 2.777718
277.000 2.795365
278.000 2.815628
279.000 3.372679
280.000 3.576492
281.000 3.259680
282.000 2.918289
283.000 2.911717
284.000 2.905136
285.000 2.965084
286.000 3.025291
287.000 2.903001
288.000 2.761848
289.000 2.896950
290.000 2.896950
291.000 3.502778
292.000 3.815323
293.000 3.468018
294.000 3.150848
295.000 3.009862
296.000 2.874756
297.000 2.887803
298.000 2.894249
299.000 2.846437
300.000 2.797775
301.000 3.046491
302.000 3.383720
303.000 3.600233
304.000 3.898102
305.000 3.342830
306.000 2.658966
307.000 2.658966
308.000 2.658966
309.000 2.648111
310.000 2.635735
311.000 2.635735
312.000 2.635735
313.000 2.635735
314.000 2.635735
315.000 2.701185
316.000 2.790657
317.000 2.790657
318.000 2.790657
319.000 2.790657
320.000 2.790657
321.000 2.790657
322.000 2.790657
323.000 2.595261
324.000 2.374046
325.000 2.082463
326.000 1.823982
327.000 1.823982
328.000 1.823982
329.000 1.886818
330.000 1.962410
331.000 1.962410
332.000 1.962410
333.000 1.962410
334.000 1.962410
335.000 1.962410
336.000 1.962410
337.000 1.945519
338.000 1.932625
339.000 1.866624
340.000 1.785309
341.000 1.785309
342.000 1.785309
343.000 1.785309
344.000 1.785309
345.000 1.504061
346.000 1.396484
347.000 1.444274
348.000 1.447151
349.000 1.508110
350.000 1.508110
351.000 1.553862
352.000 1.615509
353.000 1.544847
354.000 1.486313
355.000 1.239603
356.000 1.135445
357.000 1.135445
358.000 1.135445
359.000 0.016960
