0.000 0.052780
1.000 0.052780
2.000 0.052780
3.000 0.052780
4.000 0.052780
5.000 0.052780
6.000 1.080658
7.000 3.541908
8.000 3.176613
9.000 2.829567
10.000 1.387489
11.000 3.294182
12.000 3.110825
13.000 3.110825
14.000 2.266144
15.000 2.266144
16.000 2.403736
17.000 3.264381
18.000 3.264381
19.000 3.206558
20.000 3.009992
21.000 2.813427
22.000 2.708359
23.000 2.580658
24.000 3.026512
25.000 3.026512
26.000 3.026512
27.000 2.877798
28.000 2.900510
29.000 2.906174
30.000 2.923058
31.000 2.110870
32.000 2.110870
33.000 2.110870
34.000 2.927544
35.000 2.927544
36.000 2.938560
37.000 2.938560
38.000 2.919788
39.000 2.731926
40.000 2.731926
41.000 2.930542
42.000 2.951713
43.000 2.952576
44.000 2.948090
45.000 2.948090
46.000 2.986164
47.000 2.989807
48.000 2.989807
49.000 2.980991
50.000 2.949296
51.000 2.940880
52.000 2.902634
53.000 2.902634
54.000 2.903397
55.000 2.903397
56.000 2.866936
57.000 2.866936
58.000 2.760918
59.000 2.760918
60.000 2.300095
61.000 2.300095
62.000 2.300095
63.000 2.615698
64.000 2.966507
65.000 2.966507
66.000 2.929863
67.000 2.929863
68.000 2.929863
69.000 2.777948
70.000 2.611587
71.000 2.600876
72.000 2.454865
73.000 2.692657
74.000 2.692657
75.000 2.941017
76.000 2.941017
77.000 2.782058
78.000 2.730873
79.000 2.730873
80.000 2.931053
81.000 2.931053
82.000 3.020828
83.000 3.020828
84.000 2.577194
85.000 2.577194
86.000 3.028099
87.000 3.028099
88.000 2.721481
89.000 2.721481
90.000 2.823401
91.000 2.961662
92.000 2.920242
93.000 2.920242
94.000 2.923858
95.000 2.949836
96.000 2.968330
97.000 3.005058
98.000 2.105232
99.000 2.105232
100.000 2.105232
101.000 2.779624
102.000 2.895203
103.000 2.897648
104.000 2.913994
105.000 2.952675
106.000 2.952675
107.000 2.609512
108.000 2.828255
109.000 2.828255
110.000 2.889683
111.000 2.924850
112.000 2.918022
113.000 2.918022
114.000 2.933891
115.000 2.933891
116.000 2.493004
117.000 2.878510
118.000 2.878510
119.000 2.898010
120.000 2.898010
121.000 2.528328
122.000 2.528328
123.000 2.528328
124.000 2.641657
125.000 2.849655
126.000 2.849655
127.000 2.956978
128.000 2.956978
129.000 2.888275
130.000 2.884315
131.000 2.884315
132.000 2.917747
133.000 2.917747
134.000 2.913294
135.000 2.901939
136.000 2.894447
137.000 2.894447
138.000 2.894447
139.000 2.857281
140.000 2.904936
141.000 2.943977
142.000 2.943977
143.000 2.945923
144.000 2.945923
145.000 2.931297
146.000 2.931297
147.000 2.868317
148.000 2.868317
149.000 2.868317
150.000 2.799739
151.000 2.700949
152.000 2.602159
153.000 2.905312
154.000 2.530716
155.000 2.530716
156.000 2.939445
157.000 2.696587
158.000 2.696587
159.000 2.658873
160.000 2.571548
161.000 2.571548
162.000 2.755354
163.000 2.852814
164.000 2.852814
165.000 2.732857
166.000 2.732857
167.000 2.896980
168.000 2.896980
169.000 2.851089
170.000 2.741289
171.000 2.724380
172.000 2.724380
173.000 2.904602
174.000 2.904602
175.000 2.906195
176.000 2.908783
177.000 2.953232
178.000 2.953232
179.000 2.953232
180.000 2.953232
181.000 2.966867
182.000 2.951872
183.000 2.936877
184.000 2.932899
185.000 2.932899
186.000 2.596581
187.000 2.596581
188.000 2.850395
189.000 2.977631
190.000 2.977631
191.000 2.989258
192.000 2.264015
193.000 2.264015
194.000 2.620912
195.000 2.773468
196.000 2.536041
197.000 2.536041
198.000 2.916481
199.000 2.916481
200.000 2.916481
201.000 2.863786
202.000 2.815331
203.000 2.815331
204.000 2.911102
205.000 2.937317
206.000 2.847977
207.000 2.550392
208.000 2.550392
209.000 2.683442
210.000 2.744728
211.000 2.922798
212.000 2.922798
213.000 2.851921
214.000 2.851921
215.000 2.141693
216.000 2.337761
217.000 2.337761
218.000 2.720650
219.000 2.720650
220.000 2.895668
221.000 2.895668
222.000 2.867421
223.000 2.660370
224.000 2.660370
225.000 2.830673
226.000 2.830673
227.000 2.584923
228.000 2.584923
229.000 2.983681
230.000 2.983681
231.000 2.957367
232.000 2.957367
233.000 2.704910
234.000 2.704910
235.000 2.749541
236.000 2.848984
237.000 2.635208
238.000 2.635208
239.000 2.612922
240.000 2.576241
241.000 2.576241
242.000 2.576241
243.000 2.930412
244.000 2.930412
245.000 2.878624
246.000 2.878624
247.000 2.878624
248.000 2.121887
249.000 2.121887
250.000 2.157865
251.000 2.299530
252.000 2.299530
253.000 2.967918
254.000 2.967918
255.000 2.692238
256.000 2.646385
257.000 2.646385
258.000 2.673218
259.000 2.673218
260.000 2.734505
261.000 2.590599
262.000 2.929314
263.000 2.929314
264.000 2.946701
265.000 2.946701
266.000 2.872073
267.000 2.648224
268.000 2.648224
269.000 2.892001
270.000 2.929710
271.000 2.673248
272.000 2.673248
273.000 2.825951
274.000 2.825951
275.000 2.645653
276.000 1.907005
277.000 1.907005
278.000 1.907005
279.000 2.621643
280.000 2.621643
281.000 2.628138
282.000 2.630455
283.000 2.630455
284.000 2.911072
285.000 2.911072
286.000 2.371046
287.000 1.457562
288.000 0.660172
289.000 0.660172
290.000 2.908745
291.000 2.602737
292.000 2.758316
293.000 2.920448
294.000 2.920448
295.000 2.918335
296.000 2.918335
297.000 2.832420
298.000 2.832420
299.000 2.832420
300.000 2.668304
301.000 2.636360
302.000 2.636360
303.000 2.636360
304.000 2.911850
305.000 2.911850
306.000 2.527054
307.000 2.527054
308.000 2.527054
309.000 2.658691
310.000 2.658691
311.000 2.658691
312.000 2.399010
313.000 2.399010
314.000 2.399010
315.000 2.951660
316.000 2.951660
317.000 2.850861
318.000 2.850861
319.000 2.899645
320.000 2.907143
321.000 2.759811
322.000 2.759811
323.000 2.869347
324.000 2.869347
325.000 2.576271
326.000 2.576271
327.000 2.576271
328.000 2.936813
329.000 2.936813
330.000 2.860944
331.000 2.829086
332.000 3.026878
333.000 3.026878
334.000 0.593864
335.000 0.593864
336.000 0.593864
337.000 0.593864
338.000 2.482285
339.000 2.875534
340.000 2.875534
341.000 2.848534
342.000 2.816591
343.000 2.502502
344.000 2.502502
345.000 2.924873
346.000 2.893041
347.000 2.865326
348.000 2.865326
349.000 2.489426
350.000 2.482180
351.000 2.435005
352.000 2.435005
353.000 2.578904
354.000 2.950691
355.000 2.493256
356.000 2.493256
357.000 2.666391
358.000 2.596298
359.000 2.596298
