0.000 0.202744
1.000 0.202744
2.000 0.202744
3.000 0.202744
4.000 2.811653
5.000 2.693619
6.000 2.729363
7.000 2.726723
8.000 2.726723
9.000 2.639631
10.000 2.645172
11.000 2.647026
12.000 2.805229
13.000 2.805229
14.000 2.604614
15.000 2.604614
16.000 2.579933
17.000 2.579933
18.000 2.715225
19.000 2.715225
20.000 2.613144
21.000 2.644234
22.000 2.645052
23.000 2.648340
24.000 2.651543
25.000 2.806900
26.000 2.806900
27.000 2.581345
28.000 2.568504
29.000 2.598935
30.000 2.748489
31.000 2.688515
32.000 2.626846
33.000 2.732421
34.000 2.761322
35.000 2.713524
36.000 2.685036
37.000 2.748405
38.000 2.800453
39.000 2.633423
40.000 2.522141
41.000 2.632567
42.000 2.763191
43.000 2.769368
44.000 2.778095
45.000 2.756651
46.000 2.727631
47.000 2.622162
48.000 2.622162
49.000 2.621323
50.000 2.621323
51.000 2.749847
52.000 2.749847
53.000 2.738321
54.000 2.736191
55.000 2.673336
56.000 2.622116
57.000 2.584104
58.000 2.575562
59.000 2.706293
60.000 2.719887
61.000 2.695923
62.000 2.685196
63.000 2.424423
64.000 2.424423
65.000 2.552367
66.000 2.622749
67.000 2.758949
68.000 2.758949
69.000 2.477722
70.000 2.477722
71.000 2.477722
72.000 2.477722
73.000 2.477722
74.000 2.477722
75.000 2.568498
76.000 2.619947
77.000 2.671396
78.000 2.722844
79.000 2.729301
80.000 2.729301
81.000 2.704880
82.000 2.704880
83.000 2.704880
84.000 2.632744
85.000 2.632744
86.000 2.632744
87.000 2.638009
88.000 2.683471
89.000 2.726906
90.000 2.726906
91.000 2.726906
92.000 2.741885
93.000 2.743973
94.000 2.743973
95.000 2.642777
96.000 2.618660
97.000 2.618660
98.000 2.678299
99.000 2.723412
100.000 2.723412
101.000 2.687658
102.000 2.682381
103.000 2.698306
104.000 2.742882
105.000 2.722298
106.000 2.722298
107.000 2.760399
108.000 2.760399
109.000 2.634308
110.000 2.634308
111.000 2.685516
112.000 2.685516
113.000 2.685516
114.000 2.619649
115.000 2.517815
116.000 2.505623
117.000 2.505623
118.000 2.748795
119.000 2.748795
120.000 2.711769
121.000 2.711769
122.000 2.715010
123.000 2.728991
124.000 2.729759
125.000 2.618889
126.000 2.618889
127.000 2.618889
128.000 2.654770
129.000 2.654770
130.000 2.657098
131.000 2.664334
132.000 2.664688
133.000 2.655195
134.000 2.750000
135.000 2.649414
136.000 2.781845
137.000 2.643791
138.000 2.649895
139.000 2.707550
140.000 2.672897
141.000 2.702320
142.000 2.766228
143.000 2.715495
144.000 2.610878
145.000 2.613722
146.000 2.617348
147.000 2.452752
148.000 2.299339
149.000 2.472911
150.000 2.760223
151.000 2.730756
152.000 2.667137
153.000 2.667137
154.000 2.667137
155.000 2.528438
156.000 2.467430
157.000 2.467430
158.000 2.761536
159.000 2.755430
160.000 2.744133
161.000 2.724584
162.000 2.683281
163.000 2.587067
164.000 2.587067
165.000 2.620350
166.000 2.625244
167.000 2.618770
168.000 2.616013
169.000 2.611786
170.000 2.610001
171.000 2.733582
172.000 2.733582
173.000 2.735419
174.000 2.735847
175.000 2.735847
176.000 2.742607
177.000 2.742607
178.000 2.566211
179.000 2.285446
180.000 2.572235
181.000 2.572235
182.000 2.755844
183.000 2.612305
184.000 2.612305
185.000 2.607765
186.000 2.607765
187.000 2.662437
188.000 2.662437
189.000 2.714264
190.000 2.714264
191.000 2.714264
192.000 2.639778
193.000 2.639778
194.000 2.639778
195.000 2.638247
196.000 2.631584
197.000 2.631584
198.000 2.631584
199.000 2.631584
200.000 2.631584
201.000 2.631584
202.000 2.631584
203.000 2.631584
204.000 2.699300
205.000 2.677186
206.000 2.655072
207.000 2.632958
208.000 2.610844
209.000 2.588730
210.000 2.567070
211.000 2.567070
212.000 2.438614
213.000 2.438614
214.000 2.695618
215.000 2.695618
216.000 2.695618
217.000 2.636680
218.000 2.643555
219.000 2.643555
220.000 2.645279
221.000 2.667157
222.000 2.673210
223.000 2.699455
224.000 2.709290
225.000 2.709290
226.000 2.771507
227.000 2.771507
228.000 2.755730
229.000 2.755730
230.000 2.755730
231.000 2.755730
232.000 2.702946
233.000 2.645247
234.000 2.631645
235.000 2.451118
236.000 2.451118
237.000 2.662239
238.000 2.662239
239.000 2.670837
240.000 2.670837
241.000 2.742397
242.000 2.760529
243.000 2.760529
244.000 2.748201
245.000 2.703987
246.000 2.694092
247.000 2.311043
248.000 2.311043
249.000 2.311043
250.000 2.634986
251.000 2.626549
252.000 2.626549
253.000 2.626549
254.000 2.626549
255.000 2.663564
256.000 2.694710
257.000 2.708916
258.000 2.708916
259.000 2.684444
260.000 2.675079
261.000 2.511490
262.000 2.395477
263.000 2.395477
264.000 2.395477
265.000 2.716262
266.000 2.728249
267.000 2.728249
268.000 2.728249
269.000 2.656357
270.000 2.656357
271.000 2.656357
272.000 2.660490
273.000 2.686681
274.000 2.712873
275.000 2.719688
276.000 2.378914
277.000 2.515280
278.000 2.589554
279.000 2.714371
280.000 2.725098
281.000 2.725098
282.000 2.725098
283.000 2.646686
284.000 2.594235
285.000 2.572365
286.000 2.572365
287.000 2.565598
288.000 2.705559
289.000 2.705559
290.000 2.705559
291.000 2.648890
292.000 2.590309
293.000 2.590309
294.000 2.590309
295.000 2.578979
296.000 2.578979
297.000 2.390854
298.000 2.390854
299.000 2.542609
300.000 2.668274
301.000 2.668274
302.000 1.850677
303.000 2.635544
304.000 2.635544
305.000 2.720650
306.000 2.720650
307.000 2.717316
308.000 2.717316
309.000 2.739440
310.000 2.779129
311.000 2.620125
312.000 2.620125
313.000 2.633392
314.000 2.633392
315.000 2.737777
316.000 2.767242
317.000 2.767242
318.000 2.739504
319.000 2.620834
320.000 2.620834
321.000 2.573906
322.000 2.573906
323.000 2.382347
324.000 2.759499
325.000 2.759499
326.000 2.663918
327.000 2.663918
328.000 2.626991
329.000 2.626991
330.000 2.626991
331.000 2.678724
332.000 2.726234
333.000 2.726234
334.000 2.726303
335.000 2.748451
336.000 2.748451
337.000 2.579742
338.000 2.579742
339.000 2.671066
340.000 2.671066
341.000 2.601624
342.000 2.601624
343.000 2.619713
344.000 2.619713
345.000 2.661954
346.000 2.700531
347.000 2.593231
348.000 2.708488
349.000 2.708488
350.000 2.708488
351.000 2.648376
352.000 2.648376
353.000 2.627090
354.000 2.627090
355.000 2.627090
356.000 2.464966
357.000 2.464966
358.000 2.472759
359.000 2.591181
