0.000 0.114418
1.000 0.114418
2.000 0.114418
3.000 0.114418
4.000 0.163193
5.000 0.467218
6.000 0.685020
7.000 0.515106
8.000 0.343056
9.000 0.467157
10.000 0.411148
11.000 0.411264
12.000 0.411362
13.000 0.411362
14.000 0.454700
15.000 0.459846
16.000 0.507103
17.000 0.467789
18.000 0.457405
19.000 0.463028
20.000 0.397881
21.000 0.412608
22.000 0.450622
23.000 0.462202
24.000 0.811745
25.000 0.635429
26.000 0.429175
27.000 0.369995
28.000 0.388106
29.000 0.399002
30.000 0.460707
31.000 0.472130
32.000 0.472336
33.000 0.102196
34.000 0.102196
35.000 0.424843
36.000 0.458339
37.000 0.421008
38.000 0.405289
39.000 0.405289
40.000 0.210014
41.000 0.210014
42.000 0.210014
43.000 0.391861
44.000 0.399912
45.000 0.411537
46.000 0.424973
47.000 0.470917
48.000 0.470917
49.000 0.333481
50.000 0.333481
51.000 0.439987
52.000 0.439987
53.000 0.384117
54.000 0.384117
55.000 0.459926
56.000 0.459984
57.000 0.411629
58.000 0.411629
59.000 0.408473
60.000 0.404922
61.000 0.464249
62.000 0.443161
63.000 0.410957
64.000 0.524986
65.000 0.450897
66.000 0.450897
67.000 0.425176
68.000 0.411469
69.000 0.411469
70.000 0.411469
71.000 0.438622
72.000 0.438622
73.000 0.420804
74.000 0.404762
75.000 0.404762
76.000 0.404762
77.000 0.404762
78.000 0.365165
79.000 0.323914
80.000 0.323914
81.000 0.369453
82.000 0.369453
83.000 0.125542
84.000 0.125542
85.000 0.125542
86.000 0.410645
87.000 0.410645
88.000 0.410645
89.000 0.411438
90.000 0.411438
91.000 0.411438
92.000 0.411438
93.000 0.428523
94.000 0.456360
95.000 0.456360
96.000 0.456352
97.000 0.456352
98.000 0.456131
99.000 0.456131
100.000 0.456955
101.000 0.384247
102.000 0.384247
103.000 0.404900
104.000 0.228500
105.000 0.228500
106.000 0.228500
107.000 0.228500
108.000 0.375130
109.000 0.375130
110.000 0.350899
111.000 0.350899
112.000 0.350899
113.000 0.430558
114.000 0.471741
115.000 0.374054
116.000 0.374054
117.000 0.403344
118.000 0.404793
119.000 0.428345
120.000 0.445435
121.000 0.445435
122.000 0.440582
123.000 0.440582
124.000 0.344753
125.000 0.441132
126.000 0.441132
127.000 0.457451
128.000 0.114250
129.000 0.114250
130.000 0.114250
131.000 0.336098
132.000 0.457748
133.000 0.457748
134.000 0.454622
135.000 0.448557
136.000 0.442491
137.000 0.439407
138.000 0.439407
139.000 0.457283
140.000 0.431177
141.000 0.414307
142.000 0.414307
143.000 0.414307
144.000 0.456174
145.000 0.455119
146.000 0.454064
147.000 0.453934
148.000 0.439735
149.000 0.347343
150.000 0.427536
151.000 0.375404
152.000 0.445961
153.000 0.445961
154.000 0.731067
155.000 0.515721
156.000 0.467888
157.000 0.467895
158.000 0.380821
159.000 0.375145
160.000 0.403412
161.000 0.403412
162.000 0.469303
163.000 0.458902
164.000 0.448501
165.000 0.446045
166.000 0.411606
167.000 0.414833
168.000 0.810379
169.000 0.354523
170.000 0.354523
171.000 0.354576
172.000 0.354576
173.000 0.440437
174.000 0.419621
175.000 0.392637
176.000 0.381470
177.000 0.293900
178.000 0.512420
179.000 0.418589
180.000 0.392067
181.000 0.392067
182.000 0.359505
183.000 0.347588
184.000 0.332422
185.000 0.272817
186.000 0.221123
187.000 0.533786
188.000 0.348511
189.000 0.075500
190.000 0.075500
191.000 0.075500
192.000 0.075500
193.000 0.075500
194.000 0.075500
195.000 0.075500
196.000 0.075500
197.000 0.446648
198.000 0.446648
199.000 0.416908
200.000 0.416908
201.000 0.095329
202.000 0.095329
203.000 0.095329
204.000 0.095329
205.000 0.457314
206.000 0.405281
207.000 0.375336
208.000 0.375336
209.000 0.375336
210.000 0.440349
211.000 0.448844
212.000 0.451935
213.000 0.452056
214.000 0.452110
215.000 0.405037
216.000 0.440765
217.000 0.380455
218.000 0.718430
219.000 0.405037
220.000 0.405037
221.000 0.405037
222.000 0.376809
223.000 0.347840
224.000 0.331917
225.000 0.331917
226.000 0.456886
227.000 0.456886
228.000 0.457420
229.000 0.457420
230.000 0.457420
231.000 0.464386
232.000 0.464386
233.000 0.457888
234.000 0.433591
235.000 0.431709
236.000 0.411484
237.000 0.407807
238.000 0.402145
239.000 0.402145
240.000 0.486816
241.000 0.486816
242.000 0.441755
243.000 0.405243
244.000 0.405243
245.000 0.404968
246.000 0.404968
247.000 0.404968
248.000 0.404983
249.000 0.405004
250.000 0.405006
251.000 0.392921
252.000 0.461815
253.000 0.461815
254.000 0.098457
255.000 0.098457
256.000 0.098457
257.000 0.098457
258.000 0.098457
259.000 0.098457
260.000 0.098457
261.000 0.098457
262.000 0.098457
263.000 0.098457
264.000 0.439400
265.000 0.439400
266.000 0.409625
267.000 0.375130
268.000 0.375130
269.000 0.644195
270.000 0.698799
271.000 0.496729
272.000 0.453766
273.000 0.453766
274.000 0.349686
275.000 0.349686
276.000 0.404755
277.000 0.404755
278.000 0.410965
279.000 0.410965
280.000 0.455757
281.000 0.455757
282.000 0.455757
283.000 0.421029
284.000 0.395126
285.000 0.395126
286.000 0.395126
287.000 0.375366
288.000 0.375366
289.000 0.455635
290.000 0.393723
291.000 0.393723
292.000 0.380913
293.000 0.380913
294.000 0.380913
295.000 0.433884
296.000 0.411530
297.000 0.411530
298.000 0.411133
299.000 0.411133
300.000 0.423111
301.000 0.423111
302.000 0.410950
303.000 0.410950
304.000 0.401958
305.000 0.398003
306.000 0.518382
307.000 0.672409
308.000 0.428833
309.000 0.428833
310.000 0.375427
311.000 0.375427
312.000 0.419426
313.000 0.419426
314.000 0.644440
315.000 0.644440
316.000 0.446793
317.000 0.446793
318.000 0.446648
319.000 0.446648
320.000 0.411850
321.000 0.411850
322.000 0.729202
323.000 0.491419
324.000 0.410919
325.000 0.410919
326.000 0.421413
327.000 0.435683
328.000 0.449952
329.000 0.457527
330.000 0.457527
331.000 0.332817
332.000 0.332817
333.000 0.332817
334.000 0.333514
335.000 0.335278
336.000 0.337041
337.000 0.338805
338.000 0.340568
339.000 0.342331
340.000 0.344095
341.000 0.345858
342.000 0.347622
343.000 0.349385
344.000 0.351149
345.000 0.352912
346.000 0.354675
347.000 0.356439
348.000 0.358202
349.000 0.359077
350.000 0.359077
351.000 0.359077
352.000 0.425275
353.000 0.425636
354.000 0.289524
355.000 0.221146
356.000 0.221146
357.000 0.453331
358.000 0.453331
359.000 0.397781
