0.000 0.191414
1.000 0.191414
2.000 0.191414
3.000 1.000534
4.000 2.440566
5.000 1.018265
6.000 1.018265
7.000 1.527153
8.000 1.146791
9.000 1.051704
10.000 1.036090
11.000 1.022850
12.000 1.299133
13.000 1.410316
14.000 1.410316
15.000 2.009224
16.000 2.027628
17.000 2.036118
18.000 1.442963
19.000 1.353296
20.000 1.314354
21.000 1.520042
22.000 1.534340
23.000 1.287697
24.000 1.287697
25.000 1.287697
26.000 1.287697
27.000 1.287697
28.000 1.287697
29.000 1.460871
30.000 1.489212
31.000 1.517552
32.000 1.529175
33.000 1.529175
34.000 1.529175
35.000 1.523171
36.000 1.514271
37.000 1.512444
38.000 1.686310
39.000 1.568443
40.000 1.600594
41.000 1.600594
42.000 1.600594
43.000 1.558304
44.000 1.534592
45.000 1.534592
46.000 1.534592
47.000 1.643080
48.000 1.719223
49.000 1.719223
50.000 1.145706
51.000 1.145706
52.000 1.696869
53.000 1.738419
54.000 1.738419
55.000 1.738419
56.000 1.738419
57.000 1.738419
58.000 1.738419
59.000 1.623780
60.000 1.619394
61.000 1.615009
62.000 1.610623
63.000 1.606238
64.000 1.601852
65.000 1.599571
66.000 1.711212
67.000 1.662842
68.000 1.662842
69.000 1.333763
70.000 1.333763
71.000 1.496813
72.000 1.784363
73.000 1.781480
74.000 1.741646
75.000 2.214882
76.000 2.214882
77.000 1.757858
78.000 1.795165
79.000 1.829597
80.000 1.824760
81.000 1.824760
82.000 1.638905
83.000 1.521912
84.000 1.521912
85.000 1.521912
86.000 1.521912
87.000 1.709019
88.000 1.736114
89.000 1.756371
90.000 1.739044
91.000 1.739044
92.000 1.885414
93.000 1.885414
94.000 1.450089
95.000 1.450089
96.000 1.018715
97.000 1.875282
98.000 1.875282
99.000 1.980461
100.000 1.919634
101.000 1.793854
102.000 1.793854
103.000 1.842190
104.000 1.860184
105.000 1.686653
106.000 1.897919
107.000 1.749706
108.000 1.701981
109.000 1.701981
110.000 1.870842
111.000 1.870842
112.000 1.870842
113.000 1.845780
114.000 1.808946
115.000 1.772112
116.000 1.735278
117.000 1.727516
118.000 1.728249
119.000 1.728249
120.000 1.534607
121.000 1.534607
122.000 1.583321
123.000 1.583321
124.000 1.583321
125.000 1.577366
126.000 1.569476
127.000 1.561585
128.000 1.557037
129.000 1.552057
130.000 1.268837
131.000 1.174522
132.000 0.912193
133.000 0.912193
134.000 0.783539
135.000 0.783539
136.000 1.326401
137.000 1.165253
138.000 1.218735
139.000 1.218735
140.000 1.418129
141.000 1.418129
142.000 1.374477
143.000 1.267151
144.000 1.267151
145.000 1.267151
146.000 1.267151
147.000 1.267151
148.000 1.205687
149.000 1.183070
150.000 1.160453
151.000 1.137835
152.000 1.132912
153.000 1.080902
154.000 1.080902
155.000 1.119757
156.000 1.166489
157.000 1.365540
158.000 1.103577
159.000 1.366005
160.000 1.366005
161.000 1.513687
162.000 1.513687
163.000 1.513687
164.000 1.118641
165.000 1.176895
166.000 1.176895
167.000 1.176895
168.000 0.882339
169.000 0.882339
170.000 0.882339
171.000 0.882339
172.000 0.653954
173.000 0.653954
174.000 0.653954
175.000 0.927045
176.000 1.435986
177.000 1.533020
178.000 1.546265
179.000 1.546265
180.000 1.561028
181.000 1.561028
182.000 1.540947
183.000 1.540947
184.000 1.069763
185.000 1.069763
186.000 1.369827
187.000 1.369827
188.000 0.793350
189.000 0.793350
190.000 0.913812
191.000 1.337101
192.000 1.598579
193.000 1.321014
194.000 2.128708
195.000 2.128708
196.000 1.421349
197.000 1.421349
198.000 0.542603
199.000 0.542603
200.000 1.348877
201.000 1.366829
202.000 1.366829
203.000 1.242554
204.000 1.444748
205.000 1.444748
206.000 1.378258
207.000 1.378258
208.000 1.411609
209.000 1.499161
210.000 1.349449
211.000 1.445824
212.000 1.445824
213.000 1.562210
214.000 1.562210
215.000 1.562210
216.000 1.477084
217.000 1.349952
218.000 1.549835
219.000 1.549835
220.000 0.732086
221.000 0.732086
222.000 0.732086
223.000 1.538231
224.000 1.469917
225.000 1.469917
226.000 1.460716
227.000 1.460716
228.000 1.407919
229.000 1.299751
230.000 1.299751
231.000 1.571472
232.000 1.506096
233.000 1.506096
234.000 1.516078
235.000 1.566343
236.000 1.568855
237.000 1.165756
238.000 1.165756
239.000 1.155952
240.000 1.155952
241.000 1.155952
242.000 1.155952
243.000 1.490484
244.000 1.481956
245.000 1.481956
246.000 1.132332
247.000 1.132332
248.000 1.132332
249.000 1.258591
250.000 1.258591
251.000 1.291028
252.000 1.413429
253.000 1.421266
254.000 1.502632
255.000 1.150410
256.000 1.127670
257.000 1.380333
258.000 1.388168
259.000 0.896667
260.000 0.896667
261.000 0.896667
262.000 1.291527
263.000 1.291527
264.000 0.933899
265.000 0.933899
266.000 0.915033
267.000 0.897614
268.000 0.897614
269.000 1.147774
270.000 1.261383
271.000 1.298264
272.000 1.298264
273.000 1.481651
274.000 1.481651
275.000 1.497345
276.000 1.508240
277.000 1.280983
278.000 1.280983
279.000 1.333197
280.000 1.349358
281.000 1.349358
282.000 1.435028
283.000 1.435028
284.000 1.424438
285.000 1.424438
286.000 1.611252
287.000 1.575038
288.000 1.527077
289.000 1.322784
290.000 1.322784
291.000 1.306572
292.000 1.287465
293.000 1.213745
294.000 1.213745
295.000 1.527611
296.000 1.432167
297.000 1.432167
298.000 1.425285
299.000 1.425285
300.000 1.913750
301.000 1.913750
302.000 1.515152
303.000 1.515152
304.000 1.555176
305.000 1.555176
306.000 1.313240
307.000 1.313240
308.000 1.233607
309.000 1.134880
310.000 1.134880
311.000 1.216850
312.000 1.223630
313.000 1.250076
314.000 1.250076
315.000 1.325089
316.000 1.140152
317.000 1.140152
318.000 0.693451
319.000 0.693451
320.000 0.693451
321.000 1.251633
322.000 1.302803
323.000 1.302803
324.000 1.419258
325.000 1.419258
326.000 1.425117
327.000 1.425117
328.000 1.425357
329.000 1.431902
330.000 1.433640
331.000 1.383003
332.000 1.383003
333.000 1.299988
334.000 1.299988
335.000 1.597115
336.000 1.629451
337.000 1.639000
338.000 1.455078
339.000 1.455078
340.000 1.529671
341.000 1.373070
342.000 1.373070
343.000 1.483749
344.000 1.225998
345.000 1.225998
346.000 1.225998
347.000 1.193545
348.000 1.206566
349.000 1.206566
350.000 1.078753
351.000 1.049156
352.000 1.049156
353.000 1.085815
354.000 1.085815
355.000 1.086987
356.000 1.142021
357.000 1.142021
358.000 1.191826
359.000 1.081238
