0.000 0.362564
1.000 0.362564
2.000 0.362564
3.000 0.362564
4.000 0.362564
5.000 5.196342
6.000 6.348495
7.000 5.816254
8.000 6.622398
9.000 5.075542
10.000 4.075333
11.000 3.779433
12.000 3.585800
13.000 3.734535
14.000 3.780067
15.000 0.621803
16.000 0.621803
17.000 0.621803
18.000 0.621803
19.000 1.146019
20.000 1.146019
21.000 1.146019
22.000 1.268247
23.000 1.462286
24.000 1.656326
25.000 1.850366
26.000 2.044405
27.000 2.112930
28.000 1.704956
29.000 1.704956
30.000 0.720520
31.000 0.720520
32.000 0.720520
33.000 0.763706
34.000 0.885387
35.000 0.942688
36.000 0.942688
37.000 1.360283
38.000 0.665070
39.000 0.665070
40.000 1.390976
41.000 1.390976
42.000 1.392714
43.000 1.489754
44.000 1.558151
45.000 1.543693
46.000 1.443825
47.000 1.881729
48.000 1.881729
49.000 1.705780
50.000 1.729027
51.000 1.729027
52.000 1.744377
53.000 1.791475
54.000 1.836647
55.000 1.839276
56.000 1.863871
57.000 1.875893
58.000 1.875893
59.000 1.836876
60.000 1.954843
61.000 1.959984
62.000 2.135361
63.000 1.865112
64.000 0.568260
65.000 0.568260
66.000 0.568260
67.000 0.568260
68.000 1.859558
69.000 1.859558
70.000 1.748504
71.000 1.556338
72.000 1.371536
73.000 1.371536
74.000 1.861511
75.000 1.062515
76.000 1.062515
77.000 0.720070
78.000 0.720070
79.000 0.720070
80.000 0.720070
81.000 0.720070
82.000 1.806786
83.000 1.806786
84.000 1.700125
85.000 1.609192
86.000 1.609192
87.000 0.915192
88.000 0.915192
89.000 1.990402
90.000 1.900032
91.000 1.900032
92.000 1.561272
93.000 1.561272
94.000 1.285538
95.000 1.285538
96.000 1.285538
97.000 1.416947
98.000 1.372625
99.000 1.331436
100.000 1.331436
101.000 1.210426
102.000 1.210426
103.000 0.267776
104.000 0.267776
105.000 0.267776
106.000 0.267776
107.000 0.267776
108.000 0.267776
109.000 0.267776
110.000 0.267776
111.000 0.232895
112.000 0.232895
113.000 0.232895
114.000 0.232895
115.000 0.232895
116.000 0.232895
117.000 0.232895
118.000 0.232895
119.000 0.232895
120.000 0.232895
121.000 0.232895
122.000 1.020065
123.000 1.020065
124.000 1.020065
125.000 1.020065
126.000 1.020065
127.000 1.361030
128.000 1.422615
129.000 1.422615
130.000 1.544616
131.000 1.637329
132.000 1.292221
133.000 0.849380
134.000 0.849380
135.000 1.009198
136.000 1.117699
137.000 1.019699
138.000 1.614357
139.000 1.614357
140.000 1.602025
141.000 1.665070
142.000 1.665070
143.000 1.562027
144.000 1.562027
145.000 1.724663
146.000 1.706308
147.000 1.224365
148.000 1.224365
149.000 1.523544
150.000 1.523544
151.000 0.842453
152.000 0.842453
153.000 0.600212
154.000 0.600212
155.000 0.332985
156.000 0.332985
157.000 0.332985
158.000 0.332985
159.000 0.332985
160.000 0.332985
161.000 0.332985
162.000 0.332985
163.000 0.332985
164.000 0.332985
165.000 0.751558
166.000 0.728104
167.000 0.728104
168.000 0.728104
169.000 1.862701
170.000 1.862701
171.000 1.766327
172.000 1.766327
173.000 1.117989
174.000 0.173141
175.000 0.173141
176.000 0.173141
177.000 0.173141
178.000 0.173141
179.000 0.173141
180.000 0.173141
181.000 0.173141
182.000 0.173141
183.000 0.173141
184.000 0.173141
185.000 0.173141
186.000 0.425136
187.000 0.120637
188.000 0.104317
189.000 0.104317
190.000 0.104317
191.000 0.104317
192.000 0.104317
193.000 0.104317
194.000 0.104317
195.000 0.099614
196.000 0.091587
197.000 0.083560
198.000 0.075534
199.000 0.071625
200.000 0.071625
201.000 0.115934
202.000 0.324059
203.000 0.174727
204.000 0.110786
205.000 0.362907
206.000 0.273895
207.000 0.273895
208.000 0.254176
209.000 0.230184
210.000 0.209053
211.000 0.218900
212.000 0.238479
213.000 0.258058
214.000 0.277637
215.000 0.297216
216.000 0.311356
217.000 0.690987
218.000 0.603130
219.000 0.403641
220.000 0.134033
221.000 0.219131
222.000 0.219131
223.000 0.038559
224.000 0.038559
225.000 0.038559
226.000 0.038559
227.000 0.038559
228.000 0.038559
229.000 0.038559
230.000 0.459755
231.000 0.536530
232.000 0.536530
233.000 0.458733
234.000 0.327963
235.000 0.197194
236.000 0.177849
237.000 0.177849
238.000 0.333321
239.000 0.333321
240.000 0.333321
241.000 0.333321
242.000 0.333321
243.000 0.333321
244.000 0.333321
245.000 0.333321
246.000 0.199532
247.000 0.199532
248.000 0.199532
249.000 0.199532
250.000 0.199532
251.000 0.408096
252.000 0.609795
253.000 0.609795
254.000 0.762764
255.000 0.762764
256.000 0.594772
257.000 0.594772
258.000 0.594772
259.000 0.594772
260.000 0.807410
261.000 1.005562
262.000 1.005562
263.000 0.436989
264.000 0.436989
265.000 0.436989
266.000 0.436989
267.000 0.436989
268.000 0.287285
269.000 0.287285
270.000 0.287285
271.000 0.287285
272.000 0.287285
273.000 0.287285
274.000 0.278595
275.000 0.258523
276.000 0.238450
277.000 0.232918
278.000 0.232918
279.000 0.232918
280.000 0.240816
281.000 0.329655
282.000 0.418493
283.000 0.319382
284.000 0.319382
285.000 0.319382
286.000 0.394611
287.000 0.421944
288.000 0.421944
289.000 0.448410
290.000 0.448410
291.000 0.448410
292.000 0.266701
293.000 0.266701
294.000 0.211700
295.000 0.211700
296.000 0.211700
297.000 0.211700
298.000 0.240039
299.000 0.264091
300.000 0.264091
301.000 0.264091
302.000 0.245695
303.000 0.182014
304.000 0.182014
305.000 0.182014
306.000 0.230446
307.000 0.230446
308.000 0.181793
309.000 0.181793
310.000 0.181793
311.000 0.181793
312.000 0.186974
313.000 0.186974
314.000 0.186974
315.000 0.406288
316.000 0.392419
317.000 0.314796
318.000 0.351738
319.000 0.604538
320.000 0.641833
321.000 0.249041
322.000 0.168526
323.000 0.484375
324.000 0.738550
325.000 0.389438
326.000 0.087540
327.000 0.087540
328.000 0.087540
329.000 0.087540
330.000 0.087540
331.000 0.344444
332.000 0.344444
333.000 0.463593
334.000 0.495468
335.000 0.239919
336.000 0.219673
337.000 0.219673
338.000 0.648743
339.000 0.648743
340.000 0.576859
341.000 0.576859
342.000 0.927449
343.000 1.107285
344.000 0.596184
345.000 0.591182
346.000 0.418171
347.000 0.411850
348.000 0.542747
349.000 0.542747
350.000 0.403282
351.000 0.403282
352.000 0.302440
353.000 0.259216
354.000 0.259216
355.000 0.259216
356.000 0.404808
357.000 0.404808
358.000 0.370453
359.000 0.308431
