0.000 0.250183
1.000 0.206749
2.000 0.206749
3.000 0.459358
4.000 0.459358
5.000 0.424189
6.000 0.421242
7.000 0.516174
8.000 0.566833
9.000 0.485064
10.000 0.295624
11.000 0.314575
12.000 0.314575
13.000 0.330714
14.000 0.349789
15.000 0.368864
16.000 0.357658
17.000 0.372833
18.000 0.419548
19.000 0.419548
20.000 0.419548
21.000 0.419548
22.000 0.495289
23.000 0.451059
24.000 0.441986
25.000 0.031822
26.000 0.031822
27.000 0.031822
28.000 0.031822
29.000 0.031822
30.000 0.031822
31.000 0.031822
32.000 0.031822
33.000 0.031822
34.000 0.031822
35.000 0.031822
36.000 0.031822
37.000 1.202225
38.000 0.352264
39.000 0.352264
40.000 0.421844
41.000 0.421844
42.000 0.387419
43.000 0.291946
44.000 0.291946
45.000 0.369560
46.000 0.362289
47.000 0.362289
48.000 0.362289
49.000 0.362289
50.000 0.499413
51.000 0.460694
52.000 0.421974
53.000 0.407402
54.000 0.407402
55.000 0.422332
56.000 0.467743
57.000 0.467743
58.000 0.788863
59.000 0.408699
60.000 0.408699
61.000 0.464027
62.000 0.177681
63.000 0.177681
64.000 0.469688
65.000 0.346634
66.000 0.346634
67.000 0.300209
68.000 0.300209
69.000 0.300209
70.000 0.436081
71.000 0.436081
72.000 0.444870
73.000 0.444870
74.000 0.444870
75.000 0.444920
76.000 0.444931
77.000 0.444931
78.000 0.425636
79.000 0.425636
80.000 0.425636
81.000 0.371250
82.000 0.368301
83.000 0.368301
84.000 0.387804
85.000 0.465897
86.000 0.323784
87.000 0.323784
88.000 0.315125
89.000 0.315125
90.000 0.315125
91.000 0.356592
92.000 0.347656
93.000 0.347656
94.000 0.420372
95.000 0.420372
96.000 0.359596
97.000 0.359596
98.000 0.359596
99.000 0.299240
100.000 0.405434
101.000 0.405434
102.000 0.389236
103.000 0.389236
104.000 0.400160
105.000 0.420357
106.000 0.420357
107.000 0.220924
108.000 0.220924
109.000 0.468239
110.000 0.301094
111.000 0.301094
112.000 0.528412
113.000 0.528412
114.000 0.468376
115.000 0.468376
116.000 0.443847
117.000 0.415337
118.000 0.415337
119.000 0.452808
120.000 0.475204
121.000 0.475204
122.000 0.528467
123.000 0.579689
124.000 0.312065
125.000 0.312065
126.000 0.407669
127.000 0.472005
128.000 0.673485
129.000 0.593721
130.000 0.442879
131.000 0.442879
132.000 0.466087
133.000 0.432484
134.000 0.402931
135.000 0.402931
136.000 0.402931
137.000 0.437409
138.000 0.532593
139.000 0.627777
140.000 0.635078
141.000 0.461555
142.000 0.461555
143.000 0.461555
144.000 0.446848
145.000 0.428827
146.000 0.418983
147.000 0.418983
148.000 0.481064
149.000 0.390732
150.000 0.390732
151.000 0.368236
152.000 0.147697
153.000 0.147697
154.000 0.147697
155.000 0.276460
156.000 0.328827
157.000 0.389542
158.000 0.027390
159.000 0.027390
160.000 0.027390
161.000 0.027390
162.000 0.027390
163.000 0.027390
164.000 0.027390
165.000 0.308800
166.000 0.394554
167.000 0.394554
168.000 0.404128
169.000 0.508088
170.000 0.612049
171.000 0.622846
172.000 0.439835
173.000 0.439842
174.000 0.314072
175.000 0.314072
176.000 0.352531
177.000 0.394371
178.000 0.394371
179.000 0.289581
180.000 0.289719
181.000 0.289719
182.000 0.328087
183.000 0.328087
184.000 0.326705
185.000 0.323006
186.000 0.323006
187.000 0.427605
188.000 0.427605
189.000 0.884979
190.000 0.884979
191.000 0.463020
192.000 0.463020
193.000 0.416374
194.000 0.416374
195.000 0.416374
196.000 0.486347
197.000 0.571463
198.000 0.656579
199.000 0.727463
200.000 0.415489
201.000 0.441080
202.000 0.524834
203.000 0.397568
204.000 0.280045
205.000 0.280045
206.000 0.280045
207.000 0.421516
208.000 0.421516
209.000 0.420627
210.000 0.415397
211.000 0.410797
212.000 0.410797
213.000 0.365761
214.000 0.473343
215.000 0.416204
216.000 0.357521
217.000 0.357521
218.000 0.307823
219.000 0.307823
220.000 0.421410
221.000 0.421410
222.000 0.438438
223.000 0.416763
224.000 0.416763
225.000 0.459076
226.000 0.459076
227.000 0.459076
228.000 0.722832
229.000 0.722832
230.000 0.322777
231.000 0.322777
232.000 0.322777
233.000 0.322777
234.000 0.322777
235.000 0.034920
236.000 0.034920
237.000 0.034920
238.000 0.034920
239.000 0.034920
240.000 0.034920
241.000 0.523590
242.000 0.523590
243.000 0.173805
244.000 0.173805
245.000 0.173805
246.000 0.173805
247.000 0.173805
248.000 0.383761
249.000 0.380447
250.000 0.370377
251.000 0.370377
252.000 0.455963
253.000 0.455963
254.000 0.436514
255.000 0.453237
256.000 0.455963
257.000 0.453873
258.000 0.453873
259.000 0.271820
260.000 0.271820
261.000 0.606061
262.000 0.730354
263.000 0.441696
264.000 0.441696
265.000 0.649920
266.000 0.709938
267.000 0.709439
268.000 0.470249
269.000 0.350807
270.000 0.465271
271.000 0.465271
272.000 0.362434
273.000 0.409424
274.000 0.409424
275.000 0.409424
276.000 0.373734
277.000 0.373734
278.000 0.373734
279.000 0.373734
280.000 0.308530
281.000 0.345842
282.000 0.383154
283.000 0.420465
284.000 0.456726
285.000 0.456726
286.000 0.460312
287.000 0.460312
288.000 0.460312
289.000 0.511508
290.000 0.491953
291.000 0.472397
292.000 0.455963
293.000 0.455893
294.000 0.424423
295.000 0.328156
296.000 0.328156
297.000 0.397453
298.000 0.358116
299.000 0.358116
300.000 0.167892
301.000 0.167892
302.000 0.167892
303.000 0.167892
304.000 0.167892
305.000 0.167892
306.000 0.527878
307.000 0.527878
308.000 0.413162
309.000 0.413162
310.000 0.413162
311.000 0.422502
312.000 0.444578
313.000 0.455780
314.000 0.300056
315.000 0.300056
316.000 0.495644
317.000 0.495644
318.000 0.380241
319.000 0.380241
320.000 0.380241
321.000 0.404115
322.000 0.422462
323.000 0.356964
324.000 0.476112
325.000 0.476112
326.000 0.464981
327.000 0.453435
328.000 0.452866
329.000 0.418892
330.000 0.421744
331.000 0.451004
332.000 0.451004
333.000 0.348251
334.000 0.348251
335.000 0.348251
336.000 0.331451
337.000 0.331451
338.000 0.331451
339.000 0.331451
340.000 0.331451
341.000 0.487743
342.000 0.463128
343.000 0.450722
344.000 0.450722
345.000 0.581725
346.000 0.640938
347.000 0.470856
348.000 0.470856
349.000 0.470856
350.000 0.425262
351.000 0.425262
352.000 0.314453
353.000 0.314453
354.000 0.314453
355.000 0.314453
356.000 0.314453
357.000 0.410738
358.000 0.454094
359.000 0.454094
