0.000 0.165146
1.000 1.230881
2.000 2.853699
3.000 2.853699
4.000 2.361793
5.000 2.358551
6.000 2.358551
7.000 2.358551
8.000 2.358551
9.000 1.723363
10.000 1.524782
11.000 1.443428
12.000 1.443428
13.000 1.443428
14.000 2.473080
15.000 2.417511
16.000 2.415520
17.000 2.399193
18.000 2.593475
19.000 1.697885
20.000 1.477203
21.000 1.812724
22.000 2.446037
23.000 2.376091
24.000 2.376091
25.000 1.783562
26.000 1.783562
27.000 1.783562
28.000 2.030118
29.000 2.447211
30.000 2.504158
31.000 2.190074
32.000 2.686569
33.000 2.454292
34.000 2.595329
35.000 2.643517
36.000 2.643517
37.000 2.452118
38.000 2.452118
39.000 2.482799
40.000 2.639320
41.000 2.639320
42.000 2.582687
43.000 2.582687
44.000 2.598454
45.000 2.601685
46.000 1.875580
47.000 1.875580
48.000 2.270836
49.000 2.270836
50.000 2.325767
51.000 2.690353
52.000 2.690353
53.000 2.494873
54.000 2.494873
55.000 2.483299
56.000 2.696098
57.000 2.696098
58.000 2.433365
59.000 2.119251
60.000 1.887611
61.000 1.887611
62.000 2.370248
63.000 2.542953
64.000 2.721786
65.000 2.721786
66.000 2.468930
67.000 2.047813
68.000 2.047813
69.000 2.671333
70.000 2.671333
71.000 2.702532
72.000 2.702515
73.000 2.702515
74.000 2.695070
75.000 2.682838
76.000 2.682838
77.000 2.580780
78.000 2.006638
79.000 2.006638
80.000 2.006638
81.000 2.514919
82.000 2.421627
83.000 2.415886
84.000 2.415886
85.000 2.011185
86.000 2.011185
87.000 2.011185
88.000 2.011185
89.000 2.486965
90.000 2.487396
91.000 2.487396
92.000 2.684753
93.000 2.684753
94.000 2.474258
95.000 2.474258
96.000 2.686302
97.000 2.686302
98.000 2.467361
99.000 2.467361
100.000 2.467361
101.000 2.616646
102.000 2.616646
103.000 2.616646
104.000 2.555223
105.000 2.447864
106.000 2.420639
107.000 1.757118
108.000 1.757118
109.000 2.687057
110.000 2.691513
111.000 2.691513
112.000 2.711296
113.000 2.711296
114.000 2.542559
115.000 2.096320
116.000 2.040291
117.000 2.451825
118.000 2.487152
119.000 1.713509
120.000 1.713509
121.000 1.713509
122.000 2.746391
123.000 2.746391
124.000 2.457207
125.000 2.457207
126.000 2.457207
127.000 2.497856
128.000 2.497856
129.000 2.497856
130.000 2.608414
131.000 2.608414
132.000 2.608414
133.000 2.608414
134.000 2.480777
135.000 2.282931
136.000 2.085085
137.000 1.887239
138.000 1.834938
139.000 1.834938
140.000 1.834938
141.000 1.834938
142.000 2.787341
143.000 2.819343
144.000 2.839050
145.000 2.408928
146.000 1.744621
147.000 1.744621
148.000 1.998886
149.000 1.998886
150.000 2.308276
151.000 2.634937
152.000 2.663406
153.000 2.685760
154.000 2.713989
155.000 2.713989
156.000 2.401893
157.000 2.400284
158.000 2.694099
159.000 2.687964
160.000 2.147101
161.000 1.696915
162.000 1.696915
163.000 2.655693
164.000 2.655693
165.000 2.445318
166.000 2.024612
167.000 2.024612
168.000 2.024612
169.000 2.024612
170.000 2.001190
171.000 2.001190
172.000 2.001190
173.000 2.001190
174.000 2.001190
175.000 2.534394
176.000 2.489754
177.000 2.489754
178.000 2.489754
179.000 2.356762
180.000 2.148355
181.000 1.941299
182.000 2.711090
183.000 2.678431
184.000 2.565651
185.000 2.556710
186.000 2.475526
187.000 2.480479
188.000 2.531861
189.000 2.546071
190.000 2.528784
191.000 2.521774
192.000 2.502965
193.000 2.501350
194.000 2.501350
195.000 2.501350
196.000 2.501350
197.000 2.501350
198.000 2.501350
199.000 1.930611
200.000 1.930611
201.000 1.930611
202.000 1.930611
203.000 1.930611
204.000 1.930611
205.000 1.930611
206.000 1.147194
207.000 1.147194
208.000 1.147194
209.000 1.147194
210.000 1.147194
211.000 1.147194
212.000 1.147194
213.000 2.728966
214.000 2.787700
215.000 2.811340
216.000 2.811340
217.000 2.811340
218.000 2.811340
219.000 2.722685
220.000 2.699174
221.000 2.675663
222.000 2.652151
223.000 2.636894
224.000 2.636894
225.000 2.636894
226.000 2.636894
227.000 2.648043
228.000 2.600309
229.000 2.577736
230.000 2.577736
231.000 2.577736
232.000 2.530485
233.000 2.628305
234.000 2.673759
235.000 2.143738
236.000 2.707454
237.000 2.479187
238.000 2.576261
239.000 2.632362
240.000 2.591133
241.000 2.582527
242.000 2.222511
243.000 2.222511
244.000 1.802750
245.000 1.802750
246.000 1.802750
247.000 1.802750
248.000 2.378667
249.000 2.277536
250.000 2.260155
251.000 2.260155
252.000 2.260155
253.000 2.511755
254.000 2.661348
255.000 2.714661
256.000 2.714661
257.000 2.640045
258.000 2.364471
259.000 2.364471
260.000 2.377727
261.000 2.420748
262.000 2.423141
263.000 2.423141
264.000 2.693405
265.000 2.693405
266.000 2.659068
267.000 2.596878
268.000 2.534688
269.000 2.533615
270.000 2.311883
271.000 2.435715
272.000 2.727043
273.000 2.727043
274.000 2.622498
275.000 2.622498
276.000 2.474899
277.000 2.474899
278.000 2.171211
279.000 2.171211
280.000 2.276268
281.000 2.276268
282.000 2.276268
283.000 2.260106
284.000 2.004092
285.000 1.804359
286.000 1.804359
287.000 1.804359
288.000 2.545647
289.000 2.545647
290.000 2.545647
291.000 2.545647
292.000 2.513224
293.000 2.511854
294.000 2.510483
295.000 2.509112
296.000 2.507741
297.000 2.506897
298.000 2.606018
299.000 2.564186
300.000 2.564186
301.000 2.640137
302.000 2.702705
303.000 2.702705
304.000 2.573207
305.000 2.501780
306.000 2.485870
307.000 2.492798
308.000 2.748886
309.000 2.748886
310.000 2.572426
311.000 2.572426
312.000 2.498116
313.000 2.448738
314.000 2.712715
315.000 2.712715
316.000 2.639103
317.000 2.554211
318.000 1.980408
319.000 1.980408
320.000 1.980408
321.000 1.980408
322.000 2.725206
323.000 2.690155
324.000 2.711449
325.000 2.711449
326.000 1.737137
327.000 1.737137
328.000 1.981567
329.000 2.376362
330.000 2.410057
331.000 2.410057
332.000 2.645882
333.000 2.645882
334.000 2.689590
335.000 2.689590
336.000 2.693027
337.000 2.696831
338.000 2.696831
339.000 2.685989
340.000 2.560790
341.000 2.520279
342.000 2.713249
343.000 2.747536
344.000 2.738713
345.000 2.728477
346.000 2.512988
347.000 2.287811
348.000 2.345300
349.000 2.411599
350.000 2.520836
351.000 2.641452
352.000 2.603751
353.000 2.549859
354.000 2.546661
355.000 2.546661
356.000 2.686974
357.000 2.686974
358.000 2.457073
359.000 2.382874
