0.000 0.092079
1.000 0.092079
2.000 0.092079
3.000 0.092079
4.000 0.092079
5.000 0.092079
6.000 0.092079
7.000 0.092079
8.000 0.092079
9.000 0.092079
10.000 0.223701
11.000 0.223701
12.000 0.223701
13.000 0.196896
14.000 0.070023
15.000 0.070023
16.000 0.070023
17.000 0.070023
18.000 0.070023
19.000 0.070023
20.000 0.070023
21.000 0.070023
22.000 0.230347
23.000 0.230347
24.000 0.227702
25.000 0.221955
26.000 0.217499
27.000 0.217499
28.000 0.217499
29.000 0.217499
30.000 0.209251
31.000 0.209251
32.000 0.209251
33.000 0.209251
34.000 0.209251
35.000 0.209251
36.000 0.209251
37.000 0.209251
38.000 0.209251
39.000 0.209251
40.000 0.253004
41.000 0.258074
42.000 0.263144
43.000 0.268215
44.000 0.273285
45.000 0.273689
46.000 0.273689
47.000 0.273689
48.000 0.273689
49.000 0.273689
50.000 0.246108
51.000 0.218111
52.000 0.218079
53.000 0.218079
54.000 0.218079
55.000 0.218079
56.000 0.216820
57.000 0.216820
58.000 0.216820
59.000 0.216820
60.000 0.214138
61.000 0.199084
62.000 0.193336
63.000 0.193336
64.000 0.226830
65.000 0.226830
66.000 0.154434
67.000 0.154434
68.000 0.197159
69.000 0.197159
70.000 0.143196
71.000 0.143196
72.000 0.143196
73.000 0.143196
74.000 0.234550
75.000 0.234550
76.000 0.226204
77.000 0.226204
78.000 0.226204
79.000 0.226204
80.000 0.226204
81.000 0.226204
82.000 0.189641
83.000 0.172226
84.000 0.172226
85.000 0.172226
86.000 0.172226
87.000 0.172226
88.000 0.172226
89.000 0.166473
90.000 0.166473
91.000 0.166473
92.000 0.166473
93.000 0.177182
94.000 0.284096
95.000 0.295937
96.000 0.295937
97.000 0.295937
98.000 0.161232
99.000 0.161232
100.000 0.161232
101.000 0.161232
102.000 0.161232
103.000 0.161232
104.000 0.161232
105.000 0.161232
106.000 0.161232
107.000 0.161232
108.000 0.069695
109.000 0.069695
110.000 0.069695
111.000 0.069695
112.000 0.069695
113.000 0.069695
114.000 0.069695
115.000 0.069695
116.000 0.069695
117.000 0.069695
118.000 0.069695
119.000 0.069695
120.000 0.069695
121.000 0.069695
122.000 0.228865
123.000 0.228710
124.000 0.228699
125.000 0.228699
126.000 0.228699
127.000 0.228699
128.000 0.228699
129.000 0.228699
130.000 0.231065
131.000 0.232689
132.000 0.232689
133.000 0.200534
134.000 0.170250
135.000 0.170250
136.000 0.209953
137.000 0.209953
138.000 0.209953
139.000 0.180344
140.000 0.180344
141.000 0.181930
142.000 0.207993
143.000 0.207993
144.000 0.207993
145.000 0.597771
146.000 0.224953
147.000 0.224953
148.000 0.201515
149.000 0.199379
150.000 0.190117
151.000 0.193191
152.000 0.223880
153.000 0.224953
154.000 0.172310
155.000 0.172310
156.000 0.269361
157.000 0.357361
158.000 0.240868
159.000 0.240868
160.000 0.230803
161.000 0.203423
162.000 0.203423
163.000 0.205239
164.000 0.211205
165.000 0.211205
166.000 0.181808
167.000 0.193598
168.000 0.233141
169.000 0.240807
170.000 0.088593
171.000 0.088593
172.000 0.088593
173.000 0.088593
174.000 0.173195
175.000 0.173195
176.000 0.174423
177.000 0.174423
178.000 0.189171
179.000 0.189171
180.000 0.189171
181.000 0.189171
182.000 0.189171
183.000 0.189171
184.000 0.189171
185.000 0.189171
186.000 0.203663
187.000 0.195603
188.000 0.187543
189.000 0.179483
190.000 0.174530
191.000 0.174530
192.000 0.174530
193.000 0.174530
194.000 0.174530
195.000 0.192382
196.000 0.225866
197.000 0.259351
198.000 0.276184
199.000 0.252404
200.000 0.224333
201.000 0.220345
202.000 0.205978
203.000 0.205978
204.000 0.228073
205.000 0.228073
206.000 0.226706
207.000 0.224748
208.000 0.222790
209.000 0.222450
210.000 0.201899
211.000 0.196320
212.000 0.190538
213.000 0.181770
214.000 0.181770
215.000 0.185577
216.000 0.195862
217.000 0.206147
218.000 0.216432
219.000 0.226717
220.000 0.237002
221.000 0.246277
222.000 0.277657
223.000 0.492615
224.000 0.201675
225.000 0.201675
226.000 0.201516
227.000 0.199970
228.000 0.198425
229.000 0.197372
230.000 0.197372
231.000 0.197372
232.000 0.219955
233.000 0.219955
234.000 0.226575
235.000 0.242405
236.000 0.258235
237.000 0.274065
238.000 0.495262
239.000 0.265076
240.000 0.260124
241.000 0.251789
242.000 0.243455
243.000 0.235121
244.000 0.226786
245.000 0.218697
246.000 0.218697
247.000 0.218697
248.000 0.218697
249.000 0.212112
250.000 0.204386
251.000 0.201302
252.000 0.203046
253.000 0.206466
254.000 0.209886
255.000 0.213305
256.000 0.215248
257.000 0.238920
258.000 0.314272
259.000 0.351180
260.000 0.457546
261.000 0.563912
262.000 0.604878
263.000 0.644619
264.000 0.709568
265.000 0.872213
266.000 1.034858
267.000 1.148766
268.000 1.428177
269.000 1.556099
270.000 1.306681
271.000 1.013303
272.000 0.719925
273.000 0.426547
274.000 0.195908
275.000 0.193215
276.000 0.166063
277.000 0.147026
278.000 0.147026
279.000 0.189209
280.000 0.189209
281.000 0.277618
282.000 0.350089
283.000 0.422559
284.000 0.495030
285.000 0.567500
286.000 0.639970
287.000 0.712441
288.000 0.784911
289.000 0.849274
290.000 0.420909
291.000 0.190895
292.000 0.117813
293.000 0.117813
294.000 0.117813
295.000 0.183762
296.000 0.183762
297.000 0.183762
298.000 0.207575
299.000 0.244315
300.000 0.281055
301.000 0.317795
302.000 0.354536
303.000 0.391276
304.000 0.420120
305.000 0.420120
306.000 0.420120
307.000 0.304854
308.000 0.257954
309.000 0.211054
310.000 0.184311
311.000 0.184311
312.000 0.184311
313.000 0.188560
314.000 0.224327
315.000 0.224327
316.000 0.224327
317.000 0.224327
318.000 0.211222
319.000 0.215895
320.000 0.220569
321.000 0.225242
322.000 0.229915
323.000 0.229950
324.000 0.224066
325.000 0.216901
326.000 0.209736
327.000 0.202570
328.000 0.198982
329.000 0.165459
330.000 0.165459
331.000 0.165473
332.000 0.165513
333.000 0.165527
334.000 0.165527
335.000 0.168089
336.000 0.173210
337.000 0.176437
338.000 0.224179
339.000 0.700842
340.000 0.832626
341.000 0.290137
342.000 0.210571
343.000 0.210571
344.000 0.210571
345.000 0.389583
346.000 0.180435
347.000 0.180435
348.000 0.180435
349.000 0.190244
350.000 0.218020
351.000 0.245796
352.000 0.273572
353.000 0.278969
354.000 0.453818
355.000 0.460258
356.000 0.091248
357.000 0.091248
358.000 0.091248
359.000 0.091248
