0.000 0.221542
1.000 0.221542
2.000 0.221542
3.000 0.221542
4.000 0.221542
5.000 0.228243
6.000 0.242862
7.000 0.257482
8.000 0.272101
9.000 0.286720
10.000 0.301339
11.000 0.315958
12.000 0.330578
13.000 0.345197
14.000 0.359816
15.000 0.374435
16.000 0.389054
17.000 0.403673
18.000 0.418293
19.000 0.432912
20.000 0.447531
21.000 0.462150
22.000 0.476769
23.000 0.491389
24.000 0.506008
25.000 0.512924
26.000 0.515092
27.000 0.518486
28.000 0.402763
29.000 0.518631
30.000 0.518494
31.000 0.450539
32.000 0.450539
33.000 0.457985
34.000 0.462128
35.000 0.462128
36.000 0.401340
37.000 0.364189
38.000 0.344070
39.000 0.344070
40.000 0.400826
41.000 0.374817
42.000 0.374817
43.000 0.352028
44.000 0.352028
45.000 0.352028
46.000 0.343979
47.000 0.343979
48.000 0.816414
49.000 0.494392
50.000 0.494392
51.000 0.685500
52.000 0.789009
53.000 0.789009
54.000 0.494957
55.000 0.494957
56.000 0.476810
57.000 0.370163
58.000 0.370163
59.000 0.370163
60.000 0.202545
61.000 0.202545
62.000 0.202545
63.000 0.425542
64.000 0.466331
65.000 0.483803
66.000 0.308525
67.000 0.308525
68.000 0.468575
69.000 0.026993
70.000 0.026993
71.000 0.026993
72.000 0.026993
73.000 0.026993
74.000 0.026993
75.000 0.026993
76.000 0.026993
77.000 0.785286
78.000 0.654507
79.000 0.599927
80.000 0.546127
81.000 0.546127
82.000 0.546127
83.000 0.374992
84.000 0.374992
85.000 0.374992
86.000 0.383524
87.000 0.392733
88.000 0.355194
89.000 0.355194
90.000 0.573776
91.000 0.573776
92.000 0.362785
93.000 0.362785
94.000 0.316551
95.000 0.221031
96.000 0.221031
97.000 0.221031
98.000 0.221031
99.000 0.221031
100.000 0.411476
101.000 0.411476
102.000 0.293480
103.000 0.293480
104.000 0.293480
105.000 0.494127
106.000 0.536743
107.000 0.536743
108.000 0.377571
109.000 0.377571
110.000 0.395195
111.000 0.395195
112.000 0.414043
113.000 0.756538
114.000 0.756538
115.000 0.291672
116.000 0.291672
117.000 0.465225
118.000 0.367897
119.000 0.367897
120.000 0.310867
121.000 0.310867
122.000 0.481118
123.000 0.494965
124.000 0.410133
125.000 0.410133
126.000 0.306175
127.000 0.306175
128.000 0.326546
129.000 0.275490
130.000 0.275490
131.000 0.275490
132.000 0.434242
133.000 0.434242
134.000 0.330429
135.000 0.330429
136.000 0.329775
137.000 0.323254
138.000 0.322388
139.000 0.322388
140.000 0.322388
141.000 0.128403
142.000 0.128403
143.000 0.128403
144.000 0.128403
145.000 0.128403
146.000 0.128403
147.000 0.128403
148.000 0.104904
149.000 0.104904
150.000 0.104904
151.000 0.104904
152.000 0.104904
153.000 0.104904
154.000 0.104904
155.000 0.333282
156.000 0.333282
157.000 0.333282
158.000 0.188202
159.000 0.188202
160.000 0.188202
161.000 0.347878
162.000 0.347878
163.000 0.227135
164.000 0.227135
165.000 0.227135
166.000 0.227135
167.000 0.428713
168.000 0.376207
169.000 0.323700
170.000 0.271194
171.000 0.218688
172.000 0.166181
173.000 0.143211
174.000 0.143211
175.000 0.143211
176.000 0.151418
177.000 0.168396
178.000 0.185375
179.000 0.202353
180.000 0.219331
181.000 0.236309
182.000 0.253288
183.000 0.270266
184.000 0.286530
185.000 0.286530
186.000 0.286530
187.000 0.286530
188.000 0.538322
189.000 0.581581
190.000 0.678411
191.000 0.833748
192.000 0.127342
193.000 0.127342
194.000 0.127342
195.000 0.458397
196.000 0.458397
197.000 0.457267
198.000 0.455925
199.000 0.454582
200.000 0.454071
201.000 0.335686
202.000 0.356193
203.000 0.490891
204.000 0.342178
205.000 0.342178
206.000 0.342178
207.000 0.342178
208.000 0.342178
209.000 0.342178
210.000 0.342178
211.000 0.342178
212.000 0.451998
213.000 0.426148
214.000 0.413025
215.000 0.413025
216.000 0.413025
217.000 0.439364
218.000 0.463356
219.000 0.463356
220.000 0.311301
221.000 0.300339
222.000 0.398048
223.000 0.398048
224.000 0.362297
225.000 0.362297
226.000 0.365868
227.000 0.365868
228.000 0.365868
229.000 0.365868
230.000 0.364324
231.000 0.463356
232.000 0.463356
233.000 0.463356
234.000 0.463356
235.000 0.144646
236.000 0.144646
237.000 0.144646
238.000 0.144646
239.000 0.144646
240.000 0.144646
241.000 0.144646
242.000 0.144646
243.000 1.038777
244.000 1.094658
245.000 0.473274
246.000 0.473274
247.000 0.483856
248.000 0.493721
249.000 0.455826
250.000 0.455826
251.000 0.477783
252.000 0.477783
253.000 0.338417
254.000 0.338417
255.000 0.347889
256.000 0.457787
257.000 0.457787
258.000 0.417213
259.000 0.262314
260.000 0.262314
261.000 0.460487
262.000 0.460487
263.000 0.449006
264.000 0.428182
265.000 0.313408
266.000 0.313408
267.000 0.311714
268.000 0.311714
269.000 0.311714
270.000 0.536086
271.000 0.518494
272.000 0.518494
273.000 0.157066
274.000 0.157066
275.000 0.157066
276.000 0.426117
277.000 0.426117
278.000 0.612104
279.000 0.537567
280.000 0.463031
281.000 0.449738
282.000 0.449738
283.000 0.328079
284.000 0.328079
285.000 0.579201
286.000 0.579201
287.000 0.524393
288.000 0.383992
289.000 0.244827
290.000 0.244827
291.000 0.476036
292.000 0.476036
293.000 0.413317
294.000 0.393445
295.000 0.383690
296.000 0.415634
297.000 0.415634
298.000 0.862297
299.000 0.850281
300.000 0.808025
301.000 0.394478
302.000 0.394478
303.000 0.435881
304.000 0.692566
305.000 0.432572
306.000 0.204369
307.000 0.204369
308.000 0.204369
309.000 0.204369
310.000 0.204369
311.000 0.480080
312.000 0.480080
313.000 0.480080
314.000 0.528269
315.000 0.545891
316.000 0.545891
317.000 0.405817
318.000 0.384010
319.000 0.502380
320.000 0.502380
321.000 0.480711
322.000 0.435413
323.000 0.431358
324.000 0.464452
325.000 0.481064
326.000 0.344681
327.000 0.344681
328.000 0.502480
329.000 0.188889
330.000 0.188889
331.000 0.188889
332.000 0.188889
333.000 0.499664
334.000 0.487190
335.000 0.487190
336.000 0.487190
337.000 0.103302
338.000 0.103302
339.000 0.103302
340.000 0.103302
341.000 0.103302
342.000 0.103302
343.000 0.103302
344.000 0.461212
345.000 0.461212
346.000 0.220871
347.000 0.220871
348.000 0.220871
349.000 0.412880
350.000 0.412880
351.000 0.441233
352.000 0.459023
353.000 0.459023
354.000 0.443893
355.000 0.400144
356.000 0.123779
357.000 0.123779
358.000 0.453247
359.000 0.453247
