0.000 0.177071
1.000 0.177071
2.000 2.520294
3.000 2.497551
4.000 2.643936
5.000 2.485886
6.000 2.501083
7.000 2.395190
8.000 2.442078
9.000 2.518863
10.000 2.409958
11.000 2.518005
12.000 2.499870
13.000 2.514557
14.000 2.469292
15.000 2.469292
16.000 2.115028
17.000 2.185721
18.000 2.495689
19.000 2.495689
20.000 2.480194
21.000 2.480194
22.000 2.494377
23.000 2.528162
24.000 2.655701
25.000 2.641237
26.000 2.316956
27.000 2.453949
28.000 2.282272
29.000 2.282272
30.000 2.282272
31.000 2.282272
32.000 2.282272
33.000 2.317703
34.000 2.380455
35.000 2.443206
36.000 2.498177
37.000 2.498177
38.000 2.498177
39.000 2.315514
40.000 2.315514
41.000 2.499931
42.000 2.499931
43.000 2.516747
44.000 2.516747
45.000 2.479156
46.000 2.479156
47.000 2.319420
48.000 2.325368
49.000 2.507637
50.000 2.441986
51.000 2.441986
52.000 2.359442
53.000 2.354820
54.000 2.462738
55.000 2.513591
56.000 2.516251
57.000 2.284470
58.000 2.284470
59.000 2.284470
60.000 2.284470
61.000 2.284470
62.000 2.284470
63.000 2.284470
64.000 2.284470
65.000 2.284470
66.000 2.284470
67.000 2.481287
68.000 2.472522
69.000 2.463758
70.000 2.454993
71.000 2.446228
72.000 2.437463
73.000 2.428699
74.000 2.419934
75.000 2.411169
76.000 2.410080
77.000 2.501213
78.000 2.394348
79.000 2.394348
80.000 2.386055
81.000 2.386055
82.000 2.348058
83.000 2.290031
84.000 2.472374
85.000 2.341705
86.000 2.162560
87.000 2.162560
88.000 2.367287
89.000 2.367287
90.000 2.437197
91.000 2.546112
92.000 2.546112
93.000 2.407769
94.000 2.338112
95.000 2.374367
96.000 2.475708
97.000 2.350174
98.000 2.350174
99.000 2.438497
100.000 2.485657
101.000 2.499751
102.000 2.501907
103.000 2.501907
104.000 2.292648
105.000 2.292648
106.000 2.457905
107.000 2.468575
108.000 2.276772
109.000 2.276772
110.000 2.276772
111.000 2.508971
112.000 2.505310
113.000 2.505310
114.000 2.388840
115.000 2.304752
116.000 2.205078
117.000 2.252642
118.000 2.322388
119.000 2.348009
120.000 2.402786
121.000 2.424351
122.000 2.472426
123.000 2.209053
124.000 2.209053
125.000 2.209053
126.000 2.209053
127.000 2.484608
128.000 2.494637
129.000 2.494637
130.000 2.494547
131.000 2.492702
132.000 2.491936
133.000 2.282745
134.000 2.485115
135.000 2.485115
136.000 2.352659
137.000 2.275482
138.000 2.275482
139.000 2.375153
140.000 2.256187
141.000 2.256187
142.000 2.206673
143.000 2.206673
144.000 2.460327
145.000 2.402620
146.000 2.346069
147.000 2.424358
148.000 2.523407
149.000 2.469803
150.000 2.469803
151.000 2.475181
152.000 2.496803
153.000 2.462573
154.000 2.383408
155.000 2.491508
156.000 2.491508
157.000 2.485732
158.000 2.474327
159.000 2.474327
160.000 2.478984
161.000 2.517934
162.000 2.517944
163.000 2.448616
164.000 2.489197
165.000 2.489197
166.000 2.434705
167.000 2.365959
168.000 2.506569
169.000 2.506569
170.000 2.506569
171.000 2.494087
172.000 2.494087
173.000 2.494087
174.000 2.494087
175.000 2.516823
176.000 2.516823
177.000 2.516823
178.000 2.516823
179.000 2.469945
180.000 2.412148
181.000 2.412148
182.000 2.412148
183.000 2.412148
184.000 2.285204
185.000 2.211441
186.000 2.211441
187.000 2.213529
188.000 2.394247
189.000 2.516212
190.000 2.470825
191.000 2.492119
192.000 2.492119
193.000 2.491074
194.000 2.491074
195.000 2.491074
196.000 2.445894
197.000 2.437912
198.000 2.371628
199.000 2.371628
200.000 2.395076
201.000 2.401466
202.000 2.401466
203.000 2.380786
204.000 2.352768
205.000 2.504562
206.000 2.322380
207.000 2.322380
208.000 2.514595
209.000 2.513582
210.000 2.505127
211.000 2.505127
212.000 2.366722
213.000 2.366722
214.000 2.405460
215.000 2.507996
216.000 2.507996
217.000 2.321053
218.000 2.082436
219.000 2.082436
220.000 2.148089
221.000 2.501389
222.000 2.515839
223.000 2.520453
224.000 2.531464
225.000 2.509377
226.000 2.469208
227.000 2.469208
228.000 2.405457
229.000 2.516174
230.000 2.516174
231.000 2.488052
232.000 2.488052
233.000 2.488037
234.000 2.488037
235.000 2.496089
236.000 2.516228
237.000 2.516228
238.000 2.322342
239.000 2.322342
240.000 2.491562
241.000 2.491562
242.000 2.451462
243.000 2.451462
244.000 2.492484
245.000 2.498405
246.000 2.529434
247.000 2.091232
248.000 2.091232
249.000 2.472359
250.000 2.472359
251.000 2.463417
252.000 2.355583
253.000 2.355583
254.000 2.507599
255.000 2.483087
256.000 2.420685
257.000 2.420685
258.000 2.241074
259.000 2.241074
260.000 2.524994
261.000 2.398056
262.000 2.398056
263.000 2.288200
264.000 2.357758
265.000 2.357758
266.000 2.185547
267.000 2.215179
268.000 2.215179
269.000 2.436638
270.000 2.436638
271.000 2.436638
272.000 2.514198
273.000 2.514198
274.000 2.514198
275.000 2.514198
276.000 2.426623
277.000 2.319243
278.000 2.261551
279.000 2.300096
280.000 2.454842
281.000 2.386772
282.000 2.451111
283.000 2.424026
284.000 2.424026
285.000 2.471352
286.000 2.500572
287.000 2.457344
288.000 2.457344
289.000 2.457344
290.000 2.457344
291.000 2.526939
292.000 2.526939
293.000 2.526939
294.000 2.526939
295.000 2.515680
296.000 2.465086
297.000 2.414493
298.000 2.363900
299.000 2.313306
300.000 2.262713
301.000 2.246826
302.000 2.246826
303.000 2.533531
304.000 2.478505
305.000 2.305224
306.000 2.330025
307.000 2.409836
308.000 2.448639
309.000 2.317703
310.000 2.351219
311.000 2.351219
312.000 2.351219
313.000 2.180428
314.000 2.180428
315.000 2.180428
316.000 2.215502
317.000 2.262358
318.000 2.301956
319.000 2.301956
320.000 2.485039
321.000 2.276131
322.000 2.488586
323.000 2.488586
324.000 2.472107
325.000 2.311401
326.000 2.311401
327.000 2.495598
328.000 2.495598
329.000 2.494202
330.000 2.494202
331.000 2.493232
332.000 2.492233
333.000 2.492233
334.000 2.490851
335.000 2.478789
336.000 2.476410
337.000 2.385086
338.000 2.282394
339.000 2.282394
340.000 2.203362
341.000 2.203362
342.000 2.340270
343.000 2.478813
344.000 2.478813
345.000 2.478813
346.000 2.498187
347.000 2.501495
348.000 2.501495
349.000 2.501495
350.000 2.501398
351.000 2.501127
352.000 2.501099
353.000 2.501099
354.000 2.508012
355.000 2.508224
356.000 2.491600
357.000 2.507620
358.000 2.537979
359.000 2.485062
