0.000 0.097870
1.000 0.097870
2.000 0.097870
3.000 0.097870
4.000 0.097870
5.000 0.097870
6.000 0.097870
7.000 0.097870
8.000 0.097870
9.000 0.097870
10.000 0.097870
11.000 0.097870
12.000 0.097870
13.000 0.097870
14.000 2.905777
15.000 2.836292
16.000 2.887985
17.000 2.887985
18.000 2.650375
19.000 2.924240
20.000 2.810066
21.000 2.813286
22.000 2.813286
23.000 2.687645
24.000 2.687645
25.000 2.833856
26.000 2.888969
27.000 1.851082
28.000 1.851082
29.000 2.901814
30.000 2.945915
31.000 2.747734
32.000 2.734535
33.000 2.752415
34.000 2.779190
35.000 2.779190
36.000 2.705385
37.000 2.670219
38.000 2.882006
39.000 2.990982
40.000 2.919266
41.000 2.919266
42.000 2.874349
43.000 2.872765
44.000 2.866935
45.000 2.866554
46.000 2.754976
47.000 2.705521
48.000 2.843885
49.000 2.946373
50.000 2.715889
51.000 2.715889
52.000 2.581253
53.000 2.581253
54.000 2.762611
55.000 2.787170
56.000 2.687376
57.000 2.627991
58.000 2.914829
59.000 3.055977
60.000 2.617448
61.000 2.587906
62.000 2.841644
63.000 2.946304
64.000 2.957290
65.000 2.958214
66.000 2.804670
67.000 2.793602
68.000 2.944626
69.000 2.944626
70.000 2.927582
71.000 2.927582
72.000 2.773499
73.000 2.773499
74.000 2.605148
75.000 2.605148
76.000 2.524025
77.000 2.524025
78.000 2.850220
79.000 2.850220
80.000 2.766090
81.000 2.766090
82.000 2.770222
83.000 2.771622
84.000 2.489189
85.000 2.489189
86.000 2.959465
87.000 2.959465
88.000 2.851311
89.000 2.851311
90.000 2.605255
91.000 2.605255
92.000 2.936735
93.000 2.945030
94.000 2.967126
95.000 2.974968
96.000 2.665421
97.000 2.665421
98.000 2.813438
99.000 2.813438
100.000 2.696889
101.000 2.678093
102.000 2.939212
103.000 3.012169
104.000 2.733756
105.000 2.650879
106.000 2.645903
107.000 2.644188
108.000 2.966480
109.000 2.969818
110.000 2.721862
111.000 2.680458
112.000 2.932556
113.000 2.932556
114.000 2.607452
115.000 2.607452
116.000 2.719939
117.000 2.760689
118.000 2.722131
119.000 2.717644
120.000 2.832690
121.000 2.885597
122.000 2.920874
123.000 2.938293
124.000 2.978695
125.000 2.997940
126.000 2.920410
127.000 2.920410
128.000 2.796005
129.000 2.796005
130.000 2.868454
131.000 2.872078
132.000 2.709198
133.000 2.709198
134.000 2.736007
135.000 2.746819
136.000 2.879772
137.000 2.913979
138.000 2.967032
139.000 2.997459
140.000 2.974867
141.000 2.962242
142.000 2.920013
143.000 2.920013
144.000 2.970001
145.000 2.970001
146.000 2.675314
147.000 2.656853
148.000 2.681496
149.000 2.681496
150.000 2.587088
151.000 2.526154
152.000 2.500154
153.000 2.277733
154.000 2.231315
155.000 1.975334
156.000 1.975334
157.000 2.132584
158.000 2.445297
159.000 2.445297
160.000 2.644839
161.000 2.662392
162.000 2.621292
163.000 2.621292
164.000 2.619705
165.000 2.619705
166.000 2.522705
167.000 2.522705
168.000 2.969048
169.000 2.969048
170.000 3.074867
171.000 3.074867
172.000 2.641998
173.000 2.641998
174.000 2.748598
175.000 2.822334
176.000 2.716346
177.000 2.631630
178.000 2.638747
179.000 2.642838
180.000 2.605348
181.000 2.559952
182.000 2.681644
183.000 2.731560
184.000 2.869696
185.000 3.011131
186.000 2.998981
187.000 2.986801
188.000 2.818839
189.000 2.592873
190.000 2.616393
191.000 2.653417
192.000 2.564024
193.000 2.493019
194.000 2.858944
195.000 2.952103
196.000 2.763027
197.000 2.591110
198.000 2.721457
199.000 2.763733
200.000 2.885969
201.000 2.966423
202.000 2.023854
203.000 0.493088
204.000 0.493088
205.000 0.493088
206.000 0.493088
207.000 0.493088
208.000 0.493088
209.000 2.874817
210.000 2.476024
211.000 2.379936
212.000 2.570769
213.000 2.836533
214.000 2.852356
215.000 2.893748
216.000 2.912303
217.000 2.922872
218.000 2.865907
219.000 2.756686
220.000 2.755471
221.000 2.841583
222.000 2.903089
223.000 2.979975
224.000 2.785147
225.000 2.614098
226.000 2.644284
227.000 2.675690
228.000 2.787379
229.000 2.852036
230.000 2.844756
231.000 2.825814
232.000 2.865168
233.000 2.926315
234.000 3.051849
235.000 3.198929
236.000 3.124988
237.000 2.935104
238.000 2.826243
239.000 2.593391
240.000 2.581632
241.000 2.550044
242.000 2.637903
243.000 2.811619
244.000 2.817939
245.000 2.643321
246.000 2.677011
247.000 2.897812
248.000 2.919006
249.000 2.941650
250.000 2.817655
251.000 2.501358
252.000 2.501358
253.000 2.501358
254.000 2.930901
255.000 2.930901
256.000 2.930901
257.000 2.668716
258.000 2.668716
259.000 2.668716
260.000 2.681188
261.000 2.720375
262.000 2.752869
263.000 2.666191
264.000 2.666191
265.000 2.666191
266.000 2.807831
267.000 2.807831
268.000 2.807831
269.000 2.498489
270.000 2.498489
271.000 2.498489
272.000 2.498489
273.000 2.788185
274.000 2.788185
275.000 2.788185
276.000 2.788185
277.000 2.796754
278.000 2.827769
279.000 2.858785
280.000 2.889800
281.000 2.920815
282.000 2.951831
283.000 2.878309
284.000 2.728500
285.000 2.715752
286.000 2.945648
287.000 2.885139
288.000 2.885139
289.000 2.886383
290.000 2.891708
291.000 2.891708
292.000 2.820259
293.000 2.815897
294.000 2.817309
295.000 2.960526
296.000 2.878833
297.000 2.725616
298.000 2.365700
299.000 2.365700
300.000 2.424567
301.000 2.521187
302.000 2.685554
303.000 2.933998
304.000 2.817144
305.000 2.677055
306.000 2.727461
307.000 2.772530
308.000 2.797830
309.000 2.818130
310.000 2.708054
311.000 2.572243
312.000 2.755032
313.000 3.002831
314.000 2.905458
315.000 2.787537
316.000 2.721076
317.000 2.593460
318.000 2.666843
319.000 2.849548
320.000 2.801762
321.000 2.677407
322.000 2.691525
323.000 2.720207
324.000 2.855131
325.000 2.931320
326.000 2.946017
327.000 2.973251
328.000 2.803324
329.000 2.758888
330.000 2.988152
331.000 3.151894
332.000 2.685982
333.000 2.685982
334.000 2.952995
335.000 2.952995
336.000 2.921295
337.000 2.921295
338.000 2.917471
339.000 2.836582
340.000 2.823395
341.000 2.748905
342.000 2.630096
343.000 2.849319
344.000 2.739075
345.000 2.739075
346.000 2.739075
347.000 2.682634
348.000 2.598351
349.000 2.598351
350.000 2.598351
351.000 2.671837
352.000 2.671837
353.000 2.678815
354.000 2.802807
355.000 2.923485
356.000 2.923485
357.000 2.851496
358.000 2.759056
359.000 2.759056
