0.000 0.196739
1.000 0.196739
2.000 1.715630
3.000 2.685425
4.000 2.711227
5.000 2.758316
6.000 2.758316
7.000 2.659202
8.000 2.386520
9.000 2.463564
10.000 2.707692
11.000 2.764427
12.000 2.789093
13.000 2.777325
14.000 2.716535
15.000 2.707087
16.000 2.788325
17.000 2.808359
18.000 2.735011
19.000 2.730891
20.000 2.727592
21.000 2.713519
22.000 2.643663
23.000 2.647799
24.000 2.717502
25.000 2.710099
26.000 2.657303
27.000 2.651242
28.000 2.619768
29.000 2.626277
30.000 2.727594
31.000 2.729316
32.000 2.582123
33.000 2.614418
34.000 2.614418
35.000 2.682527
36.000 2.761444
37.000 2.676431
38.000 2.352478
39.000 2.404390
40.000 2.634979
41.000 2.648913
42.000 2.705795
43.000 2.713538
44.000 2.742905
45.000 2.717201
46.000 2.583731
47.000 2.597247
48.000 2.723495
49.000 2.713439
50.000 2.663612
51.000 2.658458
52.000 2.631970
53.000 2.643297
54.000 2.744194
55.000 2.737178
56.000 2.701120
57.000 2.704756
58.000 2.741635
59.000 2.745764
60.000 2.721039
61.000 2.714492
62.000 2.680847
63.000 2.691488
64.000 2.746176
65.000 2.723810
66.000 2.528353
67.000 2.499964
68.000 2.738283
69.000 2.728668
70.000 2.637726
71.000 2.630933
72.000 2.598335
73.000 2.578442
74.000 2.496918
75.000 2.660629
76.000 2.660629
77.000 0.924644
78.000 0.924644
79.000 0.924644
80.000 0.924644
81.000 0.924644
82.000 2.727536
83.000 2.728455
84.000 2.728455
85.000 2.699318
86.000 2.680313
87.000 2.387978
88.000 2.747475
89.000 2.692253
90.000 2.692253
91.000 2.684562
92.000 2.644625
93.000 2.627525
94.000 2.766731
95.000 2.759066
96.000 2.719468
97.000 2.687996
98.000 2.641313
99.000 2.517902
100.000 1.967657
101.000 1.657593
102.000 2.294640
103.000 2.755156
104.000 2.772964
105.000 2.766700
106.000 2.734337
107.000 2.718849
108.000 2.640272
109.000 2.627932
110.000 2.712994
111.000 2.743097
112.000 2.748459
113.000 2.756090
114.000 2.782837
115.000 2.770211
116.000 2.705326
117.000 2.680190
118.000 2.651992
119.000 2.755997
120.000 2.755997
121.000 2.631279
122.000 2.631279
123.000 2.625985
124.000 2.601764
125.000 2.592407
126.000 2.665680
127.000 2.692484
128.000 2.742427
129.000 2.692386
130.000 2.378695
131.000 2.351245
132.000 2.611334
133.000 2.719002
134.000 2.741668
135.000 2.734378
136.000 2.643274
137.000 2.585505
138.000 2.489006
139.000 2.522331
140.000 2.684479
141.000 2.667114
142.000 2.576944
143.000 2.591915
144.000 2.741891
145.000 2.612864
146.000 2.320656
147.000 2.647614
148.000 2.647614
149.000 2.634789
150.000 2.599442
151.000 2.599442
152.000 2.615347
153.000 2.642540
154.000 2.617104
155.000 2.617903
156.000 2.622014
157.000 2.647911
158.000 2.775509
159.000 2.770214
160.000 2.649750
161.000 2.649750
162.000 2.649750
163.000 2.649750
164.000 2.649750
165.000 2.700335
166.000 2.666957
167.000 2.633579
168.000 2.600201
169.000 2.597595
170.000 2.597595
171.000 2.654213
172.000 2.654213
173.000 2.654213
174.000 2.654213
175.000 0.060036
176.000 0.060036
177.000 0.060036
178.000 0.060036
179.000 0.060036
180.000 0.060036
181.000 0.060036
182.000 0.060036
183.000 0.060036
184.000 0.060036
185.000 0.060036
186.000 0.060036
187.000 0.060036
188.000 0.060036
189.000 1.885048
190.000 1.885048
191.000 2.662463
192.000 2.705455
193.000 2.748447
194.000 2.781456
195.000 2.646197
196.000 2.786200
197.000 2.813348
198.000 2.703125
199.000 2.703125
200.000 2.731049
201.000 2.731049
202.000 2.703621
203.000 2.703621
204.000 2.627396
205.000 2.627396
206.000 2.641685
207.000 2.641685
208.000 2.641685
209.000 2.641685
210.000 2.508485
211.000 2.258384
212.000 2.008283
213.000 1.777596
214.000 1.759827
215.000 2.381580
216.000 2.215721
217.000 2.215721
218.000 2.735008
219.000 2.735008
220.000 2.653458
221.000 2.315821
222.000 0.734680
223.000 0.734680
224.000 2.650299
225.000 2.650299
226.000 2.571510
227.000 2.571510
228.000 2.580219
229.000 2.628410
230.000 2.628410
231.000 2.653038
232.000 2.653038
233.000 2.655976
234.000 2.662163
235.000 2.662163
236.000 2.147621
237.000 2.147621
238.000 2.601738
239.000 2.601738
240.000 2.719200
241.000 2.719200
242.000 1.005188
243.000 1.005188
244.000 1.005188
245.000 2.431615
246.000 2.411797
247.000 2.411797
248.000 2.208946
249.000 2.208946
250.000 2.643898
251.000 2.643898
252.000 2.726929
253.000 2.726929
254.000 2.498238
255.000 2.525603
256.000 2.629967
257.000 2.629967
258.000 2.636742
259.000 2.636742
260.000 2.543587
261.000 2.543587
262.000 0.565071
263.000 0.565071
264.000 0.565071
265.000 0.565071
266.000 0.565071
267.000 0.565071
268.000 0.565071
269.000 2.764603
270.000 2.764603
271.000 2.046349
272.000 2.046349
273.000 2.046349
274.000 2.649445
275.000 2.649445
276.000 2.645762
277.000 2.644440
278.000 2.763023
279.000 2.763023
280.000 2.714996
281.000 2.714996
282.000 2.621590
283.000 2.621590
284.000 2.670792
285.000 2.670792
286.000 2.645729
287.000 2.645729
288.000 2.719742
289.000 2.610718
290.000 2.610718
291.000 2.610718
292.000 2.634031
293.000 2.646057
294.000 2.646057
295.000 2.652011
296.000 2.656570
297.000 2.656570
298.000 2.666435
299.000 2.666435
300.000 2.717766
301.000 2.717766
302.000 2.684318
303.000 2.644480
304.000 2.689011
305.000 2.689011
306.000 2.775803
307.000 2.775803
308.000 2.644173
309.000 2.644173
310.000 2.740028
311.000 2.740028
312.000 2.622101
313.000 2.622101
314.000 2.622101
315.000 2.679814
316.000 2.761154
317.000 2.761154
318.000 2.684998
319.000 2.684998
320.000 2.640694
321.000 2.640694
322.000 2.634604
323.000 2.630745
324.000 2.578865
325.000 2.586769
326.000 2.637520
327.000 2.630629
328.000 2.587868
329.000 2.587868
330.000 2.612549
331.000 2.612549
332.000 2.745499
333.000 2.745499
334.000 2.764618
335.000 2.764618
336.000 2.740649
337.000 2.711807
338.000 2.672455
339.000 2.672455
340.000 2.662730
341.000 2.656631
342.000 2.680153
343.000 2.632761
344.000 2.593781
345.000 2.593781
346.000 2.673386
347.000 2.673386
348.000 2.623039
349.000 2.623039
350.000 2.623039
351.000 2.657967
352.000 2.657967
353.000 2.654787
354.000 2.639898
355.000 2.631859
356.000 2.716698
357.000 2.767548
358.000 2.672478
359.000 2.672478
