0.000 0.104843
1.000 0.104843
2.000 0.104843
3.000 0.104843
4.000 1.340973
5.000 1.340973
6.000 1.414261
7.000 1.395164
8.000 1.434303
9.000 1.434303
10.000 1.252960
11.000 1.252960
12.000 1.403660
13.000 1.415680
14.000 1.415680
15.000 1.415680
16.000 1.344929
17.000 1.293057
18.000 1.241184
19.000 1.235039
20.000 1.353104
21.000 1.353104
22.000 1.345779
23.000 1.346265
24.000 1.385933
25.000 1.385933
26.000 1.330063
27.000 1.330063
28.000 1.330063
29.000 1.341558
30.000 1.361265
31.000 1.361847
32.000 1.361847
33.000 1.353592
34.000 1.353592
35.000 1.347712
36.000 1.310005
37.000 1.310005
38.000 1.310005
39.000 1.320994
40.000 1.358614
41.000 1.375595
42.000 1.375595
43.000 1.379532
44.000 1.379532
45.000 1.387077
46.000 1.391090
47.000 1.391090
48.000 0.940285
49.000 0.940285
50.000 0.940285
51.000 1.207585
52.000 1.210560
53.000 1.213534
54.000 1.216508
55.000 1.217438
56.000 1.313713
57.000 1.313713
58.000 1.313732
59.000 1.313774
60.000 1.313774
61.000 1.293109
62.000 1.305295
63.000 1.345581
64.000 1.345581
65.000 1.299335
66.000 1.341125
67.000 1.341125
68.000 1.403583
69.000 2.341698
70.000 2.341698
71.000 1.853966
72.000 1.839911
73.000 1.829056
74.000 1.549421
75.000 1.506882
76.000 1.506882
77.000 1.826859
78.000 1.826859
79.000 1.783342
80.000 1.744217
81.000 1.744217
82.000 1.786201
83.000 1.786201
84.000 1.786201
85.000 1.819278
86.000 1.824638
87.000 1.824638
88.000 1.764798
89.000 1.724968
90.000 1.724968
91.000 1.724968
92.000 1.788044
93.000 1.794792
94.000 1.794792
95.000 1.709145
96.000 1.754601
97.000 1.825302
98.000 1.825302
99.000 1.848167
100.000 1.848167
101.000 1.811668
102.000 1.811668
103.000 1.698547
104.000 1.698547
105.000 1.770760
106.000 1.770760
107.000 1.770760
108.000 1.645782
109.000 1.645782
110.000 1.645782
111.000 1.768817
112.000 1.799751
113.000 1.858231
114.000 1.858231
115.000 1.813934
116.000 1.813934
117.000 1.813934
118.000 1.822046
119.000 1.830538
120.000 1.834007
121.000 1.834007
122.000 1.539536
123.000 1.539536
124.000 1.735588
125.000 1.757594
126.000 1.767624
127.000 1.767624
128.000 2.425838
129.000 3.320183
130.000 2.328079
131.000 1.647491
132.000 1.635620
133.000 1.635620
134.000 1.207359
135.000 1.207359
136.000 1.465239
137.000 1.650833
138.000 1.655464
139.000 1.577026
140.000 1.577026
141.000 1.617561
142.000 1.617561
143.000 1.613350
144.000 1.613350
145.000 1.596207
146.000 1.581161
147.000 1.617905
148.000 1.617905
149.000 1.597458
150.000 1.594885
151.000 1.498383
152.000 1.498383
153.000 1.498383
154.000 1.682091
155.000 1.682091
156.000 1.682091
157.000 1.673744
158.000 1.661568
159.000 1.661568
160.000 1.661568
161.000 1.661568
162.000 1.668205
163.000 1.668205
164.000 1.668205
165.000 1.668205
166.000 1.635653
167.000 1.602880
168.000 1.597839
169.000 1.597839
170.000 1.640884
171.000 1.640884
172.000 1.510155
173.000 1.510155
174.000 1.601097
175.000 1.597377
176.000 1.593628
177.000 1.592697
178.000 1.453362
179.000 1.659134
180.000 1.659134
181.000 1.671913
182.000 1.655205
183.000 1.655205
184.000 1.503357
185.000 1.669922
186.000 1.669922
187.000 1.622307
188.000 1.622307
189.000 1.692291
190.000 1.633820
191.000 1.633820
192.000 1.594513
193.000 1.575302
194.000 1.469994
195.000 1.565056
196.000 1.565056
197.000 1.565056
198.000 1.583224
199.000 1.638992
200.000 1.638992
201.000 1.638992
202.000 1.568192
203.000 1.568192
204.000 1.576912
205.000 1.576912
206.000 1.576912
207.000 1.584316
208.000 1.593315
209.000 1.593315
210.000 1.412903
211.000 1.412903
212.000 1.563640
213.000 1.628670
214.000 1.623146
215.000 1.623146
216.000 1.642888
217.000 1.647888
218.000 1.524338
219.000 1.524338
220.000 1.611839
221.000 1.493866
222.000 1.493866
223.000 1.493866
224.000 1.657493
225.000 1.631511
226.000 1.611214
227.000 1.611214
228.000 1.602930
229.000 1.551887
230.000 1.551521
231.000 1.667252
232.000 1.559258
233.000 1.597160
234.000 1.597160
235.000 1.584080
236.000 1.560819
237.000 1.388313
238.000 1.484818
239.000 1.474258
240.000 1.507904
241.000 1.544903
242.000 1.607758
243.000 1.514030
244.000 1.519508
245.000 1.519508
246.000 1.440880
247.000 1.527865
248.000 1.572769
249.000 1.572769
250.000 1.606465
251.000 1.647057
252.000 1.624596
253.000 1.676903
254.000 1.676903
255.000 1.676903
256.000 1.676903
257.000 1.676903
258.000 1.622932
259.000 1.626691
260.000 1.630449
261.000 1.634207
262.000 1.637965
263.000 1.641723
264.000 1.660843
265.000 1.623108
266.000 1.391335
267.000 1.588257
268.000 1.492172
269.000 1.570892
270.000 1.570892
271.000 1.473289
272.000 1.473289
273.000 1.714554
274.000 1.714554
275.000 1.731735
276.000 1.731735
277.000 1.650337
278.000 1.650337
279.000 1.650337
280.000 1.617241
281.000 1.617241
282.000 1.532982
283.000 1.532982
284.000 1.612668
285.000 1.645409
286.000 1.645409
287.000 1.560127
288.000 1.560127
289.000 1.617889
290.000 1.617889
291.000 1.589729
292.000 1.377235
293.000 1.377235
294.000 1.377235
295.000 1.430170
296.000 1.561424
297.000 1.664825
298.000 1.664825
299.000 1.576637
300.000 1.587929
301.000 1.587929
302.000 1.657578
303.000 1.531891
304.000 1.671654
305.000 1.671654
306.000 1.496704
307.000 1.496704
308.000 1.646828
309.000 1.658739
310.000 1.663933
311.000 1.635170
312.000 1.627510
313.000 1.623725
314.000 1.622780
315.000 1.560875
316.000 1.465958
317.000 1.465958
318.000 1.593872
319.000 1.593872
320.000 1.593872
321.000 1.607681
322.000 1.644852
323.000 1.644852
324.000 1.644852
325.000 1.605242
326.000 1.601616
327.000 1.601616
328.000 1.635137
329.000 1.640327
330.000 1.640327
331.000 1.629917
332.000 1.608810
333.000 1.620667
334.000 1.620667
335.000 1.610229
336.000 1.604782
337.000 1.604782
338.000 1.606995
339.000 1.606995
340.000 1.606995
341.000 1.518529
342.000 1.417575
343.000 1.355591
344.000 1.355591
345.000 1.355591
346.000 1.466222
347.000 1.655632
348.000 1.655632
349.000 1.655632
350.000 1.577980
351.000 1.644165
352.000 1.644165
353.000 1.642650
354.000 1.642639
355.000 1.615568
356.000 1.599876
357.000 1.599876
358.000 1.614174
359.000 1.614174
