0.000 0.116005
1.000 0.116005
2.000 0.519234
3.000 0.519234
4.000 0.722017
5.000 0.538087
6.000 0.496262
7.000 0.436302
8.000 0.436302
9.000 0.278198
10.000 0.278198
11.000 0.472970
12.000 0.618736
13.000 0.364624
14.000 0.364624
15.000 0.355432
16.000 0.342974
17.000 0.333519
18.000 0.333519
19.000 0.333519
20.000 0.330028
21.000 0.285095
22.000 0.285095
23.000 0.285095
24.000 0.343659
25.000 0.348379
26.000 0.351654
27.000 0.431732
28.000 0.426620
29.000 0.406873
30.000 0.387444
31.000 0.387444
32.000 0.364197
33.000 0.364197
34.000 0.319221
35.000 0.318425
36.000 0.313976
37.000 0.312637
38.000 0.210655
39.000 0.210655
40.000 0.221952
41.000 0.270706
42.000 0.270706
43.000 0.270706
44.000 0.166962
45.000 0.166962
46.000 0.151125
47.000 0.131667
48.000 0.112209
49.000 0.105080
50.000 0.105080
51.000 0.152603
52.000 0.157033
53.000 0.182068
54.000 0.148483
55.000 0.148483
56.000 0.148483
57.000 0.148483
58.000 0.148483
59.000 0.148483
60.000 0.100278
61.000 0.074646
62.000 0.074646
63.000 0.074646
64.000 0.074646
65.000 0.127487
66.000 0.127487
67.000 0.288101
68.000 0.197495
69.000 0.197495
70.000 0.197495
71.000 0.425880
72.000 0.129410
73.000 0.129410
74.000 0.129410
75.000 0.052147
76.000 0.052147
77.000 0.052147
78.000 0.052147
79.000 0.052147
80.000 0.052147
81.000 0.052147
82.000 0.052147
83.000 0.290456
84.000 0.294617
85.000 0.100410
86.000 0.100410
87.000 0.120010
88.000 0.129646
89.000 0.127312
90.000 0.118965
91.000 0.118965
92.000 0.118965
93.000 0.175606
94.000 0.175606
95.000 0.175606
96.000 0.099026
97.000 0.058434
98.000 0.058434
99.000 0.058434
100.000 0.058434
101.000 0.058434
102.000 0.058434
103.000 0.058434
104.000 0.076329
105.000 0.058846
106.000 0.058846
107.000 0.058846
108.000 0.058846
109.000 0.058846
110.000 0.059705
111.000 0.060960
112.000 0.062214
113.000 0.063469
114.000 0.064724
115.000 0.065978
116.000 0.067233
117.000 0.067894
118.000 0.067894
119.000 0.068415
120.000 0.068520
121.000 0.068520
122.000 0.075279
123.000 0.075279
124.000 0.084216
125.000 0.095505
126.000 0.095505
127.000 0.082620
128.000 0.079750
129.000 0.079750
130.000 0.075411
131.000 0.073013
132.000 0.073013
133.000 0.073013
134.000 0.073013
135.000 0.073013
136.000 0.081624
137.000 0.087983
138.000 0.094343
139.000 0.095764
140.000 0.095764
141.000 0.099624
142.000 0.100822
143.000 0.100822
144.000 0.358055
145.000 0.234299
146.000 0.195984
147.000 0.554695
148.000 0.554695
149.000 0.302002
150.000 0.302002
151.000 0.245529
152.000 0.176569
153.000 0.119232
154.000 0.119232
155.000 0.699425
156.000 0.244110
157.000 0.244110
158.000 0.244110
159.000 0.606285
160.000 0.606285
161.000 0.606285
162.000 0.512196
163.000 0.469337
164.000 0.426478
165.000 0.383619
166.000 0.340760
167.000 0.297901
168.000 0.255041
169.000 0.227715
170.000 0.243813
171.000 0.243813
172.000 0.165871
173.000 0.165871
174.000 0.165871
175.000 0.205627
176.000 0.205627
177.000 0.205627
178.000 0.151360
179.000 0.151360
180.000 0.151360
181.000 0.151360
182.000 0.288192
183.000 0.394592
184.000 0.394592
185.000 0.333303
186.000 0.276436
187.000 0.276436
188.000 0.116432
189.000 0.116432
190.000 0.103752
191.000 0.103752
192.000 0.103752
193.000 0.103752
194.000 0.103752
195.000 0.222340
196.000 0.246738
197.000 0.258064
198.000 0.201912
199.000 0.201912
200.000 0.169094
201.000 0.117775
202.000 0.117775
203.000 0.110580
204.000 0.110580
205.000 0.140068
206.000 0.140068
207.000 0.179672
208.000 0.170837
209.000 0.161240
210.000 0.117889
211.000 0.117889
212.000 0.117889
213.000 0.146347
214.000 0.146347
215.000 0.146347
216.000 0.128339
217.000 0.126557
218.000 0.124774
219.000 0.123428
220.000 0.123428
221.000 0.123428
222.000 0.093910
223.000 0.065369
224.000 0.065369
225.000 0.065369
226.000 0.085750
227.000 0.117760
228.000 0.117760
229.000 0.123466
230.000 0.123466
231.000 0.123466
232.000 0.123466
233.000 0.123466
234.000 0.123466
235.000 0.299895
236.000 0.340843
237.000 0.355026
238.000 0.355026
239.000 0.101341
240.000 0.101341
241.000 0.101341
242.000 0.101341
243.000 0.101341
244.000 0.101341
245.000 0.101341
246.000 0.231530
247.000 0.380843
248.000 0.405319
249.000 0.402235
250.000 0.379205
251.000 0.356175
252.000 0.333145
253.000 0.310115
254.000 0.287085
255.000 0.294136
256.000 0.133774
257.000 0.133774
258.000 0.140688
259.000 0.159470
260.000 0.159470
261.000 0.456680
262.000 0.398362
263.000 0.340045
264.000 0.287125
265.000 0.287125
266.000 0.287125
267.000 0.287125
268.000 0.287125
269.000 0.287125
270.000 0.287125
271.000 0.161469
272.000 0.158531
273.000 0.158531
274.000 0.158531
275.000 0.158531
276.000 0.158531
277.000 0.158531
278.000 0.158531
279.000 0.193529
280.000 0.347085
281.000 0.500641
282.000 0.562492
283.000 0.562492
284.000 0.467084
285.000 0.355614
286.000 0.279526
287.000 0.279526
288.000 0.133057
289.000 0.133057
290.000 0.133057
291.000 0.135276
292.000 0.141150
293.000 0.147024
294.000 0.147072
295.000 0.171075
296.000 0.076614
297.000 0.076614
298.000 0.129715
299.000 0.132633
300.000 0.175604
301.000 0.180443
302.000 0.179314
303.000 0.180126
304.000 0.181374
305.000 0.181374
306.000 0.380829
307.000 0.153574
308.000 0.125084
309.000 0.168808
310.000 0.168808
311.000 0.229620
312.000 0.268188
313.000 0.250687
314.000 0.250687
315.000 0.263329
316.000 0.263329
317.000 0.261717
318.000 0.256451
319.000 0.251185
320.000 0.245918
321.000 0.254684
322.000 0.238884
323.000 0.288483
324.000 0.288483
325.000 0.163651
326.000 0.163651
327.000 0.080818
328.000 0.080818
329.000 0.080818
330.000 0.080818
331.000 0.080818
332.000 0.080818
333.000 0.080818
334.000 0.080818
335.000 0.080818
336.000 0.080818
337.000 0.080818
338.000 0.080818
339.000 0.080818
340.000 0.080818
341.000 0.212548
342.000 0.229963
343.000 0.247378
344.000 0.264793
345.000 0.282209
346.000 0.299624
347.000 0.317039
348.000 0.334454
349.000 0.338577
350.000 0.273544
351.000 0.273544
352.000 0.189278
353.000 0.189278
354.000 0.189278
355.000 0.189278
356.000 0.189278
357.000 0.189278
358.000 0.459658
359.000 0.376258
