0.000 0.099762
1.000 0.099762
2.000 0.099762
3.000 0.099762
4.000 0.099762
5.000 0.099762
6.000 0.099762
7.000 0.099855
8.000 0.107832
9.000 0.115089
10.000 0.115089
11.000 0.115089
12.000 0.198601
13.000 0.198601
14.000 0.090065
15.000 0.080162
16.000 0.080162
17.000 0.169670
18.000 0.169670
19.000 0.898407
20.000 0.058060
21.000 0.058060
22.000 0.058060
23.000 0.058060
24.000 0.774582
25.000 0.717163
26.000 0.551406
27.000 0.382429
28.000 0.087997
29.000 0.434532
30.000 0.434532
31.000 0.225548
32.000 0.434532
33.000 0.382093
34.000 0.380287
35.000 0.519890
36.000 0.574516
37.000 0.319267
38.000 0.456741
39.000 0.433983
40.000 0.433983
41.000 0.433983
42.000 0.416580
43.000 0.313866
44.000 0.313866
45.000 0.394005
46.000 0.367653
47.000 0.367653
48.000 0.457329
49.000 1.024452
50.000 0.323990
51.000 0.323990
52.000 0.339277
53.000 0.441711
54.000 0.441715
55.000 0.441719
56.000 0.170784
57.000 0.170784
58.000 0.170784
59.000 0.540665
60.000 0.486092
61.000 0.711694
62.000 0.286873
63.000 0.286873
64.000 0.597900
65.000 0.586885
66.000 0.512770
67.000 0.479897
68.000 0.529462
69.000 0.469421
70.000 0.473189
71.000 0.451210
72.000 0.441936
73.000 0.434921
74.000 0.385445
75.000 0.448349
76.000 0.419235
77.000 0.419235
78.000 0.396309
79.000 0.253799
80.000 0.253799
81.000 0.486237
82.000 0.444565
83.000 0.444565
84.000 0.405818
85.000 0.370148
86.000 0.370148
87.000 0.241180
88.000 0.416435
89.000 0.375082
90.000 0.248756
91.000 0.248756
92.000 0.248756
93.000 0.248756
94.000 0.511900
95.000 0.500374
96.000 0.390022
97.000 0.390022
98.000 0.475998
99.000 0.475998
100.000 0.335106
101.000 0.335106
102.000 0.335106
103.000 0.335106
104.000 0.321676
105.000 0.309753
106.000 0.309753
107.000 0.268188
108.000 0.427773
109.000 0.427773
110.000 0.419991
111.000 0.171944
112.000 0.171944
113.000 0.171944
114.000 0.171944
115.000 0.171944
116.000 0.171944
117.000 0.171944
118.000 0.171944
119.000 0.171944
120.000 0.573715
121.000 0.437385
122.000 0.396217
123.000 0.400348
124.000 0.446533
125.000 0.446556
126.000 0.446686
127.000 0.376953
128.000 0.376953
129.000 0.376953
130.000 0.326286
131.000 0.326286
132.000 0.326286
133.000 0.330285
134.000 0.338571
135.000 0.343307
136.000 0.343307
137.000 0.329819
138.000 0.333795
139.000 0.341980
140.000 0.378716
141.000 0.378716
142.000 0.255699
143.000 0.255699
144.000 0.255699
145.000 0.337006
146.000 0.337006
147.000 0.322876
148.000 0.322876
149.000 0.322876
150.000 0.373274
151.000 0.387444
152.000 0.387444
153.000 0.396301
154.000 0.396301
155.000 0.396301
156.000 0.383385
157.000 0.383385
158.000 0.400688
159.000 0.400688
160.000 0.400719
161.000 0.419479
162.000 0.438239
163.000 0.344162
164.000 0.411354
165.000 0.411354
166.000 0.411354
167.000 0.411354
168.000 0.411354
169.000 0.408552
170.000 0.415622
171.000 0.422693
172.000 0.429764
173.000 0.436745
174.000 0.436745
175.000 0.373688
176.000 0.436653
177.000 0.436653
178.000 0.521656
179.000 0.533684
180.000 0.533684
181.000 0.445359
182.000 0.445808
183.000 0.445808
184.000 0.445808
185.000 0.319588
186.000 0.319588
187.000 0.376463
188.000 0.407516
189.000 0.407516
190.000 0.463158
191.000 0.470192
192.000 0.451462
193.000 0.451462
194.000 0.451790
195.000 0.451790
196.000 0.442651
197.000 0.428055
198.000 0.411127
199.000 0.257889
200.000 0.257889
201.000 0.445557
202.000 0.445557
203.000 0.367279
204.000 0.367279
205.000 0.367279
206.000 0.366803
207.000 0.366249
208.000 0.366249
209.000 0.366249
210.000 0.366249
211.000 0.436032
212.000 0.436180
213.000 0.436180
214.000 0.436192
215.000 0.436195
216.000 0.256815
217.000 0.178459
218.000 0.178459
219.000 0.178459
220.000 0.392105
221.000 0.591257
222.000 0.697098
223.000 0.478096
224.000 0.474558
225.000 0.447048
226.000 0.443367
227.000 0.423134
228.000 0.371666
229.000 0.371666
230.000 0.371666
231.000 0.493940
232.000 0.514412
233.000 0.514412
234.000 0.445145
235.000 0.445145
236.000 0.445871
237.000 0.452225
238.000 0.452225
239.000 0.296188
240.000 0.296188
241.000 0.296188
242.000 0.454605
243.000 0.454605
244.000 0.447456
245.000 0.447456
246.000 0.439564
247.000 0.418664
248.000 0.406487
249.000 0.576018
250.000 0.441162
251.000 0.438625
252.000 0.435364
253.000 0.441154
254.000 0.441167
255.000 0.441216
256.000 0.441216
257.000 0.533150
258.000 0.533150
259.000 0.382507
260.000 0.382507
261.000 0.237953
262.000 0.237953
263.000 0.078438
264.000 0.078438
265.000 0.078438
266.000 0.078438
267.000 0.078438
268.000 0.078438
269.000 0.078438
270.000 0.078438
271.000 0.078438
272.000 0.078438
273.000 0.078438
274.000 0.438583
275.000 0.438583
276.000 0.395691
277.000 0.395691
278.000 0.341850
279.000 0.341850
280.000 0.341850
281.000 0.341850
282.000 0.367514
283.000 0.550013
284.000 0.558563
285.000 0.558563
286.000 0.428906
287.000 0.417900
288.000 0.417900
289.000 0.427079
290.000 0.440056
291.000 0.440056
292.000 0.438286
293.000 0.090050
294.000 0.090050
295.000 0.090050
296.000 0.090050
297.000 0.090050
298.000 0.090050
299.000 0.090050
300.000 0.090050
301.000 0.090050
302.000 0.090050
303.000 0.090050
304.000 0.090050
305.000 0.090050
306.000 0.056351
307.000 0.056351
308.000 0.056351
309.000 0.056351
310.000 0.056351
311.000 0.056351
312.000 0.056351
313.000 0.056351
314.000 0.056351
315.000 0.056351
316.000 0.056351
317.000 0.056351
318.000 0.414238
319.000 0.438957
320.000 0.438957
321.000 0.362343
322.000 0.362343
323.000 0.379801
324.000 0.410341
325.000 0.432777
326.000 0.432777
327.000 0.294032
328.000 0.281258
329.000 0.281258
330.000 0.539749
331.000 0.539749
332.000 0.266380
333.000 0.266380
334.000 0.266380
335.000 0.357362
336.000 0.444496
337.000 0.444496
338.000 0.388649
339.000 0.388649
340.000 0.162094
341.000 0.162094
342.000 0.162094
343.000 0.487703
344.000 0.602623
345.000 0.381912
346.000 0.381912
347.000 0.381912
348.000 0.334488
349.000 0.334488
350.000 0.406259
351.000 0.438530
352.000 0.438530
353.000 0.484879
354.000 0.484879
355.000 0.361694
356.000 0.361694
357.000 0.385697
358.000 0.420601
359.000 0.420601
