0.000 0.194717
1.000 0.194717
2.000 0.194717
3.000 1.236755
4.000 4.894600
5.000 8.796635
6.000 3.595583
7.000 7.725871
8.000 3.198475
9.000 0.111038
10.000 0.111038
11.000 0.111038
12.000 0.892197
13.000 0.738411
14.000 0.738411
15.000 0.985764
16.000 0.553185
17.000 0.553185
18.000 0.548294
19.000 0.483320
20.000 0.418346
21.000 0.399582
22.000 0.433517
23.000 0.433517
24.000 1.366516
25.000 0.835258
26.000 0.777641
27.000 0.388184
28.000 0.388184
29.000 0.388184
30.000 1.826767
31.000 0.230499
32.000 0.230499
33.000 0.230499
34.000 0.230499
35.000 0.657509
36.000 0.713231
37.000 0.766327
38.000 0.766327
39.000 0.577362
40.000 0.577362
41.000 0.723427
42.000 0.723427
43.000 2.167175
44.000 2.167175
45.000 2.641487
46.000 2.641487
47.000 2.796318
48.000 2.968376
49.000 2.968376
50.000 5.349464
51.000 6.267738
52.000 5.397917
53.000 3.701959
54.000 2.006001
55.000 0.686279
56.000 0.686279
57.000 0.686279
58.000 0.688818
59.000 0.694050
60.000 0.699282
61.000 0.704514
62.000 0.709746
63.000 0.711525
64.000 4.403114
65.000 4.507263
66.000 0.960426
67.000 0.960426
68.000 0.960426
69.000 0.960426
70.000 1.709401
71.000 0.952818
72.000 0.600883
73.000 0.600883
74.000 0.600883
75.000 1.677537
76.000 5.804932
77.000 2.919434
78.000 4.854370
79.000 3.481654
80.000 1.939749
81.000 0.398453
82.000 0.398453
83.000 0.398453
84.000 0.398453
85.000 0.398453
86.000 0.398453
87.000 1.773933
88.000 1.773933
89.000 1.479101
90.000 1.088734
91.000 0.906914
92.000 1.746185
93.000 1.921318
94.000 1.921318
95.000 1.392210
96.000 1.008162
97.000 1.926582
98.000 2.877319
99.000 2.877319
100.000 4.139244
101.000 4.623650
102.000 3.890449
103.000 2.234344
104.000 1.049706
105.000 1.049706
106.000 0.776253
107.000 0.776253
108.000 0.776253
109.000 1.581741
110.000 1.581741
111.000 1.329987
112.000 1.329987
113.000 1.478998
114.000 1.625603
115.000 1.625603
116.000 1.077988
117.000 1.077988
118.000 1.077988
119.000 2.142744
120.000 2.465538
121.000 1.656273
122.000 3.633881
123.000 3.285622
124.000 3.221504
125.000 3.221504
126.000 2.801133
127.000 1.680956
128.000 1.351273
129.000 1.351273
130.000 1.351273
131.000 1.351273
132.000 4.174217
133.000 4.174217
134.000 2.287109
135.000 2.287109
136.000 1.436729
137.000 1.436729
138.000 1.436729
139.000 1.436729
140.000 1.436729
141.000 1.436729
142.000 1.436729
143.000 1.436729
144.000 2.854903
145.000 2.788433
146.000 2.721962
147.000 2.655492
148.000 2.589022
149.000 2.522552
150.000 2.500320
151.000 3.245850
152.000 3.245850
153.000 3.168961
154.000 2.754060
155.000 1.945715
156.000 1.137371
157.000 0.985771
158.000 0.985771
159.000 1.219704
160.000 1.219704
161.000 2.623466
162.000 1.887537
163.000 0.649605
164.000 0.649605
165.000 0.659348
166.000 0.659348
167.000 0.640625
168.000 0.640625
169.000 0.640625
170.000 0.640625
171.000 0.397468
172.000 0.387263
173.000 0.377057
174.000 0.366852
175.000 0.356647
176.000 0.356377
177.000 0.414856
178.000 0.437508
179.000 0.437508
180.000 0.437508
181.000 0.463745
182.000 0.463745
183.000 0.463745
184.000 0.463745
185.000 0.654014
186.000 0.725648
187.000 0.797281
188.000 0.838196
189.000 0.611107
190.000 0.833229
191.000 0.759148
192.000 0.759148
193.000 1.236618
194.000 1.800987
195.000 1.800987
196.000 0.772316
197.000 0.772316
198.000 3.046091
199.000 3.598022
200.000 1.251297
201.000 1.251297
202.000 0.835479
203.000 0.209595
204.000 0.209595
205.000 0.209595
206.000 0.209595
207.000 0.209595
208.000 0.209595
209.000 0.303272
210.000 0.534420
211.000 0.555504
212.000 0.355934
213.000 0.554321
214.000 0.554321
215.000 0.539970
216.000 0.539970
217.000 0.539970
218.000 0.688479
219.000 1.227976
220.000 1.359688
221.000 1.701202
222.000 2.179741
223.000 0.881638
224.000 0.881638
225.000 1.876480
226.000 1.876480
227.000 1.890015
228.000 1.890015
229.000 2.238922
230.000 2.238922
231.000 2.268803
232.000 2.329135
233.000 2.345032
234.000 2.946739
235.000 3.277908
236.000 2.900543
237.000 1.285721
238.000 1.285721
239.000 1.285721
240.000 1.285721
241.000 0.991936
242.000 0.991936
243.000 0.991936
244.000 0.870110
245.000 0.870110
246.000 0.870110
247.000 0.889038
248.000 0.889038
249.000 0.889038
250.000 0.792061
251.000 0.792061
252.000 0.792061
253.000 0.872627
254.000 0.891830
255.000 0.891830
256.000 0.891830
257.000 2.373825
258.000 2.373825
259.000 2.373825
260.000 1.522506
261.000 1.315610
262.000 1.108714
263.000 0.901818
264.000 0.694921
265.000 0.662979
266.000 0.756615
267.000 0.554909
268.000 0.554909
269.000 0.603710
270.000 0.623718
271.000 0.642921
272.000 0.718338
273.000 0.718338
274.000 0.718338
275.000 0.675688
276.000 0.617950
277.000 0.617950
278.000 0.486977
279.000 0.486977
280.000 0.869156
281.000 0.953125
282.000 0.709328
283.000 0.709328
284.000 0.709328
285.000 0.709328
286.000 0.709328
287.000 0.709328
288.000 0.709328
289.000 0.905468
290.000 0.926681
291.000 0.947895
292.000 0.969109
293.000 0.976570
294.000 0.976570
295.000 1.867104
296.000 1.867104
297.000 1.810026
298.000 1.791481
299.000 1.067703
300.000 1.067703
301.000 1.067703
302.000 2.306335
303.000 2.257183
304.000 2.042801
305.000 1.828419
306.000 1.614036
307.000 1.577484
308.000 1.577484
309.000 2.145740
310.000 2.847069
311.000 2.847069
312.000 2.847069
313.000 1.395341
314.000 1.611380
315.000 1.827419
316.000 2.043459
317.000 2.100777
318.000 3.374229
319.000 4.060318
320.000 3.053650
321.000 2.671898
322.000 2.542534
323.000 2.168068
324.000 1.477783
325.000 1.510452
326.000 1.510452
327.000 4.706711
328.000 1.251472
329.000 1.251472
330.000 1.251472
331.000 1.251472
332.000 2.126854
333.000 1.504234
334.000 1.504234
335.000 1.504234
336.000 1.504234
337.000 1.504234
338.000 1.504234
339.000 6.769020
340.000 5.393272
341.000 5.644485
342.000 5.644485
343.000 5.644485
344.000 5.247805
345.000 4.667244
346.000 4.364464
347.000 4.364464
348.000 4.364464
349.000 2.154106
350.000 2.154106
351.000 2.154106
352.000 2.154106
353.000 4.639839
354.000 4.639839
355.000 0.927147
356.000 0.927147
357.000 0.927147
358.000 0.927147
359.000 0.927147
