0.000 0.043777
1.000 0.043777
2.000 0.043777
3.000 0.043777
4.000 0.043777
5.000 0.043777
6.000 0.043777
7.000 1.281281
8.000 1.864861
9.000 1.864861
10.000 1.658630
11.000 1.544678
12.000 1.458355
13.000 1.052582
14.000 1.419960
15.000 1.419960
16.000 1.419960
17.000 1.771027
18.000 1.771027
19.000 1.818886
20.000 1.769386
21.000 1.769386
22.000 1.678346
23.000 1.600586
24.000 1.600586
25.000 2.567345
26.000 2.567345
27.000 2.567345
28.000 2.127268
29.000 1.979176
30.000 1.831083
31.000 1.682991
32.000 1.613838
33.000 1.892265
34.000 2.067513
35.000 2.067513
36.000 2.067513
37.000 1.672501
38.000 1.672501
39.000 1.424658
40.000 0.866737
41.000 0.866737
42.000 0.866737
43.000 0.866737
44.000 0.866737
45.000 0.866737
46.000 0.866737
47.000 2.373147
48.000 2.259872
49.000 2.259872
50.000 2.259872
51.000 2.080530
52.000 1.845722
53.000 1.756752
54.000 1.756752
55.000 2.349747
56.000 1.978847
57.000 1.814545
58.000 1.814545
59.000 2.081726
60.000 2.081726
61.000 2.081726
62.000 2.306557
63.000 2.306557
64.000 1.590805
65.000 1.590805
66.000 1.590805
67.000 1.590805
68.000 1.590805
69.000 2.068138
70.000 2.068138
71.000 2.068138
72.000 2.068138
73.000 2.251978
74.000 2.530397
75.000 2.548164
76.000 2.548164
77.000 2.234257
78.000 1.856636
79.000 1.938141
80.000 1.938141
81.000 1.726120
82.000 1.827950
83.000 1.827950
84.000 2.487366
85.000 2.487366
86.000 2.613266
87.000 2.613266
88.000 1.997345
89.000 1.997345
90.000 2.236791
91.000 2.106543
92.000 1.989174
93.000 1.989174
94.000 2.143340
95.000 2.434242
96.000 2.434242
97.000 2.059631
98.000 2.174477
99.000 2.174477
100.000 2.394875
101.000 2.360924
102.000 2.360924
103.000 2.286667
104.000 2.286667
105.000 2.286667
106.000 2.479269
107.000 2.738387
108.000 2.758331
109.000 2.758331
110.000 1.499557
111.000 1.499557
112.000 1.499557
113.000 1.499557
114.000 1.502075
115.000 1.502075
116.000 1.502075
117.000 1.813789
118.000 1.813789
119.000 1.813789
120.000 2.217452
121.000 2.644020
122.000 2.658073
123.000 2.299754
124.000 1.711884
125.000 1.711884
126.000 2.731354
127.000 2.731354
128.000 2.574518
129.000 2.452141
130.000 2.452141
131.000 2.514130
132.000 2.765367
133.000 3.047249
134.000 3.047249
135.000 3.047249
136.000 1.908818
137.000 1.836594
138.000 1.836594
139.000 1.836594
140.000 1.836594
141.000 2.497345
142.000 2.497345
143.000 2.378776
144.000 2.162155
145.000 2.162155
146.000 2.162155
147.000 1.566307
148.000 1.566307
149.000 2.301567
150.000 2.304062
151.000 2.304062
152.000 2.718010
153.000 2.718010
154.000 2.450499
155.000 2.295609
156.000 2.570595
157.000 2.570595
158.000 2.526633
159.000 2.453224
160.000 2.453224
161.000 2.210449
162.000 2.210449
163.000 2.303909
164.000 2.376534
165.000 2.650459
166.000 2.650459
167.000 2.667094
168.000 2.727297
169.000 2.767731
170.000 2.778811
171.000 2.864655
172.000 2.927071
173.000 2.235733
174.000 2.235733
175.000 2.235733
176.000 1.953236
177.000 1.311249
178.000 1.311249
179.000 1.584192
180.000 2.401505
181.000 2.067223
182.000 2.492744
183.000 2.492744
184.000 2.866920
185.000 2.866920
186.000 2.799843
187.000 2.799843
188.000 2.028625
189.000 2.028625
190.000 2.028625
191.000 2.459579
192.000 2.459579
193.000 2.505492
194.000 2.734710
195.000 2.945847
196.000 2.672585
197.000 2.672585
198.000 2.257812
199.000 2.257812
200.000 2.044020
201.000 2.043793
202.000 2.848419
203.000 2.441460
204.000 2.441460
205.000 2.441460
206.000 1.491364
207.000 1.491364
208.000 1.491364
209.000 1.491364
210.000 2.152786
211.000 2.152786
212.000 2.474366
213.000 2.520752
214.000 2.520752
215.000 2.700680
216.000 2.926682
217.000 2.525894
218.000 2.525894
219.000 2.525894
220.000 2.525894
221.000 1.680297
222.000 1.761065
223.000 1.841834
224.000 1.887756
225.000 1.887756
226.000 2.666695
227.000 2.597724
228.000 2.170921
229.000 2.170921
230.000 2.410675
231.000 2.410675
232.000 2.802650
233.000 1.069824
234.000 1.069824
235.000 2.149597
236.000 2.149597
237.000 2.914337
238.000 1.549950
239.000 1.549950
240.000 1.549950
241.000 2.487930
242.000 1.921471
243.000 1.921471
244.000 1.942358
245.000 1.960075
246.000 2.667854
247.000 2.667854
248.000 1.955719
249.000 1.955719
250.000 2.568443
251.000 2.568443
252.000 2.329292
253.000 2.329292
254.000 2.412529
255.000 2.412529
256.000 2.412529
257.000 2.330874
258.000 2.243019
259.000 2.243019
260.000 2.319298
261.000 2.319298
262.000 2.342964
263.000 2.065178
264.000 2.065178
265.000 2.229828
266.000 2.229828
267.000 2.851845
268.000 2.789910
269.000 2.243270
270.000 2.191330
271.000 2.191330
272.000 2.191330
273.000 2.283006
274.000 2.337769
275.000 2.337769
276.000 2.195054
277.000 1.898537
278.000 1.833565
279.000 1.883263
280.000 1.182838
281.000 2.164883
282.000 2.431175
283.000 2.431175
284.000 1.440071
285.000 1.440071
286.000 1.440071
287.000 2.859612
288.000 2.859612
289.000 2.498395
290.000 2.307976
291.000 2.307976
292.000 2.525925
293.000 2.544861
294.000 2.342697
295.000 1.796135
296.000 1.796135
297.000 1.796135
298.000 1.796135
299.000 2.382591
300.000 2.382591
301.000 2.382591
302.000 2.382591
303.000 2.559052
304.000 2.590530
305.000 2.590530
306.000 2.871811
307.000 2.871811
308.000 2.669691
309.000 2.114540
310.000 2.114540
311.000 2.744453
312.000 2.744453
313.000 2.621693
314.000 2.451706
315.000 2.541933
316.000 2.739120
317.000 2.566673
318.000 2.501472
319.000 2.501472
320.000 2.662033
321.000 2.662033
322.000 1.832649
323.000 1.832649
324.000 2.362251
325.000 2.362251
326.000 2.810219
327.000 2.810219
328.000 2.274033
329.000 2.274033
330.000 2.839630
331.000 2.839630
332.000 1.808685
333.000 1.808685
334.000 1.808685
335.000 2.167320
336.000 2.167320
337.000 2.070200
338.000 1.956902
339.000 1.956902
340.000 1.954292
341.000 1.954292
342.000 2.213203
343.000 2.213203
344.000 1.776688
345.000 1.776688
346.000 1.776688
347.000 2.959908
348.000 2.959908
349.000 2.194473
350.000 2.479366
351.000 2.560997
352.000 2.643272
353.000 2.006096
354.000 2.006096
355.000 2.390541
356.000 2.390541
357.000 2.024155
358.000 2.024155
359.000 2.405502
