0.000 0.167580
1.000 0.167580
2.000 2.538857
3.000 2.510460
4.000 2.520470
5.000 2.474564
6.000 2.463722
7.000 2.510544
8.000 2.529190
9.000 2.527111
10.000 2.506836
11.000 2.503546
12.000 2.428547
13.000 2.421064
14.000 2.425568
15.000 2.424278
16.000 2.399277
17.000 2.403054
18.000 2.495492
19.000 2.505735
20.000 2.397503
21.000 2.401492
22.000 2.485558
23.000 2.488630
24.000 2.506844
25.000 2.499686
26.000 2.497536
27.000 2.481122
28.000 2.339409
29.000 2.339409
30.000 2.446085
31.000 2.506516
32.000 2.466029
33.000 2.445545
34.000 2.457957
35.000 2.454030
36.000 2.360985
37.000 2.374874
38.000 2.405418
39.000 2.418647
40.000 2.464142
41.000 2.464142
42.000 2.584633
43.000 2.584633
44.000 2.128723
45.000 2.128723
46.000 2.513252
47.000 2.513252
48.000 2.520386
49.000 2.520386
50.000 2.504173
51.000 2.447115
52.000 2.133026
53.000 2.522644
54.000 2.522644
55.000 2.515945
56.000 2.515945
57.000 2.515945
58.000 2.515089
59.000 2.512956
60.000 2.511063
61.000 2.511063
62.000 2.507072
63.000 2.419716
64.000 2.419716
65.000 2.486969
66.000 2.486969
67.000 2.389069
68.000 2.389069
69.000 2.148018
70.000 2.159040
71.000 2.448563
72.000 2.378273
73.000 2.378273
74.000 2.393740
75.000 2.405571
76.000 2.386101
77.000 2.386101
78.000 2.491905
79.000 2.491905
80.000 2.446533
81.000 2.446533
82.000 2.419025
83.000 2.396973
84.000 2.347839
85.000 2.347839
86.000 2.336549
87.000 2.336159
88.000 2.440795
89.000 2.460159
90.000 2.426545
91.000 2.384625
92.000 2.380142
93.000 2.380142
94.000 2.506439
95.000 2.506439
96.000 2.510218
97.000 2.510597
98.000 2.542671
99.000 2.542671
100.000 2.509369
101.000 2.509369
102.000 2.709061
103.000 2.709061
104.000 2.558823
105.000 2.519691
106.000 2.517938
107.000 2.517586
108.000 2.485612
109.000 2.473526
110.000 2.421387
111.000 2.410934
112.000 2.441072
113.000 2.443947
114.000 2.368711
115.000 2.358109
116.000 2.336534
117.000 2.336227
118.000 2.326660
119.000 2.326660
120.000 2.490493
121.000 2.512619
122.000 2.456459
123.000 2.456459
124.000 2.510139
125.000 2.510139
126.000 2.442039
127.000 2.442039
128.000 2.523232
129.000 2.523232
130.000 2.328308
131.000 2.328308
132.000 2.412857
133.000 2.412857
134.000 2.526703
135.000 2.526703
136.000 2.526855
137.000 2.526855
138.000 2.511459
139.000 2.511459
140.000 2.511459
141.000 2.511459
142.000 2.511459
143.000 2.517475
144.000 2.514843
145.000 2.512211
146.000 2.509579
147.000 2.506947
148.000 2.504315
149.000 2.501900
150.000 2.501900
151.000 2.501900
152.000 2.333450
153.000 2.333450
154.000 2.430287
155.000 2.484901
156.000 2.490915
157.000 2.491791
158.000 2.378357
159.000 2.482513
160.000 2.383453
161.000 2.383453
162.000 2.417084
163.000 2.417084
164.000 2.408206
165.000 2.319420
166.000 2.319420
167.000 2.324757
168.000 2.512138
169.000 2.512138
170.000 2.504929
171.000 2.504929
172.000 2.335022
173.000 2.335022
174.000 2.477411
175.000 2.504265
176.000 2.504265
177.000 2.206924
178.000 2.206924
179.000 2.332419
180.000 2.504105
181.000 2.498212
182.000 2.403618
183.000 2.511185
184.000 2.416634
185.000 2.416634
186.000 2.252945
187.000 2.252945
188.000 2.514336
189.000 2.514336
190.000 2.514336
191.000 2.405327
192.000 2.405327
193.000 2.405327
194.000 2.441625
195.000 2.454468
196.000 2.510918
197.000 2.510918
198.000 2.508729
199.000 2.507690
200.000 2.501851
201.000 2.412346
202.000 2.500305
203.000 2.500305
204.000 2.310147
205.000 2.186691
206.000 2.186691
207.000 2.243744
208.000 2.243744
209.000 2.497513
210.000 2.371651
211.000 2.371651
212.000 2.544830
213.000 2.544830
214.000 2.243988
215.000 2.243988
216.000 2.504929
217.000 2.504929
218.000 2.504929
219.000 2.460555
220.000 2.451164
221.000 2.451164
222.000 2.386536
223.000 2.386536
224.000 2.507385
225.000 2.507385
226.000 2.509013
227.000 2.517082
228.000 2.517082
229.000 2.499916
230.000 2.499916
231.000 2.385277
232.000 2.385277
233.000 2.529373
234.000 2.504184
235.000 2.289696
236.000 2.289696
237.000 2.507576
238.000 2.507576
239.000 2.215706
240.000 2.215706
241.000 2.215706
242.000 2.215706
243.000 2.439040
244.000 2.455153
245.000 2.471265
246.000 2.481430
247.000 2.514862
248.000 2.513786
249.000 2.423241
250.000 2.419339
251.000 1.976746
252.000 1.976746
253.000 2.280931
254.000 2.519234
255.000 2.511319
256.000 2.400253
257.000 2.384964
258.000 2.449710
259.000 2.519142
260.000 2.379379
261.000 2.379379
262.000 2.493843
263.000 2.493843
264.000 2.405037
265.000 2.405037
266.000 2.509193
267.000 2.509193
268.000 2.391373
269.000 2.391373
270.000 2.492020
271.000 2.507599
272.000 2.321854
273.000 2.321854
274.000 2.415558
275.000 2.415558
276.000 2.483151
277.000 2.500473
278.000 2.512524
279.000 2.514503
280.000 2.448494
281.000 2.428909
282.000 2.403927
283.000 2.394524
284.000 2.509051
285.000 2.512825
286.000 2.408684
287.000 2.408684
288.000 2.481506
289.000 2.504166
290.000 2.429672
291.000 2.415817
292.000 2.369843
293.000 2.369843
294.000 2.467599
295.000 2.510178
296.000 2.396389
297.000 2.343803
298.000 2.449299
299.000 2.521973
300.000 2.513815
301.000 2.510124
302.000 2.495062
303.000 2.479958
304.000 2.463489
305.000 2.446487
306.000 2.473367
307.000 2.497353
308.000 2.458124
309.000 2.421455
310.000 2.379593
311.000 2.379593
312.000 2.122581
313.000 2.122581
314.000 2.501335
315.000 2.501335
316.000 2.500026
317.000 2.428604
318.000 2.428604
319.000 2.567787
320.000 2.567787
321.000 2.369125
322.000 2.369125
323.000 2.501938
324.000 2.448848
325.000 2.409859
326.000 2.371450
327.000 2.354515
328.000 2.400608
329.000 2.428825
330.000 2.475113
331.000 2.497383
332.000 2.538554
333.000 2.558784
334.000 2.507202
335.000 2.507202
336.000 2.450836
337.000 2.422440
338.000 2.399809
339.000 2.392914
340.000 2.507866
341.000 2.509583
342.000 2.507530
343.000 2.507530
344.000 2.504973
345.000 2.504852
346.000 2.388786
347.000 2.388786
348.000 2.424500
349.000 2.424500
350.000 2.384644
351.000 2.384644
352.000 2.536270
353.000 2.536270
354.000 2.385498
355.000 2.385498
356.000 2.379753
357.000 2.379753
358.000 2.388711
359.000 2.389137
