0.000 1.041412
1.000 1.388588
2.000 2.085666
3.000 1.852592
4.000 3.284599
5.000 2.580818
6.000 2.875000
7.000 2.689232
8.000 2.242720
9.000 1.852371
10.000 1.852371
11.000 1.852371
12.000 1.920904
13.000 2.069229
14.000 2.217554
15.000 2.365879
16.000 2.514205
17.000 2.662530
18.000 2.810855
19.000 2.851692
20.000 2.851692
21.000 2.451660
22.000 2.451660
23.000 2.451660
24.000 3.349220
25.000 3.653175
26.000 3.653175
27.000 3.271805
28.000 3.271805
29.000 2.944054
30.000 2.944054
31.000 2.944054
32.000 2.944054
33.000 3.069000
34.000 3.237608
35.000 3.384537
36.000 3.384537
37.000 3.384537
38.000 2.673500
39.000 2.512091
40.000 2.308118
41.000 1.856400
42.000 1.856400
43.000 1.856400
44.000 2.270790
45.000 3.246498
46.000 3.407313
47.000 3.494942
48.000 3.221214
49.000 3.025896
50.000 2.650536
51.000 2.650536
52.000 3.112732
53.000 2.342308
54.000 2.342308
55.000 2.211418
56.000 2.211418
57.000 2.449620
58.000 2.887138
59.000 2.223351
60.000 2.223351
61.000 2.223351
62.000 2.204926
63.000 2.204926
64.000 1.939441
65.000 1.839874
66.000 1.839874
67.000 2.394150
68.000 2.487312
69.000 2.487312
70.000 1.728233
71.000 1.728233
72.000 3.302536
73.000 3.302536
74.000 1.868690
75.000 1.868690
76.000 1.868690
77.000 2.545509
78.000 2.545509
79.000 2.565239
80.000 2.565239
81.000 3.143478
82.000 3.143478
83.000 3.143478
84.000 3.200851
85.000 3.200851
86.000 3.200851
87.000 1.800278
88.000 1.800278
89.000 1.800278
90.000 3.381401
91.000 2.536812
92.000 2.536812
93.000 3.198563
94.000 3.198563
95.000 3.198563
96.000 3.362709
97.000 3.362709
98.000 3.350885
99.000 3.119243
100.000 3.013573
101.000 2.886719
102.000 2.226433
103.000 2.819260
104.000 3.010635
105.000 2.736107
106.000 2.088318
107.000 3.565887
108.000 3.042877
109.000 2.456707
110.000 2.031303
111.000 2.149152
112.000 2.266647
113.000 2.069679
114.000 1.909233
115.000 1.884372
116.000 1.865662
117.000 2.239514
118.000 2.641258
119.000 2.928773
120.000 3.186333
121.000 2.584631
122.000 2.380714
123.000 2.341843
124.000 2.332085
125.000 1.799248
126.000 1.799248
127.000 1.874443
128.000 1.874443
129.000 1.869675
130.000 1.869675
131.000 2.581034
132.000 2.967781
133.000 3.153940
134.000 3.229317
135.000 2.826325
136.000 2.667946
137.000 2.462263
138.000 2.448380
139.000 2.597621
140.000 2.629906
141.000 1.935966
142.000 1.935966
143.000 2.780247
144.000 3.250046
145.000 2.790955
146.000 2.619522
147.000 2.695914
148.000 2.722092
149.000 2.834773
150.000 2.864761
151.000 1.706863
152.000 1.706863
153.000 2.599141
154.000 3.226089
155.000 1.670403
156.000 1.670403
157.000 2.562347
158.000 3.007568
159.000 3.514374
160.000 3.514374
161.000 3.514374
162.000 3.514374
163.000 1.521652
164.000 1.521652
165.000 1.521652
166.000 1.521652
167.000 1.521652
168.000 1.570630
169.000 2.476888
170.000 3.383147
171.000 3.472229
172.000 3.472229
173.000 2.832214
174.000 2.832214
175.000 0.978172
176.000 0.978172
177.000 0.978172
178.000 2.644699
179.000 2.644699
180.000 1.808311
181.000 1.808311
182.000 1.943779
183.000 1.943779
184.000 2.336429
185.000 2.850891
186.000 2.714080
187.000 2.616524
188.000 2.616524
189.000 3.000214
190.000 2.658310
191.000 2.658310
192.000 2.705374
193.000 3.053879
194.000 3.063759
195.000 3.063759
196.000 2.236511
197.000 2.236511
198.000 2.236511
199.000 2.304172
200.000 2.345222
201.000 2.323471
202.000 2.258476
203.000 2.258476
204.000 2.258476
205.000 2.719597
206.000 2.719597
207.000 2.719597
208.000 2.686172
209.000 2.686172
210.000 2.503456
211.000 2.503456
212.000 2.503456
213.000 2.808334
214.000 2.808334
215.000 2.808334
216.000 2.972572
217.000 2.972572
218.000 2.972572
219.000 3.028854
220.000 3.028854
221.000 3.175978
222.000 3.700890
223.000 3.700890
224.000 3.456491
225.000 2.801344
226.000 3.509499
227.000 2.797623
228.000 2.984085
229.000 2.996620
230.000 3.013298
231.000 2.965949
232.000 2.905518
233.000 2.711155
234.000 2.470970
235.000 2.726466
236.000 3.070557
237.000 2.674740
238.000 2.227127
239.000 2.506744
240.000 2.882530
241.000 2.876373
242.000 2.868416
243.000 2.887368
244.000 2.911316
245.000 2.695110
246.000 2.453804
247.000 2.453804
248.000 2.453804
249.000 2.112030
250.000 2.112030
251.000 2.609039
252.000 2.609039
253.000 2.896705
254.000 3.022003
255.000 2.965012
256.000 2.949944
257.000 2.325790
258.000 2.325790
259.000 2.690170
260.000 2.690170
261.000 1.962708
262.000 1.962708
263.000 2.583626
264.000 2.583626
265.000 2.941170
266.000 3.027901
267.000 3.001515
268.000 2.996872
269.000 3.271271
270.000 3.271271
271.000 2.086632
272.000 2.086632
273.000 2.911835
274.000 2.911835
275.000 2.844948
276.000 2.844948
277.000 2.359459
278.000 2.359459
279.000 3.103114
280.000 3.166260
281.000 3.161842
282.000 2.910622
283.000 2.910622
284.000 2.051979
285.000 2.051979
286.000 3.014038
287.000 3.081589
288.000 3.122322
289.000 2.996753
290.000 2.928680
291.000 3.125422
292.000 3.220451
293.000 3.169873
294.000 3.148422
295.000 1.745895
296.000 1.745895
297.000 2.819196
298.000 3.146255
299.000 2.990524
300.000 2.990524
301.000 2.294327
302.000 2.294327
303.000 3.278938
304.000 3.278938
305.000 3.219942
306.000 2.927943
307.000 2.635944
308.000 2.623207
309.000 2.623207
310.000 2.535954
311.000 1.689285
312.000 1.689285
313.000 2.608261
314.000 2.608261
315.000 2.608261
316.000 2.608261
317.000 3.167825
318.000 3.231903
319.000 3.231903
320.000 3.231903
321.000 3.142246
322.000 2.883154
323.000 2.624063
324.000 2.548248
325.000 2.636940
326.000 2.575836
327.000 2.575836
328.000 2.404526
329.000 2.404526
330.000 1.756264
331.000 1.756264
332.000 2.424454
333.000 2.424454
334.000 2.937569
335.000 2.937569
336.000 2.398705
337.000 2.398705
338.000 2.398178
339.000 2.398178
340.000 2.398178
341.000 2.573120
342.000 2.573120
343.000 2.098778
344.000 2.098778
345.000 1.971649
346.000 1.971649
347.000 1.971649
348.000 1.971649
349.000 1.971649
350.000 2.088115
351.000 2.135389
352.000 2.182664
353.000 2.202003
354.000 2.290068
355.000 3.091728
356.000 2.816704
357.000 2.816704
358.000 2.583913
359.000 2.359733
