0.000 0.037643
1.000 0.037643
2.000 0.037643
3.000 0.037643
4.000 0.037643
5.000 0.037643
6.000 0.037643
7.000 0.037643
8.000 0.037643
9.000 0.037643
10.000 0.037643
11.000 0.037643
12.000 0.078194
13.000 0.078194
14.000 0.078194
15.000 0.079315
16.000 0.079315
17.000 0.079315
18.000 0.079315
19.000 0.079315
20.000 0.079315
21.000 0.075874
22.000 0.075874
23.000 0.075874
24.000 0.075874
25.000 0.075874
26.000 0.075874
27.000 0.075874
28.000 0.537758
29.000 1.052826
30.000 1.052826
31.000 1.465630
32.000 1.712513
33.000 1.892212
34.000 1.859375
35.000 1.781052
36.000 1.766464
37.000 1.769440
38.000 1.769440
39.000 1.797534
40.000 1.825371
41.000 1.798683
42.000 1.798683
43.000 1.838505
44.000 1.837883
45.000 1.760506
46.000 1.760506
47.000 1.786034
48.000 1.786034
49.000 1.729256
50.000 1.729256
51.000 1.782318
52.000 1.782318
53.000 1.823471
54.000 1.822932
55.000 1.814835
56.000 1.814835
57.000 1.770828
58.000 1.770828
59.000 0.886024
60.000 0.886024
61.000 1.859200
62.000 1.842203
63.000 1.776619
64.000 1.776619
65.000 1.789458
66.000 1.792549
67.000 1.825371
68.000 1.825371
69.000 1.825371
70.000 1.769518
71.000 1.657666
72.000 1.545814
73.000 1.433962
74.000 1.322110
75.000 1.210258
76.000 1.098406
77.000 0.986554
78.000 0.874702
79.000 0.762850
80.000 0.650998
81.000 0.539146
82.000 0.427294
83.000 0.389023
84.000 0.385485
85.000 0.380005
86.000 0.383926
87.000 0.381264
88.000 0.473404
89.000 0.560165
90.000 0.560165
91.000 0.804977
92.000 0.899329
93.000 1.029488
94.000 1.036903
95.000 1.557808
96.000 1.638052
97.000 1.744003
98.000 1.782219
99.000 1.796211
100.000 1.796207
101.000 1.795921
102.000 1.727745
103.000 1.727745
104.000 1.753014
105.000 1.738530
106.000 1.705971
107.000 1.816238
108.000 1.816238
109.000 1.735527
110.000 1.735527
111.000 1.732651
112.000 1.732651
113.000 1.719856
114.000 1.719635
115.000 1.657547
116.000 1.657547
117.000 1.845802
118.000 1.845802
119.000 1.654709
120.000 1.654709
121.000 1.785063
122.000 1.909752
123.000 1.909752
124.000 1.728714
125.000 1.728714
126.000 1.852554
127.000 1.846613
128.000 1.843727
129.000 1.664055
130.000 1.664055
131.000 1.805382
132.000 1.369446
133.000 1.369446
134.000 1.724290
135.000 1.770813
136.000 1.798501
137.000 1.801788
138.000 1.595963
139.000 1.595963
140.000 1.795029
141.000 1.795029
142.000 1.769257
143.000 1.774394
144.000 1.855415
145.000 1.855415
146.000 1.818619
147.000 1.702404
148.000 1.479294
149.000 1.479294
150.000 1.831856
151.000 1.831856
152.000 1.779197
153.000 1.736092
154.000 1.803856
155.000 1.803856
156.000 1.790206
157.000 1.775879
158.000 1.775879
159.000 1.805290
160.000 1.805290
161.000 1.799316
162.000 1.799316
163.000 1.799316
164.000 1.750739
165.000 1.734299
166.000 1.734299
167.000 1.729172
168.000 1.729172
169.000 1.824722
170.000 1.824722
171.000 1.850418
172.000 1.850418
173.000 1.725822
174.000 1.725822
175.000 1.709290
176.000 1.709290
177.000 1.728348
178.000 1.742918
179.000 1.866211
180.000 1.866211
181.000 1.811852
182.000 1.811852
183.000 1.749168
184.000 1.749168
185.000 1.915466
186.000 1.915466
187.000 1.906425
188.000 1.906425
189.000 1.909840
190.000 1.911919
191.000 1.839455
192.000 1.839455
193.000 1.828568
194.000 1.828179
195.000 1.826569
196.000 1.826569
197.000 1.707275
198.000 1.707275
199.000 1.721672
200.000 1.721672
201.000 1.801534
202.000 1.842468
203.000 1.726326
204.000 1.726326
205.000 1.724693
206.000 1.724693
207.000 1.703568
208.000 1.703568
209.000 1.734970
210.000 1.734970
211.000 1.828345
212.000 1.834816
213.000 1.706772
214.000 1.706772
215.000 1.706772
216.000 1.658437
217.000 1.650894
218.000 1.650894
219.000 1.578911
220.000 1.578911
221.000 1.759445
222.000 1.799052
223.000 1.826950
224.000 1.759644
225.000 1.759644
226.000 1.722458
227.000 1.757647
228.000 1.788902
229.000 1.788902
230.000 1.747411
231.000 1.743256
232.000 1.775986
233.000 1.775986
234.000 1.697403
235.000 1.671432
236.000 1.671432
237.000 1.671432
238.000 1.764255
239.000 1.778681
240.000 1.792252
241.000 1.757195
242.000 1.757195
243.000 1.788528
244.000 1.750099
245.000 1.734726
246.000 1.735345
247.000 1.769226
248.000 1.769226
249.000 1.696472
250.000 1.696472
251.000 1.733614
252.000 1.782295
253.000 1.782295
254.000 1.797645
255.000 1.851959
256.000 1.851959
257.000 1.840333
258.000 1.796843
259.000 1.791702
260.000 1.912933
261.000 1.901346
262.000 1.751532
263.000 1.692314
264.000 1.839676
265.000 1.825310
266.000 1.806213
267.000 1.795311
268.000 1.795311
269.000 1.795311
270.000 1.758931
271.000 1.743515
272.000 1.743515
273.000 1.700989
274.000 1.700989
275.000 1.793648
276.000 1.793648
277.000 1.821945
278.000 1.831841
279.000 1.720276
280.000 1.814949
281.000 1.815363
282.000 1.856201
283.000 1.856201
284.000 1.852335
285.000 1.732590
286.000 1.732590
287.000 1.753975
288.000 1.753975
289.000 1.755605
290.000 1.757759
291.000 1.757759
292.000 1.700315
293.000 1.672707
294.000 1.719200
295.000 1.719200
296.000 1.810349
297.000 1.810349
298.000 1.950798
299.000 1.950798
300.000 1.831711
301.000 1.834710
302.000 1.843315
303.000 1.849196
304.000 1.891556
305.000 1.827385
306.000 1.772850
307.000 1.772850
308.000 1.778404
309.000 1.782806
310.000 1.782806
311.000 1.721632
312.000 1.672249
313.000 1.829453
314.000 1.829453
315.000 1.709724
316.000 1.709724
317.000 1.711463
318.000 1.713760
319.000 1.851341
320.000 1.746529
321.000 1.746529
322.000 1.440069
323.000 1.252556
324.000 1.252556
325.000 1.811409
326.000 1.811409
327.000 1.736145
328.000 1.202293
329.000 1.202293
330.000 1.202293
331.000 1.815124
332.000 1.815460
333.000 1.815460
334.000 1.815460
335.000 1.786247
336.000 1.786247
337.000 1.786247
338.000 1.789901
339.000 1.794731
340.000 1.794731
341.000 1.794731
342.000 1.794731
343.000 1.839655
344.000 1.855686
345.000 1.862633
346.000 1.838706
347.000 1.805023
348.000 1.753990
349.000 1.753990
350.000 0.031891
351.000 0.031891
352.000 0.031891
353.000 0.031891
354.000 0.031891
355.000 0.031891
356.000 0.031891
357.000 0.031891
358.000 0.031891
359.000 0.031891
