0.000 0.101822
1.000 0.101822
2.000 0.101822
3.000 0.101822
4.000 0.101822
5.000 0.101822
6.000 0.101822
7.000 0.792072
8.000 0.873138
9.000 0.873138
10.000 0.841913
11.000 0.824959
12.000 0.824959
13.000 0.854072
14.000 0.864540
15.000 0.864540
16.000 0.893806
17.000 0.893806
18.000 0.907654
19.000 0.907654
20.000 0.899030
21.000 0.894806
22.000 0.895147
23.000 0.895554
24.000 0.931743
25.000 0.946091
26.000 0.946091
27.000 0.881686
28.000 0.868996
29.000 0.868996
30.000 0.856422
31.000 0.856422
32.000 0.877800
33.000 0.877800
34.000 0.889352
35.000 0.914864
36.000 0.911644
37.000 0.901321
38.000 0.877190
39.000 0.875543
40.000 0.860291
41.000 0.894302
42.000 0.879433
43.000 0.879433
44.000 0.879433
45.000 0.870811
46.000 0.860641
47.000 0.857796
48.000 0.855171
49.000 0.855171
50.000 0.909309
51.000 0.828819
52.000 0.828819
53.000 0.877968
54.000 0.877968
55.000 0.879467
56.000 0.882675
57.000 0.882675
58.000 0.882675
59.000 0.895760
60.000 0.895760
61.000 0.940941
62.000 0.940941
63.000 0.947818
64.000 0.964043
65.000 0.964043
66.000 0.910385
67.000 0.887863
68.000 0.875687
69.000 0.847908
70.000 0.847908
71.000 0.891395
72.000 0.939564
73.000 0.952438
74.000 0.952438
75.000 0.888107
76.000 0.888107
77.000 0.923393
78.000 0.859734
79.000 0.859734
80.000 0.859734
81.000 0.859734
82.000 0.873823
83.000 0.842335
84.000 0.827415
85.000 0.827415
86.000 0.827415
87.000 0.903967
88.000 0.903915
89.000 0.890505
90.000 0.870522
91.000 0.870522
92.000 0.876907
93.000 0.876907
94.000 0.913162
95.000 0.911958
96.000 0.875250
97.000 0.846352
98.000 0.936485
99.000 0.917084
100.000 0.931793
101.000 0.931793
102.000 0.931793
103.000 0.904894
104.000 0.927628
105.000 0.927628
106.000 0.927628
107.000 0.927628
108.000 0.927357
109.000 0.926142
110.000 0.924928
111.000 0.923713
112.000 0.922882
113.000 0.923271
114.000 0.923058
115.000 0.916565
116.000 0.916565
117.000 0.924110
118.000 0.925758
119.000 0.881737
120.000 0.881737
121.000 0.921385
122.000 0.947433
123.000 0.947433
124.000 0.923317
125.000 0.923317
126.000 0.895233
127.000 0.895233
128.000 0.860344
129.000 0.860344
130.000 0.875655
131.000 0.892410
132.000 0.937523
133.000 0.866791
134.000 0.866791
135.000 0.918266
136.000 0.902213
137.000 0.934608
138.000 0.929977
139.000 0.929977
140.000 0.912010
141.000 0.927078
142.000 0.927078
143.000 0.888544
144.000 0.870697
145.000 0.889717
146.000 0.889717
147.000 0.836861
148.000 0.836861
149.000 0.836861
150.000 0.940238
151.000 0.938427
152.000 0.936616
153.000 0.936111
154.000 0.846741
155.000 0.904930
156.000 0.894821
157.000 0.894821
158.000 0.926552
159.000 0.926552
160.000 0.922401
161.000 0.914917
162.000 0.871666
163.000 0.871666
164.000 0.938446
165.000 0.926757
166.000 0.847305
167.000 0.847305
168.000 0.893639
169.000 0.893639
170.000 0.854065
171.000 0.854065
172.000 0.867502
173.000 0.921379
174.000 0.921379
175.000 0.852348
176.000 0.920166
177.000 0.920166
178.000 0.920166
179.000 0.920166
180.000 0.920166
181.000 0.922508
182.000 0.914192
183.000 0.905876
184.000 0.902283
185.000 0.902283
186.000 0.902283
187.000 0.914942
188.000 0.932655
189.000 0.932655
190.000 0.913849
191.000 0.913849
192.000 0.941345
193.000 0.941345
194.000 0.903954
195.000 0.903954
196.000 0.847211
197.000 0.846291
198.000 0.922966
199.000 0.922798
200.000 0.922668
201.000 0.940041
202.000 0.925666
203.000 0.921577
204.000 0.925644
205.000 0.927612
206.000 0.927612
207.000 0.924358
208.000 0.918945
209.000 0.917519
210.000 0.917519
211.000 0.914314
212.000 0.914314
213.000 0.914314
214.000 0.929855
215.000 0.929855
216.000 0.929855
217.000 0.928211
218.000 0.924997
219.000 0.921783
220.000 0.918570
221.000 0.916771
222.000 0.916771
223.000 0.916771
224.000 0.938036
225.000 0.941292
226.000 0.919128
227.000 0.919128
228.000 0.841110
229.000 0.841110
230.000 0.871837
231.000 0.923378
232.000 0.923378
233.000 0.897949
234.000 0.919794
235.000 0.929977
236.000 0.929977
237.000 0.929977
238.000 0.943030
239.000 0.952581
240.000 0.960350
241.000 0.960350
242.000 0.952530
243.000 0.832954
244.000 0.832954
245.000 0.903448
246.000 0.915131
247.000 0.853912
248.000 0.853912
249.000 0.681068
250.000 0.681068
251.000 0.681068
252.000 0.681068
253.000 0.681068
254.000 0.681068
255.000 0.902270
256.000 0.905375
257.000 0.908480
258.000 0.911585
259.000 0.912735
260.000 0.856438
261.000 0.856438
262.000 0.975502
263.000 0.894913
264.000 0.895633
265.000 0.897018
266.000 0.919426
267.000 0.919426
268.000 0.878370
269.000 0.844139
270.000 0.919800
271.000 0.944801
272.000 0.944801
273.000 0.948448
274.000 0.948448
275.000 0.936414
276.000 0.919042
277.000 0.915375
278.000 0.915375
279.000 0.915375
280.000 0.915268
281.000 0.909711
282.000 0.904155
283.000 0.903870
284.000 0.932281
285.000 0.932281
286.000 0.938370
287.000 0.938370
288.000 0.933789
289.000 0.929169
290.000 0.929169
291.000 0.929169
292.000 0.965052
293.000 0.984779
294.000 0.884972
295.000 0.884972
296.000 0.810997
297.000 0.810997
298.000 0.810997
299.000 0.810997
300.000 0.825511
301.000 0.834808
302.000 0.834808
303.000 0.834808
304.000 0.940932
305.000 0.952919
306.000 0.952919
307.000 0.849533
308.000 0.849533
309.000 0.933556
310.000 0.933556
311.000 0.910622
312.000 0.910622
313.000 0.909170
314.000 0.909073
315.000 0.942596
316.000 0.942601
317.000 0.943508
318.000 0.944168
319.000 0.944168
320.000 0.883865
321.000 0.812340
322.000 0.812340
323.000 0.856796
324.000 0.825485
325.000 0.825485
326.000 0.875450
327.000 0.875450
328.000 0.875937
329.000 0.877240
330.000 0.877975
331.000 0.877975
332.000 0.912971
333.000 0.912971
334.000 0.870583
335.000 0.870583
336.000 0.887510
337.000 0.928894
338.000 0.928894
339.000 0.928894
340.000 0.876783
341.000 0.907094
342.000 0.927376
343.000 0.927376
344.000 0.960637
345.000 0.989525
346.000 0.894470
347.000 0.894470
348.000 0.792747
349.000 0.792747
350.000 0.800826
351.000 0.818473
352.000 0.829422
353.000 0.891449
354.000 0.890005
355.000 0.879730
356.000 0.879730
357.000 0.836113
358.000 0.892036
359.000 0.892036
