0.000 0.202377
1.000 0.202377
2.000 1.740044
3.000 2.696110
4.000 2.691299
5.000 2.681343
6.000 2.723099
7.000 2.618149
8.000 2.775864
9.000 2.775864
10.000 2.730370
11.000 2.730370
12.000 2.601257
13.000 2.601257
14.000 2.646790
15.000 2.646790
16.000 2.670235
17.000 2.670235
18.000 2.738274
19.000 2.738274
20.000 2.588600
21.000 2.588600
22.000 2.752355
23.000 2.785950
24.000 2.643761
25.000 2.635330
26.000 2.635330
27.000 2.635330
28.000 2.709294
29.000 2.666648
30.000 2.663040
31.000 2.671280
32.000 2.671280
33.000 2.624954
34.000 2.418602
35.000 2.418602
36.000 2.418602
37.000 2.608527
38.000 2.660500
39.000 2.660500
40.000 2.615677
41.000 2.615677
42.000 2.509761
43.000 2.505669
44.000 2.505669
45.000 2.624888
46.000 2.728043
47.000 2.701028
48.000 2.609734
49.000 2.635651
50.000 2.635651
51.000 2.705750
52.000 2.705750
53.000 2.725098
54.000 2.725098
55.000 2.683595
56.000 2.526932
57.000 2.526932
58.000 2.526932
59.000 2.717072
60.000 2.717072
61.000 2.675079
62.000 2.751640
63.000 2.751640
64.000 2.571625
65.000 2.571625
66.000 2.633537
67.000 2.633537
68.000 2.677469
69.000 2.735437
70.000 2.369087
71.000 2.349136
72.000 2.349136
73.000 2.754478
74.000 2.751425
75.000 2.683601
76.000 2.686283
77.000 2.690353
78.000 2.712593
79.000 2.712593
80.000 2.611710
81.000 2.667220
82.000 2.752602
83.000 2.530368
84.000 2.590980
85.000 2.672585
86.000 2.688318
87.000 2.706657
88.000 2.678011
89.000 2.625290
90.000 2.676559
91.000 2.724548
92.000 2.738297
93.000 2.748878
94.000 2.728102
95.000 2.700340
96.000 2.730769
97.000 2.785851
98.000 2.771023
99.000 2.719246
100.000 2.703212
101.000 2.646049
102.000 2.661172
103.000 2.710983
104.000 2.720230
105.000 2.756058
106.000 2.739979
107.000 2.693901
108.000 2.691559
109.000 2.683838
110.000 2.690410
111.000 2.706436
112.000 2.725027
113.000 2.763870
114.000 2.756672
115.000 2.735298
116.000 2.738928
117.000 2.749283
118.000 2.722097
119.000 2.622902
120.000 2.648219
121.000 2.752609
122.000 2.752893
123.000 2.753593
124.000 2.745426
125.000 2.721397
126.000 2.715296
127.000 2.687423
128.000 2.695376
129.000 2.755968
130.000 2.752821
131.000 2.736572
132.000 2.736572
133.000 2.736572
134.000 2.725292
135.000 2.723457
136.000 2.723457
137.000 2.723457
138.000 2.568176
139.000 2.568176
140.000 2.568176
141.000 2.612511
142.000 2.612511
143.000 2.612511
144.000 2.641672
145.000 2.729540
146.000 2.757149
147.000 2.697983
148.000 2.697983
149.000 2.663231
150.000 2.663231
151.000 2.663231
152.000 2.747017
153.000 2.747017
154.000 2.747017
155.000 2.672990
156.000 2.630287
157.000 2.630287
158.000 2.630913
159.000 2.643610
160.000 2.668961
161.000 2.668961
162.000 2.668961
163.000 2.646133
164.000 2.619430
165.000 2.614685
166.000 2.591400
167.000 2.591400
168.000 2.617925
169.000 2.704359
170.000 2.764618
171.000 2.750798
172.000 2.664864
173.000 2.342056
174.000 2.756554
175.000 2.756554
176.000 2.523438
177.000 2.523438
178.000 2.584572
179.000 2.662865
180.000 2.662865
181.000 2.662865
182.000 2.633293
183.000 2.639893
184.000 2.756317
185.000 2.756317
186.000 2.657539
187.000 2.721115
188.000 2.684006
189.000 2.671783
190.000 2.737930
191.000 2.701409
192.000 2.651123
193.000 2.691861
194.000 2.679825
195.000 2.665085
196.000 2.665707
197.000 2.667076
198.000 2.642058
199.000 2.562691
200.000 2.711945
201.000 2.711945
202.000 2.715640
203.000 2.728310
204.000 2.728310
205.000 2.754883
206.000 2.703411
207.000 2.515457
208.000 2.505184
209.000 2.384926
210.000 2.427070
211.000 2.591225
212.000 2.762535
213.000 2.762535
214.000 2.711027
215.000 2.602867
216.000 2.712509
217.000 2.712509
218.000 2.648888
219.000 2.648888
220.000 2.648888
221.000 2.664528
222.000 2.664528
223.000 2.618324
224.000 2.618324
225.000 2.616669
226.000 2.410263
227.000 2.410263
228.000 2.359032
229.000 2.359032
230.000 2.720619
231.000 2.720619
232.000 2.715953
233.000 2.707397
234.000 2.707397
235.000 2.635338
236.000 2.635338
237.000 2.743805
238.000 2.685131
239.000 2.487198
240.000 2.532324
241.000 2.700470
242.000 2.718540
243.000 2.773705
244.000 2.745966
245.000 2.644814
246.000 2.636340
247.000 2.619568
248.000 2.663913
249.000 2.787315
250.000 2.750814
251.000 2.672241
252.000 2.677746
253.000 2.700928
254.000 2.713923
255.000 2.743965
256.000 2.720441
257.000 2.665192
258.000 2.688460
259.000 2.733467
260.000 2.733483
261.000 2.733521
262.000 2.720337
263.000 2.659829
264.000 2.621485
265.000 2.590446
266.000 2.651409
267.000 2.733505
268.000 2.744195
269.000 2.789360
270.000 2.776070
271.000 2.723854
272.000 2.696339
273.000 2.619255
274.000 2.670103
275.000 2.738945
276.000 2.749481
277.000 2.749481
278.000 2.632309
279.000 2.632309
280.000 2.632309
281.000 2.702278
282.000 2.702278
283.000 2.782341
284.000 2.782341
285.000 2.782341
286.000 2.184471
287.000 2.184471
288.000 2.544740
289.000 2.761497
290.000 2.761497
291.000 2.668526
292.000 2.668526
293.000 2.701896
294.000 2.758209
295.000 2.740822
296.000 2.714058
297.000 2.780701
298.000 2.641747
299.000 2.641747
300.000 2.780220
301.000 2.780220
302.000 2.780220
303.000 2.780220
304.000 2.603950
305.000 2.662376
306.000 2.669357
307.000 2.669357
308.000 2.669357
309.000 2.690986
310.000 2.729073
311.000 2.757217
312.000 2.762749
313.000 2.762749
314.000 2.762749
315.000 2.648870
316.000 2.661831
317.000 2.674202
318.000 2.674202
319.000 2.749496
320.000 2.748919
321.000 2.621758
322.000 2.621758
323.000 2.743660
324.000 2.743660
325.000 2.743660
326.000 2.743660
327.000 2.751295
328.000 2.752584
329.000 2.753873
330.000 2.753922
331.000 2.753922
332.000 2.500198
333.000 2.436180
334.000 2.436180
335.000 2.436180
336.000 2.692635
337.000 2.692635
338.000 2.607727
339.000 2.552353
340.000 2.552353
341.000 2.635818
342.000 2.635818
343.000 2.715187
344.000 2.588394
345.000 2.588394
346.000 2.588394
347.000 2.642187
348.000 2.701279
349.000 2.701279
350.000 2.701279
351.000 2.628731
352.000 2.628731
353.000 2.640414
354.000 2.671331
355.000 2.702249
356.000 2.600792
357.000 2.648664
358.000 2.698608
359.000 2.759048
