0.000 0.436775
1.000 0.436775
2.000 0.456192
3.000 0.456192
4.000 0.451202
5.000 0.451710
6.000 0.463188
7.000 0.464661
8.000 0.464661
9.000 0.414528
10.000 0.414528
11.000 0.361839
12.000 0.361839
13.000 0.368188
14.000 0.407158
15.000 0.407158
16.000 0.365082
17.000 0.365082
18.000 0.365082
19.000 0.520197
20.000 0.412340
21.000 0.380653
22.000 0.380653
23.000 0.460312
24.000 0.447037
25.000 0.447037
26.000 0.448335
27.000 0.460304
28.000 0.460304
29.000 0.432686
30.000 0.432686
31.000 0.409386
32.000 0.409386
33.000 0.373131
34.000 0.373131
35.000 0.385468
36.000 0.385468
37.000 0.385468
38.000 0.454219
39.000 0.456581
40.000 0.456581
41.000 0.468582
42.000 0.468582
43.000 0.468582
44.000 0.468582
45.000 0.412949
46.000 0.410294
47.000 0.410294
48.000 0.410294
49.000 0.410294
50.000 0.447433
51.000 0.498847
52.000 0.550260
53.000 0.578941
54.000 0.356216
55.000 0.356216
56.000 0.439590
57.000 0.439590
58.000 0.434543
59.000 0.423615
60.000 0.423615
61.000 0.423615
62.000 0.414573
63.000 0.402623
64.000 0.392944
65.000 0.392944
66.000 0.462799
67.000 0.427925
68.000 0.427925
69.000 0.427925
70.000 0.657410
71.000 0.657410
72.000 0.647411
73.000 0.576631
74.000 0.505850
75.000 0.435070
76.000 0.398537
77.000 0.621834
78.000 0.423973
79.000 0.465271
80.000 0.465271
81.000 0.325928
82.000 0.325928
83.000 0.140022
84.000 0.140022
85.000 0.394714
86.000 0.462807
87.000 0.462807
88.000 0.374931
89.000 0.374931
90.000 0.363388
91.000 0.363388
92.000 0.361800
93.000 0.337464
94.000 0.313127
95.000 0.293831
96.000 0.293831
97.000 0.460098
98.000 0.460603
99.000 0.461189
100.000 0.418556
101.000 0.418556
102.000 0.502678
103.000 0.502678
104.000 0.446127
105.000 0.436447
106.000 0.455170
107.000 0.452686
108.000 0.451004
109.000 0.554733
110.000 0.554733
111.000 0.554733
112.000 0.470045
113.000 0.461307
114.000 0.460312
115.000 0.460098
116.000 0.398666
117.000 0.398666
118.000 0.398666
119.000 0.398666
120.000 0.377853
121.000 0.311589
122.000 0.269539
123.000 0.269539
124.000 0.269539
125.000 0.369766
126.000 0.369766
127.000 0.369766
128.000 0.369766
129.000 0.369766
130.000 0.374842
131.000 0.400942
132.000 0.410736
133.000 0.410736
134.000 0.441770
135.000 0.471458
136.000 0.467005
137.000 0.464684
138.000 0.348831
139.000 0.464401
140.000 0.464401
141.000 0.450141
142.000 0.386002
143.000 0.386002
144.000 0.449776
145.000 0.418404
146.000 0.418404
147.000 0.508011
148.000 0.484119
149.000 0.440376
150.000 0.440376
151.000 0.413048
152.000 0.413048
153.000 0.413048
154.000 0.416443
155.000 0.371101
156.000 0.363388
157.000 0.368805
158.000 0.368805
159.000 0.368805
160.000 0.368805
161.000 0.328545
162.000 0.328545
163.000 0.328545
164.000 0.366963
165.000 0.379593
166.000 0.379593
167.000 0.395081
168.000 0.432312
169.000 0.432312
170.000 0.344040
171.000 0.344040
172.000 0.361843
173.000 0.413811
174.000 0.421333
175.000 0.481674
176.000 0.481674
177.000 0.317291
178.000 0.317291
179.000 0.317291
180.000 0.366013
181.000 0.366013
182.000 0.366013
183.000 0.564322
184.000 0.574326
185.000 0.467751
186.000 0.467751
187.000 0.459936
188.000 0.426722
189.000 0.467751
190.000 0.467751
191.000 0.406860
192.000 0.406860
193.000 0.406860
194.000 0.406860
195.000 0.406860
196.000 0.417103
197.000 0.407214
198.000 0.397325
199.000 0.394966
200.000 0.304996
201.000 0.293198
202.000 0.293198
203.000 0.293198
204.000 0.293198
205.000 0.367739
206.000 0.338951
207.000 0.338951
208.000 0.295952
209.000 0.295952
210.000 0.609634
211.000 0.609634
212.000 0.464569
213.000 0.471790
214.000 0.473961
215.000 0.472939
216.000 0.300194
217.000 0.300194
218.000 0.300194
219.000 0.323976
220.000 0.445154
221.000 0.457787
222.000 0.988319
223.000 0.360878
224.000 0.360878
225.000 0.360878
226.000 0.290237
227.000 0.290237
228.000 0.290237
229.000 0.290237
230.000 0.290237
231.000 0.290237
232.000 0.387082
233.000 0.375931
234.000 0.375931
235.000 0.375931
236.000 0.379446
237.000 0.380966
238.000 0.380966
239.000 0.563566
240.000 0.629440
241.000 0.447716
242.000 0.461632
243.000 0.467918
244.000 0.366402
245.000 0.361816
246.000 0.361816
247.000 0.361816
248.000 0.472710
249.000 0.472710
250.000 0.472710
251.000 0.452194
252.000 0.452194
253.000 0.452194
254.000 0.375214
255.000 0.375214
256.000 0.251282
257.000 0.251282
258.000 0.251282
259.000 0.380615
260.000 0.455574
261.000 0.455574
262.000 0.455353
263.000 0.455353
264.000 0.474236
265.000 0.474596
266.000 0.475464
267.000 0.475464
268.000 0.457649
269.000 0.453980
270.000 0.442314
271.000 0.442314
272.000 0.442314
273.000 0.396264
274.000 0.416679
275.000 0.416679
276.000 0.436783
277.000 0.436783
278.000 0.555739
279.000 0.468994
280.000 0.468994
281.000 0.455139
282.000 0.455139
283.000 0.455139
284.000 0.455129
285.000 0.455124
286.000 0.433686
287.000 0.419014
288.000 0.454071
289.000 0.454071
290.000 0.388290
291.000 0.388290
292.000 0.462166
293.000 0.275467
294.000 0.275467
295.000 0.275467
296.000 0.455040
297.000 0.467606
298.000 0.467606
299.000 0.435936
300.000 0.435936
301.000 0.731827
302.000 0.409279
303.000 0.409279
304.000 0.393471
305.000 0.393471
306.000 0.467819
307.000 0.467819
308.000 0.464710
309.000 0.437019
310.000 0.430069
311.000 0.464676
312.000 0.464676
313.000 0.296600
314.000 0.387688
315.000 0.387688
316.000 0.387688
317.000 0.387688
318.000 0.397728
319.000 0.397728
320.000 0.469002
321.000 0.469002
322.000 0.435892
323.000 0.431351
324.000 0.431351
325.000 0.431351
326.000 0.337873
327.000 0.333954
328.000 0.333954
329.000 0.298030
330.000 0.294617
331.000 0.654701
332.000 0.451363
333.000 0.451363
334.000 0.451363
335.000 0.477719
336.000 0.544568
337.000 0.547661
338.000 0.315742
339.000 0.315742
340.000 0.392235
341.000 0.392235
342.000 0.353264
343.000 0.353264
344.000 0.426819
345.000 0.403908
346.000 0.403908
347.000 0.392670
348.000 0.392670
349.000 0.448532
350.000 0.452214
351.000 0.459251
352.000 0.459251
353.000 0.384933
354.000 0.384933
355.000 0.950851
356.000 0.875499
357.000 0.525448
358.000 0.330612
359.000 0.330612
