0.000 0.500084
1.000 0.500084
2.000 0.500084
3.000 0.500084
4.000 0.500084
5.000 0.500084
6.000 0.500084
7.000 0.500084
8.000 0.500084
9.000 0.500084
10.000 1.119080
11.000 1.119080
12.000 1.119080
13.000 1.119080
14.000 1.119080
15.000 0.827424
16.000 0.514969
17.000 0.639107
18.000 0.639107
19.000 0.639107
20.000 0.639107
21.000 0.822298
22.000 0.900620
23.000 1.062454
24.000 1.114380
25.000 1.007439
26.000 0.862803
27.000 0.751289
28.000 0.346230
29.000 0.841101
30.000 2.138199
31.000 1.035446
32.000 0.869186
33.000 0.860306
34.000 1.085602
35.000 0.842880
36.000 0.842880
37.000 0.842880
38.000 0.842880
39.000 1.142099
40.000 1.080467
41.000 1.080467
42.000 1.426338
43.000 1.024818
44.000 0.989616
45.000 0.989616
46.000 0.992920
47.000 0.992920
48.000 1.765424
49.000 2.078613
50.000 0.916084
51.000 0.916084
52.000 0.916084
53.000 1.134712
54.000 1.134712
55.000 1.098405
56.000 0.822601
57.000 0.822601
58.000 0.866066
59.000 0.866066
60.000 1.063698
61.000 1.063698
62.000 1.063698
63.000 0.619194
64.000 0.619194
65.000 0.619194
66.000 0.714897
67.000 0.714897
68.000 1.636238
69.000 1.308701
70.000 1.177979
71.000 1.177979
72.000 1.177979
73.000 0.976168
74.000 0.906548
75.000 0.906548
76.000 1.630753
77.000 0.838722
78.000 0.838722
79.000 0.528351
80.000 0.528351
81.000 0.528351
82.000 0.528351
83.000 1.245895
84.000 1.245895
85.000 0.655236
86.000 0.633087
87.000 0.633087
88.000 1.068962
89.000 1.068962
90.000 1.516014
91.000 0.594009
92.000 0.594009
93.000 1.148651
94.000 0.721855
95.000 0.721855
96.000 0.734826
97.000 0.830482
98.000 0.830482
99.000 0.384865
100.000 0.384865
101.000 0.384865
102.000 0.384865
103.000 0.384865
104.000 0.384865
105.000 0.384865
106.000 0.847580
107.000 0.847580
108.000 0.847580
109.000 0.927457
110.000 1.052649
111.000 1.057610
112.000 0.846458
113.000 0.846458
114.000 1.466705
115.000 0.709274
116.000 0.709274
117.000 0.905970
118.000 1.021378
119.000 0.880722
120.000 0.880722
121.000 0.856041
122.000 0.723511
123.000 0.723511
124.000 1.100441
125.000 1.100441
126.000 1.100441
127.000 1.100441
128.000 0.855103
129.000 0.855103
130.000 0.855103
131.000 0.855560
132.000 0.855560
133.000 0.855560
134.000 1.044289
135.000 1.044289
136.000 1.044289
137.000 1.096065
138.000 1.121513
139.000 0.630531
140.000 0.630531
141.000 1.181061
142.000 1.145218
143.000 1.145218
144.000 1.029037
145.000 1.029037
146.000 1.029037
147.000 1.160955
148.000 1.309303
149.000 1.309303
150.000 0.718910
151.000 0.718910
152.000 2.936394
153.000 0.854584
154.000 0.854584
155.000 0.854584
156.000 1.130119
157.000 1.130119
158.000 1.009949
159.000 1.009949
160.000 1.331486
161.000 1.372643
162.000 0.648384
163.000 0.648384
164.000 0.648384
165.000 0.746727
166.000 0.746727
167.000 0.746727
168.000 0.879501
169.000 0.879501
170.000 0.957352
171.000 0.957352
172.000 0.832726
173.000 0.832726
174.000 0.832726
175.000 1.002899
176.000 0.777451
177.000 0.777451
178.000 0.777451
179.000 1.146484
180.000 0.543694
181.000 0.543694
182.000 0.543694
183.000 1.061783
184.000 1.061783
185.000 0.856621
186.000 0.856621
187.000 0.876884
188.000 0.876884
189.000 0.963726
190.000 1.010864
191.000 0.658279
192.000 0.658279
193.000 0.808701
194.000 0.811485
195.000 0.811485
196.000 0.871223
197.000 0.871223
198.000 1.287506
199.000 1.287506
200.000 1.073318
201.000 1.073318
202.000 0.741959
203.000 0.741959
204.000 0.741959
205.000 1.005852
206.000 1.006115
207.000 1.052109
208.000 1.052109
209.000 1.060841
210.000 1.099075
211.000 1.099075
212.000 0.920303
213.000 0.915852
214.000 0.835777
215.000 0.835777
216.000 0.593117
217.000 1.062668
218.000 1.062668
219.000 0.792252
220.000 0.642189
221.000 0.642189
222.000 0.664803
223.000 0.664803
224.000 0.755592
225.000 0.945709
226.000 0.945709
227.000 0.747593
228.000 0.736847
229.000 1.192657
230.000 1.188092
231.000 1.146600
232.000 1.120239
233.000 1.120239
234.000 1.120239
235.000 1.032543
236.000 1.005180
237.000 1.005180
238.000 1.048828
239.000 1.048828
240.000 0.888603
241.000 0.840818
242.000 0.702263
243.000 0.702263
244.000 0.702263
245.000 0.702263
246.000 0.983543
247.000 0.983543
248.000 0.687744
249.000 0.687744
250.000 1.336800
251.000 1.336800
252.000 1.180285
253.000 1.004967
254.000 1.020813
255.000 1.020813
256.000 0.793434
257.000 0.944008
258.000 0.944008
259.000 1.347168
260.000 1.347168
261.000 1.294884
262.000 1.294884
263.000 0.760208
264.000 0.760208
265.000 0.760208
266.000 1.643367
267.000 1.860092
268.000 1.264302
269.000 0.867378
270.000 0.867378
271.000 0.908887
272.000 0.929764
273.000 0.799080
274.000 0.799080
275.000 0.799080
276.000 0.644737
277.000 0.644737
278.000 0.644737
279.000 0.651294
280.000 0.649124
281.000 0.649124
282.000 0.815926
283.000 0.815926
284.000 1.400017
285.000 1.173035
286.000 1.173035
287.000 1.000298
288.000 1.000298
289.000 1.000298
290.000 1.077866
291.000 1.077866
292.000 1.077866
293.000 1.069382
294.000 1.009230
295.000 0.979561
296.000 0.979561
297.000 1.276436
298.000 0.686790
299.000 0.686790
300.000 1.162789
301.000 1.167450
302.000 1.053947
303.000 1.016136
304.000 1.016136
305.000 0.685631
306.000 0.685631
307.000 1.463890
308.000 0.726807
309.000 0.726807
310.000 0.726807
311.000 1.636620
312.000 1.636620
313.000 0.948425
314.000 0.948425
315.000 1.121254
316.000 1.121254
317.000 0.988403
318.000 0.817192
319.000 0.817192
320.000 0.826912
321.000 0.826912
322.000 0.571548
323.000 2.417717
324.000 1.747200
325.000 0.963264
326.000 1.178881
327.000 1.144592
328.000 1.144592
329.000 0.880676
330.000 0.880676
331.000 1.753159
332.000 1.591451
333.000 1.311213
334.000 1.286972
335.000 1.542046
336.000 0.631142
337.000 0.631142
338.000 0.703697
339.000 0.703697
340.000 0.673256
341.000 0.673256
342.000 0.921806
343.000 0.921806
344.000 0.876442
345.000 0.876442
346.000 0.687180
347.000 0.687180
348.000 0.825333
349.000 0.825333
350.000 0.825333
351.000 1.034958
352.000 1.034958
353.000 0.828262
354.000 0.763661
355.000 0.727814
356.000 0.727814
357.000 1.145386
358.000 1.563760
359.000 2.434677
