0.000 0.099731
1.000 0.099731
2.000 0.099731
3.000 0.099731
4.000 0.099731
5.000 0.209923
6.000 0.209923
7.000 0.443863
8.000 1.853554
9.000 1.576560
10.000 1.555809
11.000 0.770971
12.000 0.216103
13.000 0.216103
14.000 0.409416
15.000 0.383842
16.000 0.310150
17.000 0.326884
18.000 0.338715
19.000 0.338715
20.000 0.324989
21.000 0.324989
22.000 0.324989
23.000 0.324989
24.000 0.433313
25.000 0.429456
26.000 0.425599
27.000 0.421741
28.000 0.421638
29.000 0.324165
30.000 0.324165
31.000 0.345543
32.000 0.345543
33.000 0.345543
34.000 0.346989
35.000 0.356417
36.000 0.356888
37.000 0.356888
38.000 0.402137
39.000 0.433212
40.000 0.433212
41.000 0.269825
42.000 0.257843
43.000 0.257843
44.000 0.218647
45.000 0.199684
46.000 0.189278
47.000 0.195961
48.000 0.195961
49.000 0.260422
50.000 0.262505
51.000 0.262505
52.000 0.262505
53.000 0.262505
54.000 0.244864
55.000 0.259232
56.000 0.261551
57.000 0.261551
58.000 0.268802
59.000 0.346462
60.000 0.384346
61.000 0.316559
62.000 0.324333
63.000 0.287613
64.000 0.286232
65.000 0.286232
66.000 0.456718
67.000 0.456718
68.000 0.363403
69.000 0.363403
70.000 0.572655
71.000 0.584381
72.000 0.584381
73.000 0.414413
74.000 0.414413
75.000 0.414413
76.000 0.796898
77.000 0.796898
78.000 0.602753
79.000 0.602753
80.000 0.625549
81.000 0.625549
82.000 0.499229
83.000 0.499229
84.000 0.537565
85.000 0.672850
86.000 0.699890
87.000 0.688515
88.000 0.541687
89.000 0.541687
90.000 0.731687
91.000 0.746857
92.000 0.737080
93.000 0.724800
94.000 0.703957
95.000 0.703957
96.000 0.447838
97.000 0.447838
98.000 0.656006
99.000 0.599319
100.000 0.599319
101.000 0.599319
102.000 0.638290
103.000 0.638290
104.000 0.605515
105.000 0.605515
106.000 0.549577
107.000 0.461259
108.000 0.425140
109.000 0.432343
110.000 0.461485
111.000 0.727966
112.000 0.713983
113.000 0.391567
114.000 0.251251
115.000 0.251251
116.000 0.274742
117.000 0.274742
118.000 0.418922
119.000 0.366798
120.000 0.366798
121.000 0.366798
122.000 0.540222
123.000 0.540222
124.000 0.321861
125.000 0.321861
126.000 0.321861
127.000 0.321861
128.000 0.355392
129.000 0.355392
130.000 0.622566
131.000 0.622566
132.000 0.799622
133.000 0.799622
134.000 0.389885
135.000 0.759972
136.000 0.592857
137.000 0.592857
138.000 0.460785
139.000 0.460785
140.000 0.460785
141.000 0.930176
142.000 0.930176
143.000 0.724197
144.000 0.655533
145.000 0.655533
146.000 0.483032
147.000 0.483032
148.000 1.049957
149.000 1.049957
150.000 0.631615
151.000 0.631615
152.000 0.750573
153.000 0.760811
154.000 0.948891
155.000 0.948891
156.000 0.754486
157.000 0.754486
158.000 1.169533
159.000 0.719238
160.000 0.719238
161.000 0.929543
162.000 0.929543
163.000 1.623833
164.000 0.805801
165.000 0.805801
166.000 1.551849
167.000 1.312988
168.000 1.312988
169.000 1.312988
170.000 1.303944
171.000 1.180677
172.000 1.057410
173.000 0.975708
174.000 0.975708
175.000 0.855032
176.000 0.591011
177.000 0.591011
178.000 0.616623
179.000 0.616623
180.000 0.736427
181.000 0.736427
182.000 0.597397
183.000 0.597397
184.000 0.465271
185.000 0.465271
186.000 0.465271
187.000 0.334084
188.000 0.334084
189.000 0.787407
190.000 0.565308
191.000 0.565308
192.000 0.832018
193.000 1.260170
194.000 0.822533
195.000 0.805931
196.000 0.805931
197.000 1.147400
198.000 0.733658
199.000 0.733658
200.000 1.290771
201.000 1.290771
202.000 1.130968
203.000 0.929544
204.000 0.728121
205.000 0.687325
206.000 1.006828
207.000 1.006828
208.000 0.541435
209.000 0.541435
210.000 1.117447
211.000 1.117875
212.000 1.125565
213.000 0.414391
214.000 0.414391
215.000 0.414391
216.000 0.395821
217.000 0.395821
218.000 0.417568
219.000 0.419853
220.000 0.419853
221.000 0.576576
222.000 0.576576
223.000 0.758102
224.000 0.709502
225.000 0.571966
226.000 0.477142
227.000 0.477142
228.000 0.477142
229.000 0.552166
230.000 0.557640
231.000 0.477150
232.000 0.284782
233.000 0.284782
234.000 0.284782
235.000 0.419891
236.000 0.419891
237.000 0.513641
238.000 0.513641
239.000 0.337990
240.000 0.337990
241.000 0.738339
242.000 0.750824
243.000 0.464363
244.000 0.563721
245.000 0.563721
246.000 0.562430
247.000 0.532660
248.000 0.502891
249.000 0.498138
250.000 0.544151
251.000 0.544151
252.000 0.431686
253.000 0.343330
254.000 0.343330
255.000 0.756058
256.000 0.568985
257.000 0.568985
258.000 0.438553
259.000 0.438553
260.000 0.500117
261.000 0.709969
262.000 0.838219
263.000 0.524902
264.000 0.524902
265.000 0.709465
266.000 0.721474
267.000 0.721474
268.000 0.514099
269.000 0.514099
270.000 0.805832
271.000 0.805832
272.000 0.534492
273.000 0.534492
274.000 0.609838
275.000 0.693039
276.000 0.693039
277.000 0.425842
278.000 0.358665
279.000 0.506264
280.000 0.506264
281.000 0.506264
282.000 0.675171
283.000 0.675171
284.000 0.675171
285.000 0.654471
286.000 0.632293
287.000 0.539383
288.000 0.539383
289.000 0.609131
290.000 0.609131
291.000 0.482126
292.000 0.439217
293.000 0.439217
294.000 0.439217
295.000 0.651443
296.000 0.651443
297.000 0.629700
298.000 0.629700
299.000 0.544228
300.000 0.365196
301.000 0.365196
302.000 0.365196
303.000 0.437241
304.000 0.437241
305.000 0.404945
306.000 0.404945
307.000 0.399307
308.000 0.399307
309.000 0.488983
310.000 0.488983
311.000 0.506253
312.000 0.511253
313.000 0.488822
314.000 0.417885
315.000 0.384865
316.000 0.384865
317.000 0.333691
318.000 0.299644
319.000 0.299644
320.000 0.299240
321.000 0.299240
322.000 0.299240
323.000 0.342296
324.000 0.337456
325.000 0.337456
326.000 0.337456
327.000 0.411613
328.000 0.411613
329.000 0.412879
330.000 0.414970
331.000 0.414970
332.000 0.406107
333.000 0.423996
334.000 0.423996
335.000 0.491982
336.000 0.491982
337.000 0.670715
338.000 0.670715
339.000 0.609200
340.000 0.607212
341.000 0.522163
342.000 0.513016
343.000 0.510788
344.000 0.510788
345.000 0.897018
346.000 0.897018
347.000 0.680290
348.000 0.680290
349.000 0.688161
350.000 0.755722
351.000 0.413559
352.000 0.413559
353.000 0.413559
354.000 0.413559
355.000 0.555092
356.000 0.530203
357.000 0.505314
358.000 0.503853
359.000 0.593597
