0.000 0.530983
1.000 0.530983
2.000 0.530983
3.000 0.530983
4.000 0.530983
5.000 0.530983
6.000 0.530983
7.000 0.530983
8.000 0.530983
9.000 0.530983
10.000 0.530983
11.000 0.530983
12.000 0.528556
13.000 0.522480
14.000 0.516404
15.000 0.510328
16.000 0.504252
17.000 0.498176
18.000 0.492100
19.000 0.486024
20.000 0.479948
21.000 0.473872
22.000 0.467796
23.000 0.461720
24.000 0.455644
25.000 0.449568
26.000 0.443492
27.000 0.437416
28.000 0.431340
29.000 0.425264
30.000 0.419188
31.000 0.413112
32.000 0.407036
33.000 0.400960
34.000 0.394884
35.000 0.388808
36.000 0.382732
37.000 0.376656
38.000 0.370580
39.000 0.364504
40.000 0.358428
41.000 0.352352
42.000 0.346276
43.000 0.340200
44.000 0.334124
45.000 0.328048
46.000 0.321972
47.000 0.315897
48.000 0.309821
49.000 0.303745
50.000 0.297669
51.000 0.291593
52.000 0.285517
53.000 0.279441
54.000 0.273365
55.000 0.267289
56.000 0.261213
57.000 0.255137
58.000 0.249061
59.000 0.242985
60.000 0.236909
61.000 0.230833
62.000 0.224757
63.000 0.218681
64.000 0.212605
65.000 0.206529
66.000 0.202660
67.000 0.175468
68.000 0.175468
69.000 0.179834
70.000 0.196536
71.000 0.203278
72.000 0.203826
73.000 0.208884
74.000 0.213942
75.000 0.215698
76.000 0.216297
77.000 0.243008
78.000 0.269719
79.000 0.269897
80.000 0.162254
81.000 0.162254
82.000 0.162254
83.000 0.162588
84.000 0.239052
85.000 0.239052
86.000 0.239052
87.000 0.239052
88.000 0.223047
89.000 0.197333
90.000 0.171618
91.000 0.145904
92.000 0.120190
93.000 0.117630
94.000 0.117630
95.000 0.117630
96.000 0.117630
97.000 0.117222
98.000 0.114141
99.000 0.112045
100.000 0.112045
101.000 0.112045
102.000 0.112177
103.000 0.115810
104.000 0.119442
105.000 0.122345
106.000 0.142986
107.000 0.181465
108.000 0.197697
109.000 0.229919
110.000 0.172521
111.000 0.149597
112.000 0.149597
113.000 0.150444
114.000 0.150925
115.000 0.150925
116.000 0.145108
117.000 0.137642
118.000 0.137642
119.000 0.137642
120.000 0.162492
121.000 0.214006
122.000 0.265521
123.000 0.317035
124.000 0.348114
125.000 0.220459
126.000 0.220459
127.000 0.219479
128.000 0.214332
129.000 0.209185
130.000 0.204037
131.000 0.198890
132.000 0.196556
133.000 0.196556
134.000 0.119019
135.000 0.119019
136.000 0.119019
137.000 0.118878
138.000 0.117953
139.000 0.117622
140.000 0.117622
141.000 0.117622
142.000 0.112694
143.000 0.112694
144.000 0.112694
145.000 0.112685
146.000 0.112663
147.000 0.112663
148.000 0.112663
149.000 0.170933
150.000 0.241274
151.000 0.264832
152.000 0.190437
153.000 0.110237
154.000 0.110237
155.000 0.110207
156.000 0.110207
157.000 0.110207
158.000 0.110207
159.000 0.172261
160.000 0.181381
161.000 0.181381
162.000 0.181381
163.000 0.174101
164.000 0.161381
165.000 0.150192
166.000 0.150192
167.000 0.150192
168.000 0.147205
169.000 0.138729
170.000 0.130253
171.000 0.121776
172.000 0.115784
173.000 0.115776
174.000 0.116114
175.000 0.124091
176.000 0.129807
177.000 0.156729
178.000 0.163803
179.000 0.163803
180.000 0.163803
181.000 0.163803
182.000 0.158351
183.000 0.141529
184.000 0.124706
185.000 0.116394
186.000 0.116394
187.000 0.116394
188.000 0.116394
189.000 0.138136
190.000 0.141136
191.000 0.141136
192.000 0.141065
193.000 0.140753
194.000 0.140442
195.000 0.140130
196.000 0.140053
197.000 0.190071
198.000 0.190071
199.000 0.216019
200.000 0.247958
201.000 0.279898
202.000 0.287018
203.000 0.287018
204.000 0.154616
205.000 0.117142
206.000 0.117142
207.000 0.117142
208.000 0.117142
209.000 0.117142
210.000 0.043141
211.000 0.029861
212.000 0.029861
213.000 0.029861
214.000 0.029861
215.000 0.029861
216.000 0.029861
217.000 0.029861
218.000 0.029861
219.000 0.230652
220.000 0.230652
221.000 0.240744
222.000 0.264638
223.000 0.288531
224.000 0.312424
225.000 0.336317
226.000 0.348396
227.000 0.312448
228.000 0.281296
229.000 0.178941
230.000 0.110802
231.000 0.110802
232.000 0.287304
233.000 0.280006
234.000 0.187164
235.000 0.217635
236.000 0.260857
237.000 0.260857
238.000 0.218372
239.000 0.189987
240.000 0.188449
241.000 0.182803
242.000 0.177719
243.000 0.157750
244.000 0.119583
245.000 0.114548
246.000 0.114548
247.000 0.139294
248.000 0.155334
249.000 0.155334
250.000 0.155334
251.000 0.162947
252.000 0.171478
253.000 0.178535
254.000 0.165946
255.000 0.110229
256.000 0.110229
257.000 0.121220
258.000 0.198105
259.000 0.198105
260.000 0.110855
261.000 0.110855
262.000 0.110855
263.000 0.110855
264.000 0.110854
265.000 0.110850
266.000 0.110847
267.000 0.110847
268.000 0.134228
269.000 0.203247
270.000 0.205289
271.000 0.229486
272.000 0.253683
273.000 0.275879
274.000 0.148323
275.000 0.148323
276.000 0.159642
277.000 0.187088
278.000 0.208176
279.000 0.208176
280.000 0.208724
281.000 0.210375
282.000 0.211098
283.000 0.211098
284.000 0.200017
285.000 0.187017
286.000 0.184952
287.000 0.152069
288.000 0.113342
289.000 0.113342
290.000 0.113319
291.000 0.113319
292.000 0.172258
293.000 0.271749
294.000 0.290192
295.000 0.029724
296.000 0.029724
297.000 0.029724
298.000 0.029724
299.000 0.029724
300.000 0.029724
301.000 0.029724
302.000 0.132164
303.000 0.132164
304.000 0.109032
305.000 0.109032
306.000 0.109032
307.000 0.124382
308.000 0.166738
309.000 0.204460
310.000 0.204460
311.000 0.164426
312.000 0.132545
313.000 0.132545
314.000 0.124860
315.000 0.110229
316.000 0.110229
317.000 0.110229
318.000 0.154926
319.000 0.277585
320.000 0.294669
321.000 0.217812
322.000 0.217812
323.000 0.227818
324.000 0.241864
325.000 0.255910
326.000 0.265480
327.000 0.110870
328.000 0.110870
329.000 0.151831
330.000 0.209652
331.000 0.267474
332.000 0.271507
333.000 0.210851
334.000 0.167633
335.000 0.160454
336.000 0.151276
337.000 0.163566
338.000 0.216469
339.000 0.230554
340.000 0.210486
341.000 0.138367
342.000 0.116386
343.000 0.143234
344.000 0.163574
345.000 0.028038
346.000 0.028038
347.000 0.028038
348.000 0.028038
349.000 0.158569
350.000 0.158569
351.000 0.160843
352.000 0.115776
353.000 0.115776
354.000 0.115776
355.000 0.115776
356.000 0.115776
357.000 0.116128
358.000 0.125808
359.000 0.135488
