0.000 0.190315
1.000 0.190315
2.000 1.822563
3.000 0.395813
4.000 0.553216
5.000 0.532150
6.000 0.536209
7.000 0.536209
8.000 0.514413
9.000 0.507179
10.000 0.543037
11.000 0.385029
12.000 0.177429
13.000 0.177429
14.000 0.177429
15.000 0.177429
16.000 0.134773
17.000 0.134773
18.000 0.892281
19.000 0.892281
20.000 0.406937
21.000 0.076874
22.000 0.076874
23.000 0.076874
24.000 0.076874
25.000 0.076874
26.000 0.076874
27.000 0.076874
28.000 0.076874
29.000 0.076874
30.000 0.076874
31.000 0.076874
32.000 0.532524
33.000 0.532524
34.000 0.567253
35.000 0.551242
36.000 0.546768
37.000 0.541485
38.000 0.544037
39.000 0.540245
40.000 0.540245
41.000 0.541107
42.000 0.541107
43.000 0.507446
44.000 0.507446
45.000 0.507026
46.000 0.506905
47.000 0.511457
48.000 0.532722
49.000 0.507263
50.000 0.507263
51.000 0.170349
52.000 0.170349
53.000 0.569283
54.000 0.569283
55.000 0.438606
56.000 0.266388
57.000 0.532532
58.000 0.357910
59.000 0.357910
60.000 0.532616
61.000 0.532043
62.000 0.526727
63.000 0.506973
64.000 0.496758
65.000 0.496758
66.000 0.519870
67.000 0.544884
68.000 0.698358
69.000 0.742348
70.000 0.554939
71.000 0.554939
72.000 0.549042
73.000 0.544182
74.000 0.544182
75.000 0.503220
76.000 0.503220
77.000 0.770784
78.000 0.845795
79.000 0.734095
80.000 0.545509
81.000 0.545509
82.000 0.545517
83.000 0.532776
84.000 0.532776
85.000 0.520981
86.000 0.520981
87.000 0.177521
88.000 0.177521
89.000 0.177521
90.000 0.567513
91.000 0.503883
92.000 0.503883
93.000 0.547401
94.000 0.547401
95.000 0.607498
96.000 0.719742
97.000 0.719742
98.000 0.530244
99.000 0.429092
100.000 0.516335
101.000 0.516335
102.000 0.516335
103.000 0.548021
104.000 0.548019
105.000 0.548019
106.000 0.228157
107.000 0.228157
108.000 0.228157
109.000 0.532585
110.000 0.532585
111.000 0.532669
112.000 0.532669
113.000 0.537369
114.000 0.541748
115.000 0.542045
116.000 0.785415
117.000 0.837059
118.000 0.936921
119.000 1.053947
120.000 0.775038
121.000 0.532822
122.000 0.532822
123.000 0.532524
124.000 0.550545
125.000 0.550545
126.000 0.553760
127.000 0.620850
128.000 0.620850
129.000 0.532379
130.000 0.532379
131.000 0.534369
132.000 0.542261
133.000 0.544373
134.000 0.493813
135.000 0.500861
136.000 0.544167
137.000 0.544167
138.000 0.544167
139.000 0.671397
140.000 0.575755
141.000 0.506714
142.000 0.506714
143.000 0.554947
144.000 0.554947
145.000 0.598732
146.000 0.598732
147.000 0.354919
148.000 0.354919
149.000 0.417024
150.000 0.478615
151.000 0.490658
152.000 0.510521
153.000 0.546127
154.000 0.546127
155.000 0.865173
156.000 0.865173
157.000 0.614014
158.000 0.614014
159.000 0.536720
160.000 0.536720
161.000 0.536720
162.000 0.536717
163.000 0.536713
164.000 0.536713
165.000 0.380707
166.000 0.380707
167.000 0.380707
168.000 0.380707
169.000 0.481430
170.000 0.481430
171.000 0.474957
172.000 0.466797
173.000 0.458636
174.000 0.450476
175.000 0.443832
176.000 0.443832
177.000 0.131470
178.000 0.131470
179.000 0.131470
180.000 0.131470
181.000 0.131470
182.000 0.131470
183.000 0.131470
184.000 0.131470
185.000 0.131470
186.000 0.131470
187.000 0.131470
188.000 0.580612
189.000 0.580612
190.000 0.555028
191.000 0.514305
192.000 0.514305
193.000 0.514305
194.000 0.474648
195.000 0.474648
196.000 0.474648
197.000 0.649353
198.000 0.649353
199.000 0.641823
200.000 0.574719
201.000 0.532692
202.000 0.551941
203.000 0.557457
204.000 0.557457
205.000 0.474586
206.000 0.474586
207.000 0.487962
208.000 0.491287
209.000 0.491287
210.000 0.492569
211.000 0.539093
212.000 0.539093
213.000 0.534907
214.000 0.532494
215.000 0.532616
216.000 0.532616
217.000 0.941923
218.000 1.231026
219.000 1.125898
220.000 0.944084
221.000 0.762271
222.000 0.580458
223.000 0.398645
224.000 0.355118
225.000 0.355118
226.000 0.481216
227.000 0.501355
228.000 0.539223
229.000 0.539223
230.000 0.501389
231.000 0.501389
232.000 0.145760
233.000 0.145760
234.000 0.145760
235.000 0.145760
236.000 0.145760
237.000 0.145760
238.000 0.145760
239.000 0.145760
240.000 0.934419
241.000 0.936424
242.000 0.532745
243.000 0.532745
244.000 0.576058
245.000 0.710895
246.000 0.837044
247.000 0.837044
248.000 0.825915
249.000 0.562334
250.000 0.332893
251.000 0.332893
252.000 0.332893
253.000 0.332893
254.000 0.606836
255.000 0.569389
256.000 0.569397
257.000 0.569397
258.000 0.567446
259.000 0.566231
260.000 0.288849
261.000 0.288849
262.000 0.462929
263.000 0.462929
264.000 0.569389
265.000 0.569389
266.000 0.569389
267.000 0.567711
268.000 0.567711
269.000 0.742365
270.000 0.744743
271.000 0.447189
272.000 0.447189
273.000 0.544258
274.000 0.544258
275.000 0.537009
276.000 0.532242
277.000 0.532242
278.000 0.608663
279.000 0.846809
280.000 0.846809
281.000 0.526657
282.000 0.526657
283.000 0.526657
284.000 0.526657
285.000 0.526657
286.000 0.526657
287.000 0.497177
288.000 0.497177
289.000 0.584151
290.000 1.257218
291.000 1.624596
292.000 0.506462
293.000 0.506462
294.000 0.511087
295.000 0.559341
296.000 0.559341
297.000 0.559334
298.000 0.559334
299.000 0.363791
300.000 0.266563
301.000 0.304214
302.000 0.304214
303.000 0.555305
304.000 0.555305
305.000 0.491402
306.000 0.491402
307.000 0.551178
308.000 0.551178
309.000 0.507111
310.000 0.550778
311.000 0.778061
312.000 0.778061
313.000 0.532181
314.000 0.532181
315.000 0.507477
316.000 0.549294
317.000 0.549186
318.000 0.507111
319.000 0.507111
320.000 0.560516
321.000 0.799079
322.000 0.847626
323.000 0.544678
324.000 0.521240
325.000 0.553047
326.000 0.553047
327.000 0.484398
328.000 0.484398
329.000 0.612090
330.000 1.053238
331.000 0.507286
332.000 0.507286
333.000 0.507286
334.000 0.551163
335.000 0.551163
336.000 0.551163
337.000 0.545543
338.000 0.545509
339.000 0.545509
340.000 0.541107
341.000 0.541107
342.000 0.538866
343.000 0.524146
344.000 0.509888
345.000 0.524874
346.000 0.540174
347.000 0.533127
348.000 0.541115
349.000 0.332840
350.000 0.553688
351.000 0.553688
352.000 0.491463
353.000 0.491463
354.000 0.532532
355.000 0.532532
356.000 0.497086
357.000 0.836161
358.000 0.951477
359.000 0.559341
