0.000 0.870430
1.000 0.882547
2.000 1.395538
3.000 1.819023
4.000 1.819023
5.000 1.819023
6.000 1.773877
7.000 1.768059
8.000 1.768059
9.000 1.783238
10.000 1.827782
11.000 1.788704
12.000 1.818314
13.000 1.809248
14.000 1.725372
15.000 1.838776
16.000 1.838776
17.000 1.819092
18.000 1.719826
19.000 1.719826
20.000 1.719826
21.000 1.808922
22.000 1.808922
23.000 1.782097
24.000 1.790436
25.000 1.790436
26.000 1.776901
27.000 1.776901
28.000 1.776901
29.000 1.833809
30.000 1.833809
31.000 1.663513
32.000 1.663513
33.000 1.818520
34.000 1.857414
35.000 1.831093
36.000 1.831093
37.000 1.829369
38.000 1.806844
39.000 1.792511
40.000 1.792511
41.000 1.767174
42.000 1.767174
43.000 1.819351
44.000 1.648254
45.000 1.648254
46.000 1.639999
47.000 1.639999
48.000 1.824364
49.000 1.824364
50.000 1.825378
51.000 1.825378
52.000 1.805942
53.000 1.782059
54.000 1.782059
55.000 1.834015
56.000 1.834015
57.000 1.782715
58.000 1.852432
59.000 1.852432
60.000 1.852432
61.000 1.852432
62.000 1.729429
63.000 1.734230
64.000 1.734230
65.000 1.734230
66.000 1.807251
67.000 1.807251
68.000 1.807251
69.000 1.807251
70.000 1.767930
71.000 1.767731
72.000 1.767731
73.000 1.767053
74.000 1.765625
75.000 1.765625
76.000 1.835678
77.000 1.835678
78.000 1.802170
79.000 1.802170
80.000 1.789894
81.000 1.789894
82.000 1.761824
83.000 1.688957
84.000 1.827530
85.000 1.790527
86.000 1.790527
87.000 1.800069
88.000 1.843040
89.000 1.843040
90.000 1.832336
91.000 1.832336
92.000 1.801178
93.000 1.773849
94.000 1.773849
95.000 1.773849
96.000 1.768370
97.000 1.760658
98.000 1.758934
99.000 1.786758
100.000 1.710091
101.000 1.818558
102.000 1.804176
103.000 1.837448
104.000 1.729004
105.000 1.729004
106.000 1.846855
107.000 1.846855
108.000 1.814857
109.000 1.820923
110.000 1.820923
111.000 1.762993
112.000 1.762993
113.000 1.762993
114.000 1.854462
115.000 1.856674
116.000 1.839668
117.000 1.839668
118.000 1.817688
119.000 1.817688
120.000 1.812450
121.000 1.784961
122.000 1.770180
123.000 1.770180
124.000 1.770180
125.000 1.696778
126.000 1.695633
127.000 1.695633
128.000 1.817291
129.000 1.817291
130.000 1.703881
131.000 1.595535
132.000 1.595535
133.000 1.595535
134.000 1.809105
135.000 1.809105
136.000 1.694809
137.000 1.694809
138.000 1.759708
139.000 1.797997
140.000 1.659691
141.000 1.648453
142.000 1.737373
143.000 1.737373
144.000 1.741478
145.000 1.741478
146.000 1.757009
147.000 1.782883
148.000 1.782883
149.000 1.638123
150.000 1.810463
151.000 1.810463
152.000 1.510155
153.000 1.878632
154.000 1.878632
155.000 1.785768
156.000 1.742142
157.000 1.839836
158.000 1.839836
159.000 1.797178
160.000 1.718079
161.000 1.718079
162.000 1.478371
163.000 1.675157
164.000 1.891792
165.000 1.891792
166.000 1.765259
167.000 1.821255
168.000 1.838760
169.000 1.777702
170.000 1.777702
171.000 1.818993
172.000 1.818993
173.000 1.815849
174.000 1.801528
175.000 1.797081
176.000 1.721504
177.000 1.721504
178.000 1.682060
179.000 1.682060
180.000 1.682060
181.000 1.214317
182.000 1.214317
183.000 1.214317
184.000 1.342563
185.000 1.765049
186.000 1.777954
187.000 1.746902
188.000 1.673996
189.000 1.695059
190.000 1.806648
191.000 1.594734
192.000 1.594734
193.000 1.704122
194.000 1.778038
195.000 1.811218
196.000 1.811218
197.000 1.811218
198.000 1.833822
199.000 1.833879
200.000 1.833900
201.000 1.833900
202.000 1.682610
203.000 1.682610
204.000 1.823181
205.000 1.736816
206.000 1.736816
207.000 1.808830
208.000 1.808830
209.000 1.786926
210.000 1.786926
211.000 1.828445
212.000 1.828445
213.000 1.827126
214.000 1.824631
215.000 1.824631
216.000 1.729355
217.000 1.729355
218.000 1.729355
219.000 1.822148
220.000 1.831284
221.000 1.831284
222.000 1.801910
223.000 1.801910
224.000 1.631409
225.000 1.873817
226.000 1.826149
227.000 1.769547
228.000 1.769547
229.000 1.794151
230.000 1.794151
231.000 0.967667
232.000 0.967667
233.000 0.967667
234.000 0.967667
235.000 0.967667
236.000 0.967667
237.000 0.967667
238.000 0.967667
239.000 1.869881
240.000 1.869881
241.000 1.869881
242.000 1.869881
243.000 1.869881
244.000 1.869881
245.000 1.868073
246.000 1.863549
247.000 1.859024
248.000 1.854500
249.000 1.849975
250.000 1.845451
251.000 1.840927
252.000 1.836402
253.000 1.684395
254.000 1.690186
255.000 1.611460
256.000 1.540596
257.000 1.540596
258.000 0.972382
259.000 0.972382
260.000 0.972382
261.000 0.972382
262.000 0.972382
263.000 1.768978
264.000 1.768381
265.000 1.767785
266.000 1.767220
267.000 1.741783
268.000 1.824959
269.000 1.827843
270.000 1.827843
271.000 1.736472
272.000 1.747481
273.000 1.747795
274.000 1.747795
275.000 1.765594
276.000 1.765594
277.000 1.843239
278.000 1.843239
279.000 1.843239
280.000 1.783791
281.000 1.781250
282.000 1.828163
283.000 1.079091
284.000 1.055641
285.000 1.055641
286.000 1.220932
287.000 1.220932
288.000 1.700461
289.000 1.776344
290.000 1.828163
291.000 1.826589
292.000 1.789619
293.000 1.819237
294.000 1.794350
295.000 1.794350
296.000 0.316681
297.000 0.316681
298.000 0.316681
299.000 0.316681
300.000 0.316681
301.000 0.316681
302.000 0.316681
303.000 0.951699
304.000 0.944954
305.000 0.944954
306.000 0.944954
307.000 0.625305
308.000 0.625305
309.000 0.625305
310.000 0.625305
311.000 1.238892
312.000 1.238892
313.000 1.127350
314.000 1.127350
315.000 1.445282
316.000 1.781975
317.000 1.781975
318.000 1.781998
319.000 1.802116
320.000 1.802116
321.000 1.828400
322.000 1.818452
323.000 1.796539
324.000 1.799835
325.000 1.761154
326.000 1.796265
327.000 1.839806
328.000 1.805870
329.000 1.805870
330.000 1.637405
331.000 1.637405
332.000 1.185806
333.000 1.185806
334.000 1.185806
335.000 1.185806
336.000 1.803122
337.000 1.805130
338.000 1.805130
339.000 1.805130
340.000 1.805130
341.000 1.657436
342.000 1.415136
343.000 1.172837
344.000 1.127052
345.000 0.352577
346.000 0.352577
347.000 0.352577
348.000 1.722343
349.000 1.602961
350.000 1.665728
351.000 1.670853
352.000 1.672086
353.000 1.685414
354.000 1.696083
355.000 1.758820
356.000 1.778351
357.000 1.700157
358.000 1.789635
359.000 1.789635
