0.000 0.174782
1.000 0.174782
2.000 0.174782
3.000 2.363190
4.000 2.090714
5.000 2.413574
6.000 2.454796
7.000 2.153313
8.000 2.507767
9.000 2.507767
10.000 2.510307
11.000 2.510307
12.000 2.517311
13.000 2.517311
14.000 2.517311
15.000 2.360786
16.000 2.360786
17.000 2.451773
18.000 2.432175
19.000 2.412576
20.000 2.407318
21.000 2.485435
22.000 2.485435
23.000 2.503723
24.000 2.503723
25.000 2.474121
26.000 2.474121
27.000 2.501099
28.000 2.501099
29.000 2.246567
30.000 2.246567
31.000 2.376812
32.000 2.407875
33.000 2.421454
34.000 2.476746
35.000 2.162071
36.000 2.162071
37.000 2.501404
38.000 2.501404
39.000 2.527709
40.000 2.542770
41.000 2.542770
42.000 2.542770
43.000 2.529373
44.000 2.516052
45.000 2.516052
46.000 2.494553
47.000 2.408707
48.000 2.408707
49.000 2.503754
50.000 2.502591
51.000 2.482635
52.000 2.482635
53.000 2.206886
54.000 2.281029
55.000 2.294861
56.000 2.488571
57.000 2.488571
58.000 2.489080
59.000 2.498508
60.000 2.507935
61.000 2.484062
62.000 2.453463
63.000 2.476631
64.000 2.498405
65.000 2.594467
66.000 2.482651
67.000 2.452011
68.000 2.545036
69.000 2.485611
70.000 2.485611
71.000 2.509117
72.000 2.509117
73.000 2.263222
74.000 2.263222
75.000 2.454887
76.000 2.454887
77.000 2.343849
78.000 2.343849
79.000 2.463089
80.000 2.463089
81.000 2.481795
82.000 2.529297
83.000 2.468234
84.000 2.304680
85.000 2.395111
86.000 2.395111
87.000 2.432060
88.000 2.432060
89.000 2.515656
90.000 2.515656
91.000 2.522255
92.000 2.522255
93.000 2.161949
94.000 2.161949
95.000 2.500496
96.000 2.500496
97.000 2.346405
98.000 2.346405
99.000 2.519287
100.000 2.400291
101.000 2.393678
102.000 2.390175
103.000 2.390175
104.000 2.383708
105.000 2.366051
106.000 2.366051
107.000 2.514534
108.000 2.394043
109.000 2.388809
110.000 2.388809
111.000 2.355149
112.000 2.314674
113.000 2.337814
114.000 2.337814
115.000 2.519058
116.000 2.519058
117.000 2.519058
118.000 2.519058
119.000 2.519058
120.000 2.473134
121.000 2.473896
122.000 2.474658
123.000 2.475410
124.000 2.475410
125.000 2.475410
126.000 2.465187
127.000 2.452316
128.000 2.452316
129.000 2.428932
130.000 2.389355
131.000 2.352707
132.000 2.352707
133.000 2.465759
134.000 2.235893
135.000 2.235893
136.000 2.295128
137.000 2.295128
138.000 2.409683
139.000 2.409683
140.000 2.376495
141.000 2.376495
142.000 2.116020
143.000 2.116020
144.000 2.421463
145.000 2.421463
146.000 2.421463
147.000 2.278465
148.000 1.672517
149.000 1.444855
150.000 1.444855
151.000 1.798576
152.000 1.718704
153.000 1.718704
154.000 2.446648
155.000 2.446648
156.000 2.455803
157.000 2.455803
158.000 2.455803
159.000 2.486145
160.000 2.486145
161.000 2.499254
162.000 2.525459
163.000 2.525459
164.000 2.529022
165.000 2.392677
166.000 2.392677
167.000 2.504890
168.000 2.504890
169.000 2.469795
170.000 2.469795
171.000 2.447839
172.000 2.426521
173.000 2.426521
174.000 2.342056
175.000 2.342056
176.000 2.342056
177.000 2.500816
178.000 2.500816
179.000 2.500816
180.000 2.500816
181.000 2.494589
182.000 2.488041
183.000 2.481493
184.000 2.474944
185.000 2.473305
186.000 2.503899
187.000 2.503907
188.000 2.504105
189.000 2.504105
190.000 2.473498
191.000 2.435707
192.000 2.510124
193.000 2.510124
194.000 2.224556
195.000 2.224556
196.000 2.322807
197.000 2.322807
198.000 2.322807
199.000 2.428879
200.000 2.428879
201.000 2.428879
202.000 2.497681
203.000 2.497681
204.000 2.497681
205.000 2.306697
206.000 2.341835
207.000 2.512466
208.000 2.478722
209.000 2.478722
210.000 2.431107
211.000 2.431107
212.000 2.507385
213.000 2.507385
214.000 2.413140
215.000 2.356316
216.000 2.330414
217.000 2.330414
218.000 2.269180
219.000 2.269180
220.000 2.491829
221.000 2.491829
222.000 2.495378
223.000 2.498100
224.000 2.490639
225.000 2.397232
226.000 2.397232
227.000 2.507759
228.000 2.507759
229.000 2.414916
230.000 2.342381
231.000 2.296120
232.000 2.296120
233.000 2.508629
234.000 2.508629
235.000 2.508629
236.000 2.333755
237.000 2.333755
238.000 2.419001
239.000 2.491119
240.000 2.464264
241.000 2.464264
242.000 2.480988
243.000 2.506592
244.000 2.504314
245.000 2.482849
246.000 2.194374
247.000 2.479439
248.000 2.479439
249.000 2.296417
250.000 2.296417
251.000 2.296417
252.000 2.392632
253.000 2.498133
254.000 2.498207
255.000 2.415848
256.000 2.410851
257.000 2.410851
258.000 2.410851
259.000 2.410851
260.000 2.315463
261.000 2.329728
262.000 2.337479
263.000 2.337479
264.000 2.498055
265.000 2.506140
266.000 2.513268
267.000 2.474754
268.000 2.474754
269.000 2.452053
270.000 2.448746
271.000 2.326584
272.000 2.326584
273.000 2.326584
274.000 2.360415
275.000 2.361404
276.000 2.361404
277.000 2.439636
278.000 2.439636
279.000 2.416222
280.000 2.416222
281.000 2.509041
282.000 2.509041
283.000 2.391840
284.000 2.341675
285.000 2.341675
286.000 2.341675
287.000 2.421780
288.000 2.482452
289.000 2.482452
290.000 2.287910
291.000 2.287910
292.000 2.287910
293.000 2.322380
294.000 2.393894
295.000 2.465408
296.000 2.507568
297.000 2.440231
298.000 2.440231
299.000 2.440231
300.000 2.440231
301.000 2.375137
302.000 2.375137
303.000 2.375137
304.000 2.375137
305.000 2.466198
306.000 2.427982
307.000 2.389765
308.000 2.386597
309.000 2.386597
310.000 2.452781
311.000 2.484688
312.000 2.451365
313.000 2.488678
314.000 2.488678
315.000 2.496921
316.000 2.501358
317.000 2.501358
318.000 2.475586
319.000 2.475586
320.000 2.513115
321.000 2.513115
322.000 2.431877
323.000 2.430881
324.000 2.428862
325.000 2.151531
326.000 2.110130
327.000 2.307053
328.000 2.307053
329.000 2.540009
330.000 2.540009
331.000 2.509964
332.000 2.509964
333.000 2.472315
334.000 2.432365
335.000 2.432365
336.000 2.458490
337.000 2.479317
338.000 2.433784
339.000 2.433784
340.000 2.433784
341.000 2.474792
342.000 2.474792
343.000 2.474792
344.000 2.460825
345.000 2.438967
346.000 2.435654
347.000 2.435654
348.000 2.498238
349.000 2.498238
350.000 2.497826
351.000 2.497826
352.000 2.497826
353.000 2.497826
354.000 2.497826
355.000 2.497826
356.000 2.299824
357.000 2.268900
358.000 2.237975
359.000 2.207051
