0.000 0.191574
1.000 2.622841
2.000 2.488165
3.000 2.473190
4.000 2.241501
5.000 2.241501
6.000 2.316528
7.000 2.239174
8.000 2.239174
9.000 2.460124
10.000 2.689995
11.000 2.689995
12.000 2.642555
13.000 2.642555
14.000 2.642555
15.000 2.727158
16.000 2.738258
17.000 2.738258
18.000 2.722504
19.000 2.716566
20.000 2.696689
21.000 2.691887
22.000 2.691887
23.000 2.540332
24.000 2.506279
25.000 2.657986
26.000 2.650513
27.000 2.652161
28.000 2.432671
29.000 2.432671
30.000 2.345642
31.000 2.500608
32.000 2.631470
33.000 2.472306
34.000 2.741211
35.000 2.544452
36.000 2.626389
37.000 2.626389
38.000 2.626389
39.000 2.568329
40.000 2.603887
41.000 2.688890
42.000 2.699028
43.000 2.344139
44.000 2.328423
45.000 2.348145
46.000 2.438553
47.000 2.438553
48.000 2.670831
49.000 2.695511
50.000 2.426376
51.000 2.426376
52.000 2.426146
53.000 2.425735
54.000 2.425735
55.000 2.567261
56.000 2.567261
57.000 2.567261
58.000 2.308578
59.000 2.308578
60.000 2.308578
61.000 2.293606
62.000 2.288818
63.000 2.288818
64.000 2.484239
65.000 2.622093
66.000 2.616241
67.000 2.602448
68.000 2.645185
69.000 2.638779
70.000 2.638779
71.000 2.682884
72.000 2.682884
73.000 2.682884
74.000 2.701241
75.000 2.701241
76.000 2.701241
77.000 2.565352
78.000 2.369458
79.000 2.173564
80.000 2.150955
81.000 2.150955
82.000 2.507957
83.000 2.507957
84.000 2.694374
85.000 2.694374
86.000 2.590828
87.000 2.590828
88.000 2.590828
89.000 2.514477
90.000 2.272619
91.000 2.259651
92.000 2.259651
93.000 2.493553
94.000 2.618996
95.000 2.277512
96.000 2.427986
97.000 2.427986
98.000 2.266327
99.000 2.266327
100.000 2.266327
101.000 2.402654
102.000 2.391632
103.000 2.391632
104.000 2.391632
105.000 2.532017
106.000 2.420782
107.000 2.397987
108.000 2.397987
109.000 2.361168
110.000 2.361168
111.000 2.679893
112.000 2.487366
113.000 2.669047
114.000 2.735298
115.000 2.679825
116.000 2.281647
117.000 2.281647
118.000 2.255217
119.000 2.162053
120.000 2.145477
121.000 2.145477
122.000 2.145477
123.000 2.294369
124.000 2.211617
125.000 2.211617
126.000 2.211617
127.000 2.424852
128.000 2.628830
129.000 2.435196
130.000 2.618858
131.000 2.464441
132.000 2.384315
133.000 2.341400
134.000 2.341400
135.000 2.341400
136.000 2.318146
137.000 2.318146
138.000 2.318146
139.000 2.318146
140.000 2.318146
141.000 2.318146
142.000 2.318146
143.000 2.321023
144.000 2.323973
145.000 2.326922
146.000 2.329872
147.000 2.332821
148.000 2.335771
149.000 2.338720
150.000 2.340797
151.000 2.340797
152.000 2.129887
153.000 2.324997
154.000 2.582161
155.000 2.692276
156.000 2.692276
157.000 2.676575
158.000 2.676575
159.000 2.346741
160.000 2.346741
161.000 2.189102
162.000 2.243115
163.000 2.728218
164.000 2.728218
165.000 2.685364
166.000 2.214256
167.000 2.214256
168.000 2.725677
169.000 2.671783
170.000 2.671783
171.000 2.234596
172.000 2.234596
173.000 2.341458
174.000 2.634621
175.000 2.634621
176.000 2.646271
177.000 2.646271
178.000 2.674080
179.000 2.674080
180.000 2.716026
181.000 2.716026
182.000 2.716026
183.000 2.203056
184.000 2.203056
185.000 2.203056
186.000 2.692909
187.000 2.692909
188.000 2.692909
189.000 2.709828
190.000 2.723656
191.000 2.723656
192.000 2.716008
193.000 2.680809
194.000 2.680809
195.000 2.688657
196.000 2.706508
197.000 2.733429
198.000 2.685768
199.000 2.685768
200.000 2.685768
201.000 2.392776
202.000 2.392776
203.000 2.339374
204.000 2.265320
205.000 2.390625
206.000 2.390625
207.000 2.390625
208.000 2.390625
209.000 2.609337
210.000 2.609337
211.000 2.609337
212.000 2.609337
213.000 2.174583
214.000 2.174583
215.000 2.174583
216.000 2.174583
217.000 2.257744
218.000 2.257744
219.000 2.257744
220.000 2.563098
221.000 2.688751
222.000 2.688751
223.000 2.734450
224.000 2.748924
225.000 2.748924
226.000 2.678795
227.000 2.678795
228.000 2.298119
229.000 2.298119
230.000 2.298119
231.000 2.573006
232.000 2.573006
233.000 2.703937
234.000 2.711052
235.000 2.344917
236.000 2.344917
237.000 2.696892
238.000 2.696892
239.000 2.693302
240.000 2.674171
241.000 2.674171
242.000 2.675781
243.000 2.675781
244.000 2.316261
245.000 2.316261
246.000 2.471820
247.000 2.586899
248.000 2.616571
249.000 2.640724
250.000 2.693138
251.000 2.693138
252.000 2.693138
253.000 2.450821
254.000 2.450821
255.000 2.450821
256.000 2.506631
257.000 2.634142
258.000 2.638710
259.000 2.443588
260.000 2.443588
261.000 2.682922
262.000 2.682922
263.000 2.371765
264.000 2.687592
265.000 2.687592
266.000 2.687592
267.000 2.499384
268.000 2.357841
269.000 2.681602
270.000 2.681602
271.000 2.635401
272.000 2.712112
273.000 2.712112
274.000 2.610390
275.000 2.445000
276.000 2.445000
277.000 2.691154
278.000 2.698753
279.000 2.693848
280.000 2.681625
281.000 2.681625
282.000 2.546730
283.000 2.546730
284.000 2.654288
285.000 2.688927
286.000 2.682632
287.000 2.706375
288.000 2.706375
289.000 2.737564
290.000 2.737564
291.000 2.717733
292.000 2.691643
293.000 2.691643
294.000 2.686963
295.000 2.683372
296.000 2.662258
297.000 2.579567
298.000 2.420273
299.000 2.676147
300.000 2.676147
301.000 2.700386
302.000 2.700386
303.000 2.277763
304.000 2.277763
305.000 2.518367
306.000 2.603699
307.000 2.378967
308.000 2.378967
309.000 2.695480
310.000 2.695480
311.000 2.711060
312.000 2.711060
313.000 2.727219
314.000 2.727219
315.000 2.673859
316.000 2.673859
317.000 2.673859
318.000 2.693535
319.000 2.693535
320.000 2.676302
321.000 2.593178
322.000 2.593178
323.000 2.641585
324.000 2.642151
325.000 2.466698
326.000 2.466698
327.000 2.643749
328.000 2.710876
329.000 2.710876
330.000 2.614281
331.000 2.507019
332.000 2.507019
333.000 2.682648
334.000 2.275352
335.000 2.275352
336.000 2.581787
337.000 2.581787
338.000 2.581787
339.000 2.705444
340.000 2.705444
341.000 2.705444
342.000 2.243713
343.000 2.243713
344.000 2.264042
345.000 2.306442
346.000 2.306442
347.000 2.692810
348.000 2.692810
349.000 2.636215
350.000 2.404178
351.000 2.272072
352.000 2.272072
353.000 2.694862
354.000 2.694862
355.000 2.740096
356.000 2.760719
357.000 2.725510
358.000 2.725510
359.000 2.610802
