0.000 0.161819
1.000 0.161819
2.000 0.161819
3.000 0.161819
4.000 1.476177
5.000 2.797249
6.000 2.849464
7.000 2.850792
8.000 2.687729
9.000 2.694505
10.000 2.792992
11.000 2.792992
12.000 2.477485
13.000 2.267700
14.000 2.267700
15.000 2.467918
16.000 2.871582
17.000 2.845981
18.000 2.460597
19.000 2.463427
20.000 2.580154
21.000 2.753563
22.000 2.954430
23.000 2.847656
24.000 2.928185
25.000 2.549690
26.000 2.549690
27.000 2.613380
28.000 2.613380
29.000 2.643062
30.000 2.685318
31.000 2.685318
32.000 2.856171
33.000 2.856171
34.000 2.778397
35.000 2.778397
36.000 2.383293
37.000 2.383293
38.000 2.534554
39.000 2.534554
40.000 2.563521
41.000 2.946533
42.000 2.946533
43.000 2.943001
44.000 2.928360
45.000 2.928360
46.000 2.625809
47.000 2.625809
48.000 2.625809
49.000 2.852150
50.000 2.852150
51.000 2.805749
52.000 2.733383
53.000 2.733383
54.000 2.950775
55.000 2.950007
56.000 2.937508
57.000 2.925484
58.000 2.897034
59.000 2.894584
60.000 2.959564
61.000 2.533356
62.000 2.515068
63.000 2.822327
64.000 2.687119
65.000 2.744948
66.000 2.781410
67.000 2.808906
68.000 2.814316
69.000 2.635239
70.000 2.635239
71.000 2.814607
72.000 2.893173
73.000 2.823427
74.000 2.793922
75.000 2.683033
76.000 2.655830
77.000 2.854904
78.000 2.907707
79.000 2.581170
80.000 2.561310
81.000 2.700463
82.000 2.818253
83.000 3.014515
84.000 3.017052
85.000 3.000252
86.000 3.000252
87.000 2.778267
88.000 2.778267
89.000 2.903366
90.000 2.903366
91.000 2.686844
92.000 2.686844
93.000 2.824110
94.000 2.933174
95.000 2.929398
96.000 2.929092
97.000 2.564552
98.000 2.564552
99.000 2.907674
100.000 2.940453
101.000 2.636002
102.000 2.636002
103.000 2.567522
104.000 2.498728
105.000 2.663223
106.000 2.738670
107.000 2.684320
108.000 2.677010
109.000 2.157394
110.000 2.157394
111.000 2.653633
112.000 2.851166
113.000 2.894496
114.000 2.918526
115.000 2.934417
116.000 2.934830
117.000 2.967453
118.000 2.967453
119.000 2.832713
120.000 2.792160
121.000 2.699270
122.000 2.652428
123.000 2.783165
124.000 2.848404
125.000 2.876503
126.000 2.876503
127.000 2.963478
128.000 2.963478
129.000 2.802582
130.000 2.802582
131.000 2.707726
132.000 2.707726
133.000 2.700522
134.000 2.668137
135.000 2.672542
136.000 2.701462
137.000 2.910866
138.000 2.910866
139.000 2.798389
140.000 2.747017
141.000 2.751041
142.000 2.773851
143.000 2.931583
144.000 2.973015
145.000 2.943672
146.000 2.943672
147.000 2.926422
148.000 2.926422
149.000 2.954887
150.000 2.954887
151.000 2.760023
152.000 2.706093
153.000 2.708275
154.000 2.708275
155.000 2.708275
156.000 2.708275
157.000 2.840456
158.000 2.822220
159.000 2.822220
160.000 2.157585
161.000 2.157585
162.000 2.157585
163.000 2.812065
164.000 2.913618
165.000 2.936012
166.000 2.907646
167.000 2.693444
168.000 2.765060
169.000 2.756323
170.000 2.744507
171.000 2.650676
172.000 2.523952
173.000 2.507807
174.000 2.494577
175.000 2.492058
176.000 2.492058
177.000 2.954765
178.000 2.954765
179.000 2.685074
180.000 2.685074
181.000 2.748299
182.000 2.748299
183.000 2.705597
184.000 2.705597
185.000 2.642899
186.000 2.642899
187.000 2.904922
188.000 2.904922
189.000 2.281212
190.000 2.281212
191.000 2.281212
192.000 2.859398
193.000 2.932442
194.000 2.921340
195.000 2.921265
196.000 3.075523
197.000 2.675659
198.000 2.675659
199.000 2.687759
200.000 2.687759
201.000 2.853210
202.000 2.853210
203.000 2.882233
204.000 2.882233
205.000 2.865837
206.000 2.865837
207.000 2.742439
208.000 2.742439
209.000 2.854700
210.000 2.934746
211.000 2.768434
212.000 2.678246
213.000 2.854305
214.000 2.940033
215.000 2.762331
216.000 2.755013
217.000 2.937971
218.000 3.013405
219.000 2.407099
220.000 2.290482
221.000 2.740987
222.000 3.180389
223.000 2.791507
224.000 2.750946
225.000 2.734787
226.000 2.734787
227.000 2.679230
228.000 2.679230
229.000 2.848907
230.000 2.848907
231.000 2.882901
232.000 2.904251
233.000 2.967947
234.000 3.010422
235.000 2.751504
236.000 2.692688
237.000 2.881469
238.000 2.906609
239.000 2.834258
240.000 2.808662
241.000 2.700643
242.000 2.644188
243.000 2.689317
244.000 2.703941
245.000 2.862313
246.000 2.977806
247.000 2.995020
248.000 3.009354
249.000 2.806477
250.000 2.716057
251.000 2.785297
252.000 2.804703
253.000 2.933802
254.000 2.971680
255.000 2.711777
256.000 2.711777
257.000 2.686150
258.000 2.686150
259.000 2.958748
260.000 2.958748
261.000 2.955573
262.000 2.954559
263.000 2.916199
264.000 2.867065
265.000 2.039886
266.000 2.039886
267.000 2.039886
268.000 2.039886
269.000 2.616180
270.000 2.616180
271.000 2.616180
272.000 2.659488
273.000 2.703616
274.000 2.659813
275.000 2.627792
276.000 2.627792
277.000 2.954132
278.000 2.954132
279.000 2.749084
280.000 2.749084
281.000 2.820534
282.000 2.820534
283.000 2.919258
284.000 2.919258
285.000 2.702644
286.000 2.702644
287.000 2.658661
288.000 2.658661
289.000 2.548056
290.000 2.530212
291.000 2.910378
292.000 2.910378
293.000 2.954239
294.000 2.954239
295.000 2.933189
296.000 2.933189
297.000 2.510284
298.000 2.510284
299.000 2.983574
300.000 2.983574
301.000 2.933748
302.000 2.899605
303.000 2.299210
304.000 2.299210
305.000 2.925560
306.000 2.925560
307.000 2.558548
308.000 2.558548
309.000 2.616830
310.000 2.685661
311.000 2.685661
312.000 2.630867
313.000 2.630867
314.000 2.871078
315.000 2.871078
316.000 2.931419
317.000 2.931419
318.000 2.893301
319.000 2.878777
320.000 2.874465
321.000 2.868935
322.000 2.676977
323.000 2.667236
324.000 2.761566
325.000 2.850090
326.000 2.850090
327.000 2.920197
328.000 2.948364
329.000 2.948364
330.000 2.933891
331.000 2.931885
332.000 2.931885
333.000 2.925832
334.000 2.925415
335.000 2.925415
336.000 2.958405
337.000 2.958405
338.000 2.919716
339.000 2.919716
340.000 2.923668
341.000 2.723686
342.000 2.723686
343.000 2.906771
344.000 2.959961
345.000 2.243362
346.000 2.734108
347.000 2.645286
348.000 2.605446
349.000 2.737282
350.000 2.737282
351.000 2.850426
352.000 2.850426
353.000 2.920787
354.000 2.923630
355.000 2.736426
356.000 2.660027
357.000 2.930595
358.000 2.930595
359.000 2.614799
