0.000 0.147781
1.000 1.342293
2.000 2.708000
3.000 1.848442
4.000 1.848442
5.000 2.752556
6.000 2.738144
7.000 2.635040
8.000 2.568080
9.000 2.699661
10.000 2.611366
11.000 2.638980
12.000 2.650986
13.000 2.755023
14.000 2.778564
15.000 2.424948
16.000 2.366951
17.000 2.584619
18.000 2.693100
19.000 2.670747
20.000 2.653717
21.000 2.672524
22.000 2.682182
23.000 2.710335
24.000 2.734329
25.000 2.672440
26.000 2.672440
27.000 2.734368
28.000 2.741478
29.000 2.751340
30.000 2.753410
31.000 2.732031
32.000 2.720306
33.000 2.692184
34.000 2.687241
35.000 2.631896
36.000 2.607948
37.000 2.711046
38.000 2.762230
39.000 2.744811
40.000 2.737389
41.000 2.632652
42.000 2.581703
43.000 2.721761
44.000 2.785538
45.000 2.696986
46.000 2.643875
47.000 2.622508
48.000 2.618904
49.000 2.593935
50.000 2.583298
51.000 2.664706
52.000 2.737595
53.000 2.752344
54.000 2.768051
55.000 2.757925
56.000 2.748665
57.000 2.694729
58.000 2.631050
59.000 2.706518
60.000 2.762779
61.000 2.723497
62.000 2.714462
63.000 2.682255
64.000 2.658249
65.000 2.693495
66.000 2.723396
67.000 2.752588
68.000 2.769127
69.000 2.626363
70.000 2.581268
71.000 2.692338
72.000 2.776695
73.000 2.732205
74.000 2.693039
75.000 2.723128
76.000 2.748703
77.000 2.759600
78.000 2.773422
79.000 2.619980
80.000 2.619980
81.000 2.647896
82.000 2.647896
83.000 2.719379
84.000 2.759727
85.000 2.658954
86.000 2.608170
87.000 2.745384
88.000 2.745384
89.000 2.761821
90.000 2.768852
91.000 2.685921
92.000 2.648018
93.000 2.702292
94.000 2.730217
95.000 2.634468
96.000 2.591286
97.000 2.624320
98.000 2.644844
99.000 2.472085
100.000 2.374336
101.000 2.593269
102.000 2.593269
103.000 2.666995
104.000 2.723030
105.000 2.661800
106.000 2.635925
107.000 2.681367
108.000 2.729500
109.000 2.614502
110.000 2.498917
111.000 2.646694
112.000 2.652969
113.000 2.611923
114.000 2.611923
115.000 2.721375
116.000 2.721375
117.000 2.721375
118.000 2.731323
119.000 2.731323
120.000 2.731323
121.000 2.713554
122.000 2.645164
123.000 2.645164
124.000 2.645164
125.000 2.708946
126.000 2.708946
127.000 2.708946
128.000 2.708946
129.000 2.709789
130.000 2.696464
131.000 2.694031
132.000 2.686172
133.000 2.686172
134.000 2.721376
135.000 2.721542
136.000 2.630165
137.000 2.627045
138.000 2.657895
139.000 2.715935
140.000 2.715935
141.000 2.669296
142.000 2.692494
143.000 2.581650
144.000 2.581650
145.000 2.651657
146.000 2.651657
147.000 2.651657
148.000 2.651657
149.000 2.746605
150.000 2.746605
151.000 2.746605
152.000 2.746605
153.000 2.746605
154.000 2.644844
155.000 2.647673
156.000 2.650501
157.000 2.653330
158.000 2.656158
159.000 2.658987
160.000 2.661263
161.000 2.661263
162.000 2.661263
163.000 2.737892
164.000 2.737892
165.000 2.722233
166.000 2.659775
167.000 2.672809
168.000 2.721268
169.000 2.684891
170.000 2.468552
171.000 2.709625
172.000 2.764389
173.000 2.764389
174.000 2.764389
175.000 2.764389
176.000 2.764389
177.000 2.588765
178.000 2.563915
179.000 2.544952
180.000 2.544952
181.000 2.544952
182.000 2.735504
183.000 2.735504
184.000 2.688369
185.000 2.613525
186.000 2.596497
187.000 2.427820
188.000 2.391609
189.000 2.746666
190.000 2.746666
191.000 2.657906
192.000 2.657906
193.000 2.657906
194.000 2.657906
195.000 2.657906
196.000 2.730099
197.000 2.713688
198.000 2.697278
199.000 2.680867
200.000 2.664457
201.000 2.648046
202.000 2.644661
203.000 2.644140
204.000 2.640617
205.000 2.640617
206.000 2.423401
207.000 2.423401
208.000 2.743683
209.000 2.743683
210.000 2.741191
211.000 2.726395
212.000 2.726395
213.000 2.566734
214.000 2.443108
215.000 2.590309
216.000 2.590309
217.000 2.732773
218.000 2.732773
219.000 2.620640
220.000 2.606651
221.000 2.603877
222.000 2.581253
223.000 2.617679
224.000 2.743576
225.000 2.729431
226.000 2.756859
227.000 2.756859
228.000 2.690856
229.000 2.690712
230.000 2.519356
231.000 2.535346
232.000 2.744316
233.000 2.392166
234.000 2.615387
235.000 2.615387
236.000 2.634720
237.000 2.634720
238.000 2.724243
239.000 2.724243
240.000 2.622932
241.000 2.622932
242.000 2.457397
243.000 2.642288
244.000 2.642288
245.000 2.540604
246.000 2.540604
247.000 2.645172
248.000 2.645172
249.000 2.645172
250.000 2.455551
251.000 2.455551
252.000 2.509383
253.000 2.650627
254.000 2.690932
255.000 2.718658
256.000 2.728043
257.000 2.617018
258.000 2.496223
259.000 2.652801
260.000 2.733376
261.000 2.832970
262.000 2.832970
263.000 2.761569
264.000 2.760735
265.000 2.711032
266.000 2.701393
267.000 2.562210
268.000 2.562210
269.000 2.755409
270.000 2.755409
271.000 2.628498
272.000 2.560219
273.000 2.560219
274.000 2.625995
275.000 2.627113
276.000 2.716095
277.000 2.718315
278.000 2.721863
279.000 2.738816
280.000 2.743095
281.000 2.737549
282.000 2.737549
283.000 2.773293
284.000 2.773293
285.000 2.747459
286.000 2.726059
287.000 2.670517
288.000 2.670517
289.000 2.659941
290.000 2.632598
291.000 2.759727
292.000 2.759727
293.000 2.678422
294.000 2.668365
295.000 2.582191
296.000 2.419228
297.000 2.521307
298.000 2.648125
299.000 2.709374
300.000 2.737251
301.000 2.668037
302.000 2.668037
303.000 2.441704
304.000 2.441704
305.000 2.441704
306.000 2.671440
307.000 2.671440
308.000 2.697098
309.000 2.669677
310.000 2.639908
311.000 2.638905
312.000 2.637421
313.000 2.758694
314.000 2.788628
315.000 2.758337
316.000 2.745926
317.000 2.604637
318.000 2.604637
319.000 2.683257
320.000 2.685753
321.000 2.406258
322.000 2.406258
323.000 2.563575
324.000 2.607735
325.000 2.619310
326.000 2.748611
327.000 2.718139
328.000 2.621681
329.000 2.607793
330.000 2.594566
331.000 2.658756
332.000 2.731049
333.000 2.681178
334.000 2.623909
335.000 2.661989
336.000 2.711082
337.000 2.660476
338.000 2.606651
339.000 2.661600
340.000 2.696671
341.000 2.745895
342.000 2.745895
343.000 2.354320
344.000 2.206306
345.000 2.452991
346.000 2.652214
347.000 2.683090
348.000 2.705833
349.000 2.743855
350.000 2.786934
351.000 2.756304
352.000 2.709236
353.000 2.632193
354.000 2.545822
355.000 2.597510
356.000 2.645119
357.000 2.616733
358.000 2.600929
359.000 2.641071
