0.000 0.137596
1.000 0.137596
2.000 0.137596
3.000 0.137596
4.000 0.399887
5.000 0.399887
6.000 0.399887
7.000 0.438652
8.000 0.438652
9.000 0.448009
10.000 0.457863
11.000 0.781059
12.000 0.781059
13.000 0.654462
14.000 0.659081
15.000 0.659081
16.000 0.659081
17.000 0.659081
18.000 0.659081
19.000 0.659081
20.000 0.659081
21.000 0.659081
22.000 0.580492
23.000 0.578564
24.000 0.576636
25.000 0.574708
26.000 0.572780
27.000 0.570852
28.000 0.570091
29.000 0.618835
30.000 0.628519
31.000 0.648117
32.000 0.648117
33.000 0.439400
34.000 0.471642
35.000 0.565765
36.000 0.565765
37.000 0.470436
38.000 0.470436
39.000 0.470436
40.000 0.265472
41.000 0.265472
42.000 0.265472
43.000 0.265472
44.000 0.528793
45.000 0.528793
46.000 0.528793
47.000 0.741089
48.000 0.741089
49.000 0.913605
50.000 0.913605
51.000 0.890866
52.000 0.746595
53.000 0.602324
54.000 0.458053
55.000 0.400375
56.000 0.659515
57.000 0.659515
58.000 0.635010
59.000 0.635010
60.000 0.595314
61.000 0.533155
62.000 0.525078
63.000 0.525078
64.000 0.525078
65.000 0.343260
66.000 0.374654
67.000 0.390411
68.000 0.390411
69.000 0.390411
70.000 0.437256
71.000 0.437256
72.000 0.614487
73.000 0.614487
74.000 0.614487
75.000 0.614487
76.000 0.571452
77.000 0.642754
78.000 0.642754
79.000 0.454178
80.000 0.454178
81.000 0.454178
82.000 0.454178
83.000 0.454178
84.000 0.554482
85.000 0.554482
86.000 0.554482
87.000 0.588841
88.000 0.551798
89.000 0.514756
90.000 0.477713
91.000 0.440670
92.000 0.422363
93.000 0.422363
94.000 0.422363
95.000 0.422363
96.000 0.713081
97.000 0.755125
98.000 0.780441
99.000 0.819191
100.000 0.698013
101.000 0.698013
102.000 0.591560
103.000 0.591560
104.000 0.591560
105.000 0.615154
106.000 0.558975
107.000 0.558975
108.000 0.558975
109.000 0.558975
110.000 0.605115
111.000 0.670731
112.000 0.670731
113.000 0.670731
114.000 0.670731
115.000 0.670731
116.000 1.029295
117.000 0.877669
118.000 0.726042
119.000 0.698914
120.000 1.170731
121.000 0.551201
122.000 0.551201
123.000 0.715378
124.000 0.715378
125.000 0.721756
126.000 0.725159
127.000 0.801895
128.000 0.801895
129.000 0.776611
130.000 0.776611
131.000 0.776611
132.000 0.462555
133.000 0.462555
134.000 0.462555
135.000 0.572784
136.000 0.572784
137.000 0.572784
138.000 0.572784
139.000 0.572784
140.000 0.572784
141.000 0.572784
142.000 0.572784
143.000 0.412636
144.000 0.408839
145.000 0.405041
146.000 0.401244
147.000 0.397446
148.000 0.393649
149.000 0.389852
150.000 0.389069
151.000 0.389069
152.000 0.558128
153.000 0.558128
154.000 0.648308
155.000 0.648308
156.000 0.625038
157.000 0.577751
158.000 0.577751
159.000 0.610420
160.000 0.666428
161.000 0.666428
162.000 0.615417
163.000 0.615417
164.000 0.535469
165.000 0.535469
166.000 0.576789
167.000 0.649315
168.000 0.649315
169.000 0.515038
170.000 0.515038
171.000 0.590118
172.000 0.720800
173.000 0.890503
174.000 0.890503
175.000 0.584343
176.000 0.584343
177.000 0.475563
178.000 0.475563
179.000 0.475563
180.000 0.475563
181.000 0.781588
182.000 0.807419
183.000 0.807419
184.000 0.807419
185.000 0.769480
186.000 0.652962
187.000 0.536445
188.000 0.489685
189.000 0.489685
190.000 0.810047
191.000 0.927658
192.000 0.575943
193.000 0.834679
194.000 0.862747
195.000 0.917078
196.000 0.948463
197.000 0.798264
198.000 0.798264
199.000 1.002289
200.000 0.996451
201.000 0.944580
202.000 0.944580
203.000 0.944580
204.000 0.584435
205.000 0.584435
206.000 0.584435
207.000 0.584435
208.000 0.804197
209.000 0.782471
210.000 0.782471
211.000 0.782471
212.000 0.782471
213.000 0.622894
214.000 0.622894
215.000 0.622894
216.000 0.622894
217.000 0.622894
218.000 0.622894
219.000 0.622894
220.000 0.622894
221.000 0.622894
222.000 0.622894
223.000 0.622894
224.000 0.622894
225.000 0.622894
226.000 0.866799
227.000 0.866112
228.000 0.865426
229.000 0.864740
230.000 0.864054
231.000 0.863368
232.000 0.862976
233.000 0.862976
234.000 0.862976
235.000 0.905980
236.000 1.069737
237.000 1.211586
238.000 1.211586
239.000 0.679100
240.000 0.765846
241.000 0.765846
242.000 1.305359
243.000 1.316910
244.000 1.106480
245.000 0.882416
246.000 1.021233
247.000 1.021233
248.000 0.851962
249.000 0.745697
250.000 0.745697
251.000 0.930786
252.000 0.930786
253.000 0.866330
254.000 0.719039
255.000 0.695267
256.000 0.695267
257.000 0.861099
258.000 0.861099
259.000 0.861099
260.000 1.044663
261.000 1.269547
262.000 1.269547
263.000 0.727867
264.000 0.727867
265.000 0.727867
266.000 0.614510
267.000 0.614510
268.000 0.614510
269.000 0.925369
270.000 0.925369
271.000 0.925369
272.000 0.925369
273.000 0.925369
274.000 0.925369
275.000 0.846255
276.000 0.834180
277.000 0.822106
278.000 0.810032
279.000 0.797957
280.000 0.785883
281.000 0.785179
282.000 0.673233
283.000 0.878654
284.000 0.878654
285.000 0.613342
286.000 0.613342
287.000 0.613342
288.000 0.793491
289.000 0.893394
290.000 0.922554
291.000 0.785554
292.000 0.674614
293.000 1.081177
294.000 1.081177
295.000 0.928359
296.000 0.864041
297.000 0.862808
298.000 0.862808
299.000 0.778351
300.000 0.778351
301.000 0.771568
302.000 0.771568
303.000 0.771568
304.000 0.565826
305.000 0.565826
306.000 0.565826
307.000 0.557831
308.000 0.528065
309.000 0.522667
310.000 0.522667
311.000 1.035347
312.000 0.543449
313.000 0.704613
314.000 0.620677
315.000 0.612442
316.000 0.612442
317.000 0.835930
318.000 0.835930
319.000 0.835930
320.000 0.835930
321.000 0.835930
322.000 0.835930
323.000 0.835930
324.000 0.835930
325.000 0.835930
326.000 0.946778
327.000 0.920096
328.000 0.893414
329.000 0.866732
330.000 0.840050
331.000 0.813368
332.000 0.786686
333.000 0.760004
334.000 0.733322
335.000 0.706640
336.000 0.679958
337.000 0.653276
338.000 0.636269
339.000 0.636269
340.000 0.569633
341.000 0.827377
342.000 0.622688
343.000 0.456146
344.000 0.456146
345.000 0.456146
346.000 0.456146
347.000 0.456146
348.000 0.555298
349.000 0.555298
350.000 0.555298
351.000 0.555298
352.000 0.555298
353.000 0.555298
354.000 0.555298
355.000 0.942237
356.000 1.036729
357.000 1.131222
358.000 1.187950
359.000 1.187950
