0.000 0.302574
1.000 0.302574
2.000 0.302574
3.000 0.302574
4.000 0.302574
5.000 0.302574
6.000 0.302574
7.000 0.302574
8.000 0.302574
9.000 0.501839
10.000 0.806221
11.000 0.862053
12.000 1.061821
13.000 1.061821
14.000 2.766731
15.000 2.729927
16.000 2.593918
17.000 2.593918
18.000 2.593918
19.000 2.319603
20.000 2.319603
21.000 2.319603
22.000 2.481087
23.000 2.481087
24.000 2.481087
25.000 2.427704
26.000 2.427704
27.000 2.427704
28.000 2.143926
29.000 2.609357
30.000 1.870720
31.000 2.873718
32.000 2.711001
33.000 2.828148
34.000 1.912994
35.000 2.488410
36.000 2.825333
37.000 2.327232
38.000 2.724266
39.000 2.878578
40.000 2.878578
41.000 2.567573
42.000 2.435814
43.000 2.825920
44.000 2.285172
45.000 2.285172
46.000 2.259964
47.000 2.850273
48.000 2.853348
49.000 2.813049
50.000 2.386063
51.000 2.441147
52.000 2.557574
53.000 2.668007
54.000 2.732330
55.000 1.283638
56.000 1.283638
57.000 1.283638
58.000 1.283638
59.000 1.385223
60.000 1.385223
61.000 1.385223
62.000 1.385223
63.000 1.207568
64.000 0.980578
65.000 0.753587
66.000 0.547050
67.000 0.547050
68.000 2.142662
69.000 2.104822
70.000 2.055849
71.000 2.032745
72.000 0.550407
73.000 0.550407
74.000 0.550407
75.000 1.682846
76.000 1.682846
77.000 1.886612
78.000 0.742531
79.000 0.742531
80.000 0.742531
81.000 0.742531
82.000 0.742531
83.000 1.332655
84.000 1.318138
85.000 1.318138
86.000 1.324810
87.000 1.897181
88.000 2.469552
89.000 2.739891
90.000 1.654938
91.000 1.654938
92.000 1.659019
93.000 1.686997
94.000 1.734322
95.000 2.873100
96.000 2.811234
97.000 2.812435
98.000 2.843155
99.000 2.862473
100.000 2.106316
101.000 2.106316
102.000 2.106316
103.000 2.106316
104.000 2.057406
105.000 2.023529
106.000 2.023529
107.000 2.023529
108.000 2.069590
109.000 2.095032
110.000 2.095032
111.000 1.875496
112.000 1.875496
113.000 1.877176
114.000 1.877785
115.000 1.877785
116.000 2.025993
117.000 2.025993
118.000 2.025993
119.000 1.076904
120.000 1.076904
121.000 1.076904
122.000 1.076904
123.000 1.062997
124.000 1.032097
125.000 1.032097
126.000 2.090248
127.000 2.090248
128.000 1.975639
129.000 1.975639
130.000 2.008397
131.000 2.043877
132.000 2.043877
133.000 1.833702
134.000 1.631676
135.000 1.631676
136.000 1.393644
137.000 1.152008
138.000 1.152008
139.000 0.779190
140.000 2.094093
141.000 1.886963
142.000 0.274727
143.000 0.274727
144.000 0.274727
145.000 0.274727
146.000 0.274727
147.000 0.274727
148.000 0.274727
149.000 0.274727
150.000 0.274727
151.000 1.676525
152.000 1.634735
153.000 1.642761
154.000 1.642761
155.000 1.754814
156.000 1.069328
157.000 1.069328
158.000 1.069328
159.000 1.646355
160.000 1.646355
161.000 2.637207
162.000 2.634062
163.000 2.308404
164.000 2.143311
165.000 2.143311
166.000 0.950111
167.000 0.950111
168.000 0.950111
169.000 0.950111
170.000 0.993500
171.000 0.993500
172.000 0.740486
173.000 0.740486
174.000 0.740486
175.000 1.266922
176.000 1.266922
177.000 2.850075
178.000 2.754223
179.000 2.175606
180.000 1.845276
181.000 1.993652
182.000 1.993652
183.000 1.986539
184.000 1.985420
185.000 1.936378
186.000 2.215530
187.000 2.215530
188.000 1.080597
189.000 1.080597
190.000 1.082878
191.000 1.083191
192.000 1.026306
193.000 1.026306
194.000 1.026306
195.000 1.026306
196.000 1.129815
197.000 0.882332
198.000 0.882332
199.000 0.882332
200.000 2.362228
201.000 0.991592
202.000 0.991592
203.000 0.991592
204.000 1.748663
205.000 1.723321
206.000 0.601242
207.000 0.601242
208.000 0.601242
209.000 1.907919
210.000 1.972418
211.000 1.973038
212.000 2.003777
213.000 2.003777
214.000 2.002263
215.000 1.916555
216.000 1.910835
217.000 0.837364
218.000 0.837364
219.000 0.837364
220.000 1.890213
221.000 1.890213
222.000 0.827866
223.000 0.827866
224.000 0.930702
225.000 0.930702
226.000 1.848671
227.000 1.848671
228.000 1.841806
229.000 1.833630
230.000 1.833183
231.000 1.713384
232.000 0.886284
233.000 0.886284
234.000 1.945393
235.000 1.938736
236.000 1.938736
237.000 1.197162
238.000 0.573804
239.000 0.543449
240.000 0.543449
241.000 2.677444
242.000 2.043945
243.000 2.043945
244.000 1.149451
245.000 0.776321
246.000 0.776321
247.000 0.710617
248.000 0.710617
249.000 0.710617
250.000 0.710617
251.000 2.053101
252.000 2.053101
253.000 1.492756
254.000 1.319077
255.000 1.319077
256.000 0.718872
257.000 0.718872
258.000 1.860587
259.000 1.877449
260.000 1.779854
261.000 1.925148
262.000 0.874489
263.000 0.874489
264.000 0.874489
265.000 0.874489
266.000 0.874489
267.000 1.514011
268.000 1.352921
269.000 1.352921
270.000 2.039452
271.000 1.945496
272.000 1.945496
273.000 1.955749
274.000 2.021774
275.000 2.021774
276.000 2.031097
277.000 2.031097
278.000 2.074193
279.000 2.128815
280.000 2.128815
281.000 2.907600
282.000 1.510857
283.000 1.510857
284.000 2.117203
285.000 2.117203
286.000 2.117203
287.000 2.117203
288.000 2.102889
289.000 2.143768
290.000 2.143768
291.000 2.143768
292.000 2.143768
293.000 2.160589
294.000 2.163628
295.000 2.163628
296.000 1.697449
297.000 1.532524
298.000 1.532524
299.000 2.096695
300.000 2.329308
301.000 1.902840
302.000 1.902840
303.000 1.902840
304.000 1.844246
305.000 1.844246
306.000 1.844246
307.000 1.844246
308.000 1.844246
309.000 1.844246
310.000 1.844246
311.000 1.844246
312.000 2.035298
313.000 2.014435
314.000 1.993572
315.000 1.972708
316.000 1.951845
317.000 1.930982
318.000 1.924576
319.000 1.924576
320.000 2.418182
321.000 2.418182
322.000 2.264356
323.000 2.198677
324.000 2.241892
325.000 2.259285
326.000 2.333565
327.000 2.333565
328.000 2.144676
329.000 2.144676
330.000 2.141136
331.000 2.141136
332.000 2.141136
333.000 2.187516
334.000 2.164322
335.000 2.164322
336.000 2.074463
337.000 2.074463
338.000 2.186630
339.000 2.186630
340.000 2.192086
341.000 2.247383
342.000 2.273651
343.000 2.273651
344.000 2.273601
345.000 2.273598
346.000 2.139412
347.000 2.139412
348.000 2.147484
349.000 2.021927
350.000 2.021927
351.000 2.021927
352.000 2.024231
353.000 2.067352
354.000 2.067352
355.000 2.067352
356.000 2.093513
357.000 2.093513
358.000 2.093513
359.000 1.857841
