0.000 0.202507
1.000 2.742393
2.000 2.713264
3.000 1.693573
4.000 2.740204
5.000 2.723854
6.000 2.549387
7.000 2.720711
8.000 2.734276
9.000 2.763504
10.000 2.844958
11.000 2.873199
12.000 2.630806
13.000 2.423828
14.000 2.545189
15.000 2.545189
16.000 2.786545
17.000 2.786545
18.000 2.725731
19.000 2.732719
20.000 2.732719
21.000 2.671913
22.000 2.671913
23.000 2.710213
24.000 2.710213
25.000 2.580541
26.000 2.500038
27.000 2.639765
28.000 2.670937
29.000 2.745033
30.000 2.745033
31.000 2.434380
32.000 2.434380
33.000 2.434380
34.000 2.691719
35.000 2.691719
36.000 2.605757
37.000 2.488548
38.000 2.488548
39.000 2.488548
40.000 2.507253
41.000 2.635117
42.000 2.635117
43.000 2.635117
44.000 2.699203
45.000 2.699203
46.000 2.699203
47.000 2.631156
48.000 2.503357
49.000 2.503357
50.000 2.503357
51.000 2.469428
52.000 2.434578
53.000 2.434578
54.000 2.717171
55.000 2.707782
56.000 2.678078
57.000 2.768456
58.000 2.613640
59.000 2.613640
60.000 2.472748
61.000 2.472748
62.000 2.515249
63.000 2.535812
64.000 2.658180
65.000 2.658180
66.000 2.559402
67.000 2.487167
68.000 2.487167
69.000 2.713898
70.000 2.739258
71.000 2.739258
72.000 2.212967
73.000 2.212967
74.000 2.552139
75.000 2.552139
76.000 2.746429
77.000 2.746429
78.000 2.379524
79.000 2.379524
80.000 2.379524
81.000 2.426178
82.000 2.426178
83.000 2.474717
84.000 2.708534
85.000 2.708534
86.000 2.716158
87.000 2.719894
88.000 2.489212
89.000 2.489212
90.000 2.718193
91.000 2.718193
92.000 2.737709
93.000 2.726066
94.000 2.664459
95.000 2.664459
96.000 2.530838
97.000 2.530838
98.000 2.638687
99.000 2.621878
100.000 2.466736
101.000 2.735115
102.000 2.690750
103.000 2.690750
104.000 2.681969
105.000 2.681969
106.000 2.646286
107.000 2.646286
108.000 2.535912
109.000 2.535912
110.000 2.447479
111.000 2.447479
112.000 2.608894
113.000 2.608894
114.000 2.609864
115.000 2.718586
116.000 2.742149
117.000 2.721361
118.000 2.671532
119.000 2.756813
120.000 2.756813
121.000 2.377815
122.000 2.527023
123.000 2.527023
124.000 2.553123
125.000 2.631668
126.000 2.631668
127.000 2.746605
128.000 2.746605
129.000 2.726068
130.000 2.412994
131.000 2.412994
132.000 2.721649
133.000 2.695779
134.000 2.488681
135.000 2.480927
136.000 2.614308
137.000 2.678162
138.000 2.716270
139.000 2.516838
140.000 2.516838
141.000 2.725487
142.000 2.725487
143.000 2.730578
144.000 2.750318
145.000 2.561111
146.000 2.561111
147.000 2.628113
148.000 2.497223
149.000 2.658836
150.000 2.658836
151.000 2.658836
152.000 2.499222
153.000 2.499222
154.000 2.499222
155.000 2.499222
156.000 2.491486
157.000 2.491486
158.000 2.491486
159.000 2.653383
160.000 2.724480
161.000 2.724480
162.000 2.406670
163.000 2.406670
164.000 2.411078
165.000 2.612207
166.000 2.712784
167.000 2.504318
168.000 2.588844
169.000 2.588844
170.000 2.567175
171.000 2.543427
172.000 2.735428
173.000 2.735428
174.000 2.740964
175.000 2.757252
176.000 2.762177
177.000 2.729740
178.000 2.730042
179.000 2.707375
180.000 2.707375
181.000 2.722115
182.000 2.722115
183.000 2.772720
184.000 2.772720
185.000 2.723455
186.000 2.652663
187.000 2.628014
188.000 2.659393
189.000 2.621964
190.000 2.763618
191.000 2.684593
192.000 2.684593
193.000 2.684593
194.000 2.557716
195.000 2.506454
196.000 2.506454
197.000 2.641624
198.000 2.641624
199.000 2.742188
200.000 2.741959
201.000 2.583984
202.000 2.583984
203.000 2.665375
204.000 2.559059
205.000 2.559059
206.000 2.217941
207.000 2.217941
208.000 2.558006
209.000 2.558006
210.000 2.612968
211.000 2.612968
212.000 2.781784
213.000 2.755226
214.000 2.755226
215.000 2.727148
216.000 2.719131
217.000 2.654579
218.000 2.638084
219.000 2.610306
220.000 2.610306
221.000 2.515060
222.000 2.515060
223.000 2.512290
224.000 2.504209
225.000 2.502365
226.000 2.502365
227.000 2.502365
228.000 2.502365
229.000 2.729574
230.000 2.712230
231.000 2.694885
232.000 2.683647
233.000 2.472466
234.000 2.656906
235.000 2.688170
236.000 2.708023
237.000 2.708023
238.000 2.558830
239.000 2.558830
240.000 2.600822
241.000 2.718292
242.000 2.718292
243.000 2.751671
244.000 2.751671
245.000 2.717323
246.000 2.717323
247.000 2.717016
248.000 2.708275
249.000 2.708275
250.000 2.708275
251.000 2.526588
252.000 2.526588
253.000 2.588951
254.000 2.588951
255.000 2.550171
256.000 2.550171
257.000 2.632646
258.000 2.719650
259.000 2.718697
260.000 2.718697
261.000 2.725395
262.000 2.725395
263.000 2.725395
264.000 2.758324
265.000 2.758324
266.000 2.685395
267.000 2.679283
268.000 2.413483
269.000 2.413483
270.000 2.701141
271.000 2.701141
272.000 2.716988
273.000 2.527985
274.000 2.598351
275.000 2.598351
276.000 2.548370
277.000 2.548370
278.000 2.503334
279.000 2.503334
280.000 2.737495
281.000 2.593270
282.000 2.497742
283.000 2.439872
284.000 2.399521
285.000 2.518974
286.000 2.764267
287.000 2.716210
288.000 2.606201
289.000 2.553604
290.000 2.473961
291.000 2.540454
292.000 2.697309
293.000 2.783020
294.000 2.783020
295.000 2.292046
296.000 2.292046
297.000 2.647324
298.000 2.647324
299.000 2.741280
300.000 2.741280
301.000 2.741280
302.000 2.407692
303.000 2.407692
304.000 2.407692
305.000 2.415506
306.000 2.436821
307.000 2.436821
308.000 2.436821
309.000 2.669228
310.000 2.669228
311.000 2.430229
312.000 2.430229
313.000 2.430229
314.000 2.351349
315.000 2.351349
316.000 2.414109
317.000 2.737877
318.000 2.737877
319.000 2.724412
320.000 2.720169
321.000 2.718330
322.000 2.718330
323.000 2.807037
324.000 2.807037
325.000 2.775260
326.000 2.668236
327.000 2.567078
328.000 2.734467
329.000 2.734467
330.000 2.734467
331.000 2.705270
332.000 2.695381
333.000 2.716461
334.000 2.657806
335.000 2.657806
336.000 2.657806
337.000 2.610869
338.000 2.589249
339.000 2.589249
340.000 2.719635
341.000 2.719635
342.000 2.719635
343.000 2.719635
344.000 2.606098
345.000 2.561333
346.000 2.561256
347.000 2.561256
348.000 2.576766
349.000 2.676880
350.000 2.707695
351.000 2.615448
352.000 2.615448
353.000 2.737906
354.000 2.765244
355.000 2.537369
356.000 2.537369
357.000 2.660740
358.000 2.666458
359.000 2.285660
