0.000 0.050652
1.000 0.050652
2.000 0.050652
3.000 0.050652
4.000 0.050652
5.000 0.050652
6.000 0.050652
7.000 0.050652
8.000 0.050652
9.000 0.814552
10.000 1.012741
11.000 2.206398
12.000 2.206398
13.000 1.364098
14.000 1.987617
15.000 2.346671
16.000 3.160999
17.000 3.444679
18.000 3.444679
19.000 3.444679
20.000 3.444679
21.000 3.519339
22.000 3.754919
23.000 3.804596
24.000 3.804596
25.000 3.804596
26.000 3.804596
27.000 3.804596
28.000 3.804596
29.000 3.053772
30.000 1.213959
31.000 1.039876
32.000 0.814217
33.000 0.767423
34.000 0.584576
35.000 0.483307
36.000 0.536534
37.000 0.565079
38.000 0.632858
39.000 0.772827
40.000 1.083234
41.000 0.998042
42.000 0.747337
43.000 0.668441
44.000 0.490395
45.000 0.469334
46.000 0.416934
47.000 0.474816
48.000 0.707321
49.000 0.592479
50.000 0.458549
51.000 0.581741
52.000 0.853027
53.000 0.937869
54.000 1.134299
55.000 1.128782
56.000 0.991458
57.000 0.971039
58.000 0.971039
59.000 0.955569
60.000 0.678921
61.000 0.490028
62.000 0.490028
63.000 0.491361
64.000 0.496780
65.000 0.505902
66.000 0.545128
67.000 0.626952
68.000 0.810448
69.000 0.893219
70.000 0.893219
71.000 0.893219
72.000 0.893219
73.000 0.808857
74.000 0.595780
75.000 0.566915
76.000 0.525758
77.000 0.570382
78.000 0.694255
79.000 0.711693
80.000 0.711693
81.000 0.709190
82.000 0.703383
83.000 0.637227
84.000 0.416551
85.000 0.430212
86.000 0.475450
87.000 0.623441
88.000 0.996393
89.000 1.130417
90.000 1.130417
91.000 1.041093
92.000 0.804111
93.000 0.628266
94.000 0.363991
95.000 0.377615
96.000 0.407280
97.000 0.461692
98.000 0.610392
99.000 0.642220
100.000 0.642220
101.000 0.627932
102.000 0.575391
103.000 0.523040
104.000 0.464523
105.000 0.415227
106.000 0.345406
107.000 0.387624
108.000 0.506241
109.000 0.540298
110.000 0.540298
111.000 0.479675
112.000 0.346704
113.000 0.237114
114.000 0.237114
115.000 0.237114
116.000 0.377853
117.000 0.378746
118.000 0.378746
119.000 0.391088
120.000 0.395012
121.000 0.432312
122.000 0.446457
123.000 0.507065
124.000 0.336975
125.000 0.350555
126.000 0.569872
127.000 0.619980
128.000 0.545784
129.000 0.502452
130.000 0.512032
131.000 0.503923
132.000 0.344745
133.000 0.258705
134.000 0.258705
135.000 0.274529
136.000 0.366573
137.000 0.398605
138.000 0.523752
139.000 0.646192
140.000 0.580694
141.000 0.540085
142.000 0.540085
143.000 0.541742
144.000 0.550656
145.000 0.541847
146.000 0.414595
147.000 0.410965
148.000 0.599565
149.000 0.614137
150.000 0.514755
151.000 0.481241
152.000 0.519888
153.000 0.537170
154.000 0.566691
155.000 0.577717
156.000 0.479338
157.000 0.436592
158.000 0.477180
159.000 0.503823
160.000 0.594901
161.000 0.637521
162.000 0.779348
163.000 0.871462
164.000 1.153015
165.000 0.645774
166.000 0.399673
167.000 1.209602
168.000 0.998543
169.000 0.883566
170.000 0.537544
171.000 1.191719
172.000 1.461891
173.000 0.670174
174.000 0.586693
175.000 1.012077
176.000 0.899506
177.000 1.089717
178.000 1.211388
179.000 1.039912
180.000 0.897430
181.000 1.025203
182.000 1.145630
183.000 1.374549
184.000 1.635735
185.000 1.635735
186.000 1.635735
187.000 1.760549
188.000 1.891518
189.000 1.891518
190.000 1.891518
191.000 1.891518
192.000 1.891518
193.000 1.891518
194.000 1.891518
195.000 0.550034
196.000 0.550189
197.000 0.552000
198.000 0.553391
199.000 0.553391
200.000 0.693825
201.000 0.793282
202.000 0.784031
203.000 0.533287
204.000 1.034325
205.000 0.385272
206.000 0.362587
207.000 0.750392
208.000 1.023422
209.000 0.469528
210.000 0.469528
211.000 0.422392
212.000 0.414391
213.000 0.482707
214.000 0.538925
215.000 0.375044
216.000 0.330780
217.000 0.606422
218.000 0.821320
219.000 0.608482
220.000 0.608482
221.000 0.895458
222.000 1.073730
223.000 1.034045
224.000 0.999268
225.000 0.999268
226.000 0.999268
227.000 0.849931
228.000 0.776970
229.000 0.794531
230.000 0.803574
231.000 0.740539
232.000 0.709953
233.000 1.012501
234.000 1.278847
235.000 0.878648
236.000 0.690086
237.000 0.729446
238.000 0.729446
239.000 0.889179
240.000 0.911743
241.000 0.954203
242.000 0.955666
243.000 0.564507
244.000 0.564507
245.000 1.109411
246.000 1.257431
247.000 0.618507
248.000 0.618507
249.000 0.765097
250.000 0.827919
251.000 0.864764
252.000 0.889671
253.000 1.122070
254.000 1.305748
255.000 1.165133
256.000 1.073097
257.000 0.962029
258.000 0.897530
259.000 0.781617
260.000 0.728653
261.000 0.942334
262.000 0.961571
263.000 0.902635
264.000 0.881081
265.000 0.810392
266.000 0.785797
267.000 1.062578
268.000 1.292007
269.000 0.804814
270.000 0.714424
271.000 0.677767
272.000 0.668739
273.000 0.847490
274.000 0.963951
275.000 0.938564
276.000 0.922348
277.000 0.549338
278.000 0.451782
279.000 0.646746
280.000 0.775139
281.000 0.814402
282.000 0.832664
283.000 0.899390
284.000 0.911102
285.000 0.811447
286.000 0.775436
287.000 0.665043
288.000 0.620209
289.000 0.719368
290.000 0.791054
291.000 0.748546
292.000 0.706223
293.000 0.708833
294.000 0.712715
295.000 0.573303
296.000 0.711555
297.000 0.414307
298.000 0.601105
299.000 0.601105
300.000 1.070648
301.000 0.754372
302.000 0.915959
303.000 1.087013
304.000 0.503227
305.000 1.360794
306.000 1.199219
307.000 1.199219
308.000 0.929764
309.000 0.758782
310.000 0.587799
311.000 0.445099
312.000 0.468204
313.000 0.492043
314.000 0.425652
315.000 0.425652
316.000 0.423584
317.000 0.421265
318.000 0.457405
319.000 0.373383
320.000 0.373383
321.000 0.549774
322.000 0.638817
323.000 0.795151
324.000 0.560677
325.000 0.560677
326.000 0.560677
327.000 1.237442
328.000 1.261620
329.000 1.122570
330.000 0.857887
331.000 0.756523
332.000 0.567360
333.000 0.631195
334.000 0.712952
335.000 0.844162
336.000 1.100746
337.000 0.957088
338.000 0.850105
339.000 0.970652
340.000 1.003532
341.000 0.988856
342.000 0.956308
343.000 1.016997
344.000 1.182187
345.000 1.247665
346.000 1.247665
347.000 1.337440
348.000 1.558603
349.000 1.584980
350.000 1.485956
351.000 0.894313
352.000 0.653214
353.000 0.871490
354.000 0.871490
355.000 0.891357
356.000 0.891357
357.000 1.258002
358.000 1.549370
359.000 1.370377
