0.000 1.160797
1.000 2.335327
2.000 2.507217
3.000 2.507217
4.000 3.236641
5.000 2.957666
6.000 1.620472
7.000 1.010262
8.000 1.566772
9.000 1.566772
10.000 1.566772
11.000 2.265289
12.000 2.265289
13.000 2.318306
14.000 2.318306
15.000 2.318306
16.000 1.198074
17.000 1.198074
18.000 1.198074
19.000 1.198074
20.000 1.198074
21.000 3.136673
22.000 3.065071
23.000 2.533216
24.000 1.995613
25.000 3.190414
26.000 2.148453
27.000 2.148453
28.000 2.148453
29.000 3.346056
30.000 3.410156
31.000 3.410156
32.000 2.165375
33.000 2.165375
34.000 2.600380
35.000 2.600380
36.000 2.600380
37.000 2.600380
38.000 2.920453
39.000 2.867569
40.000 2.867569
41.000 0.701530
42.000 0.701530
43.000 3.027864
44.000 2.673897
45.000 2.583708
46.000 2.625862
47.000 2.789734
48.000 2.789734
49.000 2.789734
50.000 2.789734
51.000 2.602948
52.000 2.662338
53.000 2.684738
54.000 2.684738
55.000 3.000549
56.000 3.000549
57.000 3.428101
58.000 3.428101
59.000 3.428101
60.000 2.407272
61.000 2.407272
62.000 2.407272
63.000 2.489761
64.000 3.404686
65.000 3.404686
66.000 3.404686
67.000 2.902328
68.000 2.902328
69.000 2.902328
70.000 3.137009
71.000 3.137009
72.000 1.980873
73.000 1.980873
74.000 2.510951
75.000 2.595360
76.000 3.113083
77.000 3.065331
78.000 3.065331
79.000 3.065331
80.000 2.858391
81.000 2.858391
82.000 2.858391
83.000 2.858391
84.000 2.858391
85.000 2.798406
86.000 3.043755
87.000 3.043755
88.000 3.043755
89.000 3.069646
90.000 3.172541
91.000 3.219025
92.000 3.201202
93.000 3.201202
94.000 3.252991
95.000 3.128082
96.000 3.128082
97.000 2.704819
98.000 2.704819
99.000 2.684237
100.000 2.682182
101.000 2.484390
102.000 2.629021
103.000 2.629021
104.000 3.140022
105.000 3.289238
106.000 3.289238
107.000 3.289238
108.000 3.000893
109.000 3.000893
110.000 3.000893
111.000 3.000893
112.000 2.138344
113.000 2.138344
114.000 2.138344
115.000 2.424911
116.000 2.424911
117.000 2.424911
118.000 3.119934
119.000 2.525452
120.000 2.525452
121.000 2.525452
122.000 2.525452
123.000 2.525452
124.000 2.525452
125.000 3.087820
126.000 3.216039
127.000 3.344258
128.000 3.472477
129.000 3.484970
130.000 3.484970
131.000 3.004181
132.000 3.004181
133.000 3.311935
134.000 3.311935
135.000 3.170323
136.000 2.947174
137.000 1.924835
138.000 2.923996
139.000 2.923996
140.000 2.496437
141.000 2.496437
142.000 2.198250
143.000 2.198250
144.000 2.198250
145.000 2.198250
146.000 2.725085
147.000 3.286674
148.000 3.286674
149.000 2.769287
150.000 3.005066
151.000 2.592890
152.000 2.946617
153.000 2.647395
154.000 2.137917
155.000 2.209160
156.000 2.451793
157.000 2.601094
158.000 2.988326
159.000 2.960471
160.000 2.602234
161.000 2.368423
162.000 2.368423
163.000 2.458103
164.000 2.529297
165.000 2.527568
166.000 2.525299
167.000 2.746847
168.000 3.315399
169.000 3.306441
170.000 3.293991
171.000 2.383461
172.000 2.383461
173.000 3.209259
174.000 3.209259
175.000 2.162987
176.000 2.162987
177.000 2.162987
178.000 1.422783
179.000 1.422783
180.000 1.422783
181.000 3.202568
182.000 3.202568
183.000 2.336540
184.000 2.336540
185.000 2.328781
186.000 2.328781
187.000 2.499924
188.000 2.499924
189.000 2.499924
190.000 2.499924
191.000 2.499924
192.000 2.499924
193.000 3.051119
194.000 2.981972
195.000 2.912825
196.000 2.854347
197.000 2.854347
198.000 3.075594
199.000 3.165794
200.000 2.858269
201.000 2.628366
202.000 2.479225
203.000 2.395815
204.000 2.116504
205.000 2.371291
206.000 2.736641
207.000 2.791757
208.000 2.874733
209.000 3.043879
210.000 3.327095
211.000 3.196344
212.000 2.758505
213.000 2.500614
214.000 2.045690
215.000 2.328886
216.000 3.107399
217.000 2.858120
218.000 2.404030
219.000 2.616678
220.000 3.232613
221.000 3.166290
222.000 3.166290
223.000 3.034946
224.000 3.025581
225.000 3.046458
226.000 3.047379
227.000 2.373199
228.000 2.373199
229.000 2.135338
230.000 2.135338
231.000 2.135338
232.000 2.586044
233.000 2.586044
234.000 2.116493
235.000 2.116493
236.000 3.334961
237.000 2.359703
238.000 2.359703
239.000 3.362221
240.000 3.362221
241.000 3.281898
242.000 3.212631
243.000 3.212631
244.000 2.424950
245.000 2.424950
246.000 2.424950
247.000 2.535072
248.000 2.535072
249.000 2.535072
250.000 2.372200
251.000 2.372200
252.000 2.372200
253.000 2.372200
254.000 2.372200
255.000 3.100651
256.000 3.162634
257.000 3.216415
258.000 3.216415
259.000 3.216415
260.000 3.061942
261.000 2.665479
262.000 2.413307
263.000 2.631378
264.000 2.563150
265.000 3.448280
266.000 2.450809
267.000 2.889084
268.000 2.992958
269.000 2.972036
270.000 2.640915
271.000 2.919548
272.000 2.919548
273.000 2.912255
274.000 2.770993
275.000 2.629730
276.000 2.526146
277.000 3.002930
278.000 2.420494
279.000 2.420494
280.000 3.185478
281.000 3.185478
282.000 3.185478
283.000 2.928414
284.000 3.080655
285.000 3.224167
286.000 3.224167
287.000 3.001656
288.000 2.875656
289.000 2.875656
290.000 2.875656
291.000 2.846664
292.000 2.846664
293.000 3.091356
294.000 3.441978
295.000 1.502571
296.000 1.502571
297.000 2.347739
298.000 2.995323
299.000 2.995323
300.000 2.840637
301.000 2.840637
302.000 3.073753
303.000 3.073753
304.000 3.537490
305.000 3.664772
306.000 2.989700
307.000 2.989700
308.000 2.989700
309.000 2.398911
310.000 2.398911
311.000 2.961105
312.000 2.803658
313.000 2.803658
314.000 3.167725
315.000 3.167725
316.000 3.298615
317.000 3.318540
318.000 3.428940
319.000 3.428940
320.000 2.602493
321.000 2.602493
322.000 1.880203
323.000 1.880203
324.000 2.440964
325.000 1.203842
326.000 1.203842
327.000 1.203842
328.000 1.203842
329.000 1.203842
330.000 2.765747
331.000 2.765747
332.000 2.774972
333.000 3.100418
334.000 3.100418
335.000 3.100418
336.000 2.830703
337.000 2.484581
338.000 2.484581
339.000 2.404116
340.000 2.325264
341.000 2.901794
342.000 2.901794
343.000 2.814444
344.000 2.797997
345.000 2.909950
346.000 1.989792
347.000 1.989792
348.000 3.168915
349.000 3.201604
350.000 3.409653
351.000 3.222298
352.000 2.528931
353.000 2.623848
354.000 2.623848
355.000 2.253983
356.000 2.253983
357.000 2.438933
358.000 3.056396
359.000 3.079756
