0.000 0.105026
1.000 0.105026
2.000 0.105026
3.000 0.929413
4.000 1.769928
5.000 1.765022
6.000 1.765022
7.000 1.948853
8.000 1.790382
9.000 1.844894
10.000 1.844894
11.000 1.528236
12.000 1.528236
13.000 1.796159
14.000 1.950798
15.000 1.936445
16.000 1.817070
17.000 1.660713
18.000 1.806313
19.000 1.622841
20.000 1.587983
21.000 1.556480
22.000 1.563683
23.000 1.563683
24.000 1.607964
25.000 1.484077
26.000 1.484077
27.000 1.469537
28.000 1.454811
29.000 1.605339
30.000 1.605339
31.000 1.550011
32.000 1.621056
33.000 1.621056
34.000 1.639595
35.000 1.639595
36.000 1.677551
37.000 1.556908
38.000 1.556908
39.000 1.847038
40.000 1.847038
41.000 1.723328
42.000 1.723328
43.000 1.723328
44.000 1.906471
45.000 1.917702
46.000 1.917702
47.000 2.109840
48.000 2.109840
49.000 2.069252
50.000 2.069252
51.000 1.952333
52.000 1.796677
53.000 1.796677
54.000 1.988358
55.000 2.011192
56.000 2.011192
57.000 1.895279
58.000 1.895279
59.000 1.897766
60.000 1.897766
61.000 1.890823
62.000 1.773506
63.000 1.500679
64.000 1.500679
65.000 1.576874
66.000 1.629637
67.000 1.788017
68.000 1.648132
69.000 1.648132
70.000 1.490123
71.000 1.356918
72.000 1.356918
73.000 1.692909
74.000 1.798889
75.000 1.798889
76.000 1.697342
77.000 1.697342
78.000 1.697342
79.000 2.240028
80.000 2.240028
81.000 2.472908
82.000 2.472908
83.000 2.355638
84.000 2.189857
85.000 2.527962
86.000 2.527962
87.000 2.255058
88.000 2.740990
89.000 2.855682
90.000 2.855682
91.000 2.796394
92.000 2.796394
93.000 2.541288
94.000 2.343742
95.000 2.343742
96.000 2.293236
97.000 2.293236
98.000 2.293236
99.000 2.359291
100.000 2.359291
101.000 2.359291
102.000 2.467491
103.000 2.467491
104.000 2.392488
105.000 2.375717
106.000 2.375717
107.000 2.410789
108.000 2.410789
109.000 2.366814
110.000 2.366814
111.000 2.308731
112.000 2.308731
113.000 2.331139
114.000 2.331139
115.000 2.798813
116.000 2.798813
117.000 2.139229
118.000 2.139229
119.000 2.318307
120.000 2.710754
121.000 2.416748
122.000 2.416748
123.000 2.481978
124.000 2.553452
125.000 2.340851
126.000 2.340851
127.000 2.385834
128.000 2.385834
129.000 2.461372
130.000 2.461372
131.000 1.927162
132.000 1.927162
133.000 2.184274
134.000 2.360947
135.000 2.360947
136.000 2.184235
137.000 2.184235
138.000 2.269218
139.000 2.347771
140.000 2.280533
141.000 2.280533
142.000 2.513542
143.000 2.513542
144.000 2.367020
145.000 2.367020
146.000 2.294037
147.000 2.294037
148.000 2.323631
149.000 2.323631
150.000 2.437981
151.000 2.437981
152.000 2.700417
153.000 2.700417
154.000 2.287544
155.000 2.287544
156.000 2.413551
157.000 2.413551
158.000 2.413551
159.000 2.693237
160.000 2.693237
161.000 2.214813
162.000 2.214813
163.000 2.470871
164.000 2.470871
165.000 2.653748
166.000 2.653748
167.000 2.643898
168.000 2.643898
169.000 2.048965
170.000 2.048965
171.000 2.150978
172.000 2.150978
173.000 1.877243
174.000 1.877243
175.000 1.933703
176.000 2.163765
177.000 2.163765
178.000 1.964645
179.000 1.964645
180.000 1.391655
181.000 1.391655
182.000 2.233582
183.000 2.072998
184.000 1.233955
185.000 1.233955
186.000 2.065567
187.000 2.065567
188.000 1.967598
189.000 1.967598
190.000 1.967598
191.000 1.983879
192.000 1.983879
193.000 1.945902
194.000 1.892418
195.000 1.892418
196.000 2.155510
197.000 2.020645
198.000 2.020645
199.000 1.334930
200.000 2.267647
201.000 1.123459
202.000 1.123459
203.000 1.729719
204.000 2.477661
205.000 2.421247
206.000 1.714151
207.000 1.558472
208.000 0.376541
209.000 0.376541
210.000 0.376541
211.000 0.376541
212.000 0.376541
213.000 2.004379
214.000 1.658463
215.000 1.658463
216.000 1.658463
217.000 1.746681
218.000 1.843753
219.000 1.894043
220.000 1.894043
221.000 0.869179
222.000 0.981010
223.000 0.981010
224.000 0.894897
225.000 0.851418
226.000 0.851418
227.000 1.261436
228.000 0.971031
229.000 0.971031
230.000 1.954933
231.000 1.954933
232.000 0.955780
233.000 0.955780
234.000 1.871689
235.000 1.871689
236.000 1.871689
237.000 1.849244
238.000 1.836845
239.000 1.836845
240.000 1.077003
241.000 1.077003
242.000 0.962494
243.000 0.962494
244.000 0.900002
245.000 0.900002
246.000 1.966438
247.000 1.966438
248.000 0.887268
249.000 0.887268
250.000 1.007164
251.000 1.007164
252.000 1.057930
253.000 1.057930
254.000 1.940315
255.000 1.179695
256.000 1.179695
257.000 2.024490
258.000 2.024490
259.000 1.006676
260.000 1.006676
261.000 2.029869
262.000 2.267723
263.000 2.068169
264.000 2.068169
265.000 1.637482
266.000 1.637482
267.000 1.980431
268.000 1.980431
269.000 1.980431
270.000 1.716335
271.000 1.573044
272.000 1.573044
273.000 0.851570
274.000 0.851570
275.000 0.851570
276.000 1.215541
277.000 1.240952
278.000 1.117119
279.000 1.117119
280.000 1.048828
281.000 1.048828
282.000 0.674805
283.000 0.674805
284.000 0.674805
285.000 0.674805
286.000 0.608971
287.000 0.608971
288.000 0.813271
289.000 0.813271
290.000 0.941704
291.000 0.994576
292.000 0.994576
293.000 1.039925
294.000 1.039925
295.000 1.039925
296.000 1.633095
297.000 1.679357
298.000 2.015762
299.000 1.569031
300.000 1.569031
301.000 2.172256
302.000 2.172256
303.000 1.329491
304.000 1.329491
305.000 0.892006
306.000 0.892006
307.000 1.609932
308.000 1.609932
309.000 1.730003
310.000 1.730003
311.000 0.814018
312.000 0.814018
313.000 0.814018
314.000 0.814018
315.000 0.814018
316.000 1.437431
317.000 1.437431
318.000 1.524751
319.000 1.923065
320.000 1.923065
321.000 1.755173
322.000 1.755173
323.000 2.491814
324.000 0.944901
325.000 0.944901
326.000 1.371803
327.000 1.878494
328.000 1.878494
329.000 1.588112
330.000 1.588112
331.000 1.477432
332.000 1.477432
333.000 1.593944
334.000 1.917725
335.000 1.980446
336.000 1.980446
337.000 1.980378
338.000 1.980247
339.000 2.281425
340.000 2.281425
341.000 1.997688
342.000 1.821274
343.000 1.821274
344.000 2.031410
345.000 2.031410
346.000 2.072517
347.000 2.072517
348.000 2.072517
349.000 2.060334
350.000 2.043953
351.000 2.043953
352.000 2.043953
353.000 2.103851
354.000 2.103851
355.000 2.072609
356.000 2.072609
357.000 2.027044
358.000 1.965500
359.000 2.304047
