0.000 0.146614
1.000 0.146614
2.000 1.019562
3.000 1.594185
4.000 2.526588
5.000 2.391533
6.000 2.380426
7.000 2.359846
8.000 2.362655
9.000 2.371004
10.000 2.312456
11.000 2.204735
12.000 2.091436
13.000 1.882290
14.000 2.051743
15.000 2.460973
16.000 2.607450
17.000 2.598223
18.000 2.556805
19.000 2.493721
20.000 2.472213
21.000 2.432944
22.000 2.406109
23.000 2.364392
24.000 2.416755
25.000 2.521707
26.000 2.538187
27.000 2.509615
28.000 2.291504
29.000 1.905950
30.000 1.816378
31.000 2.094330
32.000 2.216718
33.000 2.441811
34.000 2.369110
35.000 2.020264
36.000 1.975980
37.000 1.862061
38.000 1.867723
39.000 1.887000
40.000 1.919715
41.000 2.007105
42.000 1.991971
43.000 1.958481
44.000 1.997068
45.000 2.127110
46.000 2.081050
47.000 1.997856
48.000 1.997856
49.000 1.997856
50.000 1.954704
51.000 1.954704
52.000 1.954704
53.000 1.895065
54.000 1.895065
55.000 1.895065
56.000 1.893659
57.000 1.889336
58.000 1.889336
59.000 1.959618
60.000 1.959618
61.000 1.959618
62.000 2.069439
63.000 2.173256
64.000 2.173256
65.000 2.120071
66.000 2.025070
67.000 2.161713
68.000 2.161713
69.000 2.136805
70.000 2.015730
71.000 1.977631
72.000 1.977631
73.000 1.737312
74.000 1.737312
75.000 2.060616
76.000 2.060616
77.000 2.045410
78.000 2.054792
79.000 2.166451
80.000 2.166451
81.000 2.166451
82.000 2.079478
83.000 2.037621
84.000 2.037621
85.000 1.901375
86.000 1.302139
87.000 1.302139
88.000 1.302139
89.000 1.302139
90.000 2.185509
91.000 2.185509
92.000 2.122633
93.000 2.107697
94.000 1.944229
95.000 1.944229
96.000 1.999321
97.000 2.094352
98.000 2.105774
99.000 1.853790
100.000 1.879997
101.000 1.879997
102.000 2.054985
103.000 2.054985
104.000 2.054985
105.000 2.203201
106.000 2.203201
107.000 2.203201
108.000 2.159073
109.000 2.159073
110.000 2.043671
111.000 1.875084
112.000 1.875084
113.000 2.093445
114.000 2.093445
115.000 1.961136
116.000 1.961136
117.000 2.074478
118.000 2.074478
119.000 1.986946
120.000 1.986946
121.000 2.127357
122.000 2.127357
123.000 1.964798
124.000 1.964798
125.000 2.037331
126.000 2.062927
127.000 2.062927
128.000 1.974174
129.000 1.975688
130.000 2.128441
131.000 2.128441
132.000 2.241607
133.000 2.249260
134.000 2.412666
135.000 2.466019
136.000 2.309444
137.000 2.046913
138.000 2.045664
139.000 2.043304
140.000 2.150642
141.000 2.150642
142.000 2.360535
143.000 2.360535
144.000 2.384277
145.000 2.182938
146.000 2.182938
147.000 2.182938
148.000 2.304858
149.000 2.343156
150.000 2.381454
151.000 2.402412
152.000 2.402412
153.000 2.196518
154.000 2.196518
155.000 2.210644
156.000 2.250355
157.000 2.281799
158.000 2.281799
159.000 2.041362
160.000 1.654068
161.000 2.213219
162.000 2.236438
163.000 2.253326
164.000 2.426971
165.000 2.031876
166.000 2.031876
167.000 2.021172
168.000 1.977371
169.000 1.977371
170.000 1.977371
171.000 2.216751
172.000 2.216751
173.000 2.079216
174.000 2.079216
175.000 2.079216
176.000 2.079180
177.000 2.040512
178.000 2.040512
179.000 2.040512
180.000 2.145836
181.000 2.145836
182.000 2.145836
183.000 2.063782
184.000 1.981888
185.000 1.981888
186.000 1.834663
187.000 1.834663
188.000 1.852173
189.000 1.852173
190.000 2.058538
191.000 2.145943
192.000 2.145943
193.000 2.145943
194.000 2.409216
195.000 2.507927
196.000 2.507927
197.000 2.096252
198.000 2.096252
199.000 2.096252
200.000 2.081220
201.000 1.874908
202.000 1.874908
203.000 1.874908
204.000 2.176300
205.000 2.176300
206.000 2.135115
207.000 2.032990
208.000 2.032990
209.000 2.032990
210.000 2.030527
211.000 2.029099
212.000 2.175827
213.000 2.175827
214.000 2.144257
215.000 2.144257
216.000 2.072038
217.000 2.052452
218.000 2.052452
219.000 1.962785
220.000 1.877998
221.000 1.877998
222.000 2.114296
223.000 2.113938
224.000 2.053040
225.000 2.053040
226.000 2.053040
227.000 2.053150
228.000 2.053169
229.000 2.084735
230.000 2.086517
231.000 2.154587
232.000 2.154587
233.000 2.154587
234.000 2.003227
235.000 1.940957
236.000 1.878687
237.000 1.875145
238.000 2.063766
239.000 2.063766
240.000 2.063766
241.000 1.997106
242.000 1.988258
243.000 2.067688
244.000 2.067688
245.000 2.033956
246.000 1.834029
247.000 1.815262
248.000 2.089294
249.000 2.089294
250.000 1.969650
251.000 1.987785
252.000 2.079239
253.000 2.079239
254.000 2.079239
255.000 2.023481
256.000 2.011963
257.000 2.023929
258.000 2.150482
259.000 2.150482
260.000 2.122803
261.000 2.202858
262.000 2.202858
263.000 2.160885
264.000 2.128998
265.000 2.128998
266.000 2.124146
267.000 2.124146
268.000 2.124146
269.000 2.141184
270.000 2.121109
271.000 2.093620
272.000 2.093620
273.000 1.904778
274.000 1.904778
275.000 2.073082
276.000 2.280411
277.000 2.275948
278.000 2.275948
279.000 2.275948
280.000 2.318619
281.000 2.318619
282.000 2.322332
283.000 2.351761
284.000 2.351761
285.000 2.308693
286.000 2.308693
287.000 2.450554
288.000 2.450554
289.000 2.450554
290.000 2.364997
291.000 2.297478
292.000 2.284592
293.000 2.529533
294.000 2.529533
295.000 2.117859
296.000 2.117859
297.000 2.343674
298.000 2.343674
299.000 2.295662
300.000 2.295662
301.000 2.288612
302.000 2.288612
303.000 2.312215
304.000 2.480003
305.000 2.480003
306.000 2.480003
307.000 2.411597
308.000 2.358680
309.000 2.305764
310.000 2.283043
311.000 2.521301
312.000 2.525230
313.000 2.230141
314.000 2.230141
315.000 2.316522
316.000 2.391708
317.000 2.391708
318.000 2.502584
319.000 2.499229
320.000 2.499229
321.000 2.448177
322.000 2.410164
323.000 2.435066
324.000 2.495422
325.000 2.495422
326.000 2.450249
327.000 2.450249
328.000 2.525932
329.000 2.525932
330.000 2.525932
331.000 2.437237
332.000 2.210503
333.000 2.210503
334.000 2.210503
335.000 2.249205
336.000 2.526688
337.000 2.526688
338.000 2.208557
339.000 2.208557
340.000 2.208557
341.000 2.212891
342.000 2.212891
343.000 2.212891
344.000 2.266111
345.000 2.613373
346.000 2.613373
347.000 2.613373
348.000 2.613373
349.000 2.252048
350.000 2.320473
351.000 2.320473
352.000 2.284173
353.000 2.141121
354.000 2.424599
355.000 2.424599
356.000 2.466339
357.000 2.483543
358.000 2.500877
359.000 2.500877
