0.000 0.900276
1.000 0.558189
2.000 0.514313
3.000 0.578170
4.000 0.929520
5.000 0.506996
6.000 0.421169
7.000 0.335343
8.000 0.288361
9.000 0.288361
10.000 0.640755
11.000 0.327675
12.000 0.327675
13.000 0.235336
14.000 0.286084
15.000 0.864067
16.000 0.779924
17.000 0.624403
18.000 0.468883
19.000 0.390236
20.000 0.434715
21.000 0.289902
22.000 0.353920
23.000 0.932091
24.000 1.544220
25.000 1.522904
26.000 1.455026
27.000 1.387149
28.000 1.319272
29.000 1.251395
30.000 1.183518
31.000 1.708832
32.000 0.609497
33.000 0.915230
34.000 0.850174
35.000 1.433853
36.000 1.331961
37.000 1.182568
38.000 1.033176
39.000 0.883783
40.000 0.872871
41.000 0.357948
42.000 1.553017
43.000 1.492783
44.000 1.492783
45.000 1.612796
46.000 1.750893
47.000 1.888991
48.000 2.014771
49.000 2.014771
50.000 1.994597
51.000 1.647044
52.000 1.299491
53.000 0.951937
54.000 0.700470
55.000 0.700470
56.000 0.556988
57.000 0.445229
58.000 0.317513
59.000 0.317513
60.000 1.006172
61.000 1.006172
62.000 1.006172
63.000 0.553444
64.000 0.553444
65.000 0.553444
66.000 0.770487
67.000 1.049805
68.000 1.329124
69.000 1.608442
70.000 1.849098
71.000 0.950439
72.000 0.621117
73.000 0.449587
74.000 0.151146
75.000 0.151146
76.000 0.151146
77.000 0.156770
78.000 0.247418
79.000 0.286568
80.000 1.279366
81.000 1.116699
82.000 0.606192
83.000 0.560051
84.000 0.560051
85.000 0.560051
86.000 0.960700
87.000 0.736312
88.000 0.511924
89.000 0.457298
90.000 0.457298
91.000 0.424606
92.000 0.424606
93.000 0.424606
94.000 0.424606
95.000 1.575102
96.000 1.415022
97.000 1.254941
98.000 1.094861
99.000 1.038338
100.000 1.038338
101.000 0.983673
102.000 0.983673
103.000 2.367950
104.000 0.370293
105.000 0.370293
106.000 0.370293
107.000 0.370293
108.000 0.994262
109.000 0.895468
110.000 0.796675
111.000 0.788231
112.000 0.743637
113.000 0.743637
114.000 0.743637
115.000 0.322768
116.000 0.243969
117.000 0.199425
118.000 0.199425
119.000 0.199425
120.000 0.199425
121.000 0.199425
122.000 0.199425
123.000 0.199425
124.000 0.199425
125.000 0.199425
126.000 0.199425
127.000 0.199425
128.000 1.423283
129.000 1.676866
130.000 1.846214
131.000 1.846214
132.000 0.654968
133.000 0.654968
134.000 0.654968
135.000 0.654968
136.000 1.954684
137.000 1.885586
138.000 1.816489
139.000 1.747391
140.000 1.681717
141.000 1.183769
142.000 0.236244
143.000 0.236244
144.000 0.236244
145.000 0.236244
146.000 0.236244
147.000 0.236244
148.000 0.236244
149.000 0.812227
150.000 0.722252
151.000 0.722252
152.000 0.722252
153.000 1.511566
154.000 1.511566
155.000 1.410304
156.000 1.260073
157.000 1.109842
158.000 0.959611
159.000 0.809379
160.000 0.659148
161.000 0.594574
162.000 0.594574
163.000 0.594574
164.000 1.243393
165.000 1.243393
166.000 1.204491
167.000 1.090089
168.000 0.975686
169.000 0.861284
170.000 0.746882
171.000 0.662582
172.000 0.902756
173.000 0.902756
174.000 0.912491
175.000 0.912491
176.000 0.317642
177.000 0.317642
178.000 0.317642
179.000 0.408951
180.000 0.408951
181.000 0.610756
182.000 1.487198
183.000 0.232796
184.000 0.232796
185.000 0.232796
186.000 0.232796
187.000 0.585583
188.000 0.569107
189.000 0.569107
190.000 0.569107
191.000 1.089899
192.000 1.649910
193.000 1.217072
194.000 0.446762
195.000 0.446762
196.000 0.446762
197.000 0.597893
198.000 0.597893
199.000 0.597893
200.000 0.597893
201.000 1.314013
202.000 1.600126
203.000 1.886240
204.000 1.935753
205.000 0.795097
206.000 0.795097
207.000 0.831575
208.000 0.864056
209.000 0.896537
210.000 0.900185
211.000 2.004959
212.000 2.004959
213.000 1.081027
214.000 0.847564
215.000 0.614101
216.000 0.380638
217.000 0.243355
218.000 0.243355
219.000 0.243355
220.000 0.243355
221.000 0.243355
222.000 0.243355
223.000 0.243355
224.000 0.504250
225.000 0.504250
226.000 1.208180
227.000 1.146631
228.000 1.085082
229.000 1.026085
230.000 1.420692
231.000 0.550285
232.000 0.550285
233.000 0.550285
234.000 0.550285
235.000 0.550285
236.000 1.813211
237.000 1.927159
238.000 2.041107
239.000 2.155055
240.000 2.269003
241.000 2.382951
242.000 1.174644
243.000 1.470252
244.000 1.013206
245.000 1.155148
246.000 0.992310
247.000 0.893646
248.000 0.893646
249.000 0.893646
250.000 0.777473
251.000 0.777473
252.000 0.777473
253.000 0.777473
254.000 0.790579
255.000 0.342619
256.000 0.322128
257.000 0.322128
258.000 0.322128
259.000 0.322128
260.000 0.805153
261.000 1.839508
262.000 1.978317
263.000 1.730492
264.000 2.382111
265.000 0.396808
266.000 0.313484
267.000 0.313484
268.000 0.313484
269.000 0.627388
270.000 0.627388
271.000 0.507195
272.000 0.507195
273.000 0.507195
274.000 0.507195
275.000 1.412214
276.000 1.317346
277.000 1.222477
278.000 1.127609
279.000 1.032740
280.000 0.937872
281.000 0.908218
282.000 0.874001
283.000 0.874001
284.000 0.874001
285.000 1.680950
286.000 1.556481
287.000 1.432012
288.000 1.307542
289.000 1.183073
290.000 1.058604
291.000 0.934134
292.000 0.933899
293.000 0.933899
294.000 0.663558
295.000 0.479241
296.000 0.294925
297.000 0.268028
298.000 0.268028
299.000 0.477524
300.000 0.730125
301.000 1.861168
302.000 1.861168
303.000 1.025520
304.000 1.025520
305.000 1.314201
306.000 1.240542
307.000 1.166883
308.000 1.093224
309.000 1.019565
310.000 0.945906
311.000 0.903694
312.000 0.903694
313.000 0.903694
314.000 2.109962
315.000 2.109962
316.000 1.913967
317.000 1.683937
318.000 1.453907
319.000 1.223877
320.000 0.993847
321.000 0.763818
322.000 0.533788
323.000 0.303758
324.000 0.146767
325.000 0.146767
326.000 0.146767
327.000 0.146767
328.000 0.146767
329.000 0.854782
330.000 0.704689
331.000 0.911659
332.000 1.467377
333.000 1.905764
334.000 1.938713
335.000 1.694248
336.000 1.277814
337.000 0.861380
338.000 0.645767
339.000 0.645767
340.000 1.240978
341.000 1.420830
342.000 1.185655
343.000 1.187248
344.000 1.184720
345.000 0.810463
346.000 0.846499
347.000 1.233801
348.000 1.621102
349.000 2.008404
350.000 1.966347
351.000 0.778755
352.000 1.224525
353.000 1.467033
354.000 1.467033
355.000 1.365030
356.000 1.205910
357.000 1.046790
358.000 0.903549
359.000 0.903549
