0.000 0.772621
1.000 1.840149
2.000 1.591988
3.000 1.822365
4.000 1.802748
5.000 1.819122
6.000 1.794464
7.000 1.717323
8.000 1.785301
9.000 1.785301
10.000 1.856377
11.000 1.856377
12.000 1.770233
13.000 1.770233
14.000 1.812302
15.000 1.812302
16.000 1.748088
17.000 1.807884
18.000 1.807884
19.000 1.798392
20.000 1.754706
21.000 1.743690
22.000 1.731483
23.000 1.731483
24.000 1.731483
25.000 1.770073
26.000 1.770073
27.000 1.663307
28.000 1.663307
29.000 1.663307
30.000 1.822891
31.000 1.822891
32.000 1.822891
33.000 1.649529
34.000 1.649529
35.000 1.797081
36.000 1.797081
37.000 1.797081
38.000 1.803650
39.000 1.803650
40.000 1.804621
41.000 1.810448
42.000 1.810448
43.000 1.800850
44.000 1.805855
45.000 1.805855
46.000 1.744041
47.000 1.744041
48.000 1.761724
49.000 1.834991
50.000 1.834991
51.000 1.688049
52.000 1.843880
53.000 1.843880
54.000 1.801922
55.000 1.712662
56.000 1.712662
57.000 1.799736
58.000 1.799736
59.000 1.821686
60.000 1.821686
61.000 1.835678
62.000 1.835678
63.000 1.674278
64.000 1.674278
65.000 1.794144
66.000 1.794144
67.000 1.821849
68.000 1.833313
69.000 1.785077
70.000 1.755264
71.000 1.815269
72.000 1.815269
73.000 1.815269
74.000 1.815269
75.000 1.832874
76.000 1.833561
77.000 1.833809
78.000 1.833809
79.000 1.796660
80.000 1.794266
81.000 1.809647
82.000 1.809647
83.000 1.794533
84.000 1.778130
85.000 1.778130
86.000 1.825012
87.000 1.739395
88.000 1.732857
89.000 1.732857
90.000 1.839668
91.000 1.839668
92.000 1.839668
93.000 1.743950
94.000 1.743950
95.000 1.743173
96.000 1.720840
97.000 1.720840
98.000 1.798721
99.000 1.798721
100.000 1.774948
101.000 1.774948
102.000 1.688553
103.000 1.688553
104.000 1.847092
105.000 1.847092
106.000 1.842367
107.000 1.794327
108.000 1.794327
109.000 1.794327
110.000 1.739906
111.000 1.739906
112.000 1.831001
113.000 1.831001
114.000 1.792664
115.000 1.792664
116.000 1.512718
117.000 1.848335
118.000 1.848335
119.000 1.643311
120.000 1.785202
121.000 1.785202
122.000 1.716606
123.000 1.716606
124.000 1.790161
125.000 1.789734
126.000 1.789734
127.000 1.735680
128.000 1.822166
129.000 1.822166
130.000 1.822166
131.000 1.753677
132.000 1.753677
133.000 1.753677
134.000 1.783027
135.000 1.789589
136.000 1.789589
137.000 1.722900
138.000 1.722900
139.000 1.640750
140.000 1.523440
141.000 1.498688
142.000 1.750267
143.000 1.750267
144.000 1.779770
145.000 1.779770
146.000 1.796077
147.000 1.799690
148.000 1.799690
149.000 1.798302
150.000 1.798302
151.000 1.731537
152.000 1.731537
153.000 1.801773
154.000 1.801773
155.000 1.801773
156.000 1.762344
157.000 1.762344
158.000 1.772881
159.000 1.774475
160.000 1.796883
161.000 1.796883
162.000 1.780975
163.000 1.773158
164.000 1.702232
165.000 1.702232
166.000 1.856636
167.000 1.856636
168.000 1.655685
169.000 1.655685
170.000 1.722298
171.000 1.722298
172.000 1.792209
173.000 1.799706
174.000 1.717461
175.000 1.774697
176.000 1.815720
177.000 1.815720
178.000 1.727608
179.000 1.727608
180.000 1.727608
181.000 1.735164
182.000 1.747185
183.000 1.747185
184.000 1.842567
185.000 1.850243
186.000 1.850243
187.000 1.822762
188.000 1.822762
189.000 1.725372
190.000 1.725372
191.000 1.810860
192.000 1.810860
193.000 1.810191
194.000 1.804718
195.000 1.804718
196.000 1.826236
197.000 1.836456
198.000 1.818993
199.000 1.818993
200.000 1.785204
201.000 1.782082
202.000 1.782082
203.000 1.784121
204.000 1.789192
205.000 1.789192
206.000 1.356201
207.000 1.356201
208.000 1.646904
209.000 1.646904
210.000 1.726501
211.000 1.726501
212.000 1.798187
213.000 1.798187
214.000 1.835884
215.000 1.793610
216.000 1.793610
217.000 1.793610
218.000 1.767797
219.000 1.752380
220.000 1.752380
221.000 1.752380
222.000 1.825447
223.000 1.825447
224.000 1.829132
225.000 1.829132
226.000 1.833301
227.000 1.837135
228.000 1.837135
229.000 1.824020
230.000 1.824020
231.000 1.824020
232.000 1.820503
233.000 1.820503
234.000 1.731812
235.000 1.730213
236.000 1.697723
237.000 1.697723
238.000 1.816551
239.000 1.816551
240.000 1.808319
241.000 1.796668
242.000 1.789413
243.000 1.789413
244.000 1.751007
245.000 1.751007
246.000 1.745346
247.000 1.745346
248.000 1.804047
249.000 1.819038
250.000 1.819038
251.000 1.744972
252.000 1.744972
253.000 1.842964
254.000 1.651566
255.000 1.651566
256.000 1.651566
257.000 1.786850
258.000 1.786850
259.000 1.683319
260.000 1.683319
261.000 1.727348
262.000 1.727348
263.000 1.801363
264.000 1.804764
265.000 1.808124
266.000 1.822891
267.000 1.778191
268.000 1.778191
269.000 1.796493
270.000 1.831619
271.000 1.831619
272.000 1.827995
273.000 1.813347
274.000 1.813347
275.000 1.834969
276.000 1.833994
277.000 1.826164
278.000 1.845695
279.000 1.845695
280.000 1.844919
281.000 1.842613
282.000 1.846377
283.000 1.860390
284.000 1.705017
285.000 1.705017
286.000 1.694550
287.000 1.694550
288.000 1.783348
289.000 1.783348
290.000 1.646332
291.000 1.646332
292.000 1.646332
293.000 1.798168
294.000 1.785721
295.000 1.785721
296.000 1.785721
297.000 1.827232
298.000 1.827232
299.000 1.725922
300.000 1.725922
301.000 1.725510
302.000 1.725510
303.000 1.781471
304.000 1.781471
305.000 1.923325
306.000 1.726913
307.000 1.726913
308.000 1.802635
309.000 1.802635
310.000 1.802635
311.000 1.724678
312.000 1.724678
313.000 1.750434
314.000 1.791691
315.000 1.798866
316.000 1.804131
317.000 1.802826
318.000 1.782776
319.000 1.795294
320.000 1.844070
321.000 1.655502
322.000 1.655502
323.000 1.827560
324.000 1.829124
325.000 1.736893
326.000 1.738613
327.000 1.741890
328.000 1.717041
329.000 1.825844
330.000 1.826218
331.000 1.890930
332.000 1.783447
333.000 1.783447
334.000 1.797432
335.000 1.797432
336.000 1.797432
337.000 1.807175
338.000 1.807175
339.000 1.807175
340.000 1.820320
341.000 1.820320
342.000 1.820320
343.000 1.806507
344.000 1.739868
345.000 1.693024
346.000 1.837242
347.000 1.837242
348.000 1.837242
349.000 1.860275
350.000 1.860275
351.000 1.860275
352.000 1.860275
353.000 1.789799
354.000 1.814505
355.000 1.822281
356.000 1.822281
357.000 1.814445
358.000 1.814445
359.000 1.814445
