0.000 0.203049
1.000 0.203049
2.000 0.203049
3.000 0.203049
4.000 0.203049
5.000 0.203049
6.000 0.203049
7.000 0.203049
8.000 1.568243
9.000 2.703590
10.000 2.412773
11.000 2.772697
12.000 2.603638
13.000 2.794769
14.000 2.606255
15.000 2.606255
16.000 2.718158
17.000 2.664268
18.000 2.620712
19.000 2.649429
20.000 2.651009
21.000 2.728172
22.000 2.726613
23.000 2.718300
24.000 2.553062
25.000 2.482765
26.000 2.482765
27.000 2.556142
28.000 2.693398
29.000 2.693398
30.000 2.289726
31.000 2.289726
32.000 2.686096
33.000 2.686096
34.000 2.686096
35.000 2.670311
36.000 2.670311
37.000 2.665605
38.000 2.635498
39.000 2.635498
40.000 2.657516
41.000 2.657516
42.000 2.657692
43.000 2.657692
44.000 2.657692
45.000 2.695244
46.000 2.704475
47.000 2.704475
48.000 2.704475
49.000 2.703694
50.000 2.700328
51.000 2.698524
52.000 2.698524
53.000 2.738593
54.000 2.755447
55.000 2.715553
56.000 2.715553
57.000 2.292168
58.000 2.641022
59.000 2.641022
60.000 2.616028
61.000 2.616028
62.000 2.713211
63.000 2.713211
64.000 2.713211
65.000 2.692198
66.000 2.686615
67.000 2.802856
68.000 2.802856
69.000 2.791267
70.000 2.782608
71.000 2.750237
72.000 2.750237
73.000 2.593475
74.000 2.593475
75.000 2.644661
76.000 2.644661
77.000 2.646920
78.000 2.648178
79.000 2.648178
80.000 2.667542
81.000 2.667542
82.000 2.720444
83.000 2.720444
84.000 2.705738
85.000 2.683289
86.000 2.586754
87.000 2.586914
88.000 2.586914
89.000 2.688080
90.000 2.727768
91.000 2.727768
92.000 2.727768
93.000 2.679841
94.000 2.648605
95.000 2.647803
96.000 2.594284
97.000 2.594284
98.000 2.625236
99.000 2.605789
100.000 2.678085
101.000 2.678085
102.000 2.723676
103.000 2.729462
104.000 2.743389
105.000 2.749123
106.000 2.640106
107.000 2.640106
108.000 2.652971
109.000 2.681998
110.000 2.690239
111.000 2.720711
112.000 2.764908
113.000 2.764908
114.000 2.653656
115.000 2.129323
116.000 1.991096
117.000 1.991096
118.000 2.418239
119.000 2.659851
120.000 2.659851
121.000 2.765218
122.000 2.775146
123.000 2.775146
124.000 2.662956
125.000 2.662956
126.000 2.674880
127.000 2.679970
128.000 2.679970
129.000 2.704197
130.000 2.715103
131.000 2.710449
132.000 2.564766
133.000 2.739555
134.000 2.739555
135.000 2.766182
136.000 2.766182
137.000 2.316747
138.000 1.853496
139.000 1.390246
140.000 0.926995
141.000 0.843147
142.000 0.848999
143.000 1.743645
144.000 1.352017
145.000 1.269369
146.000 1.357265
147.000 1.349181
148.000 1.351181
149.000 1.364817
150.000 1.393544
151.000 1.352932
152.000 1.260394
153.000 1.231103
154.000 1.191484
155.000 1.128131
156.000 1.013541
157.000 1.035012
158.000 1.140537
159.000 1.169679
160.000 1.179056
161.000 1.155197
162.000 1.095482
163.000 1.070450
164.000 1.070450
165.000 1.054273
166.000 1.019044
167.000 1.063689
168.000 1.183566
169.000 1.109006
170.000 0.863575
171.000 0.861978
172.000 1.008661
173.000 0.979086
174.000 0.815224
175.000 0.877350
176.000 1.012945
177.000 1.045494
178.000 1.101778
179.000 1.064662
180.000 0.960536
181.000 0.992213
182.000 1.060234
183.000 1.089551
184.000 1.153398
185.000 1.170263
186.000 1.189800
187.000 1.133198
188.000 1.005254
189.000 1.012201
190.000 1.034302
191.000 1.034172
192.000 1.033890
193.000 1.083169
194.000 1.160919
195.000 1.225408
196.000 1.286934
197.000 1.266891
198.000 1.237396
199.000 1.058083
200.000 1.058083
201.000 1.233263
202.000 1.272949
203.000 1.476364
204.000 1.476364
205.000 1.486298
206.000 1.486298
207.000 1.655174
208.000 1.655174
209.000 1.520195
210.000 1.520195
211.000 1.532165
212.000 1.964203
213.000 1.964203
214.000 1.978188
215.000 1.978188
216.000 1.978188
217.000 2.186729
218.000 2.186729
219.000 2.157870
220.000 2.075302
221.000 2.075302
222.000 2.004677
223.000 2.004677
224.000 2.004677
225.000 2.008209
226.000 2.008209
227.000 2.008209
228.000 1.869507
229.000 1.869507
230.000 1.869507
231.000 2.022926
232.000 2.022926
233.000 2.022926
234.000 2.053528
235.000 2.053528
236.000 2.053528
237.000 1.974718
238.000 1.943947
239.000 1.943947
240.000 1.875565
241.000 1.875565
242.000 1.871887
243.000 1.871887
244.000 0.346657
245.000 0.346657
246.000 0.346657
247.000 0.346657
248.000 0.346657
249.000 0.346657
250.000 0.346657
251.000 1.681526
252.000 1.687018
253.000 1.809616
254.000 1.809616
255.000 1.849373
256.000 1.768936
257.000 2.113251
258.000 2.043610
259.000 1.870949
260.000 1.870949
261.000 1.910261
262.000 1.956001
263.000 1.956001
264.000 1.915901
265.000 1.915901
266.000 1.805233
267.000 1.608063
268.000 1.608063
269.000 1.707077
270.000 1.707077
271.000 1.617783
272.000 1.617783
273.000 1.617783
274.000 1.707527
275.000 1.707527
276.000 1.718742
277.000 1.718742
278.000 1.723059
279.000 1.899925
280.000 1.899925
281.000 1.976158
282.000 1.976158
283.000 1.663399
284.000 1.663399
285.000 1.609940
286.000 1.597099
287.000 1.820389
288.000 1.836014
289.000 1.836014
290.000 2.181786
291.000 2.181786
292.000 1.976120
293.000 1.976120
294.000 1.737320
295.000 1.737320
296.000 1.749102
297.000 1.773918
298.000 1.773918
299.000 1.830971
300.000 1.830971
301.000 1.752136
302.000 1.807761
303.000 1.936096
304.000 1.874036
305.000 1.824127
306.000 1.909309
307.000 1.909309
308.000 1.893875
309.000 1.893875
310.000 1.769745
311.000 1.769745
312.000 1.769745
313.000 2.089439
314.000 2.089439
315.000 1.951031
316.000 1.797348
317.000 1.797348
318.000 1.846176
319.000 1.846176
320.000 1.895897
321.000 1.912216
322.000 1.912216
323.000 1.897937
324.000 1.875412
325.000 1.875412
326.000 1.735497
327.000 1.735497
328.000 1.822987
329.000 1.885643
330.000 1.919136
331.000 1.919136
332.000 1.885689
333.000 1.885689
334.000 1.880386
335.000 1.903628
336.000 1.978607
337.000 1.978607
338.000 1.887009
339.000 1.887009
340.000 1.995628
341.000 1.995628
342.000 1.774490
343.000 2.163383
344.000 2.163383
345.000 1.906158
346.000 1.465416
347.000 1.465416
348.000 1.465416
349.000 1.633034
350.000 1.633034
351.000 1.832765
352.000 1.870628
353.000 1.870628
354.000 1.838917
355.000 1.781693
356.000 1.781693
357.000 1.781693
358.000 1.699147
359.000 1.581434
