0.000 0.185951
1.000 0.185951
2.000 0.185951
3.000 2.705162
4.000 1.642212
5.000 2.905312
6.000 2.690048
7.000 2.850998
8.000 2.850998
9.000 2.641556
10.000 2.652612
11.000 2.665901
12.000 2.716203
13.000 2.906254
14.000 2.785957
15.000 2.916489
16.000 2.899208
17.000 2.899208
18.000 2.672142
19.000 2.776296
20.000 2.850700
21.000 2.920380
22.000 2.920380
23.000 2.951988
24.000 2.951988
25.000 2.710709
26.000 2.710709
27.000 2.710709
28.000 2.733833
29.000 2.733833
30.000 2.833084
31.000 2.833084
32.000 2.850594
33.000 2.897171
34.000 2.897171
35.000 2.961628
36.000 2.970184
37.000 2.925266
38.000 2.913422
39.000 2.587372
40.000 2.897415
41.000 2.897415
42.000 2.922325
43.000 2.922325
44.000 2.760529
45.000 2.760529
46.000 2.817719
47.000 2.817719
48.000 2.817719
49.000 2.817007
50.000 2.816338
51.000 2.833953
52.000 2.954979
53.000 2.919746
54.000 2.939568
55.000 2.939568
56.000 2.950218
57.000 2.866291
58.000 2.679390
59.000 2.654060
60.000 2.654060
61.000 2.654060
62.000 2.978228
63.000 2.938230
64.000 2.924179
65.000 2.924179
66.000 3.143791
67.000 3.143791
68.000 3.086191
69.000 2.944893
70.000 2.944893
71.000 2.963905
72.000 2.963905
73.000 2.838778
74.000 2.782104
75.000 2.782104
76.000 2.660401
77.000 2.604980
78.000 2.604980
79.000 2.623398
80.000 2.623398
81.000 2.812462
82.000 2.872757
83.000 2.929428
84.000 2.847992
85.000 2.967316
86.000 2.967316
87.000 2.887611
88.000 2.887611
89.000 2.799430
90.000 2.838058
91.000 2.851151
92.000 2.851151
93.000 2.854057
94.000 2.875743
95.000 2.885139
96.000 2.588829
97.000 2.588829
98.000 2.739433
99.000 2.729317
100.000 2.729317
101.000 2.626244
102.000 2.626244
103.000 2.624634
104.000 2.605019
105.000 2.595055
106.000 2.928398
107.000 2.928398
108.000 2.844997
109.000 2.580994
110.000 2.580994
111.000 2.850883
112.000 2.850883
113.000 2.850883
114.000 2.850883
115.000 2.850883
116.000 2.850883
117.000 2.888310
118.000 2.892102
119.000 2.895894
120.000 2.898201
121.000 2.898201
122.000 2.910902
123.000 2.929176
124.000 2.929176
125.000 2.446670
126.000 2.012056
127.000 2.003906
128.000 2.003906
129.000 2.003906
130.000 2.614715
131.000 2.588219
132.000 2.588219
133.000 2.588219
134.000 2.894816
135.000 2.946861
136.000 2.946861
137.000 2.770149
138.000 2.770149
139.000 2.597603
140.000 2.597603
141.000 2.588671
142.000 2.482397
143.000 2.409531
144.000 2.736893
145.000 2.683304
146.000 2.663445
147.000 2.790848
148.000 2.790848
149.000 2.818733
150.000 2.818733
151.000 2.743408
152.000 2.743408
153.000 2.743408
154.000 2.743408
155.000 2.644359
156.000 2.540647
157.000 2.466660
158.000 2.799536
159.000 2.688170
160.000 2.588554
161.000 2.918861
162.000 2.714027
163.000 2.547783
164.000 2.449985
165.000 2.620926
166.000 2.716932
167.000 2.585624
168.000 2.466590
169.000 2.382065
170.000 2.460140
171.000 2.981255
172.000 2.967480
173.000 2.885216
174.000 2.906675
175.000 2.921349
176.000 2.921866
177.000 2.926689
178.000 2.926689
179.000 2.685295
180.000 2.740922
181.000 2.783287
182.000 2.788825
183.000 2.883621
184.000 2.851062
185.000 2.702087
186.000 2.721829
187.000 3.025841
188.000 2.992080
189.000 2.580688
190.000 2.578152
191.000 2.558052
192.000 2.667261
193.000 2.774826
194.000 2.791780
195.000 2.851067
196.000 2.863021
197.000 2.939484
198.000 2.896485
199.000 2.777054
200.000 2.790641
201.000 2.966850
202.000 2.968751
203.000 2.978668
204.000 2.976014
205.000 2.931511
206.000 2.933514
207.000 2.960159
208.000 2.959442
209.000 2.954124
210.000 2.952643
211.000 2.946526
212.000 2.944647
213.000 2.915131
214.000 2.915131
215.000 2.296822
216.000 2.296822
217.000 2.763016
218.000 2.550156
219.000 2.550156
220.000 1.158379
221.000 1.158379
222.000 1.158379
223.000 1.158379
224.000 2.377047
225.000 2.939613
226.000 2.852486
227.000 2.363014
228.000 2.363014
229.000 2.782005
230.000 2.800524
231.000 2.907349
232.000 2.908135
233.000 2.922050
234.000 2.923993
235.000 2.963615
236.000 2.944087
237.000 2.804901
238.000 2.760281
239.000 2.700058
240.000 2.623002
241.000 2.579697
242.000 2.579697
243.000 2.721909
244.000 2.721909
245.000 2.867874
246.000 2.867874
247.000 2.820129
248.000 2.822307
249.000 2.886856
250.000 2.886856
251.000 2.750878
252.000 2.619827
253.000 2.619827
254.000 3.036087
255.000 3.036087
256.000 2.759880
257.000 2.916847
258.000 2.779371
259.000 2.499969
260.000 2.499969
261.000 2.887138
262.000 2.886071
263.000 2.883675
264.000 2.883568
265.000 2.874420
266.000 2.874420
267.000 2.913322
268.000 2.913322
269.000 2.767487
270.000 2.767487
271.000 2.767487
272.000 2.692261
273.000 2.692261
274.000 2.745272
275.000 2.915153
276.000 2.652519
277.000 2.652519
278.000 2.946465
279.000 2.927837
280.000 2.799667
281.000 2.799667
282.000 2.917084
283.000 2.934622
284.000 2.993530
285.000 2.993530
286.000 2.564217
287.000 2.564217
288.000 2.657817
289.000 2.867882
290.000 2.867882
291.000 2.640732
292.000 2.640732
293.000 2.650263
294.000 2.655457
295.000 2.655457
296.000 2.726448
297.000 2.899849
298.000 2.899849
299.000 2.510788
300.000 2.510788
301.000 2.510788
302.000 2.410050
303.000 2.382652
304.000 2.382652
305.000 2.968109
306.000 2.940788
307.000 2.772184
308.000 2.708389
309.000 2.770508
310.000 2.730400
311.000 2.730400
312.000 2.694856
313.000 2.606659
314.000 2.612021
315.000 2.628799
316.000 2.636749
317.000 2.673592
318.000 2.673592
319.000 2.672333
320.000 2.697976
321.000 2.942451
322.000 2.711296
323.000 2.871056
324.000 2.950241
325.000 2.950241
326.000 2.934296
327.000 2.934296
328.000 2.909950
329.000 2.909950
330.000 2.509087
331.000 2.509087
332.000 2.748946
333.000 2.883270
334.000 2.585579
335.000 2.585579
336.000 2.734474
337.000 2.734474
338.000 2.753593
339.000 2.753593
340.000 2.753593
341.000 2.660889
342.000 2.660889
343.000 2.698828
344.000 2.847000
345.000 2.519753
346.000 2.618286
347.000 2.619019
348.000 2.619019
349.000 2.770790
350.000 2.770790
351.000 2.882072
352.000 2.882072
353.000 2.677071
354.000 2.677071
355.000 2.640518
356.000 2.640518
357.000 2.862651
358.000 2.876137
359.000 2.925179
