0.000 0.044952
1.000 0.044952
2.000 0.044952
3.000 1.439552
4.000 1.439552
5.000 1.010790
6.000 0.781044
7.000 0.781044
8.000 1.787460
9.000 1.430229
10.000 1.023746
11.000 1.014511
12.000 1.159264
13.000 0.771965
14.000 0.771965
15.000 0.964424
16.000 0.964424
17.000 0.964424
18.000 0.916924
19.000 0.916924
20.000 0.916924
21.000 0.517860
22.000 0.517860
23.000 0.517860
24.000 0.521633
25.000 0.618786
26.000 0.715939
27.000 0.742188
28.000 0.742188
29.000 0.724823
30.000 0.724823
31.000 0.724823
32.000 0.807999
33.000 0.807999
34.000 0.532333
35.000 0.532333
36.000 0.532333
37.000 1.140877
38.000 1.140877
39.000 1.195156
40.000 1.262283
41.000 1.262283
42.000 1.362701
43.000 1.362701
44.000 1.168945
45.000 1.168945
46.000 1.007842
47.000 0.969536
48.000 0.969536
49.000 0.895363
50.000 1.078445
51.000 1.078445
52.000 1.470764
53.000 1.470764
54.000 0.725136
55.000 0.725136
56.000 1.471909
57.000 1.471909
58.000 1.842896
59.000 1.842896
60.000 1.964700
61.000 2.311935
62.000 2.311935
63.000 2.273682
64.000 2.322065
65.000 2.440991
66.000 2.559916
67.000 2.562462
68.000 1.391968
69.000 1.391968
70.000 1.463860
71.000 1.463860
72.000 1.532758
73.000 1.564987
74.000 1.564987
75.000 1.611053
76.000 1.611053
77.000 0.847359
78.000 0.847359
79.000 0.847359
80.000 0.847359
81.000 0.847359
82.000 0.847359
83.000 0.916381
84.000 0.989667
85.000 1.026352
86.000 1.026352
87.000 2.056206
88.000 2.056206
89.000 1.922500
90.000 1.778704
91.000 1.634908
92.000 1.491112
93.000 1.347316
94.000 1.242126
95.000 1.242126
96.000 1.233772
97.000 1.063521
98.000 0.994629
99.000 0.994629
100.000 0.613304
101.000 0.613304
102.000 0.833313
103.000 0.847061
104.000 0.847061
105.000 0.575699
106.000 0.575699
107.000 0.462494
108.000 0.462494
109.000 0.462494
110.000 0.829369
111.000 0.745153
112.000 0.688904
113.000 0.688904
114.000 0.474770
115.000 0.474770
116.000 0.694862
117.000 0.694862
118.000 0.786906
119.000 0.804176
120.000 0.804176
121.000 0.803329
122.000 0.803329
123.000 0.803329
124.000 0.481659
125.000 0.481659
126.000 0.481659
127.000 0.481659
128.000 0.481659
129.000 0.481659
130.000 0.525257
131.000 0.580809
132.000 0.636360
133.000 0.691912
134.000 0.707184
135.000 0.707184
136.000 0.237930
137.000 0.237930
138.000 0.237930
139.000 0.237930
140.000 0.237930
141.000 0.237930
142.000 0.237930
143.000 0.669226
144.000 0.638596
145.000 0.638596
146.000 0.545525
147.000 0.545525
148.000 0.545525
149.000 0.332085
150.000 0.332085
151.000 0.332085
152.000 0.737762
153.000 0.496002
154.000 0.496002
155.000 0.496002
156.000 0.495687
157.000 0.478029
158.000 0.460371
159.000 0.457802
160.000 0.601044
161.000 0.397224
162.000 0.817276
163.000 0.817276
164.000 0.430069
165.000 0.430069
166.000 0.774605
167.000 0.774605
168.000 0.774605
169.000 0.475929
170.000 0.475929
171.000 0.475929
172.000 0.475929
173.000 0.268784
174.000 0.268784
175.000 0.268784
176.000 0.268784
177.000 0.268784
178.000 0.268784
179.000 0.787567
180.000 0.787567
181.000 0.666084
182.000 0.666084
183.000 0.352531
184.000 0.352531
185.000 0.352531
186.000 0.435852
187.000 0.435852
188.000 0.435852
189.000 0.435852
190.000 0.435852
191.000 0.435852
192.000 0.569199
193.000 0.569199
194.000 0.569199
195.000 0.569199
196.000 0.569199
197.000 0.674380
198.000 0.780856
199.000 0.887333
200.000 0.989365
201.000 0.934615
202.000 0.713982
203.000 0.713982
204.000 1.183659
205.000 1.052841
206.000 1.052841
207.000 0.648079
208.000 0.780510
209.000 0.780510
210.000 0.568451
211.000 0.568451
212.000 0.568451
213.000 0.568451
214.000 0.754166
215.000 0.754166
216.000 1.045151
217.000 1.045151
218.000 1.045151
219.000 1.045151
220.000 1.045151
221.000 1.045151
222.000 1.045151
223.000 1.045151
224.000 1.045151
225.000 1.495197
226.000 1.329833
227.000 1.164469
228.000 0.999105
229.000 0.866982
230.000 0.866982
231.000 0.866982
232.000 0.866982
233.000 1.583587
234.000 1.986618
235.000 1.986618
236.000 2.150879
237.000 2.150879
238.000 1.322933
239.000 1.032280
240.000 1.032280
241.000 1.012790
242.000 0.990372
243.000 0.990372
244.000 0.990372
245.000 1.044828
246.000 1.051201
247.000 1.051201
248.000 1.128983
249.000 1.128983
250.000 1.118652
251.000 0.888236
252.000 0.833969
253.000 0.833969
254.000 0.833969
255.000 0.548088
256.000 0.548088
257.000 0.548088
258.000 0.548088
259.000 0.645149
260.000 0.645149
261.000 0.374550
262.000 0.374550
263.000 0.374550
264.000 0.427872
265.000 0.427872
266.000 0.495445
267.000 0.495445
268.000 0.495445
269.000 0.495445
270.000 0.568398
271.000 0.641656
272.000 0.714914
273.000 0.763496
274.000 0.763496
275.000 0.729891
276.000 0.645668
277.000 0.645668
278.000 0.645668
279.000 0.645668
280.000 0.736386
281.000 0.641457
282.000 0.575348
283.000 0.575348
284.000 1.140900
285.000 1.140900
286.000 0.898609
287.000 0.864655
288.000 0.854935
289.000 0.854935
290.000 1.721886
291.000 1.721886
292.000 1.721886
293.000 0.536369
294.000 0.536369
295.000 0.536369
296.000 0.536369
297.000 0.536369
298.000 0.540606
299.000 0.576871
300.000 0.613136
301.000 0.649401
302.000 0.685666
303.000 0.721931
304.000 0.752510
305.000 0.752510
306.000 0.752510
307.000 0.752510
308.000 0.450256
309.000 0.450256
310.000 0.450256
311.000 0.450256
312.000 0.450256
313.000 0.450256
314.000 0.413361
315.000 0.413361
316.000 0.413361
317.000 0.413361
318.000 0.465446
319.000 0.465446
320.000 0.465446
321.000 0.465446
322.000 0.521097
323.000 0.719260
324.000 0.824852
325.000 0.824852
326.000 0.808395
327.000 0.808395
328.000 0.763862
329.000 0.682124
330.000 0.664658
331.000 0.569138
332.000 0.670479
333.000 0.670479
334.000 0.754257
335.000 0.754257
336.000 1.000130
337.000 1.000130
338.000 1.000130
339.000 0.986729
340.000 0.904435
341.000 0.836777
342.000 0.836777
343.000 0.476898
344.000 0.476898
345.000 0.476898
346.000 0.474396
347.000 0.474396
348.000 0.474396
349.000 0.474396
350.000 0.474396
351.000 0.468611
352.000 0.455457
353.000 0.442304
354.000 0.438980
355.000 0.438980
356.000 0.438980
357.000 0.706589
358.000 0.706589
359.000 0.561447
