0.000 0.221802
1.000 0.221802
2.000 0.221802
3.000 0.221802
4.000 0.221802
5.000 0.221802
6.000 0.221802
7.000 0.221802
8.000 0.227819
9.000 0.261977
10.000 0.296135
11.000 0.330293
12.000 0.355453
13.000 0.417625
14.000 0.378128
15.000 0.455734
16.000 0.561905
17.000 0.769806
18.000 0.093330
19.000 0.607964
20.000 0.443764
21.000 0.372795
22.000 0.453278
23.000 0.453270
24.000 0.415710
25.000 0.415710
26.000 0.640598
27.000 0.991355
28.000 0.423882
29.000 0.423882
30.000 0.423882
31.000 0.417137
32.000 0.417137
33.000 0.209663
34.000 0.209663
35.000 0.209663
36.000 1.200844
37.000 0.429871
38.000 0.429871
39.000 0.429871
40.000 0.429871
41.000 0.402039
42.000 0.402039
43.000 0.299629
44.000 0.299629
45.000 0.447113
46.000 0.447113
47.000 0.443878
48.000 0.441986
49.000 0.442762
50.000 0.447113
51.000 0.391289
52.000 0.391289
53.000 0.520515
54.000 0.461281
55.000 0.461281
56.000 0.461281
57.000 0.453827
58.000 0.445129
59.000 0.445129
60.000 0.445129
61.000 0.454317
62.000 0.450029
63.000 0.446999
64.000 0.372101
65.000 0.420227
66.000 0.368317
67.000 0.368317
68.000 0.368317
69.000 0.453819
70.000 0.453819
71.000 0.424362
72.000 0.424362
73.000 0.401363
74.000 0.320648
75.000 0.320648
76.000 0.475845
77.000 0.475845
78.000 0.401733
79.000 0.401733
80.000 0.403376
81.000 0.411011
82.000 0.417496
83.000 0.390800
84.000 0.461731
85.000 0.440811
86.000 0.440811
87.000 0.440811
88.000 0.484216
89.000 0.456200
90.000 0.456200
91.000 0.403671
92.000 0.392849
93.000 0.348885
94.000 0.348885
95.000 0.348885
96.000 0.348885
97.000 0.418915
98.000 0.418915
99.000 0.418915
100.000 0.418915
101.000 0.420374
102.000 0.432449
103.000 0.432449
104.000 0.432449
105.000 0.427664
106.000 0.414875
107.000 0.402086
108.000 0.401543
109.000 0.417564
110.000 0.405663
111.000 0.405663
112.000 0.540362
113.000 0.463737
114.000 0.463737
115.000 0.454300
116.000 0.463905
117.000 0.463905
118.000 0.463745
119.000 0.463745
120.000 0.473930
121.000 0.473930
122.000 0.386559
123.000 0.386559
124.000 0.396281
125.000 0.417786
126.000 0.417786
127.000 0.634712
128.000 0.634712
129.000 0.428474
130.000 0.428474
131.000 0.458817
132.000 0.405128
133.000 0.405128
134.000 0.405128
135.000 0.560326
136.000 0.560326
137.000 0.372147
138.000 0.372147
139.000 0.385474
140.000 0.440060
141.000 0.448288
142.000 0.430648
143.000 0.425957
144.000 0.181664
145.000 0.181664
146.000 0.447617
147.000 0.447617
148.000 0.447617
149.000 0.388611
150.000 0.388611
151.000 0.440926
152.000 0.438468
153.000 0.422012
154.000 0.401176
155.000 0.401176
156.000 0.401176
157.000 0.464973
158.000 0.464973
159.000 0.447296
160.000 0.447296
161.000 0.446825
162.000 0.427313
163.000 0.417793
164.000 0.417793
165.000 0.417831
166.000 0.426450
167.000 0.435501
168.000 0.435501
169.000 0.388275
170.000 0.388275
171.000 0.388275
172.000 0.440439
173.000 0.447273
174.000 0.447273
175.000 0.372749
176.000 0.372749
177.000 0.461220
178.000 0.461220
179.000 0.414302
180.000 0.384712
181.000 0.384712
182.000 0.405523
183.000 0.434486
184.000 0.434486
185.000 0.680931
186.000 0.445892
187.000 0.445892
188.000 0.401756
189.000 0.401756
190.000 0.417244
191.000 0.418607
192.000 0.436749
193.000 0.441574
194.000 0.355988
195.000 0.355988
196.000 0.543733
197.000 0.400739
198.000 0.400490
199.000 0.344603
200.000 0.271896
201.000 0.271896
202.000 0.271896
203.000 0.417961
204.000 0.417961
205.000 0.336686
206.000 0.320671
207.000 0.284279
208.000 0.284279
209.000 0.284279
210.000 0.284279
211.000 0.284279
212.000 0.435552
213.000 0.446640
214.000 0.446640
215.000 0.393555
216.000 0.393555
217.000 0.375931
218.000 0.375931
219.000 0.409477
220.000 0.416130
221.000 0.417137
222.000 0.417137
223.000 0.448456
224.000 0.447586
225.000 0.447586
226.000 0.394501
227.000 0.394501
228.000 0.431343
229.000 0.431343
230.000 0.431343
231.000 0.445480
232.000 0.445480
233.000 0.435595
234.000 0.417816
235.000 0.448305
236.000 0.688164
237.000 0.495461
238.000 0.487894
239.000 0.359974
240.000 0.324776
241.000 0.466827
242.000 0.464711
243.000 0.447797
244.000 0.447426
245.000 0.431999
246.000 0.431999
247.000 0.416466
248.000 0.416466
249.000 0.418898
250.000 0.436378
251.000 0.437637
252.000 0.437637
253.000 0.464508
254.000 0.384033
255.000 0.384033
256.000 0.385213
257.000 0.417320
258.000 0.417320
259.000 0.435585
260.000 0.270524
261.000 0.064178
262.000 0.064178
263.000 0.064178
264.000 0.064178
265.000 0.064178
266.000 0.064178
267.000 0.064178
268.000 0.064178
269.000 0.372414
270.000 0.372414
271.000 0.504402
272.000 0.417702
273.000 0.417702
274.000 0.452049
275.000 0.452049
276.000 0.449302
277.000 0.410140
278.000 0.401596
279.000 0.401596
280.000 0.618210
281.000 0.447083
282.000 0.447083
283.000 0.435333
284.000 0.435333
285.000 0.463333
286.000 0.463333
287.000 0.426073
288.000 0.284676
289.000 0.284676
290.000 0.391205
291.000 0.391205
292.000 0.438980
293.000 0.438980
294.000 0.436154
295.000 0.434799
296.000 0.434799
297.000 0.448967
298.000 0.448967
299.000 0.493492
300.000 0.493492
301.000 0.462517
302.000 0.462517
303.000 0.461485
304.000 0.440659
305.000 0.440659
306.000 0.453047
307.000 0.459213
308.000 0.474472
309.000 0.474472
310.000 0.437683
311.000 0.373131
312.000 0.373131
313.000 0.417801
314.000 0.417801
315.000 0.160583
316.000 0.160583
317.000 0.160583
318.000 0.160583
319.000 0.160583
320.000 0.446922
321.000 0.446887
322.000 0.446754
323.000 0.446754
324.000 0.463737
325.000 0.463737
326.000 0.383774
327.000 0.383774
328.000 0.337509
329.000 0.337509
330.000 0.392532
331.000 0.392532
332.000 0.420097
333.000 0.420097
334.000 0.407173
335.000 0.407173
336.000 0.372749
337.000 0.626343
338.000 0.472099
339.000 0.462410
340.000 0.400803
341.000 0.400803
342.000 0.399810
343.000 0.398964
344.000 0.486423
345.000 0.795113
346.000 0.399300
347.000 0.399300
348.000 0.447662
349.000 0.447662
350.000 0.412491
351.000 0.412491
352.000 0.412491
353.000 0.416321
354.000 0.416321
355.000 0.398117
356.000 0.398117
357.000 0.456323
358.000 0.460663
359.000 0.401604
