0.000 0.166527
1.000 0.166527
2.000 0.166527
3.000 0.166527
4.000 0.166527
5.000 3.102478
6.000 5.294083
7.000 6.232544
8.000 5.128489
9.000 3.078758
10.000 3.611145
11.000 3.611145
12.000 4.444008
13.000 3.749214
14.000 3.749214
15.000 1.513145
16.000 1.513145
17.000 1.694405
18.000 2.202714
19.000 2.711023
20.000 3.087120
21.000 3.966042
22.000 3.966042
23.000 0.711357
24.000 0.711357
25.000 0.711357
26.000 2.876586
27.000 4.952530
28.000 3.375900
29.000 3.375900
30.000 3.375900
31.000 3.156693
32.000 3.073315
33.000 2.989937
34.000 4.117047
35.000 5.522736
36.000 5.993317
37.000 4.291481
38.000 4.527367
39.000 2.177231
40.000 2.177231
41.000 7.527008
42.000 4.444275
43.000 4.370795
44.000 3.708689
45.000 3.296456
46.000 2.552642
47.000 1.808828
48.000 1.065014
49.000 1.198120
50.000 2.184349
51.000 1.909698
52.000 2.864022
53.000 3.766785
54.000 2.880013
55.000 1.158829
56.000 1.158829
57.000 1.450014
58.000 0.914642
59.000 0.864258
60.000 2.778534
61.000 3.119881
62.000 2.640788
63.000 2.356784
64.000 1.959282
65.000 3.210239
66.000 1.809212
67.000 0.724518
68.000 0.901070
69.000 2.078468
70.000 2.956200
71.000 3.959534
72.000 2.252159
73.000 2.252159
74.000 2.252159
75.000 4.689239
76.000 4.607368
77.000 4.607368
78.000 4.262697
79.000 3.934074
80.000 3.934074
81.000 2.329735
82.000 2.329735
83.000 2.624298
84.000 2.624298
85.000 4.298050
86.000 4.423468
87.000 4.601952
88.000 4.983963
89.000 4.983963
90.000 4.337639
91.000 4.337639
92.000 4.020958
93.000 4.020958
94.000 3.292603
95.000 3.292603
96.000 3.292603
97.000 4.361946
98.000 4.361946
99.000 2.340363
100.000 2.340363
101.000 2.340363
102.000 2.340363
103.000 2.958075
104.000 3.776390
105.000 3.776390
106.000 3.458900
107.000 3.458900
108.000 1.199590
109.000 1.108559
110.000 1.108559
111.000 1.108559
112.000 1.108559
113.000 2.232661
114.000 2.209427
115.000 2.369276
116.000 2.671806
117.000 1.146484
118.000 1.146484
119.000 1.111816
120.000 1.111816
121.000 1.262550
122.000 1.262550
123.000 1.298488
124.000 1.321587
125.000 1.020432
126.000 1.020432
127.000 1.288239
128.000 1.327759
129.000 2.118301
130.000 1.934020
131.000 1.809441
132.000 1.721565
133.000 1.970795
134.000 1.974380
135.000 2.022072
136.000 1.515190
137.000 1.515190
138.000 1.545853
139.000 1.545853
140.000 0.948408
141.000 1.736725
142.000 0.498427
143.000 0.434563
144.000 1.741745
145.000 1.135544
146.000 3.479630
147.000 2.146561
148.000 2.041679
149.000 1.295357
150.000 1.295357
151.000 2.906219
152.000 2.568822
153.000 1.444458
154.000 1.121849
155.000 2.961945
156.000 3.255409
157.000 3.365738
158.000 2.495293
159.000 2.495293
160.000 2.867665
161.000 3.088921
162.000 1.633690
163.000 1.633690
164.000 3.498535
165.000 3.547775
166.000 2.274017
167.000 2.197655
168.000 1.811194
169.000 1.805901
170.000 1.333176
171.000 1.333176
172.000 2.330139
173.000 3.057343
174.000 1.312218
175.000 2.645226
176.000 0.718155
177.000 0.775399
178.000 0.901045
179.000 1.026692
180.000 2.358955
181.000 2.680191
182.000 4.205589
183.000 4.224266
184.000 4.266728
185.000 4.316254
186.000 5.051804
187.000 3.875153
188.000 5.041306
189.000 4.703106
190.000 3.724498
191.000 2.745891
192.000 1.981674
193.000 2.343288
194.000 2.682831
195.000 0.727165
196.000 0.727165
197.000 0.727165
198.000 0.727165
199.000 1.513072
200.000 1.287740
201.000 1.062408
202.000 0.899628
203.000 1.364365
204.000 1.059502
205.000 1.059502
206.000 1.178408
207.000 1.263145
208.000 1.154900
209.000 1.154900
210.000 2.513596
211.000 2.283562
212.000 2.405562
213.000 2.487045
214.000 1.333580
215.000 1.333580
216.000 1.333580
217.000 1.981053
218.000 2.199387
219.000 2.199387
220.000 1.881233
221.000 1.312393
222.000 1.312393
223.000 1.312393
224.000 1.826659
225.000 1.941017
226.000 1.919230
227.000 1.797235
228.000 1.787842
229.000 1.727784
230.000 1.704605
231.000 1.672714
232.000 1.657341
233.000 1.657341
234.000 1.743016
235.000 1.845549
236.000 1.870583
237.000 1.984909
238.000 2.080774
239.000 2.102203
240.000 2.028908
241.000 0.905396
242.000 0.905396
243.000 0.951202
244.000 0.951202
245.000 1.835518
246.000 1.835518
247.000 1.872809
248.000 1.946236
249.000 2.001472
250.000 2.449905
251.000 2.437978
252.000 2.415535
253.000 2.392975
254.000 2.161554
255.000 1.312065
256.000 1.312065
257.000 2.082802
258.000 2.082802
259.000 2.543968
260.000 2.543968
261.000 2.518711
262.000 2.448276
263.000 2.377841
264.000 2.375671
265.000 2.983620
266.000 2.933213
267.000 2.569509
268.000 1.860352
269.000 1.928734
270.000 2.137260
271.000 2.067222
272.000 1.962807
273.000 2.008527
274.000 2.066467
275.000 2.234838
276.000 2.429581
277.000 2.181334
278.000 2.014885
279.000 2.016327
280.000 2.017357
281.000 2.027911
282.000 2.052872
283.000 2.052872
284.000 0.770744
285.000 0.770744
286.000 2.075462
287.000 2.356239
288.000 2.356239
289.000 1.894608
290.000 1.894608
291.000 2.059044
292.000 2.059044
293.000 2.288655
294.000 2.363411
295.000 2.364912
296.000 2.389389
297.000 2.389389
298.000 2.358226
299.000 2.303224
300.000 2.287605
301.000 2.614784
302.000 2.614784
303.000 2.141022
304.000 2.153752
305.000 2.270653
306.000 1.407906
307.000 1.407906
308.000 1.462402
309.000 1.462402
310.000 2.372498
311.000 2.372498
312.000 2.053192
313.000 1.975418
314.000 2.010276
315.000 2.191271
316.000 2.384831
317.000 1.859962
318.000 2.018890
319.000 2.018890
320.000 1.992340
321.000 1.992340
322.000 2.029686
323.000 2.242368
324.000 2.243912
325.000 2.468086
326.000 2.468086
327.000 2.011642
328.000 2.011642
329.000 2.780113
330.000 2.780113
331.000 2.338959
332.000 2.338959
333.000 2.969635
334.000 2.969635
335.000 2.915299
336.000 2.732100
337.000 2.548901
338.000 2.522484
339.000 1.314247
340.000 1.314247
341.000 1.314247
342.000 2.152183
343.000 2.419739
344.000 2.207516
345.000 2.032593
346.000 2.488945
347.000 2.488945
348.000 2.671768
349.000 2.671768
350.000 2.231625
351.000 1.947983
352.000 1.783476
353.000 1.225281
354.000 1.522252
355.000 2.426231
356.000 1.903907
357.000 1.663116
358.000 1.143227
359.000 1.143227
