0.000 2.064217
1.000 2.064217
2.000 2.064217
3.000 3.040833
4.000 2.633179
5.000 2.633179
6.000 2.763975
7.000 3.186621
8.000 1.883492
9.000 2.492874
10.000 1.149750
11.000 1.149750
12.000 1.149750
13.000 2.834794
14.000 2.786972
15.000 2.786972
16.000 2.948616
17.000 2.962784
18.000 2.815277
19.000 2.286285
20.000 2.329526
21.000 2.785917
22.000 1.668808
23.000 3.149704
24.000 3.380028
25.000 3.137672
26.000 3.137672
27.000 3.226540
28.000 2.903293
29.000 2.846474
30.000 2.846474
31.000 3.106621
32.000 3.106621
33.000 3.167368
34.000 3.255020
35.000 0.608345
36.000 0.608345
37.000 0.608345
38.000 0.608345
39.000 1.509871
40.000 1.367708
41.000 1.225544
42.000 1.083381
43.000 0.941218
44.000 0.869019
45.000 0.869019
46.000 1.302391
47.000 1.302391
48.000 1.171196
49.000 0.911491
50.000 0.911491
51.000 1.867289
52.000 3.189728
53.000 3.194321
54.000 1.363350
55.000 1.363350
56.000 2.499214
57.000 2.499214
58.000 2.499214
59.000 2.499214
60.000 3.159381
61.000 3.035728
62.000 3.014046
63.000 3.014046
64.000 3.014046
65.000 3.182481
66.000 3.287697
67.000 3.287697
68.000 3.287697
69.000 3.099100
70.000 3.020119
71.000 3.023394
72.000 3.091583
73.000 3.091583
74.000 2.244224
75.000 2.282082
76.000 2.900650
77.000 3.092255
78.000 3.111130
79.000 2.710167
80.000 2.666324
81.000 2.544830
82.000 2.594569
83.000 2.809326
84.000 2.881943
85.000 3.219528
86.000 3.215165
87.000 3.198997
88.000 3.083491
89.000 2.595123
90.000 2.532112
91.000 2.435173
92.000 2.429653
93.000 2.421753
94.000 2.542836
95.000 2.976692
96.000 2.920876
97.000 2.657532
98.000 2.589308
99.000 2.464157
100.000 2.533526
101.000 2.605629
102.000 2.460386
103.000 2.331078
104.000 2.508527
105.000 3.186005
106.000 2.850982
107.000 2.618347
108.000 2.763223
109.000 3.148544
110.000 3.222370
111.000 3.586996
112.000 2.037605
113.000 2.037605
114.000 2.171253
115.000 2.607986
116.000 2.505293
117.000 2.162567
118.000 2.390377
119.000 2.825073
120.000 2.868572
121.000 2.901512
122.000 2.935352
123.000 3.088051
124.000 2.999107
125.000 2.679634
126.000 2.604960
127.000 2.335304
128.000 3.166565
129.000 3.166565
130.000 3.180252
131.000 3.180252
132.000 3.180252
133.000 3.182915
134.000 3.182915
135.000 3.182915
136.000 3.182915
137.000 3.182915
138.000 3.126112
139.000 3.067339
140.000 3.008566
141.000 2.949793
142.000 2.891019
143.000 2.832246
144.000 2.827682
145.000 2.736021
146.000 2.329643
147.000 3.401230
148.000 2.961128
149.000 3.083359
150.000 3.083359
151.000 3.212910
152.000 2.585518
153.000 3.207230
154.000 2.663979
155.000 3.156654
156.000 2.833606
157.000 2.208687
158.000 2.208687
159.000 2.208687
160.000 2.208687
161.000 3.160858
162.000 3.161613
163.000 3.335556
164.000 2.742015
165.000 2.673256
166.000 3.145523
167.000 3.347374
168.000 2.951218
169.000 3.051106
170.000 2.826912
171.000 2.319748
172.000 2.280914
173.000 2.280914
174.000 2.299438
175.000 2.317131
176.000 2.317131
177.000 3.268661
178.000 1.666138
179.000 1.666138
180.000 1.666138
181.000 1.666138
182.000 2.390167
183.000 2.390167
184.000 2.459541
185.000 2.459541
186.000 2.459541
187.000 3.259270
188.000 3.259270
189.000 2.294060
190.000 2.294060
191.000 2.926208
192.000 2.926208
193.000 2.926208
194.000 2.623146
195.000 2.623146
196.000 2.983589
197.000 2.983589
198.000 3.188667
199.000 3.188667
200.000 3.119745
201.000 2.662033
202.000 2.662033
203.000 2.788750
204.000 2.934822
205.000 2.934822
206.000 2.561137
207.000 2.509697
208.000 2.460052
209.000 2.460052
210.000 2.988686
211.000 2.991544
212.000 3.239220
213.000 2.580292
214.000 2.580292
215.000 2.573494
216.000 2.212875
217.000 2.212875
218.000 2.329417
219.000 2.533350
220.000 2.737284
221.000 2.941217
222.000 3.145150
223.000 3.156837
224.000 2.754364
225.000 3.455597
226.000 3.063110
227.000 2.540474
228.000 2.540474
229.000 3.170914
230.000 3.174042
231.000 3.174042
232.000 2.643021
233.000 2.176559
234.000 2.176559
235.000 2.332520
236.000 2.332520
237.000 2.332520
238.000 3.209732
239.000 3.209732
240.000 2.073120
241.000 2.073120
242.000 2.073120
243.000 2.444641
244.000 2.444641
245.000 2.464219
246.000 2.485512
247.000 2.485512
248.000 2.287117
249.000 3.103561
250.000 3.103561
251.000 3.289337
252.000 2.394226
253.000 2.394226
254.000 2.221298
255.000 2.221298
256.000 2.731195
257.000 3.240974
258.000 2.528351
259.000 2.528351
260.000 2.528351
261.000 3.241936
262.000 3.241936
263.000 3.203380
264.000 2.994766
265.000 2.994766
266.000 2.994766
267.000 3.055783
268.000 3.151802
269.000 3.174927
270.000 2.234390
271.000 2.234390
272.000 3.267342
273.000 3.267342
274.000 3.121658
275.000 3.121658
276.000 2.559624
277.000 3.362175
278.000 3.362175
279.000 2.484131
280.000 2.484131
281.000 2.484131
282.000 2.925301
283.000 2.925301
284.000 1.764824
285.000 1.764824
286.000 1.201561
287.000 1.201561
288.000 1.201561
289.000 1.487593
290.000 2.458941
291.000 3.034378
292.000 2.460594
293.000 3.066200
294.000 3.090631
295.000 3.584763
296.000 2.438789
297.000 2.949844
298.000 2.594215
299.000 3.154015
300.000 3.154015
301.000 2.047699
302.000 2.047699
303.000 3.165977
304.000 3.165977
305.000 2.103073
306.000 2.103073
307.000 2.154633
308.000 2.154633
309.000 3.091858
310.000 3.091858
311.000 3.034143
312.000 2.975052
313.000 2.975052
314.000 2.310738
315.000 2.310738
316.000 0.676987
317.000 0.676987
318.000 0.676987
319.000 0.676987
320.000 0.676987
321.000 2.200039
322.000 2.193001
323.000 2.193001
324.000 2.345200
325.000 2.345200
326.000 3.080070
327.000 2.427551
328.000 2.427551
329.000 2.976685
330.000 2.976685
331.000 3.144302
332.000 3.144302
333.000 3.091823
334.000 2.940791
335.000 2.789758
336.000 2.744286
337.000 2.972000
338.000 2.972000
339.000 2.371017
340.000 3.208611
341.000 3.208611
342.000 2.448433
343.000 2.483345
344.000 2.483345
345.000 2.994003
346.000 2.994003
347.000 2.994003
348.000 2.564072
349.000 2.564072
350.000 2.600197
351.000 2.600197
352.000 2.211395
353.000 2.211395
354.000 3.195618
355.000 3.195618
356.000 2.629478
357.000 2.629478
358.000 2.629478
359.000 2.725748
