0.000 0.081764
1.000 0.081764
2.000 0.081764
3.000 0.081764
4.000 1.313896
5.000 1.915520
6.000 1.838460
7.000 1.815567
8.000 1.852386
9.000 1.852386
10.000 1.885683
11.000 1.888504
12.000 1.707687
13.000 1.707687
14.000 1.859207
15.000 1.859207
16.000 1.841883
17.000 1.841194
18.000 1.892311
19.000 1.892311
20.000 1.791405
21.000 1.791405
22.000 1.888573
23.000 1.925308
24.000 1.925308
25.000 1.842735
26.000 1.842735
27.000 1.842735
28.000 1.808556
29.000 1.808556
30.000 1.808556
31.000 1.805903
32.000 1.798678
33.000 1.796730
34.000 1.796730
35.000 1.881691
36.000 1.881691
37.000 1.878860
38.000 1.955162
39.000 1.955162
40.000 1.850807
41.000 1.850807
42.000 1.777657
43.000 1.777657
44.000 1.837662
45.000 1.837662
46.000 1.837662
47.000 1.840254
48.000 1.882301
49.000 1.882301
50.000 1.882301
51.000 1.791686
52.000 1.710930
53.000 1.711512
54.000 1.748924
55.000 1.719246
56.000 1.675150
57.000 1.644470
58.000 1.841530
59.000 1.841530
60.000 1.802422
61.000 1.802422
62.000 1.802422
63.000 1.837054
64.000 1.955109
65.000 1.955109
66.000 1.955109
67.000 1.955109
68.000 1.752246
69.000 1.733133
70.000 1.714020
71.000 1.701050
72.000 1.701050
73.000 1.736572
74.000 1.816764
75.000 1.910774
76.000 1.698990
77.000 1.877391
78.000 1.866333
79.000 1.776566
80.000 1.776566
81.000 1.776566
82.000 1.776566
83.000 1.776566
84.000 1.864496
85.000 1.869290
86.000 1.874083
87.000 1.878877
88.000 1.883671
89.000 1.886749
90.000 1.887581
91.000 1.699936
92.000 1.854965
93.000 1.763435
94.000 1.763435
95.000 1.885582
96.000 1.885582
97.000 1.885582
98.000 1.885582
99.000 1.906460
100.000 1.887869
101.000 1.877029
102.000 1.493759
103.000 1.493759
104.000 1.493759
105.000 1.805938
106.000 1.808236
107.000 1.808952
108.000 1.960327
109.000 1.917760
110.000 1.876114
111.000 1.876114
112.000 1.803324
113.000 1.801262
114.000 1.917480
115.000 1.821976
116.000 1.307968
117.000 1.931213
118.000 1.931213
119.000 1.931213
120.000 1.899203
121.000 1.850044
122.000 1.850044
123.000 1.681482
124.000 1.600243
125.000 1.798843
126.000 1.722191
127.000 1.730319
128.000 1.774712
129.000 1.830793
130.000 1.834389
131.000 1.811348
132.000 1.811348
133.000 1.770996
134.000 1.770996
135.000 1.833092
136.000 1.938866
137.000 1.938866
138.000 1.778191
139.000 1.778191
140.000 1.778191
141.000 1.834057
142.000 1.858589
143.000 1.789543
144.000 1.789543
145.000 1.836332
146.000 1.845070
147.000 1.554214
148.000 1.551720
149.000 1.551720
150.000 1.648260
151.000 1.871361
152.000 1.871361
153.000 1.751976
154.000 1.751976
155.000 1.927101
156.000 1.662987
157.000 1.662987
158.000 1.672740
159.000 1.781143
160.000 1.781143
161.000 1.776260
162.000 1.903232
163.000 1.954659
164.000 1.869560
165.000 1.869560
166.000 1.788071
167.000 1.801901
168.000 1.802414
169.000 1.787773
170.000 1.900002
171.000 1.900002
172.000 1.726997
173.000 1.726997
174.000 1.726997
175.000 1.757835
176.000 1.765205
177.000 1.765205
178.000 1.765205
179.000 1.882372
180.000 1.921722
181.000 1.921722
182.000 1.804361
183.000 1.772781
184.000 1.868141
185.000 1.868141
186.000 1.791146
187.000 1.777077
188.000 1.698326
189.000 1.698326
190.000 1.808565
191.000 1.904106
192.000 1.904106
193.000 1.822838
194.000 1.822838
195.000 1.907951
196.000 1.907951
197.000 1.837524
198.000 1.837347
199.000 1.834167
200.000 1.834167
201.000 1.890404
202.000 1.689163
203.000 1.689163
204.000 1.803406
205.000 1.803406
206.000 1.882347
207.000 1.882347
208.000 1.862997
209.000 1.861679
210.000 1.873039
211.000 1.851105
212.000 1.851105
213.000 1.597610
214.000 1.928650
215.000 1.928650
216.000 1.928650
217.000 1.862705
218.000 1.747696
219.000 1.747696
220.000 1.682991
221.000 1.682991
222.000 1.718567
223.000 1.718567
224.000 1.854996
225.000 1.854996
226.000 1.866920
227.000 1.870392
228.000 1.883300
229.000 1.962418
230.000 1.955563
231.000 1.905197
232.000 1.918491
233.000 1.937851
234.000 1.834480
235.000 1.889191
236.000 1.740135
237.000 1.740135
238.000 1.752453
239.000 1.782856
240.000 1.783234
241.000 1.922417
242.000 1.922417
243.000 1.777542
244.000 1.777542
245.000 1.808685
246.000 1.808685
247.000 1.808685
248.000 1.720199
249.000 1.720126
250.000 1.720116
251.000 1.720116
252.000 1.837769
253.000 1.837769
254.000 1.738495
255.000 1.761812
256.000 1.818031
257.000 1.818031
258.000 1.647446
259.000 1.647446
260.000 1.732605
261.000 1.793281
262.000 1.899895
263.000 1.899895
264.000 1.655876
265.000 1.871918
266.000 1.871918
267.000 1.806900
268.000 1.806900
269.000 1.813607
270.000 1.831486
271.000 1.833389
272.000 1.954346
273.000 1.954346
274.000 1.824165
275.000 1.865349
276.000 1.865349
277.000 1.746956
278.000 1.872093
279.000 1.872093
280.000 1.872093
281.000 1.829484
282.000 1.735249
283.000 1.734451
284.000 1.762779
285.000 1.762779
286.000 1.943649
287.000 1.943649
288.000 1.882301
289.000 1.879036
290.000 1.844359
291.000 1.827789
292.000 1.827789
293.000 1.820141
294.000 1.819771
295.000 1.742538
296.000 1.853874
297.000 1.853874
298.000 1.751884
299.000 1.932701
300.000 1.932059
301.000 1.904251
302.000 1.758118
303.000 1.758118
304.000 1.832458
305.000 1.832458
306.000 1.906578
307.000 1.793594
308.000 1.793594
309.000 1.870628
310.000 1.897377
311.000 1.897377
312.000 1.830048
313.000 1.830048
314.000 1.831140
315.000 1.877388
316.000 1.877388
317.000 1.794106
318.000 1.794106
319.000 1.794594
320.000 1.799191
321.000 1.803788
322.000 1.803825
323.000 1.896773
324.000 1.932899
325.000 1.832939
326.000 1.647018
327.000 1.647018
328.000 1.647018
329.000 1.698255
330.000 1.776619
331.000 1.776619
332.000 1.767229
333.000 1.749710
334.000 1.749710
335.000 1.749710
336.000 1.696831
337.000 1.696831
338.000 1.696831
339.000 1.671600
340.000 1.671600
341.000 1.671600
342.000 1.815198
343.000 1.841858
344.000 1.841858
345.000 1.862282
346.000 1.862282
347.000 1.870993
348.000 1.883781
349.000 1.861646
350.000 1.830513
351.000 1.821362
352.000 1.802505
353.000 1.744865
354.000 1.744865
355.000 1.744865
356.000 1.844497
357.000 1.833939
358.000 1.826836
359.000 1.826836
