0.000 0.176018
1.000 0.176018
2.000 1.429558
3.000 1.495590
4.000 2.229965
5.000 2.229965
6.000 1.976311
7.000 1.935333
8.000 2.263992
9.000 2.263992
10.000 2.219083
11.000 2.204536
12.000 2.290108
13.000 2.290108
14.000 2.330627
15.000 2.330627
16.000 2.410427
17.000 2.433441
18.000 2.307716
19.000 2.307716
20.000 2.112404
21.000 2.112404
22.000 2.086693
23.000 2.086693
24.000 2.422668
25.000 2.422668
26.000 2.323011
27.000 2.142433
28.000 2.405869
29.000 2.405869
30.000 2.364619
31.000 2.343002
32.000 2.397453
33.000 2.397453
34.000 2.415596
35.000 2.415596
36.000 2.396398
37.000 2.367498
38.000 2.343811
39.000 2.343811
40.000 2.082497
41.000 2.082497
42.000 2.236648
43.000 2.336304
44.000 2.336304
45.000 2.244033
46.000 2.216766
47.000 2.363327
48.000 2.363327
49.000 2.434685
50.000 2.498093
51.000 2.200676
52.000 2.200676
53.000 2.209267
54.000 2.209267
55.000 2.288695
56.000 2.305084
57.000 2.305084
58.000 2.162994
59.000 2.162994
60.000 2.151413
61.000 2.151413
62.000 2.151413
63.000 2.271889
64.000 2.323807
65.000 2.323807
66.000 2.090324
67.000 2.090324
68.000 1.795509
69.000 1.795509
70.000 2.319603
71.000 2.319603
72.000 2.368446
73.000 2.368446
74.000 2.368446
75.000 2.343658
76.000 2.342628
77.000 2.349347
78.000 2.368698
79.000 2.378410
80.000 2.387688
81.000 2.473561
82.000 2.547523
83.000 2.270515
84.000 2.465057
85.000 2.465057
86.000 2.465057
87.000 2.415943
88.000 2.365463
89.000 2.365463
90.000 2.365463
91.000 2.521271
92.000 2.521271
93.000 2.521271
94.000 2.495154
95.000 2.424429
96.000 2.353704
97.000 2.067841
98.000 2.216637
99.000 2.132538
100.000 2.132538
101.000 2.138575
102.000 2.190056
103.000 2.209343
104.000 2.311599
105.000 2.433807
106.000 2.219964
107.000 2.159370
108.000 2.401924
109.000 2.401924
110.000 2.411363
111.000 2.412140
112.000 2.402949
113.000 2.342986
114.000 2.365288
115.000 2.401871
116.000 2.365527
117.000 2.226273
118.000 2.240067
119.000 2.286476
120.000 2.286476
121.000 2.293030
122.000 2.293030
123.000 2.206360
124.000 2.206360
125.000 2.244698
126.000 2.244698
127.000 0.664299
128.000 0.664299
129.000 0.664299
130.000 0.664299
131.000 0.664299
132.000 2.360520
133.000 2.240326
134.000 2.240326
135.000 2.276201
136.000 2.325966
137.000 2.325966
138.000 2.184990
139.000 2.184990
140.000 2.273048
141.000 2.273048
142.000 2.074810
143.000 2.028107
144.000 2.160103
145.000 2.230904
146.000 2.379379
147.000 2.379379
148.000 2.326551
149.000 2.302284
150.000 2.194024
151.000 1.977310
152.000 2.084541
153.000 2.084541
154.000 2.292557
155.000 2.292557
156.000 2.326874
157.000 2.326874
158.000 2.280785
159.000 2.280785
160.000 2.234619
161.000 2.234619
162.000 2.389374
163.000 2.389374
164.000 2.381340
165.000 2.381340
166.000 2.385353
167.000 2.385353
168.000 2.385353
169.000 2.396758
170.000 2.412910
171.000 2.412910
172.000 2.414522
173.000 2.434343
174.000 2.443398
175.000 2.263840
176.000 2.392616
177.000 2.405266
178.000 2.440474
179.000 2.425887
180.000 2.398140
181.000 2.404197
182.000 2.419368
183.000 2.409484
184.000 2.407684
185.000 2.403729
186.000 2.383545
187.000 2.383545
188.000 2.284012
189.000 2.284012
190.000 2.424538
191.000 2.424538
192.000 2.424797
193.000 2.424797
194.000 2.393340
195.000 2.293564
196.000 2.194565
197.000 2.491776
198.000 2.261108
199.000 2.261108
200.000 2.451851
201.000 2.451851
202.000 2.135132
203.000 2.135132
204.000 2.189703
205.000 2.263550
206.000 1.885773
207.000 1.885773
208.000 2.200906
209.000 2.241165
210.000 2.241165
211.000 2.309677
212.000 2.309677
213.000 2.281700
214.000 2.255783
215.000 2.375427
216.000 2.375427
217.000 2.289772
218.000 2.289772
219.000 2.233330
220.000 2.233330
221.000 2.113136
222.000 2.113136
223.000 2.113136
224.000 2.067460
225.000 2.062950
226.000 2.176727
227.000 2.231181
228.000 2.274376
229.000 2.262609
230.000 2.244560
231.000 2.244560
232.000 2.208443
233.000 2.208443
234.000 2.168533
235.000 2.168533
236.000 2.170992
237.000 2.173564
238.000 2.174271
239.000 2.174271
240.000 2.324295
241.000 2.324295
242.000 2.326519
243.000 2.330280
244.000 2.332817
245.000 2.332817
246.000 2.249248
247.000 2.217369
248.000 2.213688
249.000 2.208549
250.000 2.340855
251.000 2.467491
252.000 2.434723
253.000 2.355048
254.000 2.287361
255.000 2.289431
256.000 2.294463
257.000 2.334702
258.000 2.422096
259.000 2.399895
260.000 2.399895
261.000 2.388916
262.000 2.387001
263.000 2.387001
264.000 2.429469
265.000 2.470078
266.000 2.280952
267.000 2.282673
268.000 2.285698
269.000 2.263542
270.000 2.263542
271.000 2.285948
272.000 2.341507
273.000 2.360565
274.000 2.242325
275.000 2.378105
276.000 2.378105
277.000 2.222366
278.000 2.222366
279.000 2.244684
280.000 2.389340
281.000 2.398468
282.000 2.430473
283.000 2.430473
284.000 2.155090
285.000 2.155090
286.000 2.305400
287.000 2.347900
288.000 2.122299
289.000 2.122299
290.000 2.328568
291.000 2.328568
292.000 2.286619
293.000 2.232826
294.000 2.241577
295.000 2.241577
296.000 2.247856
297.000 2.247856
298.000 2.137840
299.000 2.137840
300.000 2.272728
301.000 2.272728
302.000 2.260831
303.000 2.234795
304.000 2.311478
305.000 2.311478
306.000 2.171707
307.000 2.171707
308.000 2.217439
309.000 2.332262
310.000 2.372864
311.000 2.182838
312.000 2.352417
313.000 2.352417
314.000 2.347260
315.000 2.339851
316.000 2.339980
317.000 2.351273
318.000 2.351273
319.000 2.324959
320.000 2.324959
321.000 2.302724
322.000 2.243477
323.000 2.184229
324.000 2.345566
325.000 2.049042
326.000 2.049042
327.000 2.256708
328.000 2.328163
329.000 1.984360
330.000 1.984360
331.000 2.246010
332.000 2.246010
333.000 2.215431
334.000 2.215431
335.000 2.303112
336.000 2.351219
337.000 2.375161
338.000 2.402374
339.000 2.402374
340.000 2.306473
341.000 2.051704
342.000 2.051704
343.000 2.054021
344.000 2.315834
345.000 2.315834
346.000 2.260841
347.000 2.260841
348.000 2.137624
349.000 2.129227
350.000 2.260788
351.000 2.260788
352.000 2.051964
353.000 2.051964
354.000 2.290477
355.000 2.391891
356.000 2.244652
357.000 2.244652
358.000 2.428399
359.000 2.554741
