0.000 1.569176
1.000 1.569176
2.000 1.569176
3.000 1.569176
4.000 1.569176
5.000 1.569176
6.000 1.569176
7.000 1.569176
8.000 1.569176
9.000 1.569176
10.000 1.622355
11.000 1.626547
12.000 1.630739
13.000 1.634931
14.000 1.639122
15.000 1.643314
16.000 1.647506
17.000 1.651698
18.000 1.655890
19.000 1.658958
20.000 1.675018
21.000 1.675018
22.000 1.675018
23.000 1.655663
24.000 1.655663
25.000 1.655663
26.000 1.606341
27.000 1.547699
28.000 1.547699
29.000 1.547699
30.000 1.547699
31.000 1.640034
32.000 1.661552
33.000 1.683070
34.000 1.689400
35.000 1.689400
36.000 1.530426
37.000 1.530426
38.000 1.604259
39.000 1.680003
40.000 1.731583
41.000 1.754448
42.000 1.733200
43.000 1.756691
44.000 1.537750
45.000 1.537750
46.000 1.591873
47.000 1.591873
48.000 1.582548
49.000 1.566409
50.000 1.557236
51.000 1.557236
52.000 1.502174
53.000 0.947960
54.000 0.947960
55.000 1.591621
56.000 1.591621
57.000 1.727287
58.000 1.732622
59.000 1.810200
60.000 1.819801
61.000 1.565559
62.000 1.565559
63.000 1.628312
64.000 1.753616
65.000 1.753616
66.000 1.584297
67.000 1.584297
68.000 1.584297
69.000 1.584297
70.000 1.671247
71.000 1.700661
72.000 1.700661
73.000 1.700661
74.000 1.660192
75.000 1.468330
76.000 1.468330
77.000 1.468330
78.000 1.648163
79.000 1.648163
80.000 1.646968
81.000 1.639444
82.000 1.639336
83.000 1.544144
84.000 1.544144
85.000 1.683334
86.000 1.615105
87.000 1.818016
88.000 1.818016
89.000 1.457573
90.000 1.457573
91.000 1.457573
92.000 1.605671
93.000 1.597519
94.000 1.597519
95.000 1.597519
96.000 1.597519
97.000 1.597519
98.000 1.519113
99.000 1.531328
100.000 1.543543
101.000 1.550186
102.000 1.550186
103.000 1.675713
104.000 1.508949
105.000 1.618095
106.000 1.618095
107.000 1.553841
108.000 1.553841
109.000 1.704326
110.000 1.727188
111.000 1.654816
112.000 1.580566
113.000 1.580566
114.000 1.580566
115.000 1.513425
116.000 1.443344
117.000 1.443344
118.000 1.443344
119.000 1.680580
120.000 1.680580
121.000 1.680580
122.000 1.382261
123.000 1.319702
124.000 1.319702
125.000 1.319702
126.000 1.340107
127.000 1.577515
128.000 1.577515
129.000 1.827393
130.000 1.507378
131.000 1.507378
132.000 1.507378
133.000 1.507378
134.000 1.697601
135.000 1.699011
136.000 1.699387
137.000 1.699387
138.000 1.692554
139.000 1.590202
140.000 1.535866
141.000 1.519814
142.000 1.519814
143.000 1.519814
144.000 1.632197
145.000 1.640538
146.000 1.647926
147.000 1.647926
148.000 1.555901
149.000 1.388435
150.000 1.388435
151.000 1.613609
152.000 1.613609
153.000 1.454514
154.000 1.454514
155.000 1.468643
156.000 1.611664
157.000 1.611664
158.000 1.637550
159.000 1.637550
160.000 1.637550
161.000 1.627247
162.000 1.657310
163.000 1.657310
164.000 1.603447
165.000 1.603447
166.000 1.617913
167.000 1.652458
168.000 1.658447
169.000 1.598412
170.000 1.224892
171.000 1.224892
172.000 1.224892
173.000 1.548051
174.000 1.538696
175.000 1.538696
176.000 1.538696
177.000 1.538696
178.000 1.654319
179.000 1.656288
180.000 1.656288
181.000 1.656288
182.000 1.647821
183.000 1.558473
184.000 1.469125
185.000 1.453369
186.000 1.562729
187.000 1.616837
188.000 1.565498
189.000 1.565498
190.000 1.565498
191.000 1.549713
192.000 1.549713
193.000 1.549713
194.000 1.549713
195.000 1.549713
196.000 1.549713
197.000 1.593465
198.000 1.600443
199.000 1.607420
200.000 1.614397
201.000 1.621374
202.000 1.628351
203.000 1.634410
204.000 1.745483
205.000 1.768517
206.000 1.768517
207.000 1.768517
208.000 1.768517
209.000 1.768517
210.000 1.768517
211.000 1.768517
212.000 1.768517
213.000 1.593120
214.000 1.604963
215.000 1.616807
216.000 1.628651
217.000 1.640494
218.000 1.652338
219.000 1.664182
220.000 1.674339
221.000 1.674339
222.000 1.608322
223.000 1.616889
224.000 1.729179
225.000 1.729736
226.000 1.510490
227.000 1.693855
228.000 1.610611
229.000 1.610611
230.000 1.610611
231.000 1.610611
232.000 1.610611
233.000 1.490263
234.000 1.478206
235.000 1.466149
236.000 1.455002
237.000 1.617073
238.000 1.537170
239.000 1.537170
240.000 1.610184
241.000 1.618248
242.000 1.518448
243.000 1.518448
244.000 1.552886
245.000 1.664543
246.000 1.664543
247.000 1.604217
248.000 1.569695
249.000 1.622055
250.000 1.700592
251.000 1.636086
252.000 1.636086
253.000 1.522858
254.000 1.522858
255.000 1.743240
256.000 1.743240
257.000 1.751587
258.000 1.751587
259.000 1.544075
260.000 1.544075
261.000 1.569119
262.000 1.600960
263.000 1.600960
264.000 1.600960
265.000 1.537201
266.000 1.529144
267.000 1.529144
268.000 1.680641
269.000 1.669373
270.000 1.655220
271.000 1.655220
272.000 1.643539
273.000 1.643539
274.000 1.683963
275.000 1.746918
276.000 1.746918
277.000 1.746918
278.000 1.671379
279.000 1.671379
280.000 1.599747
281.000 1.599747
282.000 1.599747
283.000 1.707702
284.000 1.727040
285.000 1.734108
286.000 1.734108
287.000 1.576241
288.000 1.573975
289.000 1.548439
290.000 1.766235
291.000 1.656609
292.000 1.656609
293.000 1.632980
294.000 1.632980
295.000 1.632980
296.000 1.632980
297.000 1.730904
298.000 1.730904
299.000 1.730904
300.000 1.710179
301.000 1.518066
302.000 1.518066
303.000 1.518066
304.000 1.712470
305.000 1.878616
306.000 1.561775
307.000 1.561775
308.000 1.576797
309.000 1.576797
310.000 1.533112
311.000 1.533112
312.000 1.553493
313.000 1.614723
314.000 1.614723
315.000 1.693779
316.000 1.693779
317.000 1.602898
318.000 1.602898
319.000 1.602074
320.000 1.602074
321.000 1.632561
322.000 1.632561
323.000 1.578506
324.000 1.507835
325.000 1.507835
326.000 1.535042
327.000 1.105629
328.000 1.105629
329.000 1.105629
330.000 1.685845
331.000 1.697784
332.000 1.697784
333.000 1.594757
334.000 1.594757
335.000 1.594757
336.000 1.845768
337.000 1.807820
338.000 1.769871
339.000 1.731923
340.000 1.693974
341.000 1.656025
342.000 1.618077
343.000 1.580128
344.000 1.542179
345.000 1.504231
346.000 1.479202
347.000 1.589035
348.000 1.589035
349.000 1.589035
350.000 1.596825
351.000 1.606535
352.000 1.608284
353.000 1.608284
354.000 1.685204
355.000 1.568779
356.000 1.568779
357.000 1.616562
358.000 1.616562
359.000 1.616562
