0.000 0.175934
1.000 0.175934
2.000 0.175934
3.000 0.175934
4.000 0.175934
5.000 0.175934
6.000 0.175934
7.000 0.112133
8.000 0.080704
9.000 0.080704
10.000 0.229874
11.000 0.231686
12.000 0.249962
13.000 0.249962
14.000 0.247887
15.000 0.247887
16.000 0.495995
17.000 0.495995
18.000 0.495995
19.000 0.495995
20.000 0.862655
21.000 0.768784
22.000 0.674913
23.000 0.581042
24.000 0.561852
25.000 0.437569
26.000 0.437569
27.000 0.437569
28.000 0.437569
29.000 0.437569
30.000 0.541110
31.000 0.543699
32.000 0.543884
33.000 0.543884
34.000 0.535598
35.000 0.544044
36.000 0.544044
37.000 0.544044
38.000 0.489754
39.000 0.489754
40.000 0.499825
41.000 0.499825
42.000 0.499825
43.000 0.520400
44.000 0.540176
45.000 0.540176
46.000 0.784886
47.000 0.852005
48.000 0.525063
49.000 0.525063
50.000 0.532738
51.000 0.532738
52.000 0.450111
53.000 0.450111
54.000 0.450111
55.000 0.600624
56.000 0.600624
57.000 0.600624
58.000 0.644663
59.000 0.499748
60.000 0.499748
61.000 0.499748
62.000 0.547418
63.000 0.619884
64.000 0.683624
65.000 0.683624
66.000 0.447621
67.000 0.408241
68.000 0.408241
69.000 0.408241
70.000 0.408241
71.000 0.545128
72.000 0.545128
73.000 0.545128
74.000 0.279778
75.000 0.279778
76.000 0.279778
77.000 0.524559
78.000 0.525998
79.000 0.531677
80.000 0.537356
81.000 0.542038
82.000 0.542038
83.000 0.262093
84.000 0.262093
85.000 0.262093
86.000 0.500221
87.000 0.500221
88.000 0.500221
89.000 0.500221
90.000 0.500221
91.000 0.500221
92.000 0.508008
93.000 0.482473
94.000 0.473686
95.000 0.473686
96.000 0.473686
97.000 0.473686
98.000 0.473686
99.000 0.473686
100.000 0.473686
101.000 0.473686
102.000 0.502978
103.000 0.508963
104.000 0.514948
105.000 0.520932
106.000 0.526917
107.000 0.532901
108.000 0.538886
109.000 0.538940
110.000 0.538940
111.000 0.538933
112.000 0.513962
113.000 0.513962
114.000 0.513962
115.000 0.513962
116.000 0.513962
117.000 0.593392
118.000 0.566199
119.000 0.539006
120.000 0.531746
121.000 0.496239
122.000 0.496239
123.000 0.536697
124.000 0.540058
125.000 0.548241
126.000 0.488586
127.000 0.488586
128.000 0.525681
129.000 0.525681
130.000 0.524757
131.000 0.524757
132.000 0.375160
133.000 0.375160
134.000 0.375160
135.000 0.375160
136.000 0.489108
137.000 0.503164
138.000 0.517220
139.000 0.529022
140.000 0.529022
141.000 0.529022
142.000 0.525116
143.000 0.525116
144.000 0.419670
145.000 0.419670
146.000 0.523819
147.000 0.523819
148.000 0.541389
149.000 0.541389
150.000 0.525047
151.000 0.525047
152.000 0.525803
153.000 0.525803
154.000 0.304962
155.000 0.304962
156.000 0.404503
157.000 0.404503
158.000 0.496368
159.000 0.496368
160.000 0.500366
161.000 0.491610
162.000 0.484688
163.000 0.484688
164.000 0.484688
165.000 0.465919
166.000 0.465919
167.000 0.465919
168.000 0.516451
169.000 0.509690
170.000 0.502930
171.000 0.496170
172.000 0.494316
173.000 0.494316
174.000 0.494316
175.000 0.812729
176.000 0.812729
177.000 0.698282
178.000 0.525673
179.000 0.525673
180.000 0.525673
181.000 0.538315
182.000 0.538315
183.000 0.693855
184.000 0.693855
185.000 0.693855
186.000 0.680109
187.000 0.566909
188.000 0.542656
189.000 0.542656
190.000 0.524963
191.000 0.524963
192.000 0.562147
193.000 0.810150
194.000 0.810150
195.000 0.805218
196.000 0.686166
197.000 0.567113
198.000 0.525475
199.000 0.529022
200.000 0.529022
201.000 0.601059
202.000 0.635506
203.000 0.635506
204.000 0.534607
205.000 0.534607
206.000 0.534607
207.000 0.534607
208.000 0.534607
209.000 0.532351
210.000 0.525543
211.000 0.525032
212.000 0.419830
213.000 0.419830
214.000 0.531456
215.000 0.529648
216.000 0.529648
217.000 0.525124
218.000 0.525124
219.000 0.524590
220.000 0.524590
221.000 0.375793
222.000 0.375793
223.000 0.375793
224.000 0.375793
225.000 0.436880
226.000 0.448638
227.000 0.460396
228.000 0.468201
229.000 0.468201
230.000 0.525116
231.000 0.499741
232.000 0.499741
233.000 0.492935
234.000 0.492935
235.000 0.492935
236.000 0.677010
237.000 0.598961
238.000 0.524750
239.000 0.524750
240.000 0.535912
241.000 0.535912
242.000 0.484406
243.000 0.484406
244.000 0.299942
245.000 0.299942
246.000 0.524063
247.000 0.524063
248.000 0.504775
249.000 0.495522
250.000 0.524063
251.000 0.492612
252.000 0.512573
253.000 0.522194
254.000 0.646957
255.000 0.537071
256.000 0.537071
257.000 0.536981
258.000 0.536463
259.000 0.535945
260.000 0.532478
261.000 0.532478
262.000 0.489008
263.000 0.486755
264.000 0.974236
265.000 0.524216
266.000 0.524216
267.000 0.524948
268.000 0.542656
269.000 0.542656
270.000 0.542656
271.000 0.640733
272.000 0.801139
273.000 0.902176
274.000 0.450027
275.000 0.423286
276.000 0.423286
277.000 0.494283
278.000 0.524063
279.000 0.499924
280.000 0.499924
281.000 0.484428
282.000 0.484428
283.000 0.429016
284.000 0.429016
285.000 0.534737
286.000 0.534737
287.000 0.540787
288.000 0.540787
289.000 0.542010
290.000 0.583582
291.000 0.625154
292.000 0.656242
293.000 0.524796
294.000 0.524796
295.000 0.525276
296.000 0.525276
297.000 0.407764
298.000 0.524902
299.000 0.524902
300.000 0.483948
301.000 0.483948
302.000 0.869489
303.000 1.075394
304.000 0.665783
305.000 0.500015
306.000 0.538223
307.000 0.468033
308.000 0.468033
309.000 0.468033
310.000 0.468033
311.000 0.515999
312.000 0.507963
313.000 0.502724
314.000 0.502724
315.000 0.500290
316.000 0.500290
317.000 0.515503
318.000 0.524689
319.000 0.524689
320.000 0.532822
321.000 0.532822
322.000 0.532822
323.000 0.565186
324.000 0.551926
325.000 0.538667
326.000 0.525408
327.000 0.525200
328.000 0.491890
329.000 0.491890
330.000 0.571112
331.000 0.675468
332.000 0.370445
333.000 0.370445
334.000 0.524605
335.000 0.524605
336.000 0.534004
337.000 0.534004
338.000 0.527335
339.000 0.524994
340.000 0.500061
341.000 0.525108
342.000 0.525108
343.000 0.449905
344.000 0.449905
345.000 0.524750
346.000 0.524750
347.000 0.621941
348.000 0.621941
349.000 0.548271
350.000 0.548271
351.000 0.508339
352.000 0.484734
353.000 0.484734
354.000 0.515097
355.000 0.524765
356.000 0.524765
357.000 0.536873
358.000 0.536873
359.000 0.511818
