0.000 0.169395
1.000 0.169395
2.000 0.169395
3.000 2.311356
4.000 2.503746
5.000 2.498863
6.000 2.498863
7.000 2.498863
8.000 2.402946
9.000 2.402946
10.000 2.402946
11.000 2.402946
12.000 2.474710
13.000 2.469061
14.000 2.463411
15.000 2.457762
16.000 2.454712
17.000 2.454712
18.000 2.454712
19.000 2.495758
20.000 2.495758
21.000 2.495758
22.000 2.215736
23.000 2.215736
24.000 2.215736
25.000 2.215736
26.000 2.215736
27.000 2.215736
28.000 2.215736
29.000 2.215736
30.000 2.215736
31.000 2.215736
32.000 2.488113
33.000 2.488064
34.000 2.488015
35.000 2.487966
36.000 2.487917
37.000 2.487868
38.000 2.487819
39.000 2.487770
40.000 2.487721
41.000 2.487672
42.000 2.487623
43.000 2.487595
44.000 2.399681
45.000 2.305511
46.000 2.305511
47.000 2.382614
48.000 2.516907
49.000 2.516907
50.000 2.191775
51.000 2.182861
52.000 2.543648
53.000 2.529947
54.000 2.512642
55.000 2.520340
56.000 2.433968
57.000 1.829628
58.000 1.829628
59.000 2.491333
60.000 2.491333
61.000 1.709908
62.000 1.709908
63.000 1.709908
64.000 2.300423
65.000 2.300423
66.000 2.446655
67.000 2.446655
68.000 2.419531
69.000 2.389961
70.000 1.189590
71.000 1.189590
72.000 1.189590
73.000 2.480232
74.000 2.480232
75.000 1.770770
76.000 1.744720
77.000 1.744720
78.000 2.460189
79.000 2.541634
80.000 2.009239
81.000 2.009239
82.000 2.009239
83.000 1.876282
84.000 1.876282
85.000 2.393715
86.000 2.393715
87.000 2.374726
88.000 2.359726
89.000 2.359726
90.000 2.286384
91.000 2.280968
92.000 2.514954
93.000 2.525063
94.000 2.525063
95.000 2.408035
96.000 2.408035
97.000 2.424654
98.000 2.446899
99.000 2.442983
100.000 2.413994
101.000 2.402478
102.000 2.401215
103.000 2.382878
104.000 2.345772
105.000 2.484131
106.000 2.484131
107.000 2.377203
108.000 2.198563
109.000 2.308316
110.000 2.426704
111.000 2.442527
112.000 2.464890
113.000 2.442555
114.000 2.389175
115.000 2.436107
116.000 2.566696
117.000 2.536345
118.000 2.393974
119.000 2.372853
120.000 2.282852
121.000 2.292208
122.000 2.347733
123.000 2.371743
124.000 2.506935
125.000 2.506111
126.000 2.501350
127.000 2.502054
128.000 2.506203
129.000 2.519283
130.000 2.596471
131.000 2.591764
132.000 2.538313
133.000 2.528138
134.000 2.501221
135.000 2.503998
136.000 2.517258
137.000 2.487471
138.000 2.307453
139.000 2.349055
140.000 2.595806
141.000 2.581842
142.000 2.488459
143.000 2.463123
144.000 2.343971
145.000 2.364627
146.000 2.488922
147.000 2.387878
148.000 2.387878
149.000 2.473198
150.000 2.473198
151.000 2.486578
152.000 2.527626
153.000 2.527626
154.000 2.522757
155.000 2.507500
156.000 2.507500
157.000 2.436422
158.000 2.356857
159.000 2.356857
160.000 2.447463
161.000 2.492764
162.000 2.497360
163.000 2.462471
164.000 2.463074
165.000 2.463074
166.000 2.403895
167.000 2.387444
168.000 2.393385
169.000 2.393761
170.000 2.460856
171.000 2.516258
172.000 2.480137
173.000 2.431770
174.000 2.405699
175.000 2.383255
176.000 2.426649
177.000 2.513672
178.000 2.488437
179.000 2.428871
180.000 2.412553
181.000 2.376495
182.000 2.482628
183.000 2.482628
184.000 2.495766
185.000 2.502151
186.000 2.478768
187.000 2.233830
188.000 2.097895
189.000 2.238542
190.000 2.300368
191.000 2.402603
192.000 2.399688
193.000 2.392738
194.000 2.406640
195.000 2.433884
196.000 2.407649
197.000 2.344805
198.000 2.358610
199.000 2.410852
200.000 2.412843
201.000 2.403349
202.000 2.408946
203.000 2.419937
204.000 2.399213
205.000 2.349453
206.000 2.336360
207.000 2.321815
208.000 2.496049
209.000 2.516220
210.000 2.352806
211.000 2.352806
212.000 2.306994
213.000 2.194562
214.000 2.141304
215.000 2.141304
216.000 2.500420
217.000 2.500420
218.000 2.420507
219.000 2.347346
220.000 2.321373
221.000 2.516426
222.000 2.461326
223.000 2.357811
224.000 2.372324
225.000 2.405685
226.000 2.485133
227.000 2.658127
228.000 2.576265
229.000 2.382446
230.000 2.431872
231.000 2.525940
232.000 2.502629
233.000 2.360027
234.000 2.368381
235.000 2.481013
236.000 2.508785
237.000 2.521420
238.000 2.525818
239.000 2.338147
240.000 2.287659
241.000 2.335760
242.000 2.359802
243.000 2.409750
244.000 2.413513
245.000 2.487564
246.000 2.487564
247.000 2.539879
248.000 2.539879
249.000 2.418421
250.000 2.329376
251.000 2.329376
252.000 2.384198
253.000 2.504265
254.000 2.502416
255.000 2.416295
256.000 2.385880
257.000 2.127754
258.000 2.127754
259.000 2.363731
260.000 2.363731
261.000 2.403630
262.000 2.459381
263.000 2.459381
264.000 2.405418
265.000 2.379811
266.000 2.512360
267.000 2.496532
268.000 2.406090
269.000 2.417761
270.000 2.490495
271.000 2.457500
272.000 2.275757
273.000 2.292697
274.000 2.388420
275.000 2.388180
276.000 2.386742
277.000 2.367263
278.000 2.269791
279.000 2.321742
280.000 2.516251
281.000 2.516251
282.000 2.363335
283.000 2.363889
284.000 2.378672
285.000 2.386230
286.000 2.248573
287.000 2.248573
288.000 2.504028
289.000 2.504028
290.000 2.504028
291.000 2.504028
292.000 2.483541
293.000 2.506556
294.000 2.528343
295.000 2.528343
296.000 2.528343
297.000 2.417528
298.000 2.347305
299.000 2.398239
300.000 2.500523
301.000 2.504105
302.000 2.195641
303.000 2.195641
304.000 2.380431
305.000 2.494667
306.000 2.473008
307.000 2.465736
308.000 2.488464
309.000 2.505608
310.000 2.469714
311.000 2.424858
312.000 2.439826
313.000 2.504204
314.000 2.511919
315.000 2.562520
316.000 2.553894
317.000 2.507088
318.000 2.486758
319.000 2.447647
320.000 2.420864
321.000 2.286522
322.000 2.331493
323.000 2.524132
324.000 2.508213
325.000 2.420898
326.000 2.414524
327.000 2.395027
328.000 2.395027
329.000 2.395027
330.000 2.484292
331.000 2.501925
332.000 2.519558
333.000 2.521309
334.000 2.346611
335.000 2.383151
336.000 2.407735
337.000 2.430809
338.000 2.431641
339.000 2.436923
340.000 2.444726
341.000 2.491495
342.000 2.498095
343.000 2.487293
344.000 2.475045
345.000 2.413788
346.000 2.438721
347.000 2.555786
348.000 2.536009
349.000 2.411991
350.000 2.385963
351.000 2.504938
352.000 2.556007
353.000 2.453490
354.000 2.400116
355.000 2.422916
356.000 2.428917
357.000 2.443211
358.000 2.447990
359.000 2.495474
