0.000 0.097496
1.000 0.097496
2.000 0.097496
3.000 0.413124
4.000 0.858696
5.000 1.357048
6.000 1.363965
7.000 1.366287
8.000 1.350342
9.000 1.350342
10.000 1.388695
11.000 1.388695
12.000 1.388695
13.000 1.350026
14.000 1.347496
15.000 1.347496
16.000 1.347061
17.000 1.347061
18.000 1.225166
19.000 1.225166
20.000 1.225166
21.000 1.225166
22.000 1.259933
23.000 1.259933
24.000 1.259933
25.000 1.259933
26.000 1.383926
27.000 1.383926
28.000 1.383926
29.000 1.376526
30.000 1.376526
31.000 1.376526
32.000 1.376526
33.000 1.378794
34.000 1.382603
35.000 1.384399
36.000 1.384399
37.000 1.387657
38.000 1.387657
39.000 1.387645
40.000 1.328404
41.000 1.325043
42.000 1.325043
43.000 1.325043
44.000 1.199318
45.000 1.199318
46.000 1.199318
47.000 1.662178
48.000 1.662178
49.000 1.662178
50.000 1.597542
51.000 1.597542
52.000 1.604168
53.000 1.616348
54.000 1.616348
55.000 1.616348
56.000 1.646057
57.000 1.646057
58.000 1.646057
59.000 1.575176
60.000 1.537506
61.000 1.537506
62.000 1.521309
63.000 1.521309
64.000 1.521309
65.000 1.889948
66.000 2.598602
67.000 2.843346
68.000 2.843346
69.000 1.445663
70.000 1.445663
71.000 1.445663
72.000 1.445663
73.000 1.450683
74.000 1.460009
75.000 1.464546
76.000 1.464546
77.000 1.464546
78.000 1.458588
79.000 1.458588
80.000 1.396412
81.000 1.314255
82.000 1.314255
83.000 1.314255
84.000 1.472160
85.000 1.472160
86.000 1.472160
87.000 1.472160
88.000 1.458538
89.000 1.415995
90.000 1.373451
91.000 1.330908
92.000 1.329025
93.000 1.329025
94.000 1.329025
95.000 1.458382
96.000 1.458382
97.000 1.458382
98.000 1.471893
99.000 1.471893
100.000 1.471893
101.000 1.472072
102.000 1.472191
103.000 1.472191
104.000 1.472191
105.000 1.472191
106.000 1.390461
107.000 1.382026
108.000 1.380478
109.000 1.380478
110.000 1.380478
111.000 1.466583
112.000 1.466583
113.000 1.466583
114.000 1.466583
115.000 1.352928
116.000 1.352928
117.000 1.352928
118.000 1.352928
119.000 1.383618
120.000 1.432163
121.000 1.450279
122.000 1.450279
123.000 1.450279
124.000 1.435928
125.000 1.435928
126.000 1.435928
127.000 1.452972
128.000 1.452972
129.000 1.452972
130.000 1.452972
131.000 1.452972
132.000 1.467132
133.000 1.491620
134.000 1.516109
135.000 1.519508
136.000 1.519508
137.000 1.430695
138.000 1.430695
139.000 1.430695
140.000 1.437100
141.000 1.441696
142.000 1.441696
143.000 1.441696
144.000 1.441696
145.000 1.447472
146.000 1.447472
147.000 1.447472
148.000 1.480728
149.000 1.480728
150.000 1.480728
151.000 1.480728
152.000 1.477341
153.000 1.459991
154.000 1.447815
155.000 1.447815
156.000 1.447815
157.000 1.270348
158.000 1.270348
159.000 1.270348
160.000 1.425087
161.000 1.425087
162.000 1.425087
163.000 1.425087
164.000 1.438942
165.000 1.438942
166.000 1.438942
167.000 1.465172
168.000 1.465172
169.000 1.465172
170.000 1.327850
171.000 1.327850
172.000 1.327850
173.000 1.327850
174.000 1.332717
175.000 1.344910
176.000 1.354317
177.000 1.354317
178.000 1.354317
179.000 1.354317
180.000 1.354317
181.000 1.354317
182.000 1.363247
183.000 1.361656
184.000 1.361656
185.000 1.361656
186.000 1.050095
187.000 1.050095
188.000 1.050095
189.000 1.050095
190.000 1.091811
191.000 1.148552
192.000 1.194962
193.000 1.194962
194.000 1.194962
195.000 1.370575
196.000 1.370575
197.000 1.370575
198.000 1.352766
199.000 1.280357
200.000 1.280357
201.000 1.280357
202.000 1.305962
203.000 1.305962
204.000 1.305962
205.000 1.307849
206.000 1.317044
207.000 1.326240
208.000 1.328064
209.000 1.328064
210.000 1.361046
211.000 1.361046
212.000 1.361046
213.000 1.367320
214.000 1.376080
215.000 1.378189
216.000 1.378189
217.000 1.378189
218.000 1.354638
219.000 1.353264
220.000 1.353220
221.000 1.299685
222.000 1.394417
223.000 1.259987
224.000 1.333051
225.000 1.204376
226.000 1.374237
227.000 1.369358
228.000 1.359795
229.000 1.346924
230.000 1.346924
231.000 1.381797
232.000 1.402184
233.000 1.402184
234.000 1.386911
235.000 1.364868
236.000 1.364868
237.000 1.361908
238.000 1.361908
239.000 1.340523
240.000 1.340523
241.000 1.269234
242.000 1.139384
243.000 1.049438
244.000 1.134781
245.000 1.134781
246.000 1.267395
247.000 1.267395
248.000 1.279161
249.000 1.322386
250.000 1.337677
251.000 1.249222
252.000 1.261471
253.000 1.374481
254.000 1.182961
255.000 1.289551
256.000 1.398262
257.000 1.414505
258.000 1.414505
259.000 1.389955
260.000 1.367340
261.000 1.367340
262.000 1.176086
263.000 1.183151
264.000 1.364197
265.000 1.364197
266.000 1.349369
267.000 1.269974
268.000 1.313857
269.000 1.327301
270.000 1.327301
271.000 1.343397
272.000 1.341843
273.000 1.339127
274.000 1.323013
275.000 1.323013
276.000 1.242264
277.000 1.242264
278.000 1.242264
279.000 1.260026
280.000 1.300842
281.000 1.341657
282.000 1.358009
283.000 1.358009
284.000 1.402565
285.000 1.354227
286.000 1.326653
287.000 1.372704
288.000 1.251617
289.000 1.358307
290.000 1.358307
291.000 1.319183
292.000 1.319183
293.000 1.340546
294.000 1.340546
295.000 1.355553
296.000 1.360260
297.000 1.360260
298.000 1.392570
299.000 1.392570
300.000 1.360069
301.000 1.360069
302.000 1.375731
303.000 1.381233
304.000 1.402153
305.000 1.402153
306.000 1.313248
307.000 1.409142
308.000 1.409142
309.000 1.373131
310.000 1.255302
311.000 1.255302
312.000 1.255302
313.000 1.226749
314.000 1.193203
315.000 1.165558
316.000 1.386719
317.000 1.312469
318.000 1.322158
319.000 1.423790
320.000 1.325344
321.000 1.224991
322.000 1.269516
323.000 1.287979
324.000 1.287979
325.000 1.305356
326.000 1.324455
327.000 1.324455
328.000 1.165459
329.000 1.165459
330.000 1.340797
331.000 1.340797
332.000 1.223274
333.000 1.223274
334.000 1.223274
335.000 1.223274
336.000 1.241384
337.000 1.331396
338.000 1.357887
339.000 1.357887
340.000 1.357887
341.000 1.351458
342.000 1.351357
343.000 1.351357
344.000 1.107796
345.000 1.107796
346.000 1.107796
347.000 0.782169
348.000 0.731781
349.000 0.731781
350.000 0.731781
351.000 0.731781
352.000 0.731781
353.000 0.870598
354.000 0.870598
355.000 0.870598
356.000 0.870598
357.000 0.870598
358.000 0.862227
359.000 0.823364
