0.000 0.183723
1.000 0.183723
2.000 0.183723
3.000 0.183723
4.000 0.447052
5.000 0.447052
6.000 0.844025
7.000 0.844025
8.000 0.625366
9.000 0.625366
10.000 0.625366
11.000 0.464384
12.000 0.445458
13.000 0.432686
14.000 0.432686
15.000 0.432686
16.000 0.432686
17.000 0.432686
18.000 0.432686
19.000 0.711732
20.000 0.601730
21.000 0.509346
22.000 0.634743
23.000 0.734001
24.000 0.902397
25.000 0.902397
26.000 0.902397
27.000 0.728202
28.000 0.645096
29.000 0.645096
30.000 0.784947
31.000 1.018356
32.000 0.957684
33.000 0.659880
34.000 1.046577
35.000 1.046577
36.000 0.387619
37.000 0.387619
38.000 0.873207
39.000 0.873207
40.000 0.872269
41.000 0.872269
42.000 0.870170
43.000 0.844809
44.000 0.819447
45.000 0.803246
46.000 0.471207
47.000 0.471207
48.000 0.443878
49.000 0.676941
50.000 0.676941
51.000 0.676941
52.000 0.676941
53.000 0.676941
54.000 0.832604
55.000 0.803907
56.000 0.790085
57.000 0.790085
58.000 0.769424
59.000 0.734970
60.000 0.734970
61.000 0.803116
62.000 0.803116
63.000 0.493149
64.000 0.493149
65.000 0.493149
66.000 0.708290
67.000 0.749239
68.000 0.814209
69.000 0.772377
70.000 0.707649
71.000 0.707649
72.000 0.847408
73.000 0.849403
74.000 0.849403
75.000 0.849403
76.000 0.849403
77.000 0.485574
78.000 0.570132
79.000 0.575050
80.000 0.575050
81.000 0.593875
82.000 0.922379
83.000 0.922379
84.000 0.910698
85.000 0.910698
86.000 0.886668
87.000 0.840255
88.000 0.805328
89.000 0.799842
90.000 0.790825
91.000 0.344231
92.000 0.344231
93.000 0.781448
94.000 0.759315
95.000 0.759315
96.000 0.759315
97.000 0.869455
98.000 0.875329
99.000 0.876663
100.000 0.616478
101.000 0.616478
102.000 0.616478
103.000 0.852651
104.000 0.844562
105.000 0.841347
106.000 0.868973
107.000 0.868973
108.000 0.652184
109.000 0.714090
110.000 0.733688
111.000 0.733688
112.000 0.778722
113.000 0.800507
114.000 0.842076
115.000 0.869492
116.000 0.651848
117.000 0.651848
118.000 0.697731
119.000 0.697731
120.000 0.697731
121.000 0.280418
122.000 0.280418
123.000 0.280418
124.000 0.795593
125.000 0.795593
126.000 0.707611
127.000 0.707611
128.000 0.707611
129.000 0.367256
130.000 0.367256
131.000 0.367256
132.000 0.367256
133.000 0.445770
134.000 0.845001
135.000 0.845001
136.000 0.845001
137.000 0.678429
138.000 0.678429
139.000 0.678429
140.000 0.450142
141.000 0.450142
142.000 0.450142
143.000 0.807007
144.000 0.807007
145.000 0.807007
146.000 0.840670
147.000 0.838966
148.000 0.838966
149.000 0.838966
150.000 0.711922
151.000 0.711922
152.000 0.711922
153.000 0.719215
154.000 0.778162
155.000 0.806587
156.000 0.806587
157.000 0.830452
158.000 0.830452
159.000 0.569717
160.000 0.523537
161.000 0.523537
162.000 0.523537
163.000 0.523537
164.000 0.523537
165.000 0.646238
166.000 0.596535
167.000 0.596535
168.000 0.596535
169.000 0.596535
170.000 0.628990
171.000 0.551231
172.000 0.551231
173.000 0.551231
174.000 0.828339
175.000 0.828339
176.000 0.693268
177.000 0.693268
178.000 0.635002
179.000 0.635002
180.000 0.634610
181.000 0.622986
182.000 0.611363
183.000 0.605621
184.000 0.938713
185.000 0.768059
186.000 0.623138
187.000 0.623138
188.000 0.516014
189.000 0.516014
190.000 0.516014
191.000 0.814190
192.000 0.793991
193.000 0.793991
194.000 0.674370
195.000 0.523140
196.000 0.755058
197.000 0.832458
198.000 0.832458
199.000 0.832458
200.000 0.751926
201.000 0.647079
202.000 0.647079
203.000 0.832054
204.000 0.674441
205.000 0.402031
206.000 0.402031
207.000 0.402031
208.000 0.402031
209.000 0.728883
210.000 0.821373
211.000 0.453827
212.000 0.453827
213.000 0.453827
214.000 0.453827
215.000 0.681328
216.000 0.681328
217.000 0.681328
218.000 0.681328
219.000 0.681328
220.000 0.681328
221.000 0.681328
222.000 0.768400
223.000 0.667209
224.000 0.566018
225.000 0.464827
226.000 0.421425
227.000 0.421425
228.000 0.421425
229.000 0.608269
230.000 0.608269
231.000 0.527542
232.000 0.527542
233.000 0.693169
234.000 0.588600
235.000 0.588600
236.000 0.366646
237.000 0.832085
238.000 0.651558
239.000 0.651558
240.000 0.651558
241.000 0.651558
242.000 0.876126
243.000 0.869839
244.000 0.863552
245.000 0.859550
246.000 0.535339
247.000 0.535339
248.000 0.534859
249.000 0.774208
250.000 0.774208
251.000 0.698358
252.000 0.452988
253.000 0.452988
254.000 0.510330
255.000 0.510330
256.000 0.510330
257.000 0.510330
258.000 0.524732
259.000 0.471611
260.000 0.471611
261.000 0.774826
262.000 0.774826
263.000 0.774826
264.000 0.599186
265.000 0.558192
266.000 0.530045
267.000 0.530045
268.000 0.530045
269.000 0.530045
270.000 0.530045
271.000 0.530045
272.000 0.530045
273.000 0.381383
274.000 0.255379
275.000 0.255379
276.000 0.255379
277.000 0.547184
278.000 0.811119
279.000 0.811119
280.000 0.473899
281.000 0.567321
282.000 0.660742
283.000 0.687660
284.000 0.809682
285.000 0.847534
286.000 0.806695
287.000 0.743454
288.000 0.594688
289.000 0.594688
290.000 0.594688
291.000 0.594688
292.000 0.853325
293.000 0.853203
294.000 0.853203
295.000 0.511086
296.000 0.511086
297.000 0.894531
298.000 0.894531
299.000 0.941025
300.000 0.941025
301.000 0.806966
302.000 0.720551
303.000 0.720551
304.000 0.720551
305.000 0.720551
306.000 0.439606
307.000 0.439606
308.000 0.439606
309.000 0.439606
310.000 0.439606
311.000 0.439606
312.000 0.439606
313.000 0.837621
314.000 0.832489
315.000 0.827357
316.000 0.822225
317.000 0.818192
318.000 0.818192
319.000 0.818192
320.000 0.725121
321.000 0.649574
322.000 0.649574
323.000 0.827888
324.000 0.827888
325.000 0.876867
326.000 0.906776
327.000 0.906776
328.000 0.592624
329.000 0.510914
330.000 0.509521
331.000 0.839867
332.000 0.283981
333.000 0.283981
334.000 0.283981
335.000 0.283981
336.000 0.283981
337.000 0.283981
338.000 0.283981
339.000 0.926514
340.000 0.926514
341.000 0.926514
342.000 0.580083
343.000 0.587951
344.000 0.595819
345.000 0.599648
346.000 0.869171
347.000 0.859833
348.000 0.788155
349.000 0.788155
350.000 0.788155
351.000 0.693140
352.000 0.593932
353.000 0.496063
354.000 0.496063
355.000 0.482651
356.000 0.482651
357.000 0.482651
358.000 0.680234
359.000 0.676910
