0.000 0.185371
1.000 0.185371
2.000 0.185371
3.000 0.185371
4.000 0.185371
5.000 0.576188
6.000 0.871460
7.000 0.793381
8.000 0.853737
9.000 0.879791
10.000 0.791267
11.000 0.814900
12.000 0.860962
13.000 0.860962
14.000 0.824188
15.000 0.824188
16.000 0.852478
17.000 0.852478
18.000 0.829905
19.000 0.822624
20.000 0.822624
21.000 0.860497
22.000 0.860497
23.000 0.886662
24.000 0.889244
25.000 0.886340
26.000 0.801949
27.000 0.801949
28.000 0.801949
29.000 0.776047
30.000 0.776047
31.000 0.810692
32.000 0.810692
33.000 0.798777
34.000 0.781303
35.000 0.781303
36.000 0.781303
37.000 0.825823
38.000 0.866013
39.000 0.857445
40.000 0.857445
41.000 0.840889
42.000 0.840889
43.000 0.840889
44.000 0.833132
45.000 0.845228
46.000 0.856148
47.000 0.864738
48.000 0.826317
49.000 0.826317
50.000 0.839410
51.000 0.843216
52.000 0.843216
53.000 0.836891
54.000 0.836891
55.000 0.854687
56.000 0.861420
57.000 0.861420
58.000 0.864647
59.000 0.864647
60.000 0.864647
61.000 0.834657
62.000 0.823578
63.000 0.823578
64.000 0.824305
65.000 0.826576
66.000 0.804619
67.000 0.804619
68.000 0.860672
69.000 0.860672
70.000 0.860672
71.000 0.821096
72.000 0.788603
73.000 0.756110
74.000 0.744007
75.000 0.607452
76.000 0.607452
77.000 0.880371
78.000 0.844490
79.000 0.872124
80.000 0.875008
81.000 0.809715
82.000 0.694420
83.000 0.788712
84.000 0.825775
85.000 0.905006
86.000 0.791565
87.000 0.791565
88.000 0.834548
89.000 0.856621
90.000 0.856621
91.000 0.876991
92.000 0.876991
93.000 0.823875
94.000 0.823875
95.000 0.809642
96.000 0.813638
97.000 0.828388
98.000 0.843137
99.000 0.839729
100.000 0.822769
101.000 0.766204
102.000 0.794895
103.000 0.916023
104.000 0.885231
105.000 0.876184
106.000 0.905846
107.000 0.801544
108.000 0.819786
109.000 0.808640
110.000 0.808640
111.000 0.808640
112.000 0.830090
113.000 0.861855
114.000 0.861855
115.000 0.866348
116.000 0.866348
117.000 0.818221
118.000 0.822012
119.000 0.824562
120.000 0.824562
121.000 0.824562
122.000 0.870560
123.000 0.877716
124.000 0.865189
125.000 0.863876
126.000 0.819481
127.000 0.819481
128.000 0.859706
129.000 0.862213
130.000 0.709160
131.000 0.799651
132.000 0.833069
133.000 0.776325
134.000 0.752106
135.000 0.852470
136.000 0.776276
137.000 0.776276
138.000 0.810600
139.000 0.810600
140.000 0.892952
141.000 0.892952
142.000 0.782555
143.000 0.782555
144.000 0.789683
145.000 0.824451
146.000 0.839897
147.000 0.839897
148.000 0.806451
149.000 0.776230
150.000 0.842465
151.000 0.843330
152.000 0.862785
153.000 0.862785
154.000 0.867510
155.000 0.874017
156.000 0.816231
157.000 0.837158
158.000 0.804380
159.000 0.850761
160.000 0.847705
161.000 0.831589
162.000 0.857605
163.000 0.759315
164.000 0.759315
165.000 0.892609
166.000 0.880073
167.000 0.862427
168.000 0.862427
169.000 0.861649
170.000 0.861649
171.000 0.852626
172.000 0.792046
173.000 0.792046
174.000 0.792046
175.000 0.863335
176.000 0.863335
177.000 0.850051
178.000 0.835874
179.000 0.833199
180.000 0.829285
181.000 0.879013
182.000 0.883441
183.000 0.898987
184.000 0.848366
185.000 0.848366
186.000 0.799362
187.000 0.799362
188.000 0.826447
189.000 0.826447
190.000 0.825975
191.000 0.819609
192.000 0.814926
193.000 0.814926
194.000 0.729706
195.000 0.775156
196.000 0.853081
197.000 0.881599
198.000 0.824112
199.000 0.824112
200.000 0.799301
201.000 0.799301
202.000 0.843511
203.000 0.871803
204.000 0.812378
205.000 0.812378
206.000 0.900322
207.000 0.900322
208.000 0.862620
209.000 0.806549
210.000 0.806549
211.000 0.835823
212.000 0.835823
213.000 0.798790
214.000 0.822845
215.000 0.822845
216.000 0.806595
217.000 0.806595
218.000 0.857826
219.000 0.857826
220.000 0.859094
221.000 0.868344
222.000 0.877594
223.000 0.855438
224.000 0.850013
225.000 0.822807
226.000 0.904503
227.000 0.904503
228.000 0.833710
229.000 0.833710
230.000 0.859543
231.000 0.859543
232.000 0.859543
233.000 0.858556
234.000 0.857964
235.000 0.857964
236.000 0.791229
237.000 0.791229
238.000 0.792180
239.000 0.855352
240.000 0.870087
241.000 0.833048
242.000 0.800125
243.000 0.801025
244.000 0.801025
245.000 0.722878
246.000 0.722878
247.000 0.728914
248.000 0.743151
249.000 0.757387
250.000 0.892891
251.000 0.892891
252.000 0.812294
253.000 0.812294
254.000 0.850972
255.000 0.889610
256.000 0.889610
257.000 0.889610
258.000 0.889610
259.000 0.855676
260.000 0.853667
261.000 0.851997
262.000 0.851997
263.000 0.923325
264.000 0.923325
265.000 0.831360
266.000 0.831360
267.000 0.831360
268.000 0.827481
269.000 0.826347
270.000 0.826347
271.000 0.818512
272.000 0.818512
273.000 0.815804
274.000 0.803093
275.000 0.792702
276.000 0.802452
277.000 0.802452
278.000 0.833127
279.000 0.836737
280.000 0.837006
281.000 0.797729
282.000 0.833862
283.000 0.812248
284.000 0.840759
285.000 0.840759
286.000 0.851738
287.000 0.851738
288.000 0.851738
289.000 0.851738
290.000 0.857455
291.000 0.843171
292.000 0.839714
293.000 0.839714
294.000 0.839714
295.000 0.849416
296.000 0.856606
297.000 0.856606
298.000 0.856964
299.000 0.888145
300.000 0.888145
301.000 0.888145
302.000 0.809209
303.000 0.828715
304.000 0.848222
305.000 0.851364
306.000 0.805992
307.000 0.816124
308.000 0.816124
309.000 0.814657
310.000 0.809784
311.000 0.809021
312.000 0.809021
313.000 0.867516
314.000 0.867516
315.000 0.844757
316.000 0.833649
317.000 0.833649
318.000 0.847076
319.000 0.847076
320.000 0.776306
321.000 0.776306
322.000 0.776306
323.000 0.776306
324.000 0.809503
325.000 0.840195
326.000 0.840195
327.000 0.799263
328.000 0.826370
329.000 0.801521
330.000 0.801521
331.000 0.823486
332.000 0.823486
333.000 0.817444
334.000 0.817444
335.000 0.817444
336.000 0.808528
337.000 0.800278
338.000 0.829018
339.000 0.891853
340.000 0.891853
341.000 0.891853
342.000 0.891853
343.000 0.891853
344.000 0.891853
345.000 0.847357
346.000 0.835406
347.000 0.823455
348.000 0.811503
349.000 0.799552
350.000 0.798363
351.000 0.815141
352.000 0.829430
353.000 0.856697
354.000 0.864128
355.000 0.844734
356.000 0.850606
357.000 0.866028
358.000 0.842819
359.000 0.758438
