0.000 0.044197
1.000 0.044197
2.000 0.044197
3.000 0.229832
4.000 0.461853
5.000 0.857162
6.000 1.049562
7.000 1.191177
8.000 1.586774
9.000 1.343563
10.000 0.914909
11.000 1.333120
12.000 1.729682
13.000 1.212929
14.000 1.227522
15.000 1.247314
16.000 1.247314
17.000 1.247314
18.000 1.302558
19.000 1.379448
20.000 1.383530
21.000 1.383530
22.000 1.383530
23.000 1.383530
24.000 1.383530
25.000 1.383530
26.000 1.412624
27.000 1.448082
28.000 1.448082
29.000 1.448082
30.000 1.448082
31.000 1.448082
32.000 1.448082
33.000 1.448082
34.000 1.559775
35.000 1.722740
36.000 1.722740
37.000 1.722740
38.000 1.763183
39.000 1.812592
40.000 2.166454
41.000 2.659669
42.000 2.667999
43.000 2.667999
44.000 2.667999
45.000 2.667999
46.000 2.667999
47.000 2.667999
48.000 2.667999
49.000 2.667999
50.000 2.667999
51.000 2.667999
52.000 2.667999
53.000 2.667999
54.000 2.474552
55.000 2.269112
56.000 2.184404
57.000 2.132805
58.000 2.229655
59.000 2.359390
60.000 1.715469
61.000 1.103020
62.000 1.851069
63.000 2.715431
64.000 2.539078
65.000 2.293960
66.000 2.290215
67.000 2.290215
68.000 2.181382
69.000 2.032562
70.000 1.716968
71.000 1.372162
72.000 1.320086
73.000 1.247400
74.000 1.246910
75.000 1.246910
76.000 1.246910
77.000 0.725670
78.000 1.358135
79.000 1.318474
80.000 1.335175
81.000 1.478655
82.000 1.788188
83.000 1.900482
84.000 1.900482
85.000 1.668032
86.000 1.171832
87.000 1.028763
88.000 1.028763
89.000 1.172625
90.000 1.478414
91.000 1.591431
92.000 1.591431
93.000 1.444631
94.000 1.131933
95.000 1.063407
96.000 1.150421
97.000 1.187202
98.000 1.187202
99.000 1.204222
100.000 1.240552
101.000 1.319404
102.000 1.475336
103.000 1.545176
104.000 1.625441
105.000 1.239445
106.000 0.494583
107.000 0.562269
108.000 0.688667
109.000 1.182335
110.000 2.178116
111.000 2.269161
112.000 2.463925
113.000 2.549664
114.000 2.545781
115.000 2.575544
116.000 2.645527
117.000 2.731034
118.000 2.868180
119.000 2.605121
120.000 1.919157
121.000 1.743462
122.000 1.743462
123.000 1.743462
124.000 1.743462
125.000 1.743462
126.000 1.743462
127.000 1.743462
128.000 1.743462
129.000 1.743462
130.000 1.743462
131.000 1.743462
132.000 1.743462
133.000 1.835844
134.000 2.033047
135.000 2.122124
136.000 2.122124
137.000 1.803172
138.000 1.126655
139.000 1.062762
140.000 1.079520
141.000 1.084656
142.000 1.084656
143.000 1.147312
144.000 1.280492
145.000 1.545123
146.000 2.017230
147.000 1.911494
148.000 1.343594
149.000 1.214276
150.000 1.121826
151.000 1.121826
152.000 1.121826
153.000 1.068099
154.000 0.958870
155.000 0.958870
156.000 0.958870
157.000 0.970773
158.000 0.995491
159.000 1.035152
160.000 1.118820
161.000 1.055791
162.000 0.928368
163.000 1.050601
164.000 1.315484
165.000 1.185729
166.000 0.766060
167.000 0.851408
168.000 1.034378
169.000 1.051869
170.000 1.004643
171.000 1.009015
172.000 1.035936
173.000 1.188555
174.000 1.541364
175.000 1.499320
176.000 1.402778
177.000 1.453012
178.000 1.569663
179.000 1.656126
180.000 1.819341
181.000 1.873215
182.000 1.873215
183.000 1.885520
184.000 1.911430
185.000 1.699712
186.000 1.245830
187.000 1.411054
188.000 1.848977
189.000 1.631404
190.000 1.252777
191.000 1.513104
192.000 2.067625
193.000 1.966116
194.000 1.437373
195.000 1.497250
196.000 2.584637
197.000 2.741349
198.000 2.566106
199.000 2.566980
200.000 2.625516
201.000 0.327461
202.000 0.327461
203.000 0.670679
204.000 0.830284
205.000 1.053757
206.000 2.509970
207.000 2.747017
208.000 1.916900
209.000 1.786797
210.000 1.805292
211.000 1.978884
212.000 2.742346
213.000 2.988976
214.000 2.742882
215.000 2.534076
216.000 1.740948
217.000 1.575849
218.000 1.607292
219.000 1.620556
220.000 1.657698
221.000 1.624736
222.000 1.447144
223.000 1.359668
224.000 1.182053
225.000 1.219237
226.000 1.511458
227.000 1.721332
228.000 2.018377
229.000 1.932474
230.000 1.499458
231.000 1.310186
232.000 1.246590
233.000 1.384331
234.000 2.082500
235.000 2.394092
236.000 2.474908
237.000 2.368884
238.000 1.817529
239.000 1.747986
240.000 1.989358
241.000 2.159005
242.000 2.481989
243.000 2.380847
244.000 1.336311
245.000 1.392539
246.000 1.647586
247.000 1.865162
248.000 2.591500
249.000 2.868865
250.000 2.789258
251.000 2.557309
252.000 1.713817
253.000 1.618173
254.000 2.581123
255.000 2.911423
256.000 2.620290
257.000 2.424026
258.000 1.965740
259.000 1.766670
260.000 1.766670
261.000 1.735701
262.000 1.595227
263.000 1.527900
264.000 1.564061
265.000 1.576920
266.000 1.576920
267.000 1.603929
268.000 1.725339
269.000 1.881817
270.000 2.332693
271.000 2.443404
272.000 2.245240
273.000 2.162567
274.000 2.162567
275.000 2.197772
276.000 2.358186
277.000 2.387797
278.000 2.156773
279.000 2.001447
280.000 1.685878
281.000 1.715207
282.000 2.600574
283.000 2.972690
284.000 2.924357
285.000 2.910262
286.000 2.894236
287.000 2.736040
288.000 2.014490
289.000 1.860277
290.000 2.258862
291.000 2.220706
292.000 1.818667
293.000 1.567047
294.000 1.567047
295.000 1.701598
296.000 2.309154
297.000 2.560251
298.000 2.415291
299.000 2.313252
300.000 2.013787
301.000 1.803955
302.000 1.229309
303.000 1.126801
304.000 1.126801
305.000 1.126801
306.000 1.126801
307.000 1.410557
308.000 2.361287
309.000 2.576904
310.000 2.576904
311.000 2.576904
312.000 2.576904
313.000 2.576904
314.000 2.576904
315.000 2.404333
316.000 1.621559
317.000 1.384186
318.000 1.384186
319.000 1.384186
320.000 1.384186
321.000 1.384186
322.000 1.384186
323.000 1.384186
324.000 1.384186
325.000 1.297139
326.000 0.591431
327.000 0.591431
328.000 0.591431
329.000 0.643635
330.000 0.906677
331.000 1.052231
332.000 1.052231
333.000 1.052231
334.000 1.052231
335.000 0.974714
336.000 0.608138
337.000 0.455460
338.000 0.455460
339.000 0.529474
340.000 0.865197
341.000 1.070111
342.000 1.018009
343.000 0.958580
344.000 0.836274
345.000 0.761636
346.000 0.770991
347.000 0.776878
348.000 0.776878
349.000 0.742790
350.000 0.580820
351.000 0.495117
352.000 0.495117
353.000 0.454944
354.000 0.312538
355.000 0.342262
356.000 0.476480
357.000 0.530001
358.000 0.596786
359.000 0.596266
