0.000 0.182022
1.000 1.879270
2.000 0.358475
3.000 0.189400
4.000 2.583258
5.000 2.693779
6.000 2.693779
7.000 0.098251
8.000 0.098251
9.000 0.098251
10.000 0.098251
11.000 0.098251
12.000 0.098251
13.000 0.098251
14.000 0.098251
15.000 0.098251
16.000 0.098251
17.000 0.098251
18.000 0.098251
19.000 0.098251
20.000 2.649399
21.000 2.714203
22.000 2.714203
23.000 2.714346
24.000 2.716810
25.000 2.719275
26.000 2.720543
27.000 2.469963
28.000 2.469963
29.000 2.469963
30.000 2.469963
31.000 2.643120
32.000 2.643120
33.000 2.643120
34.000 2.643120
35.000 2.627749
36.000 2.610359
37.000 2.601784
38.000 2.601784
39.000 2.601784
40.000 2.730600
41.000 2.738510
42.000 2.738510
43.000 2.653839
44.000 2.620674
45.000 2.620674
46.000 2.569427
47.000 2.569427
48.000 2.726959
49.000 2.726959
50.000 2.619858
51.000 2.619858
52.000 2.619858
53.000 2.764534
54.000 2.764534
55.000 2.741055
56.000 2.720192
57.000 2.720192
58.000 2.728327
59.000 2.747147
60.000 2.711197
61.000 2.711197
62.000 2.605278
63.000 2.605278
64.000 2.634377
65.000 2.634377
66.000 2.634377
67.000 2.634377
68.000 2.314766
69.000 2.314766
70.000 2.314766
71.000 2.314766
72.000 2.388375
73.000 2.517080
74.000 2.645784
75.000 2.721649
76.000 2.650604
77.000 2.650604
78.000 2.403053
79.000 2.402412
80.000 2.402412
81.000 2.402412
82.000 2.740807
83.000 2.740807
84.000 2.740807
85.000 2.547822
86.000 2.391853
87.000 2.721931
88.000 2.723587
89.000 2.723587
90.000 2.723587
91.000 2.736983
92.000 2.723068
93.000 2.714401
94.000 2.714401
95.000 2.704193
96.000 2.704193
97.000 2.694375
98.000 2.681722
99.000 2.677628
100.000 2.636475
101.000 2.718285
102.000 2.718285
103.000 2.718285
104.000 2.667828
105.000 2.635582
106.000 2.635582
107.000 2.589035
108.000 2.727310
109.000 2.728811
110.000 2.729149
111.000 2.602516
112.000 2.602516
113.000 2.602516
114.000 2.754021
115.000 2.754021
116.000 2.754021
117.000 2.630226
118.000 2.589378
119.000 2.589378
120.000 2.724258
121.000 2.724258
122.000 2.724258
123.000 2.724258
124.000 2.742622
125.000 2.735476
126.000 2.728331
127.000 2.721185
128.000 2.714745
129.000 2.714745
130.000 2.623482
131.000 2.623482
132.000 2.677908
133.000 2.679008
134.000 2.672318
135.000 2.672318
136.000 2.655443
137.000 2.609383
138.000 2.609383
139.000 2.703756
140.000 2.709274
141.000 2.709274
142.000 2.658180
143.000 2.658180
144.000 2.616470
145.000 2.511940
146.000 2.511940
147.000 2.519755
148.000 2.563080
149.000 2.575894
150.000 2.719780
151.000 2.727184
152.000 2.705023
153.000 2.636452
154.000 2.618750
155.000 2.499885
156.000 2.520805
157.000 2.719719
158.000 2.662679
159.000 2.337914
160.000 2.378366
161.000 2.642792
162.000 2.623108
163.000 2.562508
164.000 2.590441
165.000 2.777573
166.000 2.772309
167.000 2.735989
168.000 2.739722
169.000 2.778390
170.000 2.769743
171.000 2.684684
172.000 2.689840
173.000 2.749929
174.000 2.739506
175.000 2.628239
176.000 2.618091
177.000 2.564598
178.000 2.560743
179.000 2.535029
180.000 2.548380
181.000 2.624039
182.000 2.649439
183.000 2.681854
184.000 2.741524
185.000 2.741524
186.000 2.656952
187.000 2.656952
188.000 2.603523
189.000 2.594887
190.000 2.594887
191.000 2.671356
192.000 2.671356
193.000 2.733322
194.000 2.733322
195.000 2.620255
196.000 2.620255
197.000 2.739174
198.000 2.739174
199.000 2.645172
200.000 2.645172
201.000 2.725174
202.000 2.725174
203.000 2.725174
204.000 2.746685
205.000 2.764992
206.000 2.718277
207.000 2.740303
208.000 2.740303
209.000 2.740303
210.000 2.625984
211.000 2.625984
212.000 2.679039
213.000 2.679039
214.000 2.679039
215.000 2.638779
216.000 2.638779
217.000 2.638779
218.000 2.713473
219.000 2.643730
220.000 2.643730
221.000 2.592331
222.000 2.592331
223.000 2.714363
224.000 2.714363
225.000 2.714363
226.000 2.706554
227.000 2.681599
228.000 2.665848
229.000 2.665848
230.000 2.632067
231.000 2.670052
232.000 2.642975
233.000 2.506065
234.000 2.506065
235.000 2.733749
236.000 2.648239
237.000 2.648239
238.000 2.730652
239.000 2.730652
240.000 2.454758
241.000 2.454758
242.000 2.471805
243.000 2.593544
244.000 2.593544
245.000 2.593544
246.000 2.581787
247.000 2.581787
248.000 2.585022
249.000 2.666050
250.000 2.689598
251.000 2.719658
252.000 2.364929
253.000 2.654984
254.000 2.654984
255.000 2.669747
256.000 2.678589
257.000 2.678589
258.000 2.697567
259.000 2.746364
260.000 2.749504
261.000 2.729431
262.000 2.633400
263.000 2.633400
264.000 2.698402
265.000 2.698402
266.000 2.625473
267.000 2.618798
268.000 2.453644
269.000 2.453644
270.000 2.504036
271.000 2.504036
272.000 2.723930
273.000 2.744632
274.000 2.822144
275.000 2.822144
276.000 2.700859
277.000 2.622688
278.000 2.622688
279.000 2.469269
280.000 2.469269
281.000 2.742767
282.000 2.675705
283.000 2.675705
284.000 2.735214
285.000 2.735214
286.000 2.735214
287.000 2.529701
288.000 2.529701
289.000 2.612381
290.000 2.612381
291.000 2.612381
292.000 2.681717
293.000 2.681717
294.000 2.681717
295.000 2.681717
296.000 2.589364
297.000 2.465719
298.000 2.391350
299.000 2.391350
300.000 2.391350
301.000 2.564960
302.000 2.710009
303.000 2.730408
304.000 2.776566
305.000 2.776566
306.000 2.733551
307.000 2.728989
308.000 2.728989
309.000 2.555077
310.000 2.727394
311.000 2.727394
312.000 2.502548
313.000 2.502548
314.000 2.502548
315.000 2.547110
316.000 2.586830
317.000 2.586830
318.000 2.586830
319.000 2.727756
320.000 2.725416
321.000 2.724052
322.000 2.777740
323.000 2.777740
324.000 2.799438
325.000 2.799438
326.000 2.493637
327.000 2.493637
328.000 2.520528
329.000 2.547890
330.000 2.652596
331.000 2.652596
332.000 2.744186
333.000 2.744186
334.000 2.658420
335.000 2.635254
336.000 2.761177
337.000 2.653008
338.000 2.743851
339.000 2.743851
340.000 2.680443
341.000 2.680443
342.000 2.680443
343.000 2.769513
344.000 2.787033
345.000 2.787033
346.000 2.787033
347.000 2.604207
348.000 2.664537
349.000 2.669861
350.000 2.632385
351.000 2.636200
352.000 2.691360
353.000 2.691360
354.000 2.678917
355.000 2.686165
356.000 2.686165
357.000 2.686165
358.000 2.731735
359.000 2.731735
