0.000 0.193718
1.000 0.193718
2.000 0.193718
3.000 0.193718
4.000 0.193718
5.000 0.193718
6.000 0.841743
7.000 0.841743
8.000 0.841743
9.000 0.841743
10.000 0.715641
11.000 0.694044
12.000 0.672446
13.000 0.650849
14.000 0.629252
15.000 0.614990
16.000 0.614990
17.000 0.639626
18.000 0.817184
19.000 0.760071
20.000 1.134956
21.000 1.021633
22.000 0.735641
23.000 0.735641
24.000 1.097824
25.000 1.097824
26.000 1.097824
27.000 1.093503
28.000 0.914558
29.000 0.914558
30.000 0.914558
31.000 0.914558
32.000 0.931107
33.000 0.931107
34.000 0.899376
35.000 0.899376
36.000 0.920776
37.000 0.920776
38.000 0.920776
39.000 1.078484
40.000 1.078484
41.000 1.078484
42.000 1.117195
43.000 1.292737
44.000 1.449234
45.000 1.449234
46.000 1.223274
47.000 1.154793
48.000 0.837112
49.000 0.837112
50.000 0.837112
51.000 0.837112
52.000 0.837112
53.000 1.055437
54.000 0.922410
55.000 0.910606
56.000 0.910606
57.000 0.910606
58.000 0.910606
59.000 0.910606
60.000 0.798657
61.000 0.891162
62.000 0.983667
63.000 1.076172
64.000 1.168677
65.000 1.193382
66.000 0.678612
67.000 0.590958
68.000 0.590958
69.000 1.398354
70.000 1.398354
71.000 1.267735
72.000 1.299217
73.000 1.555707
74.000 1.868279
75.000 1.548363
76.000 1.438721
77.000 0.670937
78.000 0.670937
79.000 0.670937
80.000 0.905954
81.000 1.068382
82.000 1.068382
83.000 1.068382
84.000 1.068382
85.000 1.068382
86.000 1.586571
87.000 1.429524
88.000 1.272477
89.000 1.115430
90.000 0.958382
91.000 0.801335
92.000 0.708908
93.000 0.656143
94.000 0.656143
95.000 1.109009
96.000 1.109009
97.000 1.232758
98.000 1.232758
99.000 0.564529
100.000 0.564529
101.000 0.564529
102.000 0.564529
103.000 0.564529
104.000 1.614769
105.000 1.352219
106.000 1.352219
107.000 1.289185
108.000 1.289185
109.000 1.267527
110.000 1.014307
111.000 0.802681
112.000 0.802681
113.000 1.226883
114.000 1.226883
115.000 0.706192
116.000 0.706192
117.000 0.706192
118.000 0.706192
119.000 0.706192
120.000 0.967293
121.000 0.967293
122.000 0.967293
123.000 0.997391
124.000 0.997391
125.000 0.975197
126.000 0.975197
127.000 0.975197
128.000 1.775284
129.000 1.775284
130.000 1.683772
131.000 1.618469
132.000 1.854790
133.000 1.484711
134.000 3.405258
135.000 1.675011
136.000 1.675011
137.000 1.165024
138.000 1.165024
139.000 1.165024
140.000 1.732529
141.000 1.437218
142.000 1.437218
143.000 2.432739
144.000 2.432739
145.000 2.155411
146.000 2.155411
147.000 1.589906
148.000 1.354126
149.000 1.354126
150.000 0.898827
151.000 0.898827
152.000 1.024048
153.000 1.024048
154.000 1.024048
155.000 1.024048
156.000 1.024048
157.000 2.018104
158.000 2.078323
159.000 2.078323
160.000 2.035271
161.000 2.035271
162.000 1.903098
163.000 1.551134
164.000 1.199170
165.000 0.847206
166.000 0.581024
167.000 0.581024
168.000 2.143265
169.000 1.036750
170.000 1.211845
171.000 1.211845
172.000 1.211845
173.000 1.211845
174.000 1.211845
175.000 1.810749
176.000 1.630928
177.000 1.630928
178.000 1.630928
179.000 1.568316
180.000 1.263678
181.000 0.959040
182.000 0.668449
183.000 0.668449
184.000 0.744896
185.000 1.194216
186.000 1.038498
187.000 1.038498
188.000 0.870201
189.000 0.870201
190.000 1.008972
191.000 0.658936
192.000 0.658936
193.000 0.658936
194.000 0.658936
195.000 0.658936
196.000 0.658936
197.000 0.774216
198.000 0.774216
199.000 0.774216
200.000 0.845662
201.000 0.926598
202.000 0.926598
203.000 1.017166
204.000 1.017166
205.000 1.017166
206.000 0.969700
207.000 1.043213
208.000 1.043213
209.000 1.043213
210.000 0.614224
211.000 0.509674
212.000 0.509674
213.000 0.509674
214.000 0.453468
215.000 0.981163
216.000 0.981163
217.000 0.668968
218.000 0.668968
219.000 0.854652
220.000 0.854652
221.000 0.809860
222.000 0.554489
223.000 0.554489
224.000 0.872566
225.000 0.820618
226.000 0.820618
227.000 0.857300
228.000 1.306450
229.000 1.306450
230.000 0.891724
231.000 0.891724
232.000 0.891724
233.000 0.938837
234.000 0.972015
235.000 0.972015
236.000 0.972015
237.000 0.663994
238.000 0.663994
239.000 0.663994
240.000 1.303413
241.000 1.303413
242.000 1.303413
243.000 1.242790
244.000 1.182335
245.000 1.182335
246.000 1.050102
247.000 1.050102
248.000 1.050102
249.000 0.784113
250.000 0.776030
251.000 0.772171
252.000 0.772171
253.000 0.665131
254.000 1.292122
255.000 1.292122
256.000 1.201971
257.000 1.058767
258.000 0.942192
259.000 0.942192
260.000 0.942192
261.000 0.942192
262.000 1.783150
263.000 1.945023
264.000 1.076584
265.000 1.076584
266.000 0.728401
267.000 0.728401
268.000 0.728401
269.000 0.714066
270.000 0.714066
271.000 0.713934
272.000 0.713882
273.000 0.713882
274.000 0.838745
275.000 0.838745
276.000 0.980110
277.000 0.980110
278.000 0.980110
279.000 0.266204
280.000 0.080978
281.000 0.080978
282.000 0.080978
283.000 0.080978
284.000 0.080978
285.000 0.080978
286.000 0.884949
287.000 0.820290
288.000 1.028885
289.000 1.530075
290.000 1.530075
291.000 1.046860
292.000 1.046860
293.000 1.046860
294.000 1.008250
295.000 0.892835
296.000 0.777420
297.000 0.662004
298.000 0.641556
299.000 0.974586
300.000 0.803764
301.000 1.166290
302.000 1.166290
303.000 1.023499
304.000 1.023499
305.000 1.328735
306.000 1.328735
307.000 0.758140
308.000 0.933792
309.000 1.109443
310.000 1.285094
311.000 1.345810
312.000 1.345810
313.000 1.415026
314.000 1.605952
315.000 1.796878
316.000 1.843636
317.000 1.863235
318.000 1.358414
319.000 1.311928
320.000 1.311928
321.000 1.232722
322.000 1.179977
323.000 1.179977
324.000 1.088646
325.000 1.947739
326.000 0.850044
327.000 0.850044
328.000 0.850044
329.000 0.850044
330.000 0.850044
331.000 0.850044
332.000 0.850044
333.000 0.850044
334.000 0.850044
335.000 0.601410
336.000 0.601410
337.000 0.601410
338.000 0.601410
339.000 0.601410
340.000 1.306015
341.000 1.186601
342.000 1.182198
343.000 2.062080
344.000 2.041605
345.000 1.079674
346.000 1.079674
347.000 1.079674
348.000 1.079674
349.000 2.422798
350.000 2.434570
351.000 2.625061
352.000 0.997643
353.000 0.997643
354.000 1.816048
355.000 1.763597
356.000 1.559464
357.000 1.376465
358.000 1.376465
359.000 1.354362
