0.000 0.116676
1.000 0.116676
2.000 0.116676
3.000 0.116676
4.000 0.116676
5.000 0.116676
6.000 0.647423
7.000 0.302223
8.000 0.322861
9.000 0.740651
10.000 0.804630
11.000 0.746101
12.000 0.746101
13.000 0.966064
14.000 1.407768
15.000 1.023528
16.000 0.549720
17.000 0.342407
18.000 0.342407
19.000 0.342407
20.000 0.587409
21.000 1.363052
22.000 1.921999
23.000 1.728524
24.000 2.158884
25.000 2.640503
26.000 2.574253
27.000 2.480542
28.000 2.424690
29.000 2.424690
30.000 2.742608
31.000 3.306931
32.000 3.553955
33.000 4.083008
34.000 5.153870
35.000 5.153870
36.000 1.130737
37.000 1.130737
38.000 2.909755
39.000 6.868889
40.000 2.827286
41.000 2.827286
42.000 2.282401
43.000 0.909768
44.000 0.564285
45.000 0.564285
46.000 1.035406
47.000 1.320941
48.000 1.606475
49.000 2.028444
50.000 2.599515
51.000 2.720269
52.000 2.784912
53.000 1.825850
54.000 1.778076
55.000 2.547642
56.000 3.256439
57.000 2.317729
58.000 2.132530
59.000 1.814790
60.000 1.750626
61.000 3.108093
62.000 4.725502
63.000 0.958740
64.000 0.958740
65.000 0.653292
66.000 0.201421
67.000 0.193260
68.000 0.193260
69.000 0.193260
70.000 0.193260
71.000 0.313309
72.000 0.339849
73.000 0.904990
74.000 1.470130
75.000 0.620255
76.000 0.528907
77.000 0.366357
78.000 0.340836
79.000 0.757423
80.000 0.607033
81.000 0.250627
82.000 0.218849
83.000 0.218849
84.000 0.218072
85.000 0.210055
86.000 0.202038
87.000 0.194020
88.000 0.186003
89.000 0.177986
90.000 0.169969
91.000 0.161952
92.000 0.153935
93.000 0.151604
94.000 0.151604
95.000 0.151604
96.000 0.151604
97.000 0.158066
98.000 0.158066
99.000 0.158066
100.000 0.198593
101.000 0.198593
102.000 0.198593
103.000 0.198593
104.000 0.198593
105.000 0.295319
106.000 0.295319
107.000 0.897148
108.000 1.040263
109.000 1.018814
110.000 1.225853
111.000 0.697685
112.000 0.986268
113.000 1.240486
114.000 1.461988
115.000 1.638718
116.000 1.632069
117.000 1.628769
118.000 0.503151
119.000 0.503151
120.000 0.942090
121.000 1.057610
122.000 0.171295
123.000 0.171295
124.000 0.171295
125.000 0.171295
126.000 0.697351
127.000 0.577148
128.000 0.871827
129.000 1.145569
130.000 0.824727
131.000 0.743439
132.000 1.049145
133.000 1.192352
134.000 1.502429
135.000 1.574707
136.000 0.789848
137.000 0.789848
138.000 1.445214
139.000 1.915863
140.000 1.320303
141.000 0.996208
142.000 1.123046
143.000 1.213928
144.000 1.234349
145.000 1.248451
146.000 1.770785
147.000 2.122963
148.000 2.483178
149.000 2.724892
150.000 0.967949
151.000 0.967949
152.000 2.705781
153.000 3.288719
154.000 2.819644
155.000 2.814987
156.000 1.605659
157.000 1.605659
158.000 1.584076
159.000 1.584076
160.000 1.964882
161.000 1.964882
162.000 2.093124
163.000 2.093124
164.000 0.547874
165.000 0.547874
166.000 1.113552
167.000 1.175957
168.000 0.785515
169.000 0.785515
170.000 0.417953
171.000 0.417953
172.000 1.255966
173.000 2.795006
174.000 2.282497
175.000 1.741284
176.000 1.288284
177.000 1.288284
178.000 3.087006
179.000 3.151184
180.000 2.736075
181.000 2.566849
182.000 1.309889
183.000 0.909256
184.000 2.129117
185.000 2.844353
186.000 1.902915
187.000 1.679932
188.000 2.040596
189.000 2.251511
190.000 1.933142
191.000 1.610542
192.000 1.269319
193.000 0.733616
194.000 0.197913
195.000 0.195839
196.000 0.195839
197.000 0.213768
198.000 0.213768
199.000 0.213768
200.000 0.213768
201.000 0.213768
202.000 0.278427
203.000 0.278427
204.000 0.278427
205.000 0.278427
206.000 1.632016
207.000 1.778915
208.000 2.034447
209.000 2.131989
210.000 1.480372
211.000 1.260384
212.000 0.429390
213.000 0.429390
214.000 0.910739
215.000 1.018936
216.000 1.200218
217.000 1.490285
218.000 1.780352
219.000 2.070420
220.000 2.360487
221.000 2.580917
222.000 0.631463
223.000 0.186928
224.000 0.186928
225.000 0.186928
226.000 0.186928
227.000 0.186928
228.000 0.313751
229.000 0.313751
230.000 1.699400
231.000 2.709000
232.000 1.918869
233.000 1.918869
234.000 1.543973
235.000 1.152216
236.000 1.106544
237.000 1.106544
238.000 2.135353
239.000 2.626251
240.000 3.317818
241.000 3.709328
242.000 4.102405
243.000 4.452957
244.000 5.163104
245.000 6.106369
246.000 5.911479
247.000 5.502015
248.000 5.092551
249.000 4.683086
250.000 4.273622
251.000 3.864158
252.000 3.454693
253.000 3.045229
254.000 2.635765
255.000 2.618568
256.000 4.518853
257.000 5.745956
258.000 5.910896
259.000 6.157021
260.000 6.143576
261.000 6.120434
262.000 6.327973
263.000 6.355125
264.000 2.847549
265.000 2.847549
266.000 4.102077
267.000 5.148727
268.000 3.783172
269.000 2.036850
270.000 2.162384
271.000 2.312192
272.000 2.684362
273.000 3.238790
274.000 0.484215
275.000 0.484215
276.000 1.348655
277.000 2.580116
278.000 2.736604
279.000 2.734901
280.000 2.731530
281.000 2.722164
282.000 2.580936
283.000 2.400047
284.000 1.623397
285.000 0.854614
286.000 0.774517
287.000 0.631986
288.000 0.502724
289.000 0.399643
290.000 0.399643
291.000 0.399643
292.000 0.854425
293.000 0.817459
294.000 0.263713
295.000 0.119736
296.000 0.119736
297.000 0.999282
298.000 0.986017
299.000 0.956063
300.000 0.986093
301.000 1.031085
302.000 0.821459
303.000 0.591873
304.000 0.856099
305.000 1.223099
306.000 0.858053
307.000 0.345963
308.000 0.418030
309.000 0.512321
310.000 0.536091
311.000 0.569714
312.000 0.586028
313.000 0.605763
314.000 0.559478
315.000 0.489204
316.000 0.167473
317.000 0.167473
318.000 0.185239
319.000 0.230916
320.000 0.276592
321.000 0.322268
322.000 0.367944
323.000 0.413621
324.000 0.451233
325.000 1.906799
326.000 1.911451
327.000 1.903061
328.000 0.177750
329.000 0.177750
330.000 0.177750
331.000 0.177750
332.000 2.508873
333.000 2.876565
334.000 2.636894
335.000 1.955686
336.000 2.092311
337.000 2.418396
338.000 2.121254
339.000 1.620764
340.000 1.825446
341.000 2.225571
342.000 1.591184
343.000 0.876045
344.000 1.152120
345.000 1.553997
346.000 1.182086
347.000 0.548294
348.000 0.864129
349.000 1.310877
350.000 1.477522
351.000 0.734113
352.000 0.113426
353.000 0.113426
354.000 0.113426
355.000 0.113426
356.000 0.113426
357.000 0.007881
358.000 0.007881
359.000 0.007881
