0.000 0.090950
1.000 0.090950
2.000 0.090950
3.000 0.090950
4.000 0.090950
5.000 0.543938
6.000 0.543938
7.000 0.660186
8.000 0.507827
9.000 0.388672
10.000 0.394234
11.000 0.394234
12.000 0.362473
13.000 0.362473
14.000 0.451202
15.000 0.708435
16.000 0.708435
17.000 0.708435
18.000 0.708435
19.000 0.708435
20.000 0.708435
21.000 0.708435
22.000 0.708435
23.000 0.708435
24.000 0.708435
25.000 0.708435
26.000 0.708435
27.000 2.470226
28.000 3.157958
29.000 3.845691
30.000 4.533423
31.000 4.979294
32.000 4.861162
33.000 4.576129
34.000 4.357094
35.000 2.608810
36.000 1.889568
37.000 1.647430
38.000 3.379311
39.000 2.359810
40.000 2.359810
41.000 2.525385
42.000 2.858232
43.000 3.191079
44.000 3.523925
45.000 2.950428
46.000 2.477798
47.000 5.960159
48.000 1.253693
49.000 1.253693
50.000 1.253693
51.000 2.874107
52.000 3.390465
53.000 1.984940
54.000 1.984940
55.000 3.375313
56.000 3.348208
57.000 2.360854
58.000 2.086418
59.000 2.086418
60.000 2.086418
61.000 2.086418
62.000 2.086418
63.000 3.174133
64.000 3.174133
65.000 3.478414
66.000 5.110369
67.000 6.742324
68.000 7.454712
69.000 4.287285
70.000 1.162888
71.000 1.162888
72.000 1.162888
73.000 1.162888
74.000 1.162888
75.000 1.162888
76.000 1.162888
77.000 1.162888
78.000 1.162888
79.000 1.162888
80.000 1.162888
81.000 2.553009
82.000 2.553009
83.000 2.553009
84.000 1.227913
85.000 1.227913
86.000 1.227913
87.000 1.227913
88.000 1.227913
89.000 1.227913
90.000 1.227913
91.000 1.469145
92.000 1.775881
93.000 2.082616
94.000 2.365387
95.000 2.365387
96.000 0.584846
97.000 0.584846
98.000 0.584846
99.000 0.584846
100.000 3.317892
101.000 6.197762
102.000 2.953968
103.000 0.705528
104.000 0.705528
105.000 0.705528
106.000 0.705528
107.000 2.786928
108.000 2.846252
109.000 2.195787
110.000 1.619072
111.000 1.619072
112.000 3.218468
113.000 2.574860
114.000 2.574860
115.000 0.852020
116.000 0.852020
117.000 0.852020
118.000 0.852020
119.000 1.367416
120.000 1.367416
121.000 1.241602
122.000 1.047877
123.000 0.854153
124.000 0.660428
125.000 0.470253
126.000 0.470253
127.000 0.470253
128.000 0.349548
129.000 0.349548
130.000 0.947540
131.000 1.783117
132.000 1.898849
133.000 2.023653
134.000 0.351585
135.000 0.351585
136.000 0.351585
137.000 0.351585
138.000 0.351585
139.000 2.679031
140.000 2.388487
141.000 2.120308
142.000 2.120308
143.000 2.698650
144.000 3.514091
145.000 5.706612
146.000 5.706612
147.000 5.706612
148.000 3.590958
149.000 3.246799
150.000 2.902640
151.000 2.558481
152.000 2.214322
153.000 1.870163
154.000 1.698845
155.000 2.611179
156.000 1.092125
157.000 1.092125
158.000 1.396133
159.000 1.396133
160.000 1.248823
161.000 0.950897
162.000 0.785774
163.000 0.785774
164.000 0.773643
165.000 0.773643
166.000 0.773643
167.000 0.773643
168.000 0.773643
169.000 6.529627
170.000 6.770997
171.000 1.745003
172.000 1.745003
173.000 2.731056
174.000 1.476634
175.000 1.027992
176.000 1.027992
177.000 2.796768
178.000 1.133934
179.000 1.133934
180.000 2.480644
181.000 2.480644
182.000 2.039665
183.000 2.039665
184.000 2.619621
185.000 5.227371
186.000 3.740106
187.000 2.153607
188.000 1.319778
189.000 1.319778
190.000 1.319778
191.000 1.319778
192.000 1.319778
193.000 1.319778
194.000 5.306567
195.000 6.373947
196.000 5.482789
197.000 4.074516
198.000 4.074516
199.000 4.853722
200.000 0.928047
201.000 0.928047
202.000 0.928047
203.000 0.928047
204.000 0.928047
205.000 1.882462
206.000 1.882462
207.000 1.882462
208.000 2.153160
209.000 1.818869
210.000 0.830162
211.000 0.830162
212.000 0.830162
213.000 4.652618
214.000 5.230392
215.000 2.399153
216.000 1.220070
217.000 1.220070
218.000 1.237747
219.000 1.237747
220.000 1.237747
221.000 1.237747
222.000 1.237747
223.000 1.237747
224.000 1.237747
225.000 1.237747
226.000 3.353944
227.000 1.700120
228.000 0.991943
229.000 0.991943
230.000 0.991943
231.000 0.991943
232.000 0.991943
233.000 0.991943
234.000 0.991943
235.000 1.012909
236.000 1.012909
237.000 1.012909
238.000 1.012909
239.000 1.170300
240.000 1.334686
241.000 1.343422
242.000 1.698647
243.000 1.614365
244.000 1.614365
245.000 1.221073
246.000 1.011154
247.000 1.011154
248.000 1.339851
249.000 1.136436
250.000 1.136436
251.000 1.136436
252.000 3.548378
253.000 1.249397
254.000 1.249397
255.000 3.125621
256.000 1.237617
257.000 1.237617
258.000 4.270775
259.000 3.714745
260.000 2.548225
261.000 2.548225
262.000 2.548225
263.000 2.202136
264.000 1.662596
265.000 1.123055
266.000 1.006493
267.000 1.006493
268.000 1.832428
269.000 0.735634
270.000 0.735634
271.000 0.735634
272.000 1.963036
273.000 1.962122
274.000 1.677429
275.000 1.677429
276.000 1.781099
277.000 2.176105
278.000 2.571112
279.000 2.715424
280.000 2.970535
281.000 0.792221
282.000 0.792221
283.000 0.390381
284.000 0.390381
285.000 0.683846
286.000 0.683846
287.000 0.683846
288.000 0.683846
289.000 2.774222
290.000 2.842369
291.000 3.750626
292.000 3.750626
293.000 3.070374
294.000 3.750121
295.000 5.594009
296.000 5.594009
297.000 4.277321
298.000 4.277321
299.000 4.224020
300.000 4.114799
301.000 4.114799
302.000 3.005592
303.000 3.005592
304.000 1.806541
305.000 1.806541
306.000 1.806541
307.000 2.543564
308.000 2.543564
309.000 0.963875
310.000 0.963875
311.000 0.963875
312.000 0.963875
313.000 3.224075
314.000 3.224075
315.000 2.233513
316.000 2.233513
317.000 0.691467
318.000 0.691467
319.000 0.691467
320.000 0.691467
321.000 0.691467
322.000 0.691467
323.000 1.763310
324.000 1.702110
325.000 1.702110
326.000 1.038780
327.000 1.038780
328.000 1.038780
329.000 1.000298
330.000 1.000298
331.000 2.723183
332.000 2.723183
333.000 4.741707
334.000 1.165359
335.000 1.165359
336.000 1.165359
337.000 1.467174
338.000 1.916901
339.000 1.916901
340.000 1.169464
341.000 1.169464
342.000 0.891663
343.000 0.891663
344.000 1.408291
345.000 3.828850
346.000 2.254028
347.000 2.254028
348.000 2.254028
349.000 2.254028
350.000 2.254028
351.000 2.254028
352.000 3.185089
353.000 3.185089
354.000 3.185089
355.000 3.292401
356.000 4.907297
357.000 5.168449
358.000 2.816032
359.000 6.197250
