0.000 0.104973
1.000 0.104973
2.000 0.104973
3.000 0.104973
4.000 0.104973
5.000 1.097084
6.000 1.087791
7.000 1.086830
8.000 1.079330
9.000 0.802765
10.000 0.802765
11.000 0.992287
12.000 0.992287
13.000 0.991234
14.000 0.991234
15.000 0.991234
16.000 0.991234
17.000 0.996208
18.000 0.977701
19.000 0.959419
20.000 0.959419
21.000 0.999275
22.000 0.999275
23.000 1.119545
24.000 1.049057
25.000 1.049057
26.000 1.049057
27.000 1.049057
28.000 1.039249
29.000 1.068268
30.000 1.068268
31.000 1.066227
32.000 1.048973
33.000 1.048973
34.000 1.048973
35.000 1.048973
36.000 1.062447
37.000 1.086800
38.000 1.086800
39.000 1.086800
40.000 0.968246
41.000 0.968246
42.000 0.968246
43.000 0.964901
44.000 0.962563
45.000 0.962563
46.000 0.986855
47.000 0.986855
48.000 1.107605
49.000 1.107605
50.000 1.107605
51.000 1.052773
52.000 1.052773
53.000 1.052773
54.000 0.883140
55.000 0.641005
56.000 0.587379
57.000 1.100601
58.000 0.998955
59.000 0.998955
60.000 0.919197
61.000 0.919197
62.000 0.945671
63.000 0.993755
64.000 1.041838
65.000 1.042852
66.000 1.110992
67.000 1.075119
68.000 0.974205
69.000 1.093681
70.000 1.096826
71.000 1.100266
72.000 0.945618
73.000 1.067482
74.000 1.028061
75.000 1.138054
76.000 1.138054
77.000 1.102388
78.000 1.095680
79.000 0.971619
80.000 0.971619
81.000 1.136528
82.000 1.136528
83.000 1.136528
84.000 1.101942
85.000 1.034335
86.000 0.982330
87.000 0.982330
88.000 0.982330
89.000 0.982330
90.000 1.059269
91.000 1.091293
92.000 1.091293
93.000 1.089391
94.000 1.088997
95.000 1.088997
96.000 1.066826
97.000 1.066826
98.000 1.061217
99.000 1.057404
100.000 1.057404
101.000 1.104820
102.000 1.104820
103.000 1.104820
104.000 1.066505
105.000 1.066505
106.000 1.048313
107.000 0.955551
108.000 0.955551
109.000 1.034264
110.000 1.034264
111.000 1.034264
112.000 1.056992
113.000 1.056992
114.000 1.056992
115.000 1.054106
116.000 1.050772
117.000 1.047438
118.000 1.044304
119.000 1.044304
120.000 1.060873
121.000 1.090096
122.000 1.080065
123.000 0.935547
124.000 1.083321
125.000 1.083321
126.000 1.083321
127.000 1.083321
128.000 1.083321
129.000 1.023088
130.000 1.032142
131.000 1.041196
132.000 1.050249
133.000 1.056274
134.000 1.056274
135.000 0.928894
136.000 0.996941
137.000 0.996941
138.000 1.067543
139.000 1.067543
140.000 1.105072
141.000 1.105072
142.000 1.105072
143.000 1.097646
144.000 1.100220
145.000 1.102795
146.000 1.105026
147.000 1.099451
148.000 0.991112
149.000 1.023132
150.000 1.035172
151.000 1.069885
152.000 1.069885
153.000 1.069885
154.000 1.016769
155.000 1.023613
156.000 1.023613
157.000 1.088791
158.000 1.088791
159.000 0.953690
160.000 0.953690
161.000 0.953690
162.000 0.969296
163.000 0.986122
164.000 0.986122
165.000 1.086743
166.000 1.123917
167.000 1.039477
168.000 0.968834
169.000 1.103600
170.000 1.103600
171.000 0.968155
172.000 0.963326
173.000 0.955597
174.000 1.094315
175.000 1.094315
176.000 1.089195
177.000 1.084328
178.000 1.084328
179.000 1.049240
180.000 1.105453
181.000 1.105453
182.000 1.055092
183.000 1.055092
184.000 1.055092
185.000 1.044855
186.000 0.989937
187.000 0.989937
188.000 0.989937
189.000 1.073072
190.000 1.112411
191.000 1.058814
192.000 1.033699
193.000 1.051445
194.000 1.056152
195.000 1.084396
196.000 1.084396
197.000 1.033646
198.000 0.975319
199.000 0.975319
200.000 1.037735
201.000 1.033012
202.000 0.996170
203.000 0.996170
204.000 0.996170
205.000 1.095327
206.000 1.095700
207.000 1.095833
208.000 1.076904
209.000 1.079308
210.000 1.080460
211.000 0.981743
212.000 0.981743
213.000 0.981743
214.000 1.104668
215.000 1.104668
216.000 1.104668
217.000 1.118271
218.000 1.118271
219.000 1.118271
220.000 1.107823
221.000 1.075737
222.000 1.075737
223.000 1.069521
224.000 1.038528
225.000 1.056769
226.000 1.120415
227.000 1.065384
228.000 1.065134
229.000 1.064850
230.000 1.064850
231.000 1.073814
232.000 1.073814
233.000 1.047569
234.000 1.047569
235.000 1.024139
236.000 1.024139
237.000 1.048203
238.000 1.050173
239.000 1.086823
240.000 1.086823
241.000 1.014877
242.000 1.014877
243.000 1.014877
244.000 1.014877
245.000 1.070320
246.000 1.084137
247.000 1.097953
248.000 1.103424
249.000 1.103424
250.000 1.098335
251.000 1.098335
252.000 0.993889
253.000 0.993889
254.000 1.027916
255.000 1.122246
256.000 1.122246
257.000 1.025444
258.000 1.025444
259.000 1.054569
260.000 1.067215
261.000 1.067215
262.000 1.030327
263.000 1.030327
264.000 1.089386
265.000 1.089386
266.000 1.069000
267.000 1.069000
268.000 1.093522
269.000 1.099258
270.000 1.099258
271.000 1.083407
272.000 1.022806
273.000 0.998917
274.000 1.069275
275.000 1.075475
276.000 1.142450
277.000 1.004972
278.000 1.080559
279.000 1.100555
280.000 1.100555
281.000 1.115326
282.000 1.115326
283.000 1.079285
284.000 1.079285
285.000 1.079285
286.000 1.079285
287.000 1.056173
288.000 1.023693
289.000 1.017685
290.000 1.017685
291.000 1.053389
292.000 1.083405
293.000 1.069883
294.000 1.059799
295.000 1.005554
296.000 1.005554
297.000 1.009564
298.000 0.999969
299.000 0.999969
300.000 0.999969
301.000 1.070427
302.000 1.046924
303.000 1.019324
304.000 0.991724
305.000 0.978783
306.000 1.061852
307.000 1.103310
308.000 0.966652
309.000 0.966652
310.000 1.116264
311.000 1.052667
312.000 0.972908
313.000 0.974236
314.000 1.068283
315.000 1.068283
316.000 1.068283
317.000 1.097633
318.000 1.097443
319.000 1.141106
320.000 1.141106
321.000 0.996170
322.000 0.996170
323.000 1.084755
324.000 1.084755
325.000 1.084755
326.000 1.046134
327.000 1.001359
328.000 0.995224
329.000 0.995224
330.000 0.989616
331.000 0.989616
332.000 0.989616
333.000 0.989616
334.000 1.079142
335.000 1.087370
336.000 1.089256
337.000 0.986946
338.000 1.021019
339.000 1.021019
340.000 1.021802
341.000 1.043212
342.000 1.054726
343.000 0.967079
344.000 0.967079
345.000 0.967079
346.000 0.967079
347.000 0.967079
348.000 1.084371
349.000 1.097555
350.000 1.110739
351.000 1.122070
352.000 1.122070
353.000 1.043302
354.000 1.036634
355.000 1.069427
356.000 1.088371
357.000 1.088371
358.000 1.080215
359.000 1.080215
