0.000 0.256691
1.000 0.256691
2.000 0.256691
3.000 0.256691
4.000 0.256691
5.000 0.226495
6.000 0.208335
7.000 0.190174
8.000 0.176949
9.000 0.176949
10.000 0.355601
11.000 0.454651
12.000 0.393431
13.000 0.361122
14.000 0.209541
15.000 0.239204
16.000 0.239204
17.000 0.239204
18.000 0.204224
19.000 0.204224
20.000 0.205170
21.000 0.216655
22.000 0.218628
23.000 0.218628
24.000 0.216416
25.000 0.211804
26.000 0.211327
27.000 0.211327
28.000 0.285168
29.000 0.273247
30.000 0.273247
31.000 0.222809
32.000 0.222809
33.000 0.222809
34.000 0.035095
35.000 0.035095
36.000 0.035095
37.000 0.035095
38.000 0.035095
39.000 0.035095
40.000 0.035095
41.000 0.035095
42.000 0.035095
43.000 0.165306
44.000 0.165306
45.000 0.165306
46.000 0.165306
47.000 0.165306
48.000 0.165306
49.000 0.223735
50.000 0.216465
51.000 0.211891
52.000 0.211891
53.000 0.211891
54.000 0.211869
55.000 0.211548
56.000 0.211456
57.000 0.211456
58.000 0.160184
59.000 0.125229
60.000 0.142929
61.000 0.187523
62.000 0.229866
63.000 0.164978
64.000 0.164978
65.000 0.164978
66.000 0.253342
67.000 0.253342
68.000 0.253342
69.000 0.253342
70.000 0.218912
71.000 0.233309
72.000 0.247307
73.000 0.247307
74.000 0.263748
75.000 0.301216
76.000 0.301216
77.000 0.192596
78.000 0.192596
79.000 0.192596
80.000 0.192596
81.000 0.183144
82.000 0.183144
83.000 0.183144
84.000 0.183144
85.000 0.183144
86.000 0.224237
87.000 0.223439
88.000 0.222755
89.000 0.222755
90.000 0.222755
91.000 0.222755
92.000 0.222755
93.000 0.193863
94.000 0.193863
95.000 0.193863
96.000 0.193863
97.000 0.193863
98.000 0.201753
99.000 0.211407
100.000 0.221060
101.000 0.225571
102.000 0.225571
103.000 0.103416
104.000 0.103416
105.000 0.103416
106.000 0.170265
107.000 0.170265
108.000 0.244301
109.000 0.244301
110.000 0.224419
111.000 0.224419
112.000 0.188828
113.000 0.188828
114.000 0.186852
115.000 0.186852
116.000 0.186852
117.000 0.261652
118.000 0.346085
119.000 0.346085
120.000 0.235626
121.000 0.236738
122.000 0.240517
123.000 0.279335
124.000 0.279335
125.000 0.094246
126.000 0.094246
127.000 0.094246
128.000 0.226852
129.000 0.226852
130.000 0.226852
131.000 0.226852
132.000 0.226852
133.000 0.226852
134.000 0.226852
135.000 0.226852
136.000 0.226852
137.000 0.153095
138.000 0.148016
139.000 0.142937
140.000 0.137858
141.000 0.132780
142.000 0.127701
143.000 0.123871
144.000 0.123871
145.000 0.123871
146.000 0.252701
147.000 0.252701
148.000 0.185132
149.000 0.176651
150.000 0.160469
151.000 0.196172
152.000 0.193909
153.000 0.481880
154.000 0.463711
155.000 0.395762
156.000 0.327813
157.000 0.259865
158.000 0.233696
159.000 0.233704
160.000 0.233704
161.000 0.110138
162.000 0.110138
163.000 0.139285
164.000 0.186630
165.000 0.186630
166.000 0.186630
167.000 0.186630
168.000 0.186630
169.000 0.141123
170.000 0.072458
171.000 0.066132
172.000 0.066132
173.000 0.066132
174.000 0.066132
175.000 0.176392
176.000 0.176392
177.000 0.176392
178.000 0.176392
179.000 0.231468
180.000 0.233934
181.000 0.236400
182.000 0.238865
183.000 0.239815
184.000 0.239815
185.000 0.181328
186.000 0.181328
187.000 0.133392
188.000 0.133392
189.000 0.133392
190.000 0.155995
191.000 0.192022
192.000 0.225578
193.000 0.225578
194.000 0.208743
195.000 0.195576
196.000 0.225578
197.000 0.151184
198.000 0.270944
199.000 0.263145
200.000 0.263145
201.000 0.263145
202.000 0.204617
203.000 0.211392
204.000 0.217804
205.000 0.217804
206.000 0.217804
207.000 0.217804
208.000 0.217804
209.000 0.217804
210.000 0.148216
211.000 0.148216
212.000 0.148216
213.000 0.148216
214.000 0.148216
215.000 0.148216
216.000 0.148216
217.000 0.148216
218.000 0.177490
219.000 0.177490
220.000 0.177490
221.000 0.177490
222.000 0.177490
223.000 0.233153
224.000 0.234578
225.000 0.236004
226.000 0.237429
227.000 0.238855
228.000 0.240280
229.000 0.241705
230.000 0.243065
231.000 0.242657
232.000 0.235670
233.000 0.235588
234.000 0.174316
235.000 0.175970
236.000 0.177391
237.000 0.210587
238.000 0.210587
239.000 0.176369
240.000 0.176369
241.000 0.176369
242.000 0.176369
243.000 0.176369
244.000 0.238433
245.000 0.238342
246.000 0.238250
247.000 0.238158
248.000 0.238113
249.000 0.136261
250.000 0.136261
251.000 0.212631
252.000 0.212631
253.000 0.173653
254.000 0.173653
255.000 0.197866
256.000 0.222633
257.000 0.222633
258.000 0.282664
259.000 0.276993
260.000 0.276993
261.000 0.229317
262.000 0.229317
263.000 0.205162
264.000 0.206152
265.000 0.231819
266.000 0.231819
267.000 0.231819
268.000 0.231819
269.000 0.240795
270.000 0.298473
271.000 0.340576
272.000 0.323532
273.000 0.205818
274.000 0.231833
275.000 0.234947
276.000 0.235069
277.000 0.275681
278.000 0.257186
279.000 0.239143
280.000 0.239143
281.000 0.239143
282.000 0.258494
283.000 0.243777
284.000 0.230591
285.000 0.230591
286.000 0.230591
287.000 0.230591
288.000 0.230591
289.000 0.189473
290.000 0.185708
291.000 0.184189
292.000 0.184189
293.000 0.184189
294.000 0.212364
295.000 0.212364
296.000 0.227560
297.000 0.323497
298.000 0.377472
299.000 0.261265
300.000 0.247581
301.000 0.218903
302.000 0.201881
303.000 0.201881
304.000 0.218674
305.000 0.244180
306.000 0.249275
307.000 0.220269
308.000 0.211967
309.000 0.211967
310.000 0.213402
311.000 0.213402
312.000 0.231552
313.000 0.246887
314.000 0.225060
315.000 0.225060
316.000 0.223845
317.000 0.223495
318.000 0.223495
319.000 0.223495
320.000 0.034698
321.000 0.034698
322.000 0.034698
323.000 0.034698
324.000 0.034698
325.000 0.034698
326.000 0.034698
327.000 0.244423
328.000 0.244550
329.000 0.249177
330.000 0.249939
331.000 0.235413
332.000 0.192841
333.000 0.192841
334.000 0.304878
335.000 0.287300
336.000 0.287300
337.000 0.282149
338.000 0.269659
339.000 0.257170
340.000 0.255562
341.000 0.255562
342.000 0.245764
343.000 0.182639
344.000 0.181709
345.000 0.181709
346.000 0.307276
347.000 0.317696
348.000 0.213699
349.000 0.213699
350.000 0.198723
351.000 0.213707
352.000 0.213707
353.000 0.213707
354.000 0.209836
355.000 0.141266
356.000 0.141266
357.000 0.141266
358.000 0.149765
359.000 0.149765
