0.000 6.746941
1.000 4.166032
2.000 4.081406
3.000 4.081406
4.000 4.320793
5.000 3.046486
6.000 2.878840
7.000 2.761200
8.000 3.152245
9.000 1.058655
10.000 1.058655
11.000 1.058655
12.000 1.058655
13.000 1.058655
14.000 1.058655
15.000 3.590500
16.000 3.590500
17.000 2.540070
18.000 2.540070
19.000 2.540070
20.000 1.746376
21.000 1.746376
22.000 2.763077
23.000 2.763077
24.000 2.763077
25.000 2.376602
26.000 2.376602
27.000 2.963326
28.000 2.963326
29.000 2.963326
30.000 2.769863
31.000 2.685265
32.000 2.685265
33.000 3.013724
34.000 3.019493
35.000 3.100746
36.000 2.148994
37.000 2.148994
38.000 2.480919
39.000 2.480919
40.000 1.854240
41.000 1.854240
42.000 2.440407
43.000 2.440407
44.000 1.978027
45.000 1.978027
46.000 1.978027
47.000 1.978027
48.000 1.978027
49.000 2.215225
50.000 2.215225
51.000 2.621597
52.000 2.621597
53.000 2.613472
54.000 2.613472
55.000 3.261787
56.000 3.261787
57.000 2.501236
58.000 2.163620
59.000 2.163620
60.000 2.163620
61.000 2.163620
62.000 3.438347
63.000 3.438347
64.000 3.489429
65.000 3.745976
66.000 3.936790
67.000 3.936790
68.000 2.120384
69.000 2.120384
70.000 2.797119
71.000 2.798110
72.000 2.799438
73.000 2.799438
74.000 2.320259
75.000 2.320259
76.000 2.320259
77.000 1.573532
78.000 1.573532
79.000 2.471199
80.000 2.471199
81.000 2.230293
82.000 2.230293
83.000 5.220973
84.000 5.230492
85.000 3.129005
86.000 3.129005
87.000 3.319572
88.000 3.319572
89.000 3.458237
90.000 3.458237
91.000 3.400894
92.000 3.400894
93.000 3.495127
94.000 3.614543
95.000 3.627251
96.000 3.627251
97.000 3.442688
98.000 3.442688
99.000 3.212955
100.000 3.081963
101.000 3.081963
102.000 3.081963
103.000 3.048325
104.000 3.048325
105.000 3.600286
106.000 4.629847
107.000 4.704048
108.000 2.794525
109.000 3.375305
110.000 3.375305
111.000 3.214920
112.000 3.214920
113.000 3.231934
114.000 3.239265
115.000 3.030861
116.000 3.030861
117.000 3.622658
118.000 3.622658
119.000 2.914314
120.000 2.914314
121.000 3.770707
122.000 4.138855
123.000 3.955574
124.000 3.955574
125.000 3.739819
126.000 3.686401
127.000 2.616882
128.000 2.616882
129.000 2.556395
130.000 2.514053
131.000 3.323233
132.000 3.650200
133.000 3.668297
134.000 3.675690
135.000 3.621819
136.000 3.559044
137.000 2.862460
138.000 2.239601
139.000 2.264961
140.000 2.264961
141.000 3.669984
142.000 4.503891
143.000 3.585436
144.000 3.110100
145.000 3.546151
146.000 3.879295
147.000 3.130661
148.000 2.881927
149.000 3.259404
150.000 3.618256
151.000 3.363854
152.000 3.156021
153.000 3.040840
154.000 3.040840
155.000 3.126712
156.000 3.207062
157.000 3.905363
158.000 4.518982
159.000 3.558135
160.000 3.028946
161.000 3.174812
162.000 3.174812
163.000 3.313263
164.000 3.313263
165.000 3.539268
166.000 3.648079
167.000 3.479820
168.000 3.479820
169.000 1.895470
170.000 1.895470
171.000 2.887121
172.000 3.515663
173.000 3.005783
174.000 3.005783
175.000 2.842537
176.000 2.842537
177.000 2.842537
178.000 2.842537
179.000 2.307182
180.000 2.307182
181.000 2.307182
182.000 2.307182
183.000 1.702515
184.000 1.702515
185.000 1.702515
186.000 3.409301
187.000 3.250920
188.000 3.186722
189.000 4.486504
190.000 4.824074
191.000 4.038351
192.000 2.586302
193.000 1.981247
194.000 1.981247
195.000 3.500186
196.000 4.585968
197.000 2.510063
198.000 2.510063
199.000 3.820820
200.000 5.174370
201.000 4.552915
202.000 3.847961
203.000 3.392360
204.000 2.996681
205.000 3.141259
206.000 3.406485
207.000 4.310143
208.000 4.310143
209.000 2.968925
210.000 2.968925
211.000 3.789223
212.000 3.789223
213.000 1.430580
214.000 1.430580
215.000 1.430580
216.000 1.430580
217.000 1.430580
218.000 3.131706
219.000 3.131706
220.000 3.131706
221.000 0.939926
222.000 0.939926
223.000 0.939926
224.000 0.939926
225.000 3.454727
226.000 3.703560
227.000 3.703560
228.000 2.678749
229.000 2.678749
230.000 2.699593
231.000 2.761497
232.000 2.761497
233.000 4.138077
234.000 4.138077
235.000 4.200920
236.000 4.200920
237.000 3.775192
238.000 2.786774
239.000 2.786774
240.000 2.857262
241.000 1.589729
242.000 1.589729
243.000 3.107973
244.000 4.421532
245.000 3.132515
246.000 3.132515
247.000 2.664726
248.000 2.664726
249.000 2.957389
250.000 3.496252
251.000 3.126948
252.000 2.765427
253.000 2.740219
254.000 2.740219
255.000 2.342293
256.000 2.342293
257.000 2.586414
258.000 2.895386
259.000 3.463722
260.000 3.463722
261.000 2.798065
262.000 2.798065
263.000 1.647774
264.000 1.647774
265.000 1.647774
266.000 5.930038
267.000 5.430105
268.000 4.722282
269.000 4.722282
270.000 4.722282
271.000 4.480425
272.000 4.307739
273.000 4.307739
274.000 4.307739
275.000 1.936493
276.000 1.936493
277.000 1.936493
278.000 1.936493
279.000 1.936493
280.000 2.439613
281.000 2.439613
282.000 2.439613
283.000 3.399929
284.000 3.874748
285.000 3.874748
286.000 4.099159
287.000 4.099159
288.000 4.099159
289.000 0.968925
290.000 0.968925
291.000 0.968925
292.000 0.968925
293.000 3.128288
294.000 3.128288
295.000 2.305145
296.000 2.305145
297.000 2.385155
298.000 2.385155
299.000 2.385155
300.000 2.385155
301.000 4.572978
302.000 4.057923
303.000 3.542868
304.000 3.519745
305.000 1.397682
306.000 1.397682
307.000 1.397682
308.000 2.840805
309.000 2.840805
310.000 2.840805
311.000 3.339928
312.000 3.339928
313.000 4.455093
314.000 4.455093
315.000 2.492294
316.000 2.492294
317.000 1.947632
318.000 1.947632
319.000 2.806419
320.000 2.806419
321.000 2.806419
322.000 2.933670
323.000 2.933670
324.000 2.933670
325.000 3.008929
326.000 3.153906
327.000 3.167915
328.000 2.275230
329.000 2.275230
330.000 2.972870
331.000 2.972870
332.000 2.443741
333.000 2.443741
334.000 2.400375
335.000 2.400375
336.000 2.201908
337.000 2.056236
338.000 2.056236
339.000 3.020485
340.000 3.005409
341.000 3.005409
342.000 3.005409
343.000 2.175346
344.000 2.175346
345.000 3.038719
346.000 3.038719
347.000 3.244405
348.000 3.558304
349.000 3.209511
350.000 3.209511
351.000 3.209511
352.000 2.580933
353.000 2.580933
354.000 2.580933
355.000 2.034843
356.000 2.034843
357.000 2.034843
358.000 2.386963
359.000 2.386963
