0.000 0.021759
1.000 0.021759
2.000 0.021759
3.000 0.021759
4.000 0.021759
5.000 0.185875
6.000 0.208076
7.000 0.208076
8.000 0.208076
9.000 0.190109
10.000 0.174881
11.000 0.174881
12.000 0.279110
13.000 0.228867
14.000 0.228867
15.000 0.228867
16.000 0.262471
17.000 0.248619
18.000 0.248619
19.000 0.201972
20.000 0.151161
21.000 0.151320
22.000 0.234909
23.000 0.204753
24.000 0.143274
25.000 0.112892
26.000 0.239655
27.000 0.300005
28.000 0.437004
29.000 0.661682
30.000 0.214119
31.000 0.214119
32.000 0.228889
33.000 0.256554
34.000 0.256554
35.000 0.238174
36.000 0.224000
37.000 0.170700
38.000 0.170700
39.000 0.219452
40.000 0.176628
41.000 0.176628
42.000 0.177629
43.000 0.233063
44.000 0.233063
45.000 0.238388
46.000 0.238388
47.000 0.238174
48.000 0.237999
49.000 0.237999
50.000 0.258519
51.000 0.242271
52.000 0.237831
53.000 0.237831
54.000 0.237831
55.000 0.031181
56.000 0.031181
57.000 0.031181
58.000 0.031181
59.000 0.031181
60.000 0.031181
61.000 0.031181
62.000 0.031181
63.000 0.031181
64.000 0.031181
65.000 0.195702
66.000 0.195702
67.000 0.220135
68.000 0.223801
69.000 0.224253
70.000 0.263572
71.000 0.276128
72.000 0.317886
73.000 0.210541
74.000 0.210899
75.000 0.211891
76.000 0.211891
77.000 0.211891
78.000 0.211891
79.000 0.172755
80.000 0.193845
81.000 0.214936
82.000 0.222305
83.000 0.220894
84.000 0.328674
85.000 0.230347
86.000 0.230347
87.000 0.189423
88.000 0.189423
89.000 0.236807
90.000 0.265381
91.000 0.248878
92.000 0.248878
93.000 0.246331
94.000 0.216805
95.000 0.216805
96.000 0.216805
97.000 0.216805
98.000 0.219405
99.000 0.219912
100.000 0.220418
101.000 0.220581
102.000 0.220581
103.000 0.220581
104.000 0.220581
105.000 0.163017
106.000 0.162560
107.000 0.162560
108.000 0.162560
109.000 0.200018
110.000 0.185829
111.000 0.185829
112.000 0.185829
113.000 0.305694
114.000 0.230703
115.000 0.226204
116.000 0.258012
117.000 0.353958
118.000 0.207436
119.000 0.230385
120.000 0.230385
121.000 0.236632
122.000 0.267631
123.000 0.298630
124.000 0.310280
125.000 0.235779
126.000 0.174728
127.000 0.190125
128.000 0.190125
129.000 0.288055
130.000 0.515528
131.000 0.246826
132.000 0.246826
133.000 0.246823
134.000 0.246793
135.000 0.246773
136.000 0.246819
137.000 0.171631
138.000 0.171631
139.000 0.171631
140.000 0.171631
141.000 0.139604
142.000 0.139909
143.000 0.140215
144.000 0.140419
145.000 0.140419
146.000 0.140419
147.000 0.140419
148.000 0.140419
149.000 0.140419
150.000 0.140419
151.000 0.218761
152.000 0.222725
153.000 0.226689
154.000 0.228119
155.000 0.228119
156.000 0.327255
157.000 0.327255
158.000 0.200941
159.000 0.157555
160.000 0.157555
161.000 0.228691
162.000 0.228691
163.000 0.302277
164.000 0.302277
165.000 0.118286
166.000 0.118286
167.000 0.140669
168.000 0.222443
169.000 0.192360
170.000 0.192360
171.000 0.192360
172.000 0.336761
173.000 0.333227
174.000 0.216904
175.000 0.216904
176.000 0.188957
177.000 0.160324
178.000 0.121109
179.000 0.121109
180.000 0.321289
181.000 0.321289
182.000 0.204783
183.000 0.184677
184.000 0.151276
185.000 0.151276
186.000 0.151276
187.000 0.151276
188.000 0.234365
189.000 0.245372
190.000 0.246109
191.000 0.135582
192.000 0.135582
193.000 0.226868
194.000 0.226868
195.000 0.200905
196.000 0.294464
197.000 0.294464
198.000 0.294464
199.000 0.294464
200.000 0.294464
201.000 0.217484
202.000 0.215804
203.000 0.214125
204.000 0.212445
205.000 0.210766
206.000 0.209946
207.000 0.209946
208.000 0.209946
209.000 0.212395
210.000 0.212940
211.000 0.226062
212.000 0.236748
213.000 0.236748
214.000 0.248131
215.000 0.248131
216.000 0.221817
217.000 0.221817
218.000 0.222478
219.000 0.231719
220.000 0.240960
221.000 0.244240
222.000 0.271568
223.000 0.195183
224.000 0.195183
225.000 0.248688
226.000 0.095749
227.000 0.095749
228.000 0.095749
229.000 0.177353
230.000 0.177353
231.000 0.235115
232.000 0.181472
233.000 0.165100
234.000 0.165100
235.000 0.165100
236.000 0.266357
237.000 0.266357
238.000 0.161850
239.000 0.161850
240.000 0.239738
241.000 0.239738
242.000 0.239738
243.000 0.240578
244.000 0.240578
245.000 0.240578
246.000 0.262863
247.000 0.262863
248.000 0.262863
249.000 0.238400
250.000 0.219933
251.000 0.219933
252.000 0.219933
253.000 0.224601
254.000 0.230575
255.000 0.234840
256.000 0.234840
257.000 0.244316
258.000 0.244316
259.000 0.249139
260.000 0.256215
261.000 0.259941
262.000 0.267525
263.000 0.169350
264.000 0.169350
265.000 0.174590
266.000 0.178680
267.000 0.178680
268.000 0.178680
269.000 0.236435
270.000 0.236435
271.000 0.250377
272.000 0.268928
273.000 0.281830
274.000 0.281830
275.000 0.201650
276.000 0.196860
277.000 0.194984
278.000 0.194984
279.000 0.221817
280.000 0.221817
281.000 0.242485
282.000 0.246826
283.000 0.246826
284.000 0.246114
285.000 0.225533
286.000 0.225533
287.000 0.164743
288.000 0.156044
289.000 0.242707
290.000 0.271873
291.000 0.271873
292.000 0.271873
293.000 0.271873
294.000 0.271873
295.000 0.112736
296.000 0.096207
297.000 0.096207
298.000 0.096207
299.000 0.096207
300.000 0.096207
301.000 0.227325
302.000 0.227325
303.000 0.227325
304.000 0.123352
305.000 0.123352
306.000 0.123352
307.000 0.129013
308.000 0.240883
309.000 0.240883
310.000 0.230469
311.000 0.230469
312.000 0.222137
313.000 0.222137
314.000 0.149648
315.000 0.122086
316.000 0.122086
317.000 0.122086
318.000 0.122086
319.000 0.201166
320.000 0.201065
321.000 0.302391
322.000 0.302391
323.000 0.302391
324.000 0.302391
325.000 0.302391
326.000 0.192841
327.000 0.185371
328.000 0.177902
329.000 0.170432
330.000 0.168556
331.000 0.168556
332.000 0.168556
333.000 0.168411
334.000 0.168411
335.000 0.192893
336.000 0.193069
337.000 0.193069
338.000 0.091888
339.000 0.091888
340.000 0.091888
341.000 0.091888
342.000 0.091888
343.000 0.178764
344.000 0.178764
345.000 0.176248
346.000 0.170029
347.000 0.170029
348.000 0.217369
349.000 0.175636
350.000 0.175636
351.000 0.175636
352.000 0.108688
353.000 0.108688
354.000 0.108688
355.000 0.108688
356.000 0.108688
357.000 0.108688
358.000 0.108688
359.000 0.108688
