0.000 0.238274
1.000 1.004890
2.000 1.342495
3.000 1.227439
4.000 1.112384
5.000 1.002525
6.000 1.281799
7.000 2.401161
8.000 2.484706
9.000 2.511667
10.000 2.428159
11.000 2.403859
12.000 2.412064
13.000 1.378960
14.000 1.792725
15.000 1.799249
16.000 1.487030
17.000 2.108638
18.000 2.439050
19.000 1.795652
20.000 1.780153
21.000 2.418730
22.000 2.675893
23.000 2.613759
24.000 2.566917
25.000 2.307991
26.000 2.326945
27.000 2.631050
28.000 2.514105
29.000 1.673523
30.000 1.645641
31.000 1.457733
32.000 1.279965
33.000 1.186035
34.000 1.403420
35.000 1.568916
36.000 1.640526
37.000 2.351959
38.000 2.363670
39.000 2.516149
40.000 0.880661
41.000 0.880661
42.000 0.940485
43.000 1.797530
44.000 1.900546
45.000 2.252510
46.000 2.262219
47.000 2.387004
48.000 0.757439
49.000 0.757439
50.000 0.775967
51.000 0.969372
52.000 1.024643
53.000 0.987356
54.000 0.980705
55.000 0.962021
56.000 0.961877
57.000 0.960220
58.000 0.919167
59.000 0.520973
60.000 0.880669
61.000 0.880669
62.000 0.865994
63.000 0.864403
64.000 0.864403
65.000 1.100456
66.000 1.080840
67.000 0.960304
68.000 0.960304
69.000 0.878258
70.000 0.564240
71.000 0.564240
72.000 0.615669
73.000 0.615669
74.000 0.615669
75.000 0.723709
76.000 0.723709
77.000 0.832707
78.000 0.954063
79.000 0.954063
80.000 0.587555
81.000 0.587555
82.000 0.587555
83.000 0.587555
84.000 1.886536
85.000 1.577894
86.000 1.348724
87.000 2.139214
88.000 1.725580
89.000 1.878545
90.000 1.839928
91.000 1.621633
92.000 1.645567
93.000 1.775270
94.000 1.700526
95.000 1.290439
96.000 0.811964
97.000 0.070709
98.000 0.070709
99.000 0.899582
100.000 0.915535
101.000 1.083557
102.000 1.064571
103.000 1.161633
104.000 1.239983
105.000 1.224893
106.000 1.210495
107.000 0.924943
108.000 0.744949
109.000 0.847863
110.000 0.955894
111.000 0.858812
112.000 0.750977
113.000 0.928877
114.000 1.143204
115.000 0.983828
116.000 0.819389
117.000 0.724418
118.000 0.647720
119.000 0.324143
120.000 0.221466
121.000 0.339262
122.000 0.450485
123.000 0.784059
124.000 1.160515
125.000 1.143025
126.000 1.123154
127.000 0.992232
128.000 0.850006
129.000 1.255425
130.000 1.602852
131.000 1.441550
132.000 1.261162
133.000 1.329770
134.000 1.398071
135.000 1.243726
136.000 1.069633
137.000 1.395513
138.000 1.710907
139.000 1.472258
140.000 1.285240
141.000 1.311950
142.000 1.334793
143.000 1.250049
144.000 1.180717
145.000 1.092379
146.000 1.028366
147.000 1.184919
148.000 1.347961
149.000 1.487383
150.000 1.632973
151.000 1.635659
152.000 1.638748
153.000 0.311816
154.000 0.134232
155.000 0.134232
156.000 0.134232
157.000 0.943714
158.000 0.906670
159.000 1.047638
160.000 1.158775
161.000 1.192977
162.000 1.221115
163.000 1.159952
164.000 1.105530
165.000 1.186757
166.000 1.260147
167.000 1.145014
168.000 1.025444
169.000 1.012862
170.000 0.998894
171.000 0.890309
172.000 0.759294
173.000 0.527306
174.000 0.352692
175.000 0.640446
176.000 0.987640
177.000 1.382004
178.000 1.780685
179.000 1.597693
180.000 1.412788
181.000 1.515529
182.000 1.623413
183.000 1.377619
184.000 1.196953
185.000 1.234015
186.000 1.264793
187.000 0.173523
188.000 0.173523
189.000 0.804496
190.000 1.388809
191.000 1.410325
192.000 1.431595
193.000 1.086837
194.000 0.840904
195.000 0.916237
196.000 0.995239
197.000 0.382855
198.000 0.250771
199.000 0.648004
200.000 1.082199
201.000 0.612305
202.000 0.414352
203.000 0.538868
204.000 0.651794
205.000 0.874780
206.000 1.123611
207.000 1.035370
208.000 0.934418
209.000 1.147821
210.000 1.302094
211.000 1.242204
212.000 1.170719
213.000 1.281016
214.000 1.379982
215.000 1.176188
216.000 0.992767
217.000 1.181748
218.000 1.366058
219.000 1.000144
220.000 0.602814
221.000 0.761527
222.000 0.938416
223.000 0.842894
224.000 0.761536
225.000 0.937024
226.000 1.123161
227.000 1.299951
228.000 1.499977
229.000 1.288568
230.000 1.090706
231.000 0.875661
232.000 0.842598
233.000 0.833450
234.000 0.829422
235.000 0.448058
236.000 0.063339
237.000 0.063339
238.000 0.063339
239.000 0.063339
240.000 0.063339
241.000 0.634743
242.000 0.575752
243.000 0.695715
244.000 0.824806
245.000 0.786122
246.000 0.755875
247.000 1.114766
248.000 1.540909
249.000 1.246920
250.000 1.043320
251.000 1.277736
252.000 1.520622
253.000 1.326631
254.000 1.153938
255.000 1.339017
256.000 1.548805
257.000 0.907211
258.000 0.907211
259.000 0.848891
260.000 0.794876
261.000 1.156107
262.000 1.437134
263.000 1.326664
264.000 1.197220
265.000 1.230310
266.000 1.253082
267.000 1.466605
268.000 1.657387
269.000 1.345620
270.000 1.068069
271.000 1.107550
272.000 1.133125
273.000 1.329851
274.000 1.525398
275.000 0.526013
276.000 0.499779
277.000 0.736979
278.000 0.897705
279.000 0.974406
280.000 1.014671
281.000 0.489132
282.000 0.205406
283.000 0.205406
284.000 0.205406
285.000 0.952876
286.000 0.870461
287.000 0.870149
288.000 0.869987
289.000 0.890141
290.000 0.905693
291.000 0.801895
292.000 0.801895
293.000 0.826711
294.000 0.856051
295.000 0.833198
296.000 0.743407
297.000 0.757697
298.000 0.782199
299.000 0.789146
300.000 0.789146
301.000 0.797298
302.000 0.811237
303.000 0.805751
304.000 0.792074
305.000 0.129166
306.000 0.129166
307.000 0.129166
308.000 0.129166
309.000 1.026547
310.000 1.100568
311.000 1.059732
312.000 0.954904
313.000 0.671134
314.000 0.608498
315.000 0.497560
316.000 0.300443
317.000 0.261161
318.000 0.361771
319.000 0.389825
320.000 0.425140
321.000 0.438391
322.000 0.461606
323.000 0.388875
324.000 0.277939
325.000 0.333604
326.000 0.409134
327.000 0.345652
328.000 0.328094
329.000 0.344454
330.000 0.361526
331.000 0.421348
332.000 0.522262
333.000 0.449652
334.000 0.390739
335.000 0.594217
336.000 0.780426
337.000 0.368477
338.000 0.368477
339.000 0.375923
340.000 0.375923
341.000 0.411154
342.000 0.504654
343.000 0.583961
344.000 0.644286
345.000 0.644406
346.000 0.628540
347.000 0.620954
348.000 0.607734
349.000 0.522641
350.000 0.385185
351.000 0.445496
352.000 0.560636
353.000 0.661416
354.000 0.795894
355.000 0.756181
356.000 0.675598
357.000 0.642243
358.000 0.611938
359.000 0.761323
