0.000 0.110016
1.000 0.110016
2.000 0.110016
3.000 0.110016
4.000 0.561775
5.000 0.561775
6.000 0.567787
7.000 0.567787
8.000 0.574944
9.000 0.574944
10.000 0.549328
11.000 0.518036
12.000 0.518036
13.000 0.518036
14.000 0.518036
15.000 0.518036
16.000 0.544883
17.000 0.538040
18.000 0.538040
19.000 0.540435
20.000 0.541214
21.000 0.541214
22.000 0.561433
23.000 0.568863
24.000 0.555563
25.000 0.538002
26.000 0.538002
27.000 0.538002
28.000 0.538002
29.000 0.541633
30.000 0.564129
31.000 0.580727
32.000 0.580727
33.000 0.549347
34.000 0.565288
35.000 0.590256
36.000 0.575843
37.000 0.573532
38.000 0.573532
39.000 0.568062
40.000 0.568134
41.000 0.568619
42.000 0.572990
43.000 0.572990
44.000 0.572990
45.000 0.525496
46.000 0.534833
47.000 0.544170
48.000 0.545486
49.000 0.545486
50.000 0.576347
51.000 0.576347
52.000 0.568947
53.000 0.598328
54.000 0.598328
55.000 0.515862
56.000 0.515862
57.000 0.515862
58.000 0.515862
59.000 0.536919
60.000 0.536919
61.000 0.536919
62.000 0.536919
63.000 0.536919
64.000 0.531441
65.000 0.531441
66.000 0.531441
67.000 0.531441
68.000 0.531441
69.000 0.562813
70.000 0.562813
71.000 0.562813
72.000 0.562813
73.000 0.562813
74.000 0.562813
75.000 0.562813
76.000 0.561338
77.000 0.558129
78.000 0.554920
79.000 0.551711
80.000 0.548502
81.000 0.545293
82.000 0.542084
83.000 0.538875
84.000 0.535666
85.000 0.533936
86.000 0.533936
87.000 0.533936
88.000 0.533936
89.000 0.533936
90.000 0.533936
91.000 0.533936
92.000 0.533936
93.000 0.533936
94.000 0.533936
95.000 0.533936
96.000 0.537371
97.000 0.543093
98.000 0.548815
99.000 0.554537
100.000 0.560259
101.000 0.565981
102.000 0.571703
103.000 0.577425
104.000 0.578712
105.000 0.578712
106.000 0.569613
107.000 0.532562
108.000 0.532562
109.000 0.567589
110.000 0.596375
111.000 0.544281
112.000 0.544281
113.000 0.547998
114.000 0.554689
115.000 0.554710
116.000 0.583450
117.000 0.583450
118.000 0.583727
119.000 0.584030
120.000 0.584030
121.000 0.521904
122.000 0.529137
123.000 0.529137
124.000 0.526764
125.000 0.526764
126.000 0.526764
127.000 0.526764
128.000 0.552956
129.000 0.545272
130.000 0.537588
131.000 0.536430
132.000 0.549194
133.000 0.549194
134.000 0.574120
135.000 0.574120
136.000 0.568944
137.000 0.552498
138.000 0.552498
139.000 0.552925
140.000 0.545639
141.000 0.543373
142.000 0.543373
143.000 0.567520
144.000 0.567520
145.000 0.567520
146.000 0.543689
147.000 0.553101
148.000 0.553101
149.000 0.570671
150.000 0.570671
151.000 0.600471
152.000 0.587320
153.000 0.579628
154.000 0.579628
155.000 0.573436
156.000 0.571274
157.000 0.571274
158.000 0.571274
159.000 0.571274
160.000 0.526985
161.000 0.531527
162.000 0.536070
163.000 0.537560
164.000 0.591621
165.000 0.563370
166.000 0.573096
167.000 0.580795
168.000 0.613495
169.000 0.529366
170.000 0.529366
171.000 0.525208
172.000 0.525208
173.000 0.525208
174.000 0.525208
175.000 0.525208
176.000 0.590858
177.000 0.589193
178.000 0.587528
179.000 0.585862
180.000 0.584197
181.000 0.583275
182.000 0.561520
183.000 0.570206
184.000 0.570679
185.000 0.570679
186.000 0.543365
187.000 0.543365
188.000 0.517250
189.000 0.517250
190.000 0.547375
191.000 0.559868
192.000 0.563431
193.000 0.563431
194.000 0.488167
195.000 0.488167
196.000 0.554024
197.000 0.554024
198.000 0.545608
199.000 0.535599
200.000 0.535599
201.000 0.542908
202.000 0.542908
203.000 0.513573
204.000 0.570679
205.000 0.570679
206.000 0.571603
207.000 0.576897
208.000 0.576897
209.000 0.634598
210.000 0.624034
211.000 0.581978
212.000 0.581978
213.000 0.585720
214.000 0.592748
215.000 0.597916
216.000 0.597916
217.000 0.562498
218.000 0.541382
219.000 0.541382
220.000 0.579117
221.000 0.579117
222.000 0.572243
223.000 0.572451
224.000 0.579067
225.000 0.581421
226.000 0.581421
227.000 0.526146
228.000 0.526146
229.000 0.572594
230.000 0.572594
231.000 0.584305
232.000 0.584305
233.000 0.584305
234.000 0.584305
235.000 0.584305
236.000 0.515412
237.000 0.527077
238.000 0.538743
239.000 0.550409
240.000 0.562075
241.000 0.566483
242.000 0.566376
243.000 0.566376
244.000 0.562941
245.000 0.546745
246.000 0.546745
247.000 0.571716
248.000 0.554756
249.000 0.554756
250.000 0.554756
251.000 0.575607
252.000 0.575607
253.000 0.562040
254.000 0.548698
255.000 0.548698
256.000 0.548698
257.000 0.551414
258.000 0.551414
259.000 0.551414
260.000 0.551414
261.000 0.571781
262.000 0.579644
263.000 0.587508
264.000 0.587394
265.000 0.528214
266.000 0.528214
267.000 0.528214
268.000 0.543510
269.000 0.543510
270.000 0.567154
271.000 0.567154
272.000 0.566038
273.000 0.563423
274.000 0.562477
275.000 0.562477
276.000 0.551690
277.000 0.570798
278.000 0.572121
279.000 0.551674
280.000 0.551674
281.000 0.573204
282.000 0.598167
283.000 0.598167
284.000 0.550354
285.000 0.550354
286.000 0.561295
287.000 0.561295
288.000 0.505096
289.000 0.505096
290.000 0.507329
291.000 0.558710
292.000 0.560478
293.000 0.578262
294.000 0.564995
295.000 0.564995
296.000 0.578697
297.000 0.578697
298.000 0.500206
299.000 0.500206
300.000 0.534142
301.000 0.554543
302.000 0.604202
303.000 0.563538
304.000 0.563538
305.000 0.559019
306.000 0.549301
307.000 0.549301
308.000 0.549774
309.000 0.549774
310.000 0.514862
311.000 0.514862
312.000 0.554704
313.000 0.576477
314.000 0.531937
315.000 0.531937
316.000 0.573097
317.000 0.539825
318.000 0.539825
319.000 0.564750
320.000 0.596420
321.000 0.596420
322.000 0.542183
323.000 0.542183
324.000 0.564705
325.000 0.564705
326.000 0.580009
327.000 0.580009
328.000 0.544464
329.000 0.544464
330.000 0.532149
331.000 0.515336
332.000 0.507339
333.000 0.507339
334.000 0.575851
335.000 0.588020
336.000 0.588020
337.000 0.556580
338.000 0.556580
339.000 0.556580
340.000 0.554722
341.000 0.552651
342.000 0.550581
343.000 0.549545
344.000 0.589127
345.000 0.589127
346.000 0.547295
347.000 0.543457
348.000 0.543457
349.000 0.549164
350.000 0.549164
351.000 0.549164
352.000 0.549164
353.000 0.549164
354.000 0.549164
355.000 0.532744
356.000 0.528287
357.000 0.523831
358.000 0.519374
359.000 0.514917
