0.000 0.140015
1.000 0.140015
2.000 0.140015
3.000 0.140015
4.000 0.140015
5.000 0.140015
6.000 3.663078
7.000 3.367444
8.000 3.060182
9.000 2.752921
10.000 2.445660
11.000 2.138399
12.000 1.852158
13.000 1.641922
14.000 1.857437
15.000 1.967574
16.000 2.235779
17.000 1.879974
18.000 1.254166
19.000 1.254166
20.000 2.494400
21.000 1.963516
22.000 1.963516
23.000 3.184509
24.000 1.375725
25.000 1.375725
26.000 1.375725
27.000 1.435930
28.000 2.302223
29.000 2.302223
30.000 1.624692
31.000 1.118820
32.000 1.118820
33.000 1.118820
34.000 1.684738
35.000 1.684738
36.000 1.684738
37.000 1.865188
38.000 2.045387
39.000 2.045387
40.000 1.894521
41.000 1.471832
42.000 1.471832
43.000 1.471832
44.000 1.201714
45.000 1.201714
46.000 1.220831
47.000 1.423897
48.000 1.423897
49.000 1.423897
50.000 2.563110
51.000 2.563110
52.000 2.560668
53.000 1.788031
54.000 1.754715
55.000 1.754715
56.000 1.737020
57.000 1.552910
58.000 1.552910
59.000 1.552910
60.000 1.529757
61.000 1.241226
62.000 1.241226
63.000 1.241226
64.000 1.241226
65.000 1.241226
66.000 1.390887
67.000 1.055771
68.000 1.055771
69.000 1.055771
70.000 1.055771
71.000 1.055771
72.000 1.055771
73.000 1.055771
74.000 0.664711
75.000 0.664711
76.000 0.664711
77.000 0.664711
78.000 0.664711
79.000 0.664711
80.000 0.664711
81.000 0.664711
82.000 0.664711
83.000 0.664711
84.000 0.664711
85.000 1.372742
86.000 1.372742
87.000 1.372742
88.000 1.372742
89.000 1.372742
90.000 1.372742
91.000 1.450734
92.000 1.601542
93.000 1.752350
94.000 1.770683
95.000 1.770683
96.000 1.770683
97.000 1.770683
98.000 1.614441
99.000 1.614441
100.000 1.614441
101.000 1.696007
102.000 1.696007
103.000 1.696007
104.000 1.696007
105.000 1.696007
106.000 1.447863
107.000 1.088951
108.000 1.088951
109.000 1.088951
110.000 1.088951
111.000 1.358543
112.000 1.358543
113.000 1.154938
114.000 1.154938
115.000 1.154938
116.000 0.978539
117.000 0.978539
118.000 0.978539
119.000 0.978539
120.000 1.376717
121.000 1.376717
122.000 1.376717
123.000 1.388748
124.000 1.388748
125.000 1.388748
126.000 1.388748
127.000 1.516057
128.000 1.781853
129.000 1.781853
130.000 1.781853
131.000 1.270004
132.000 1.270004
133.000 1.270004
134.000 1.226311
135.000 1.117935
136.000 1.085716
137.000 1.236168
138.000 1.249619
139.000 1.249619
140.000 1.461357
141.000 1.461357
142.000 1.461357
143.000 1.200134
144.000 1.200134
145.000 1.800209
146.000 1.905533
147.000 2.357666
148.000 2.357666
149.000 1.855693
150.000 1.762009
151.000 1.762009
152.000 1.231026
153.000 1.231026
154.000 1.231026
155.000 1.494446
156.000 1.494446
157.000 1.494446
158.000 1.432491
159.000 1.038279
160.000 0.698013
161.000 0.698013
162.000 0.698013
163.000 0.718017
164.000 0.894785
165.000 0.932648
166.000 0.580765
167.000 0.580765
168.000 0.628296
169.000 0.945518
170.000 0.945518
171.000 0.611488
172.000 0.611488
173.000 0.611488
174.000 0.611488
175.000 0.611488
176.000 0.611488
177.000 0.611488
178.000 0.611488
179.000 0.611488
180.000 0.611488
181.000 0.807099
182.000 0.799316
183.000 0.791534
184.000 0.783751
185.000 0.775969
186.000 0.771805
187.000 1.378777
188.000 1.333766
189.000 1.148662
190.000 1.086380
191.000 1.282855
192.000 1.481682
193.000 1.461163
194.000 1.422167
195.000 1.383171
196.000 1.364220
197.000 0.611084
198.000 0.611084
199.000 0.611084
200.000 0.611084
201.000 0.611084
202.000 0.611084
203.000 0.611084
204.000 0.611084
205.000 0.611084
206.000 0.611084
207.000 1.869637
208.000 1.869637
209.000 1.869637
210.000 1.024681
211.000 1.024681
212.000 1.024681
213.000 1.024681
214.000 1.024681
215.000 0.745651
216.000 0.745651
217.000 0.745651
218.000 0.745651
219.000 0.745651
220.000 0.745651
221.000 0.745651
222.000 1.323870
223.000 1.313103
224.000 1.313103
225.000 1.313103
226.000 1.418655
227.000 1.418655
228.000 0.584907
229.000 0.454788
230.000 0.454788
231.000 0.454788
232.000 0.454788
233.000 0.616768
234.000 0.616768
235.000 0.616768
236.000 0.544075
237.000 0.544075
238.000 0.945862
239.000 1.865585
240.000 1.923958
241.000 2.054790
242.000 2.111900
243.000 1.416153
244.000 1.416153
245.000 1.437877
246.000 1.476385
247.000 1.514892
248.000 1.515274
249.000 0.827179
250.000 0.827179
251.000 0.827179
252.000 0.827179
253.000 0.827179
254.000 0.827179
255.000 1.107056
256.000 1.107056
257.000 1.107056
258.000 1.107056
259.000 1.615795
260.000 1.690460
261.000 1.690460
262.000 1.907228
263.000 2.187675
264.000 2.187675
265.000 1.158752
266.000 1.158752
267.000 1.158752
268.000 1.158752
269.000 1.545242
270.000 1.545242
271.000 1.545242
272.000 1.615224
273.000 1.991127
274.000 1.991127
275.000 1.991127
276.000 1.018344
277.000 0.967239
278.000 0.967239
279.000 0.967239
280.000 0.967239
281.000 0.905418
282.000 0.905418
283.000 0.905418
284.000 0.905418
285.000 1.479565
286.000 2.749237
287.000 2.749237
288.000 2.498912
289.000 2.270584
290.000 2.270584
291.000 2.218151
292.000 2.034920
293.000 1.939514
294.000 1.939514
295.000 2.589914
296.000 2.597183
297.000 2.430936
298.000 2.180573
299.000 2.180573
300.000 2.180573
301.000 2.183025
302.000 2.248840
303.000 2.248840
304.000 2.248840
305.000 1.867134
306.000 1.867134
307.000 1.942759
308.000 2.453179
309.000 2.509560
310.000 2.509560
311.000 2.508682
312.000 2.489260
313.000 2.483986
314.000 2.483986
315.000 2.674855
316.000 3.483803
317.000 3.483803
318.000 1.124771
319.000 1.124771
320.000 1.124771
321.000 1.124771
322.000 1.124771
323.000 4.433660
324.000 4.642894
325.000 4.852128
326.000 5.003540
327.000 4.863407
328.000 3.803095
329.000 2.945251
330.000 2.945251
331.000 2.196091
332.000 2.196091
333.000 2.196091
334.000 1.650848
335.000 1.650848
336.000 1.650848
337.000 1.688086
338.000 2.125348
339.000 2.560661
340.000 2.560661
341.000 2.642679
342.000 3.426094
343.000 3.442196
344.000 3.665329
345.000 3.888462
346.000 4.061447
347.000 3.832708
348.000 3.592628
349.000 3.508647
350.000 2.522508
351.000 2.166275
352.000 2.166275
353.000 2.100123
354.000 1.421432
355.000 1.421432
356.000 1.421432
357.000 1.132439
358.000 1.132439
359.000 1.132439
