0.000 1.858223
1.000 2.827014
2.000 4.331749
3.000 2.876266
4.000 2.688276
5.000 2.307640
6.000 2.076630
7.000 2.076630
8.000 5.013018
9.000 5.230042
10.000 2.413528
11.000 2.413528
12.000 6.067085
13.000 2.098717
14.000 2.098717
15.000 3.855743
16.000 1.430008
17.000 1.430008
18.000 1.430008
19.000 1.500214
20.000 1.865930
21.000 3.949074
22.000 1.110603
23.000 1.110603
24.000 1.110603
25.000 1.283373
26.000 1.298286
27.000 1.298286
28.000 1.298286
29.000 1.298286
30.000 1.697021
31.000 1.697021
32.000 1.697021
33.000 1.697021
34.000 1.697021
35.000 0.259460
36.000 0.259460
37.000 0.259460
38.000 0.259460
39.000 0.259460
40.000 0.259460
41.000 0.259460
42.000 0.259460
43.000 0.259460
44.000 0.259460
45.000 0.259460
46.000 0.259460
47.000 0.259460
48.000 0.259460
49.000 0.692795
50.000 0.692795
51.000 0.692795
52.000 0.692795
53.000 0.692795
54.000 0.242416
55.000 0.242416
56.000 0.242416
57.000 0.242416
58.000 0.242416
59.000 0.242416
60.000 0.242416
61.000 0.242416
62.000 0.242416
63.000 0.242416
64.000 0.242416
65.000 0.401646
66.000 0.385026
67.000 0.368406
68.000 0.351786
69.000 0.340454
70.000 0.340454
71.000 0.340454
72.000 0.340454
73.000 0.340454
74.000 0.340127
75.000 0.338968
76.000 0.337809
77.000 0.336651
78.000 0.335495
79.000 0.349127
80.000 0.512627
81.000 0.582489
82.000 0.992905
83.000 1.412498
84.000 0.373878
85.000 0.373878
86.000 0.373878
87.000 0.373878
88.000 0.373878
89.000 0.373878
90.000 0.373878
91.000 0.373878
92.000 0.118675
93.000 0.118675
94.000 0.118675
95.000 0.118675
96.000 0.118675
97.000 0.118675
98.000 0.321327
99.000 0.321327
100.000 0.321327
101.000 0.321327
102.000 0.321327
103.000 0.321327
104.000 0.321327
105.000 0.321327
106.000 0.321327
107.000 0.321327
108.000 0.321327
109.000 0.321327
110.000 2.110579
111.000 1.749127
112.000 1.387676
113.000 1.026224
114.000 0.664773
115.000 0.527924
116.000 0.527924
117.000 0.527924
118.000 0.527924
119.000 0.440285
120.000 0.440285
121.000 0.440285
122.000 0.440285
123.000 0.440285
124.000 0.440285
125.000 0.440285
126.000 0.440285
127.000 0.440285
128.000 0.440285
129.000 0.440285
130.000 2.855587
131.000 2.580282
132.000 2.304977
133.000 2.029672
134.000 1.754367
135.000 1.479062
136.000 1.203756
137.000 0.928451
138.000 0.653146
139.000 0.431847
140.000 0.431847
141.000 0.431847
142.000 0.284241
143.000 0.284241
144.000 0.284241
145.000 0.284241
146.000 0.995987
147.000 1.002673
148.000 1.003181
149.000 1.003181
150.000 1.003181
151.000 1.003181
152.000 1.003181
153.000 1.003181
154.000 4.118162
155.000 3.322620
156.000 2.527078
157.000 1.731536
158.000 0.935994
159.000 0.759041
160.000 0.759041
161.000 1.044317
162.000 1.557982
163.000 1.561417
164.000 2.092194
165.000 3.971596
166.000 7.983246
167.000 11.745636
168.000 11.165532
169.000 17.812172
170.000 9.423180
171.000 6.816383
172.000 3.246788
173.000 3.246788
174.000 4.886940
175.000 4.886940
176.000 5.005922
177.000 5.138957
178.000 5.139915
179.000 2.186996
180.000 2.186996
181.000 2.420730
182.000 5.942238
183.000 8.542763
184.000 8.542763
185.000 2.837765
186.000 2.177559
187.000 2.177559
188.000 0.775307
189.000 0.775307
190.000 0.775307
191.000 0.775307
192.000 0.775307
193.000 0.775307
194.000 0.775307
195.000 0.775307
196.000 0.775307
197.000 0.775307
198.000 0.775307
199.000 0.775307
200.000 1.837678
201.000 1.746941
202.000 1.656204
203.000 1.565467
204.000 1.474730
205.000 1.383993
206.000 1.293256
207.000 1.202519
208.000 1.111783
209.000 1.021046
210.000 0.930309
211.000 0.839572
212.000 0.748835
213.000 0.658098
214.000 0.567361
215.000 0.476624
216.000 0.385887
217.000 0.295151
218.000 0.245361
219.000 0.245361
220.000 0.245361
221.000 0.245361
222.000 0.245361
223.000 0.245361
224.000 0.315994
225.000 0.315994
226.000 0.315994
227.000 0.315994
228.000 0.315994
229.000 0.315994
230.000 0.420980
231.000 0.440650
232.000 0.460320
233.000 0.470505
234.000 0.470505
235.000 1.884781
236.000 1.019524
237.000 1.019524
238.000 1.019524
239.000 0.717274
240.000 0.558510
241.000 0.558510
242.000 0.191704
243.000 0.191704
244.000 0.191704
245.000 0.191704
246.000 1.404121
247.000 1.404121
248.000 1.739922
249.000 1.739922
250.000 0.979767
251.000 0.979767
252.000 0.979767
253.000 0.979767
254.000 0.979767
255.000 0.956703
256.000 0.956703
257.000 0.956703
258.000 0.870408
259.000 0.752093
260.000 0.633778
261.000 0.515463
262.000 0.397148
263.000 0.386375
264.000 0.452995
265.000 0.705948
266.000 1.449074
267.000 1.653984
268.000 2.268005
269.000 4.312065
270.000 4.739578
271.000 11.145775
272.000 12.327998
273.000 15.781219
274.000 6.133523
275.000 1.954834
276.000 1.954834
277.000 1.954834
278.000 1.944847
279.000 1.837887
280.000 1.730927
281.000 1.623967
282.000 1.517007
283.000 1.410046
284.000 1.303086
285.000 1.196126
286.000 1.089166
287.000 0.982206
288.000 0.875246
289.000 0.768286
290.000 0.661326
291.000 0.554366
292.000 0.447406
293.000 0.340446
294.000 0.325043
295.000 0.325043
296.000 0.297043
297.000 0.297043
298.000 0.388496
299.000 0.388496
300.000 0.388496
301.000 0.388496
302.000 0.410683
303.000 0.410683
304.000 0.410683
305.000 0.410683
306.000 0.361069
307.000 0.361069
308.000 0.361069
309.000 0.361069
310.000 0.361069
311.000 0.361069
312.000 0.361069
313.000 0.361069
314.000 0.823313
315.000 0.475622
316.000 0.421982
317.000 0.421982
318.000 0.421982
319.000 0.421982
320.000 0.421982
321.000 0.421982
322.000 0.421982
323.000 0.738016
324.000 0.976730
325.000 1.215444
326.000 1.454158
327.000 1.692873
328.000 1.931587
329.000 0.669472
330.000 0.613960
331.000 0.613960
332.000 2.640724
333.000 2.640724
334.000 2.640724
335.000 6.656815
336.000 6.656815
337.000 1.779671
338.000 1.779671
339.000 1.779671
340.000 1.779671
341.000 1.779671
342.000 8.094396
343.000 5.665667
344.000 3.236938
345.000 2.685745
346.000 1.982231
347.000 1.982231
348.000 1.022018
349.000 1.022018
350.000 1.022018
351.000 1.022018
352.000 1.335815
353.000 1.335815
354.000 1.335815
355.000 1.866852
356.000 1.866852
357.000 1.866852
358.000 1.135826
359.000 1.135826
