0.000 0.101479
1.000 0.101479
2.000 0.101479
3.000 0.101479
4.000 0.232481
5.000 0.597656
6.000 0.597656
7.000 0.597656
8.000 0.597656
9.000 0.695803
10.000 0.724833
11.000 0.744820
12.000 0.855942
13.000 0.722679
14.000 0.602844
15.000 0.602844
16.000 0.592339
17.000 0.592339
18.000 0.592339
19.000 0.592339
20.000 0.687055
21.000 0.711931
22.000 0.736807
23.000 0.745224
24.000 0.951065
25.000 0.951065
26.000 0.936700
27.000 0.888062
28.000 0.521866
29.000 0.432538
30.000 0.821689
31.000 1.019112
32.000 1.019112
33.000 1.019112
34.000 1.019112
35.000 0.466537
36.000 0.466537
37.000 0.466537
38.000 0.466537
39.000 0.466537
40.000 0.466537
41.000 0.466537
42.000 0.580420
43.000 0.543666
44.000 0.506911
45.000 0.470156
46.000 0.468384
47.000 0.468384
48.000 0.468384
49.000 0.906105
50.000 0.906105
51.000 0.971863
52.000 0.971863
53.000 0.971863
54.000 0.971863
55.000 0.971863
56.000 0.971863
57.000 0.971863
58.000 0.971863
59.000 0.971863
60.000 0.971863
61.000 1.265172
62.000 1.227613
63.000 1.190055
64.000 1.152496
65.000 1.114937
66.000 1.077379
67.000 1.039820
68.000 1.002261
69.000 0.964703
70.000 0.935341
71.000 0.978462
72.000 0.978462
73.000 0.978462
74.000 0.978462
75.000 0.978462
76.000 0.978462
77.000 0.922807
78.000 0.887775
79.000 0.852743
80.000 0.817711
81.000 0.782679
82.000 0.762894
83.000 0.762894
84.000 0.762894
85.000 0.962250
86.000 0.962250
87.000 1.032639
88.000 1.032639
89.000 1.174843
90.000 1.162867
91.000 1.148155
92.000 1.215332
93.000 0.943588
94.000 0.943588
95.000 1.038783
96.000 1.264420
97.000 1.264420
98.000 1.264420
99.000 1.264420
100.000 1.151413
101.000 1.151413
102.000 1.151413
103.000 1.151413
104.000 1.039472
105.000 0.919426
106.000 0.862267
107.000 0.862267
108.000 1.225174
109.000 0.972862
110.000 0.972862
111.000 0.972862
112.000 1.031929
113.000 1.031929
114.000 1.111696
115.000 1.154358
116.000 1.154358
117.000 1.086304
118.000 1.086304
119.000 1.105593
120.000 1.113953
121.000 1.113953
122.000 1.110146
123.000 1.097931
124.000 1.097931
125.000 1.097931
126.000 0.885948
127.000 0.885948
128.000 0.885948
129.000 0.885948
130.000 0.897117
131.000 0.907890
132.000 0.460754
133.000 0.460754
134.000 1.241653
135.000 1.198687
136.000 1.084563
137.000 0.994461
138.000 1.216240
139.000 1.216240
140.000 1.216240
141.000 0.941776
142.000 0.997818
143.000 0.997818
144.000 1.147629
145.000 1.147629
146.000 1.110423
147.000 1.075912
148.000 1.075912
149.000 1.075912
150.000 1.141420
151.000 1.096213
152.000 1.051006
153.000 1.071190
154.000 1.073357
155.000 1.073357
156.000 1.137672
157.000 1.137672
158.000 1.114507
159.000 1.047649
160.000 0.980791
161.000 0.914513
162.000 0.914513
163.000 1.046211
164.000 1.077646
165.000 1.281296
166.000 0.960381
167.000 0.960381
168.000 0.917786
169.000 0.917786
170.000 0.917786
171.000 1.105660
172.000 1.208107
173.000 1.208107
174.000 1.162613
175.000 1.162613
176.000 1.177742
177.000 1.197968
178.000 1.197968
179.000 1.197968
180.000 1.045597
181.000 1.025207
182.000 1.025146
183.000 1.023453
184.000 0.819946
185.000 0.819946
186.000 0.819946
187.000 1.078651
188.000 1.078651
189.000 1.078651
190.000 0.747757
191.000 0.747757
192.000 0.747757
193.000 0.747757
194.000 1.055341
195.000 1.048030
196.000 1.040720
197.000 1.038811
198.000 0.711754
199.000 0.711754
200.000 1.106903
201.000 1.106903
202.000 1.094297
203.000 1.079681
204.000 1.074028
205.000 1.091766
206.000 1.091766
207.000 1.190796
208.000 1.063713
209.000 0.939529
210.000 0.939529
211.000 1.117142
212.000 1.083542
213.000 1.083542
214.000 1.062616
215.000 1.014119
216.000 1.010063
217.000 1.187920
218.000 1.124596
219.000 1.124596
220.000 1.109739
221.000 1.055615
222.000 1.035431
223.000 1.035431
224.000 1.049980
225.000 1.049980
226.000 1.049980
227.000 0.975861
228.000 0.975861
229.000 0.975861
230.000 1.010174
231.000 1.070429
232.000 1.130683
233.000 1.138840
234.000 1.138840
235.000 1.138840
236.000 1.213600
237.000 1.127896
238.000 1.092125
239.000 1.092125
240.000 1.092125
241.000 0.763296
242.000 0.851153
243.000 0.939010
244.000 0.941887
245.000 1.093498
246.000 0.664619
247.000 0.664619
248.000 1.067146
249.000 1.067146
250.000 1.067146
251.000 1.067146
252.000 1.067146
253.000 0.955968
254.000 0.976009
255.000 0.996050
256.000 1.016090
257.000 1.026154
258.000 1.026154
259.000 1.026154
260.000 1.117396
261.000 1.191742
262.000 1.180834
263.000 1.074396
264.000 1.061409
265.000 1.061409
266.000 1.033676
267.000 1.033676
268.000 1.005429
269.000 0.990230
270.000 0.975031
271.000 0.960693
272.000 0.960693
273.000 1.328865
274.000 0.883163
275.000 0.883163
276.000 0.883163
277.000 0.986528
278.000 0.908307
279.000 0.831726
280.000 0.831726
281.000 1.015892
282.000 0.938194
283.000 1.019293
284.000 1.025444
285.000 1.090988
286.000 1.056708
287.000 0.817459
288.000 0.817459
289.000 0.817459
290.000 0.777252
291.000 0.777252
292.000 0.912042
293.000 1.052063
294.000 1.052063
295.000 1.052063
296.000 1.301796
297.000 1.301796
298.000 1.125862
299.000 1.125862
300.000 1.125862
301.000 1.126528
302.000 1.128533
303.000 1.130537
304.000 1.132541
305.000 1.133911
306.000 0.983719
307.000 0.983719
308.000 1.135108
309.000 1.195168
310.000 1.195168
311.000 1.130196
312.000 1.130196
313.000 1.130196
314.000 1.070818
315.000 1.026329
316.000 1.026329
317.000 1.026329
318.000 1.123779
319.000 1.123779
320.000 1.123779
321.000 1.083561
322.000 1.037008
323.000 0.990456
324.000 0.964432
325.000 0.964432
326.000 0.964432
327.000 1.075718
328.000 1.089455
329.000 1.089455
330.000 1.002007
331.000 0.852391
332.000 0.769707
333.000 0.931732
334.000 0.773949
335.000 0.845268
336.000 0.845268
337.000 0.782555
338.000 0.782555
339.000 1.110219
340.000 1.148460
341.000 1.148460
342.000 1.014480
343.000 0.998840
344.000 1.019348
345.000 1.018781
346.000 0.981621
347.000 0.981621
348.000 1.132294
349.000 1.132294
350.000 1.124418
351.000 1.028933
352.000 1.020607
353.000 0.998886
354.000 0.998886
355.000 1.092690
356.000 1.092690
357.000 0.978462
358.000 0.978462
359.000 0.978462
