0.000 0.174324
1.000 0.174324
2.000 0.863642
3.000 2.507111
4.000 2.496132
5.000 2.517777
6.000 2.402580
7.000 2.352058
8.000 2.535248
9.000 2.460538
10.000 2.442932
11.000 2.506356
12.000 2.509323
13.000 2.479487
14.000 2.467072
15.000 2.470115
16.000 2.477496
17.000 2.479218
18.000 2.448754
19.000 2.417015
20.000 2.457272
21.000 2.503372
22.000 2.543624
23.000 2.586800
24.000 2.545691
25.000 2.504211
26.000 2.463368
27.000 2.421524
28.000 2.465562
29.000 2.472626
30.000 2.424278
31.000 2.424278
32.000 2.461510
33.000 2.498177
34.000 2.498177
35.000 2.490398
36.000 2.466775
37.000 2.512161
38.000 2.508279
39.000 2.504486
40.000 2.515844
41.000 2.519913
42.000 2.517881
43.000 2.516724
44.000 2.493325
45.000 2.478836
46.000 2.465902
47.000 2.457703
48.000 2.301965
49.000 2.288521
50.000 2.300547
51.000 2.306854
52.000 2.376934
53.000 2.416016
54.000 2.425154
55.000 2.429817
56.000 2.413729
57.000 2.397614
58.000 2.454758
59.000 2.507095
60.000 2.525394
61.000 2.543762
62.000 2.507682
63.000 2.470093
64.000 2.489340
65.000 2.510460
66.000 2.189743
67.000 1.934029
68.000 2.252632
69.000 2.252632
70.000 2.336844
71.000 2.385460
72.000 2.469856
73.000 2.469856
74.000 2.230263
75.000 2.230263
76.000 2.385351
77.000 2.403526
78.000 2.401993
79.000 2.401649
80.000 2.388461
81.000 2.380394
82.000 2.482566
83.000 2.492058
84.000 2.429820
85.000 2.407326
86.000 2.324459
87.000 2.313393
88.000 2.312164
89.000 2.312164
90.000 2.476791
91.000 2.476791
92.000 2.422062
93.000 2.420334
94.000 2.476891
95.000 2.476891
96.000 2.507335
97.000 2.513596
98.000 2.660284
99.000 2.674583
100.000 2.462845
101.000 2.462845
102.000 2.418648
103.000 2.418648
104.000 2.485313
105.000 2.485313
106.000 2.380791
107.000 2.380791
108.000 2.504211
109.000 2.504211
110.000 2.403839
111.000 2.403839
112.000 2.191772
113.000 2.191772
114.000 2.321606
115.000 2.437958
116.000 2.237683
117.000 2.200050
118.000 2.501854
119.000 2.501854
120.000 1.991684
121.000 1.991684
122.000 2.519417
123.000 2.519417
124.000 2.519417
125.000 2.478290
126.000 2.300465
127.000 2.130867
128.000 2.130867
129.000 2.508728
130.000 2.508728
131.000 2.460106
132.000 2.460106
133.000 2.465812
134.000 2.475433
135.000 2.409088
136.000 2.506897
137.000 2.506897
138.000 2.515800
139.000 2.515800
140.000 2.138977
141.000 2.138977
142.000 2.338974
143.000 2.338974
144.000 2.403969
145.000 2.438736
146.000 2.219818
147.000 2.219818
148.000 2.277252
149.000 2.277252
150.000 2.277252
151.000 2.354500
152.000 2.354500
153.000 2.354500
154.000 2.358509
155.000 2.511104
156.000 2.538269
157.000 2.538269
158.000 2.263618
159.000 2.263618
160.000 2.336962
161.000 2.505249
162.000 2.358261
163.000 2.358261
164.000 2.384293
165.000 2.384293
166.000 2.526459
167.000 2.526459
168.000 2.415304
169.000 2.390953
170.000 2.390953
171.000 2.463600
172.000 2.463600
173.000 1.636078
174.000 1.636078
175.000 2.334157
176.000 2.514854
177.000 2.412057
178.000 2.377464
179.000 2.356260
180.000 2.343971
181.000 2.385520
182.000 2.418457
183.000 2.396558
184.000 2.368896
185.000 2.506516
186.000 2.506516
187.000 2.492434
188.000 2.463066
189.000 2.347898
190.000 2.158333
191.000 2.238321
192.000 2.377182
193.000 2.365561
194.000 2.341560
195.000 2.421841
196.000 2.578110
197.000 2.290268
198.000 1.918816
199.000 2.101297
200.000 2.507629
201.000 2.483119
202.000 2.430389
203.000 2.353681
204.000 2.208214
205.000 2.245641
206.000 2.319534
207.000 2.375606
208.000 2.484901
209.000 2.508902
210.000 2.556725
211.000 2.540312
212.000 2.507210
213.000 2.482715
214.000 2.439018
215.000 2.421573
216.000 2.387054
217.000 2.408230
218.000 2.454781
219.000 2.453160
220.000 2.450165
221.000 2.426606
222.000 2.385925
223.000 2.385069
224.000 2.383369
225.000 2.286846
226.000 2.103531
227.000 2.201360
228.000 2.405281
229.000 2.350327
230.000 2.238312
231.000 2.284788
232.000 2.383316
233.000 2.414641
234.000 2.480049
235.000 2.471978
236.000 2.454704
237.000 2.471490
238.000 2.509811
239.000 2.353965
240.000 2.054138
241.000 2.099842
242.000 2.180817
243.000 2.208885
244.000 2.247810
245.000 2.297495
246.000 2.372009
247.000 2.448761
248.000 2.638610
249.000 2.569999
250.000 2.384555
251.000 2.314373
252.000 2.200319
253.000 2.102837
254.000 2.102837
255.000 2.399887
256.000 2.399887
257.000 2.435125
258.000 2.451004
259.000 2.409417
260.000 2.405228
261.000 2.444329
262.000 2.476669
263.000 2.443863
264.000 2.408211
265.000 2.467397
266.000 2.515762
267.000 2.490189
268.000 2.480606
269.000 2.442022
270.000 2.369408
271.000 2.324620
272.000 2.247765
273.000 2.368820
274.000 2.368820
275.000 1.793602
276.000 1.793602
277.000 1.793602
278.000 2.473122
279.000 2.473122
280.000 2.504745
281.000 2.504745
282.000 2.339516
283.000 2.339516
284.000 2.411755
285.000 2.488380
286.000 2.488380
287.000 2.442825
288.000 2.560738
289.000 2.560738
290.000 2.480501
291.000 2.456329
292.000 1.631775
293.000 2.053513
294.000 2.436874
295.000 2.429952
296.000 2.428619
297.000 2.476212
298.000 2.476212
299.000 2.274923
300.000 2.248795
301.000 0.637482
302.000 0.637482
303.000 0.637482
304.000 0.637482
305.000 0.637482
306.000 0.637482
307.000 0.637482
308.000 0.637482
309.000 0.637482
310.000 2.355983
311.000 2.352036
312.000 2.352036
313.000 2.485619
314.000 2.412365
315.000 2.325600
316.000 2.498985
317.000 2.498985
318.000 2.478821
319.000 2.430473
320.000 2.430473
321.000 2.475402
322.000 2.499016
323.000 2.407154
324.000 2.399323
325.000 2.449473
326.000 2.513901
327.000 2.353307
328.000 2.090309
329.000 2.219949
330.000 2.410370
331.000 2.382492
332.000 2.382492
333.000 2.382492
334.000 2.382492
335.000 2.514755
336.000 2.514755
337.000 2.514755
338.000 2.514755
339.000 2.449098
340.000 2.389412
341.000 2.389412
342.000 2.389412
343.000 2.389412
344.000 2.292686
345.000 2.292686
346.000 2.292686
347.000 2.292686
348.000 2.307922
349.000 2.307922
350.000 2.307922
351.000 2.402108
352.000 2.420036
353.000 2.260445
354.000 2.260445
355.000 2.367325
356.000 2.367325
357.000 2.291245
358.000 2.291245
359.000 2.320875
