0.000 0.130127
1.000 0.130127
2.000 0.130127
3.000 0.130127
4.000 1.719978
5.000 2.274933
6.000 1.882210
7.000 1.298454
8.000 1.298454
9.000 1.298454
10.000 1.298454
11.000 1.283914
12.000 1.266969
13.000 1.510898
14.000 1.985490
15.000 2.005867
16.000 1.174164
17.000 0.955673
18.000 0.955673
19.000 0.955673
20.000 1.054588
21.000 1.054588
22.000 1.054588
23.000 1.054588
24.000 0.999069
25.000 0.999069
26.000 0.999069
27.000 0.788208
28.000 0.788208
29.000 1.664742
30.000 1.664742
31.000 1.664742
32.000 1.671104
33.000 1.671104
34.000 1.667990
35.000 1.620147
36.000 1.572304
37.000 1.544098
38.000 1.544098
39.000 1.544098
40.000 2.073647
41.000 2.073647
42.000 1.457230
43.000 1.457230
44.000 1.457230
45.000 1.457230
46.000 1.420467
47.000 1.347684
48.000 1.304489
49.000 1.304489
50.000 1.304489
51.000 0.952721
52.000 0.952721
53.000 1.206291
54.000 1.206291
55.000 1.206291
56.000 1.634872
57.000 1.555405
58.000 1.555405
59.000 1.555405
60.000 1.089897
61.000 1.089897
62.000 1.089897
63.000 1.089897
64.000 1.274170
65.000 1.274170
66.000 1.274170
67.000 0.766090
68.000 0.766090
69.000 0.766090
70.000 0.766090
71.000 0.766090
72.000 0.766090
73.000 0.766090
74.000 1.095905
75.000 1.050443
76.000 1.004980
77.000 1.000305
78.000 1.000305
79.000 0.724983
80.000 0.724983
81.000 0.724983
82.000 0.724983
83.000 0.724983
84.000 0.724983
85.000 0.724983
86.000 0.724983
87.000 0.724983
88.000 0.724983
89.000 1.018031
90.000 1.015023
91.000 1.012015
92.000 1.009007
93.000 1.005999
94.000 1.002991
95.000 1.000435
96.000 1.000435
97.000 0.731850
98.000 1.421066
99.000 1.421066
100.000 1.090267
101.000 1.047020
102.000 1.047020
103.000 1.003853
104.000 1.003853
105.000 1.146355
106.000 1.146355
107.000 1.146355
108.000 1.247539
109.000 1.364700
110.000 1.364700
111.000 1.287603
112.000 1.180733
113.000 1.192792
114.000 1.380944
115.000 1.549019
116.000 1.549019
117.000 1.631447
118.000 1.631447
119.000 1.631447
120.000 1.520350
121.000 1.283519
122.000 1.046687
123.000 0.809855
124.000 0.573024
125.000 0.370308
126.000 0.370308
127.000 0.370308
128.000 0.370308
129.000 0.370308
130.000 0.503265
131.000 0.493843
132.000 0.493843
133.000 0.493843
134.000 0.493843
135.000 0.785542
136.000 0.836006
137.000 0.905694
138.000 1.008011
139.000 0.568626
140.000 0.568626
141.000 0.578459
142.000 0.645615
143.000 0.645615
144.000 0.645615
145.000 0.645615
146.000 0.645615
147.000 0.645615
148.000 1.104424
149.000 1.104424
150.000 1.104424
151.000 1.104424
152.000 0.471886
153.000 0.471886
154.000 0.471886
155.000 0.471886
156.000 0.471886
157.000 0.471886
158.000 0.695473
159.000 0.695473
160.000 0.695473
161.000 0.678734
162.000 0.678734
163.000 0.678734
164.000 0.678734
165.000 0.450951
166.000 0.450951
167.000 0.450951
168.000 0.450951
169.000 0.450951
170.000 0.450951
171.000 0.813685
172.000 0.829018
173.000 0.829018
174.000 0.829018
175.000 0.829018
176.000 0.829018
177.000 1.184083
178.000 1.257584
179.000 1.257584
180.000 1.257584
181.000 0.945398
182.000 1.106879
183.000 1.225990
184.000 1.225990
185.000 0.944260
186.000 0.944260
187.000 0.944260
188.000 0.944260
189.000 0.944260
190.000 1.276245
191.000 1.276245
192.000 1.276245
193.000 1.276245
194.000 0.961693
195.000 0.761871
196.000 0.761871
197.000 0.761871
198.000 0.761871
199.000 0.761871
200.000 0.761871
201.000 0.761871
202.000 1.037291
203.000 1.134635
204.000 1.231979
205.000 1.317711
206.000 1.317711
207.000 0.588112
208.000 0.588112
209.000 0.588112
210.000 1.601044
211.000 1.601044
212.000 0.685783
213.000 0.685783
214.000 0.685783
215.000 0.685783
216.000 0.905767
217.000 0.900864
218.000 0.900864
219.000 0.594620
220.000 0.594620
221.000 0.594620
222.000 0.594620
223.000 0.816193
224.000 0.816193
225.000 0.816193
226.000 0.573561
227.000 0.562141
228.000 0.562141
229.000 0.848991
230.000 0.848991
231.000 0.898076
232.000 0.954750
233.000 0.960426
234.000 0.915695
235.000 0.594543
236.000 0.594543
237.000 0.594543
238.000 0.594543
239.000 0.866771
240.000 1.017960
241.000 1.017960
242.000 1.017960
243.000 0.993067
244.000 0.964057
245.000 0.955650
246.000 1.580514
247.000 1.210457
248.000 1.210457
249.000 0.936783
250.000 0.936783
251.000 1.358719
252.000 1.358719
253.000 1.358719
254.000 1.488991
255.000 1.488991
256.000 1.488991
257.000 1.488991
258.000 1.355273
259.000 1.216287
260.000 1.077301
261.000 0.938315
262.000 1.067589
263.000 1.085734
264.000 1.097954
265.000 1.097954
266.000 1.099487
267.000 1.099487
268.000 1.099487
269.000 1.099487
270.000 1.099487
271.000 1.204611
272.000 1.216287
273.000 1.227964
274.000 1.239641
275.000 1.251317
276.000 1.262993
277.000 0.994637
278.000 0.994637
279.000 0.770348
280.000 0.770348
281.000 0.770348
282.000 0.685234
283.000 0.685234
284.000 0.685234
285.000 0.685234
286.000 0.341449
287.000 0.290497
288.000 0.290497
289.000 0.290497
290.000 0.290497
291.000 0.290497
292.000 0.290497
293.000 0.290497
294.000 0.290497
295.000 0.723000
296.000 0.723000
297.000 0.723000
298.000 0.762660
299.000 0.855377
300.000 0.855377
301.000 0.807953
302.000 0.807953
303.000 0.363358
304.000 0.363358
305.000 0.363358
306.000 0.495049
307.000 0.495049
308.000 0.840164
309.000 0.840164
310.000 0.840164
311.000 1.334846
312.000 1.334846
313.000 1.027544
314.000 0.820091
315.000 0.820091
316.000 0.788882
317.000 0.570784
318.000 0.550232
319.000 0.550232
320.000 0.560059
321.000 0.785622
322.000 0.785622
323.000 0.677578
324.000 0.531975
325.000 0.531975
326.000 0.561714
327.000 0.651237
328.000 0.651237
329.000 0.651237
330.000 0.341286
331.000 0.341286
332.000 0.341286
333.000 0.341286
334.000 0.341286
335.000 0.341286
336.000 0.341286
337.000 0.341286
338.000 0.341286
339.000 0.341286
340.000 0.341286
341.000 0.341286
342.000 0.341286
343.000 0.663284
344.000 0.672983
345.000 0.682682
346.000 0.692381
347.000 0.702080
348.000 0.711780
349.000 0.721479
350.000 0.722672
351.000 0.513054
352.000 0.513054
353.000 0.513054
354.000 0.513054
355.000 0.513054
356.000 0.830244
357.000 0.861580
358.000 0.861580
359.000 0.861580
