0.000 0.680733
1.000 0.680733
2.000 0.680733
3.000 0.680733
4.000 0.680733
5.000 0.680733
6.000 0.680733
7.000 0.680733
8.000 0.680733
9.000 0.680733
10.000 0.680733
11.000 0.680733
12.000 2.952240
13.000 3.006465
14.000 3.028275
15.000 3.028275
16.000 2.903116
17.000 2.847214
18.000 2.948307
19.000 3.421486
20.000 0.922104
21.000 0.922104
22.000 0.922104
23.000 0.922104
24.000 0.922104
25.000 0.922104
26.000 0.922104
27.000 2.353129
28.000 2.478091
29.000 2.533394
30.000 2.788376
31.000 3.057909
32.000 3.690071
33.000 2.534668
34.000 3.077179
35.000 3.653862
36.000 2.497004
37.000 2.597359
38.000 2.700409
39.000 3.145732
40.000 3.797737
41.000 2.476631
42.000 2.476631
43.000 0.840950
44.000 0.840950
45.000 0.840950
46.000 0.840950
47.000 0.873596
48.000 0.873596
49.000 2.879514
50.000 2.588814
51.000 2.588814
52.000 3.086327
53.000 3.146301
54.000 2.766106
55.000 2.663831
56.000 2.629974
57.000 2.167961
58.000 2.167961
59.000 2.896797
60.000 2.896797
61.000 3.683411
62.000 3.683411
63.000 3.405125
64.000 3.347221
65.000 2.990544
66.000 2.839867
67.000 1.874527
68.000 1.874527
69.000 2.932610
70.000 2.932610
71.000 2.259148
72.000 2.259148
73.000 2.222304
74.000 1.867144
75.000 1.579765
76.000 1.579765
77.000 1.579765
78.000 2.226540
79.000 2.226540
80.000 2.226540
81.000 2.250327
82.000 2.553923
83.000 2.857519
84.000 2.887741
85.000 2.675267
86.000 2.620476
87.000 3.661301
88.000 2.376137
89.000 2.916832
90.000 3.244469
91.000 3.209107
92.000 3.160339
93.000 2.923050
94.000 2.840027
95.000 2.188156
96.000 2.188156
97.000 3.766960
98.000 3.766960
99.000 1.728714
100.000 1.728714
101.000 1.728714
102.000 2.100468
103.000 2.568826
104.000 2.977890
105.000 2.977890
106.000 1.278038
107.000 1.278038
108.000 1.278038
109.000 0.611053
110.000 0.611053
111.000 0.611053
112.000 0.611053
113.000 0.611053
114.000 0.611053
115.000 1.849640
116.000 1.849640
117.000 2.837931
118.000 2.504329
119.000 2.367081
120.000 2.367081
121.000 2.688965
122.000 1.482193
123.000 1.256966
124.000 1.256966
125.000 1.256966
126.000 3.204607
127.000 3.294487
128.000 3.294487
129.000 3.294487
130.000 0.888588
131.000 0.888588
132.000 0.888588
133.000 0.888588
134.000 0.888588
135.000 1.278616
136.000 2.045433
137.000 2.045433
138.000 1.927238
139.000 1.947280
140.000 2.214813
141.000 1.269676
142.000 1.269676
143.000 1.269676
144.000 1.269676
145.000 2.500504
146.000 2.500504
147.000 3.851593
148.000 3.851593
149.000 3.809082
150.000 3.781609
151.000 3.781609
152.000 2.705894
153.000 2.705894
154.000 2.705894
155.000 3.408897
156.000 3.408897
157.000 4.106059
158.000 4.520164
159.000 3.104271
160.000 3.104271
161.000 3.104271
162.000 2.922232
163.000 2.730560
164.000 2.538888
165.000 2.527428
166.000 2.364906
167.000 2.364906
168.000 2.021599
169.000 2.021599
170.000 1.321533
171.000 1.321533
172.000 3.099388
173.000 3.099388
174.000 3.003409
175.000 2.874847
176.000 2.874847
177.000 2.874847
178.000 3.377335
179.000 3.377335
180.000 3.653731
181.000 3.717613
182.000 3.717613
183.000 2.804962
184.000 2.804962
185.000 2.804962
186.000 2.943596
187.000 2.943596
188.000 1.481651
189.000 1.481651
190.000 1.824133
191.000 2.869003
192.000 0.521927
193.000 0.521927
194.000 0.521927
195.000 0.521927
196.000 0.521927
197.000 3.088730
198.000 1.511421
199.000 2.742587
200.000 2.927036
201.000 3.355370
202.000 1.850983
203.000 1.609474
204.000 2.650436
205.000 2.650436
206.000 3.168388
207.000 3.168388
208.000 3.168388
209.000 4.659271
210.000 4.659271
211.000 4.646832
212.000 4.047007
213.000 3.714287
214.000 3.714287
215.000 3.934274
216.000 4.002480
217.000 3.141464
218.000 3.141464
219.000 1.213089
220.000 1.213089
221.000 1.213089
222.000 1.270426
223.000 1.909367
224.000 2.407005
225.000 2.407005
226.000 0.947258
227.000 0.947258
228.000 0.947258
229.000 2.361435
230.000 2.361435
231.000 1.111015
232.000 1.111015
233.000 2.239578
234.000 2.239578
235.000 2.556694
236.000 2.556694
237.000 3.719612
238.000 2.807289
239.000 2.478157
240.000 2.478157
241.000 3.092339
242.000 3.092339
243.000 3.348881
244.000 3.865662
245.000 3.865662
246.000 2.461273
247.000 2.461273
248.000 4.140900
249.000 4.124588
250.000 3.244537
251.000 2.675797
252.000 2.576904
253.000 2.576904
254.000 1.900818
255.000 1.900818
256.000 1.900818
257.000 1.988250
258.000 3.207019
259.000 4.270142
260.000 1.042969
261.000 1.042969
262.000 1.042969
263.000 1.042969
264.000 1.042969
265.000 1.407043
266.000 1.407043
267.000 1.512185
268.000 3.161766
269.000 3.448677
270.000 3.644440
271.000 3.428970
272.000 3.428970
273.000 2.846939
274.000 3.135071
275.000 3.172241
276.000 3.172241
277.000 4.057808
278.000 3.912048
279.000 3.912048
280.000 1.325607
281.000 1.325607
282.000 1.325607
283.000 1.325607
284.000 1.398196
285.000 2.788086
286.000 2.788086
287.000 2.788086
288.000 1.461761
289.000 1.461761
290.000 1.461761
291.000 2.176270
292.000 2.167085
293.000 2.116470
294.000 2.116470
295.000 2.079170
296.000 2.079170
297.000 1.644005
298.000 2.256987
299.000 2.684692
300.000 3.344894
301.000 3.188210
302.000 2.455144
303.000 2.405647
304.000 2.073624
305.000 2.073624
306.000 2.073624
307.000 2.073624
308.000 2.073624
309.000 2.990153
310.000 2.866722
311.000 2.866722
312.000 2.773632
313.000 1.993980
314.000 1.993980
315.000 2.566087
316.000 3.128609
317.000 1.503998
318.000 1.503998
319.000 1.503998
320.000 3.249516
321.000 3.562737
322.000 3.535545
323.000 3.535545
324.000 3.535545
325.000 3.017724
326.000 2.381462
327.000 2.381462
328.000 2.381462
329.000 2.578825
330.000 2.726303
331.000 2.989725
332.000 3.536324
333.000 3.832832
334.000 3.611115
335.000 3.755851
336.000 3.873680
337.000 4.318436
338.000 2.444923
339.000 2.918541
340.000 3.088552
341.000 3.696220
342.000 3.650499
343.000 1.517036
344.000 1.517036
345.000 1.714388
346.000 2.762947
347.000 1.909035
348.000 1.909035
349.000 0.681404
350.000 0.681404
351.000 0.681404
352.000 0.681404
353.000 2.238792
354.000 2.284698
355.000 2.983008
356.000 3.506004
357.000 2.685226
358.000 2.685226
359.000 2.902359
