0.000 0.126305
1.000 0.126305
2.000 0.126305
3.000 0.126305
4.000 0.126305
5.000 1.303185
6.000 1.291386
7.000 1.262978
8.000 1.026741
9.000 1.026741
10.000 1.026741
11.000 1.026741
12.000 1.164206
13.000 1.111168
14.000 1.058130
15.000 1.042328
16.000 1.263008
17.000 1.263008
18.000 1.263008
19.000 1.123222
20.000 1.042534
21.000 1.042534
22.000 1.042534
23.000 1.042534
24.000 0.965114
25.000 0.963718
26.000 0.963615
27.000 0.963615
28.000 1.221919
29.000 1.181156
30.000 1.140392
31.000 1.012011
32.000 0.962975
33.000 0.969261
34.000 1.131960
35.000 1.262650
36.000 1.262656
37.000 1.262685
38.000 1.262383
39.000 1.262383
40.000 1.262480
41.000 1.262704
42.000 1.262929
43.000 0.971367
44.000 0.971367
45.000 0.971367
46.000 1.215148
47.000 1.262413
48.000 1.262413
49.000 1.262413
50.000 1.262587
51.000 1.262492
52.000 1.262482
53.000 1.227050
54.000 1.080291
55.000 1.043289
56.000 1.262455
57.000 1.037628
58.000 1.037628
59.000 1.262192
60.000 1.236020
61.000 1.122445
62.000 1.008870
63.000 1.081176
64.000 1.262978
65.000 1.262748
66.000 1.262499
67.000 1.042084
68.000 1.042084
69.000 1.042084
70.000 0.958199
71.000 0.958199
72.000 1.026892
73.000 1.262413
74.000 1.262413
75.000 1.168948
76.000 0.974586
77.000 1.262444
78.000 1.262985
79.000 1.262985
80.000 1.262642
81.000 1.262642
82.000 1.262607
83.000 1.262589
84.000 1.262589
85.000 1.212001
86.000 1.139047
87.000 1.066094
88.000 0.993141
89.000 0.969208
90.000 1.022698
91.000 1.085376
92.000 1.148053
93.000 1.199051
94.000 1.262123
95.000 1.106513
96.000 1.099640
97.000 1.262581
98.000 1.262184
99.000 1.261471
100.000 1.262749
101.000 1.262749
102.000 1.262016
103.000 1.262016
104.000 1.092582
105.000 0.971901
106.000 1.035789
107.000 1.127440
108.000 1.255608
109.000 1.213099
110.000 1.170590
111.000 1.128081
112.000 1.085571
113.000 1.045723
114.000 1.109491
115.000 1.261889
116.000 1.262680
117.000 1.195198
118.000 1.262349
119.000 1.245234
120.000 1.168995
121.000 1.092756
122.000 1.016517
123.000 0.968964
124.000 1.024438
125.000 1.098758
126.000 1.173077
127.000 1.247397
128.000 1.013191
129.000 0.955963
130.000 1.256730
131.000 1.262497
132.000 1.262489
133.000 1.262474
134.000 1.262531
135.000 1.262750
136.000 1.262777
137.000 1.262878
138.000 1.262980
139.000 1.263000
140.000 1.262955
141.000 1.262858
142.000 1.262657
143.000 1.262657
144.000 1.032708
145.000 1.030220
146.000 1.040184
147.000 1.084133
148.000 1.215154
149.000 1.262192
150.000 1.198658
151.000 1.037880
152.000 1.045445
153.000 1.262787
154.000 1.262253
155.000 1.262924
156.000 1.262725
157.000 1.262589
158.000 1.262672
159.000 1.262672
160.000 1.262432
161.000 1.262375
162.000 1.262444
163.000 1.262444
164.000 1.262962
165.000 1.224760
166.000 0.964966
167.000 0.996974
168.000 1.046509
169.000 1.261871
170.000 1.261899
171.000 1.262095
172.000 1.262291
173.000 1.262487
174.000 1.262672
175.000 1.262672
176.000 1.230020
177.000 1.105597
178.000 1.026802
179.000 0.973343
180.000 0.962410
181.000 1.262703
182.000 1.032910
183.000 0.930099
184.000 1.026271
185.000 1.044983
186.000 1.262924
187.000 1.114308
188.000 0.988838
189.000 1.158710
190.000 1.039909
191.000 1.039909
192.000 1.262405
193.000 1.262405
194.000 1.262703
195.000 1.262703
196.000 1.068038
197.000 1.029938
198.000 1.029938
199.000 1.179545
200.000 1.262733
201.000 0.967735
202.000 0.967735
203.000 1.261963
204.000 1.103916
205.000 1.037132
206.000 1.046738
207.000 1.046738
208.000 1.022107
209.000 0.987823
210.000 0.961990
211.000 0.961990
212.000 1.262459
213.000 1.262349
214.000 1.262283
215.000 1.037712
216.000 1.037712
217.000 1.262390
218.000 1.262529
219.000 1.262718
220.000 1.262702
221.000 1.262657
222.000 1.262657
223.000 0.961510
224.000 0.961510
225.000 1.167008
226.000 1.262016
227.000 0.971199
228.000 0.971199
229.000 1.202072
230.000 1.262589
231.000 1.262672
232.000 1.262682
233.000 1.262688
234.000 1.262500
235.000 1.262436
236.000 1.206989
237.000 1.073840
238.000 1.024033
239.000 1.024033
240.000 1.029823
241.000 1.037730
242.000 1.048689
243.000 1.262405
244.000 1.216497
245.000 1.029091
246.000 1.030760
247.000 1.034019
248.000 1.032936
249.000 1.029739
250.000 1.065609
251.000 1.149333
252.000 1.187820
253.000 1.220348
254.000 1.262383
255.000 1.262358
256.000 1.262318
257.000 1.262278
258.000 1.262237
259.000 1.262197
260.000 1.262156
261.000 1.262116
262.000 1.262100
263.000 1.262372
264.000 1.262703
265.000 1.262703
266.000 1.256075
267.000 1.208668
268.000 1.060141
269.000 0.982520
270.000 1.220924
271.000 1.006681
272.000 0.999638
273.000 1.125521
274.000 1.251404
275.000 1.254468
276.000 1.236027
277.000 1.217585
278.000 1.199144
279.000 1.217019
280.000 1.244491
281.000 1.262246
282.000 1.262532
283.000 1.262492
284.000 1.262466
285.000 1.244638
286.000 0.063133
287.000 0.063133
288.000 0.063133
289.000 0.063133
290.000 0.063133
291.000 0.063133
292.000 0.063133
293.000 1.165567
294.000 1.243356
295.000 1.262947
296.000 1.262947
297.000 1.255565
298.000 1.221301
299.000 1.198463
300.000 1.198463
301.000 1.198463
302.000 1.143032
303.000 1.073780
304.000 1.004528
305.000 0.051064
306.000 0.051064
307.000 0.051064
308.000 0.555519
309.000 0.807203
310.000 1.262113
311.000 1.261950
312.000 1.261958
313.000 1.166611
314.000 0.946625
315.000 0.810951
316.000 1.272430
317.000 1.263940
318.000 1.262798
319.000 1.262497
320.000 1.262423
321.000 1.262024
322.000 1.261582
323.000 1.261928
324.000 1.262253
325.000 1.127218
326.000 1.029961
327.000 1.144812
328.000 0.960633
329.000 0.820023
330.000 0.887027
331.000 0.949020
332.000 0.998608
333.000 1.006013
334.000 0.937772
335.000 0.869531
336.000 0.801290
337.000 0.733049
338.000 0.664809
339.000 0.596568
340.000 0.528327
341.000 0.460086
342.000 0.391845
343.000 0.378731
344.000 0.526459
345.000 1.275864
346.000 1.267273
347.000 1.262375
348.000 1.262375
349.000 1.083660
350.000 1.011303
351.000 0.960770
352.000 0.982106
353.000 1.262939
354.000 1.262421
355.000 0.903137
356.000 0.903137
357.000 0.925992
358.000 0.944527
359.000 0.944527
