0.000 0.242432
1.000 0.242432
2.000 0.242432
3.000 0.445168
4.000 4.288277
5.000 4.287239
6.000 5.395454
7.000 7.159988
8.000 7.246185
9.000 6.388467
10.000 5.483742
11.000 5.410240
12.000 5.410240
13.000 3.558441
14.000 3.905548
15.000 3.905548
16.000 3.905548
17.000 2.897758
18.000 2.897758
19.000 3.118393
20.000 3.118393
21.000 2.649536
22.000 2.649536
23.000 2.649536
24.000 2.649536
25.000 1.387672
26.000 1.387672
27.000 1.387672
28.000 1.142075
29.000 1.142075
30.000 1.026543
31.000 1.026543
32.000 1.026543
33.000 1.026543
34.000 1.026543
35.000 1.026543
36.000 1.026543
37.000 1.026543
38.000 1.026543
39.000 1.026543
40.000 1.026543
41.000 3.253347
42.000 3.665669
43.000 3.772011
44.000 3.772011
45.000 2.960061
46.000 2.615921
47.000 2.615921
48.000 0.534370
49.000 0.534370
50.000 0.534370
51.000 0.534370
52.000 0.534370
53.000 0.561218
54.000 0.561218
55.000 0.561218
56.000 0.561218
57.000 2.861888
58.000 3.084950
59.000 3.142784
60.000 3.142784
61.000 2.338486
62.000 2.338486
63.000 2.338486
64.000 3.082088
65.000 3.148033
66.000 3.148033
67.000 3.148033
68.000 3.306131
69.000 3.432594
70.000 3.432594
71.000 2.718994
72.000 2.718994
73.000 3.467537
74.000 3.467537
75.000 3.467537
76.000 3.340821
77.000 3.619649
78.000 3.898476
79.000 3.987091
80.000 1.394402
81.000 4.246109
82.000 2.628487
83.000 2.628487
84.000 2.622017
85.000 2.614691
86.000 2.586586
87.000 2.463725
88.000 2.257477
89.000 1.205704
90.000 1.205704
91.000 1.205704
92.000 1.674034
93.000 1.492714
94.000 1.492714
95.000 3.703590
96.000 3.703590
97.000 3.703590
98.000 3.703590
99.000 3.374760
100.000 3.203499
101.000 3.203499
102.000 3.203499
103.000 3.203499
104.000 4.728752
105.000 4.728752
106.000 4.728752
107.000 4.719188
108.000 4.098167
109.000 4.098167
110.000 4.098167
111.000 4.245603
112.000 4.497948
113.000 3.567291
114.000 3.567291
115.000 3.688759
116.000 4.768669
117.000 4.768669
118.000 4.768669
119.000 4.773233
120.000 5.527221
121.000 5.754089
122.000 4.732099
123.000 3.926994
124.000 4.613508
125.000 4.517525
126.000 4.126675
127.000 4.080918
128.000 5.697220
129.000 3.202637
130.000 3.202637
131.000 3.239602
132.000 4.582283
133.000 3.590609
134.000 2.650948
135.000 2.678741
136.000 2.678741
137.000 2.195493
138.000 1.273422
139.000 1.273422
140.000 1.273422
141.000 1.372520
142.000 1.372520
143.000 1.372520
144.000 2.946472
145.000 3.163181
146.000 4.097870
147.000 4.007869
148.000 3.071053
149.000 3.071053
150.000 1.196831
151.000 1.196831
152.000 1.196831
153.000 1.016205
154.000 1.016205
155.000 2.811508
156.000 2.811508
157.000 2.867296
158.000 2.942207
159.000 2.942207
160.000 3.141462
161.000 3.504494
162.000 3.504494
163.000 1.392929
164.000 1.392929
165.000 1.392929
166.000 1.707321
167.000 1.707321
168.000 1.707321
169.000 2.338005
170.000 2.338005
171.000 2.338005
172.000 2.338005
173.000 2.338005
174.000 3.101822
175.000 3.101822
176.000 3.101822
177.000 1.181885
178.000 1.181885
179.000 1.181885
180.000 1.181885
181.000 1.181885
182.000 1.181885
183.000 3.686246
184.000 3.731178
185.000 3.731178
186.000 0.862000
187.000 0.862000
188.000 0.862000
189.000 0.862000
190.000 0.862000
191.000 0.862000
192.000 0.862000
193.000 0.862000
194.000 2.727745
195.000 2.727745
196.000 3.639447
197.000 4.584801
198.000 4.400372
199.000 3.420898
200.000 3.420898
201.000 3.357956
202.000 2.661385
203.000 2.661385
204.000 2.787155
205.000 2.787155
206.000 3.021637
207.000 3.130621
208.000 4.007710
209.000 4.667465
210.000 4.750153
211.000 2.773376
212.000 2.773376
213.000 4.872502
214.000 5.138268
215.000 4.981178
216.000 3.356750
217.000 3.370670
218.000 3.659125
219.000 3.698130
220.000 3.815063
221.000 3.836227
222.000 4.313828
223.000 4.310762
224.000 4.307449
225.000 2.141663
226.000 2.141663
227.000 2.141663
228.000 2.908554
229.000 2.908554
230.000 3.581879
231.000 3.581879
232.000 3.656097
233.000 3.656097
234.000 1.817146
235.000 1.817146
236.000 1.817146
237.000 1.627716
238.000 1.627716
239.000 1.627716
240.000 1.627716
241.000 1.627716
242.000 1.537773
243.000 1.537773
244.000 1.537773
245.000 2.581769
246.000 3.754105
247.000 3.863792
248.000 4.283642
249.000 4.882904
250.000 3.115051
251.000 2.102470
252.000 2.102470
253.000 4.523254
254.000 4.523254
255.000 3.486473
256.000 3.486473
257.000 3.486473
258.000 0.456436
259.000 0.456436
260.000 0.456436
261.000 0.456436
262.000 0.456436
263.000 0.456436
264.000 0.456436
265.000 0.456436
266.000 0.456436
267.000 0.456436
268.000 0.456436
269.000 0.456436
270.000 0.456436
271.000 0.456436
272.000 4.998208
273.000 5.005066
274.000 3.632126
275.000 3.116432
276.000 4.157892
277.000 5.698296
278.000 4.912338
279.000 4.912338
280.000 4.177429
281.000 4.177429
282.000 3.822952
283.000 3.822952
284.000 4.516617
285.000 2.790443
286.000 2.790443
287.000 2.790443
288.000 4.575684
289.000 4.575684
290.000 3.761826
291.000 3.761826
292.000 3.761826
293.000 3.761826
294.000 2.599174
295.000 2.599174
296.000 2.599174
297.000 2.599174
298.000 0.565512
299.000 0.469559
300.000 0.469559
301.000 0.469559
302.000 4.475776
303.000 4.066003
304.000 4.034348
305.000 3.490379
306.000 4.914322
307.000 4.575829
308.000 4.575829
309.000 4.582010
310.000 4.697014
311.000 4.697014
312.000 3.736046
313.000 3.736046
314.000 4.432569
315.000 5.012688
316.000 1.401215
317.000 1.401215
318.000 1.401215
319.000 3.162517
320.000 3.026596
321.000 3.062938
322.000 3.822456
323.000 3.846359
324.000 4.211929
325.000 4.233727
326.000 4.810234
327.000 4.830384
328.000 5.696799
329.000 5.984881
330.000 4.692716
331.000 4.536275
332.000 4.477969
333.000 4.447056
334.000 4.120758
335.000 4.142561
336.000 5.274810
337.000 5.657417
338.000 2.769354
339.000 2.691467
340.000 2.387361
341.000 2.176826
342.000 2.176826
343.000 2.176826
344.000 3.734650
345.000 3.734650
346.000 4.723549
347.000 4.723549
348.000 3.904503
349.000 3.904503
350.000 3.676506
351.000 3.676506
352.000 3.697103
353.000 3.700066
354.000 3.023308
355.000 3.023308
356.000 4.021781
357.000 4.151550
358.000 4.486836
359.000 4.817146
