0.000 0.317848
1.000 0.317848
2.000 0.317848
3.000 0.317848
4.000 0.317848
5.000 0.334252
6.000 0.411001
7.000 0.415649
8.000 0.434717
9.000 0.467117
10.000 0.488945
11.000 0.488945
12.000 0.529144
13.000 0.529144
14.000 0.529144
15.000 0.479607
16.000 0.479607
17.000 0.479567
18.000 0.479218
19.000 0.479218
20.000 0.479218
21.000 0.368240
22.000 0.368240
23.000 0.368240
24.000 0.523087
25.000 0.508921
26.000 0.495514
27.000 0.495514
28.000 0.487122
29.000 0.469940
30.000 0.469940
31.000 0.485499
32.000 0.594757
33.000 0.594757
34.000 0.449562
35.000 0.449562
36.000 0.554665
37.000 0.588257
38.000 0.543053
39.000 0.543939
40.000 0.550934
41.000 0.514262
42.000 0.501907
43.000 0.508499
44.000 0.519043
45.000 0.521084
46.000 0.609596
47.000 0.590240
48.000 0.590240
49.000 0.590240
50.000 0.590240
51.000 0.487280
52.000 0.493981
53.000 0.500683
54.000 0.504936
55.000 0.504936
56.000 0.480164
57.000 0.455650
58.000 0.455650
59.000 0.396080
60.000 0.396080
61.000 0.396080
62.000 0.498652
63.000 0.522942
64.000 0.522942
65.000 0.490930
66.000 0.486206
67.000 0.473053
68.000 0.482409
69.000 0.490234
70.000 0.547600
71.000 0.547600
72.000 0.506254
73.000 0.440700
74.000 0.434616
75.000 0.466995
76.000 0.466995
77.000 0.549339
78.000 0.549339
79.000 0.549339
80.000 0.468803
81.000 0.468803
82.000 0.373146
83.000 0.347267
84.000 0.347267
85.000 0.398652
86.000 0.416344
87.000 0.487457
88.000 0.440727
89.000 0.440727
90.000 0.431335
91.000 0.431335
92.000 0.529205
93.000 0.529205
94.000 0.529205
95.000 0.454389
96.000 0.445435
97.000 0.445435
98.000 0.445435
99.000 0.473107
100.000 0.517833
101.000 0.542641
102.000 0.542641
103.000 0.424751
104.000 0.424751
105.000 0.309380
106.000 0.309380
107.000 0.569672
108.000 0.569672
109.000 0.225571
110.000 0.225571
111.000 0.433510
112.000 0.551956
113.000 0.551956
114.000 0.551956
115.000 0.545475
116.000 0.534410
117.000 0.523346
118.000 0.521667
119.000 0.510605
120.000 0.511717
121.000 0.512665
122.000 0.570099
123.000 0.556927
124.000 0.556587
125.000 0.556587
126.000 0.556587
127.000 0.453101
128.000 0.472732
129.000 0.486694
130.000 0.486694
131.000 0.547356
132.000 0.540761
133.000 0.515549
134.000 0.539714
135.000 0.614059
136.000 0.471329
137.000 0.471329
138.000 0.471329
139.000 0.469457
140.000 0.467262
141.000 0.467262
142.000 0.548050
143.000 0.548050
144.000 0.548050
145.000 0.540108
146.000 0.570274
147.000 0.570274
148.000 0.570274
149.000 0.521584
150.000 0.521584
151.000 0.502365
152.000 0.502365
153.000 0.502365
154.000 0.577861
155.000 0.604851
156.000 0.544006
157.000 0.518639
158.000 0.530434
159.000 0.530434
160.000 0.530434
161.000 0.461399
162.000 0.461368
163.000 0.461349
164.000 0.586266
165.000 0.586266
166.000 0.601997
167.000 0.601997
168.000 0.531967
169.000 0.470558
170.000 0.470558
171.000 0.553604
172.000 0.512802
173.000 0.512802
174.000 0.322983
175.000 0.322983
176.000 0.545517
177.000 0.545517
178.000 0.545517
179.000 0.518386
180.000 0.487440
181.000 0.484612
182.000 0.484612
183.000 0.460106
184.000 0.460106
185.000 0.549011
186.000 0.549011
187.000 0.481746
188.000 0.294411
189.000 0.294411
190.000 0.294411
191.000 0.294411
192.000 0.301834
193.000 0.401180
194.000 0.455315
195.000 0.455315
196.000 0.503227
197.000 0.503227
198.000 0.517403
199.000 0.517403
200.000 0.517403
201.000 0.308830
202.000 0.308830
203.000 0.308830
204.000 0.468895
205.000 0.468895
206.000 0.468895
207.000 0.481637
208.000 0.503082
209.000 0.503082
210.000 0.444565
211.000 0.444565
212.000 0.576294
213.000 0.576294
214.000 0.558296
215.000 0.505928
216.000 0.505928
217.000 0.486679
218.000 0.548981
219.000 0.548981
220.000 0.629234
221.000 0.635612
222.000 0.623271
223.000 0.499718
224.000 0.499718
225.000 0.485588
226.000 0.485588
227.000 0.477341
228.000 0.337975
229.000 0.337975
230.000 0.337975
231.000 0.481277
232.000 0.481277
233.000 0.481277
234.000 0.496706
235.000 0.515391
236.000 0.520844
237.000 0.520844
238.000 0.548923
239.000 0.558395
240.000 0.450912
241.000 0.450912
242.000 0.450912
243.000 0.372780
244.000 0.372780
245.000 0.372780
246.000 0.542244
247.000 0.542244
248.000 0.599336
249.000 0.605850
250.000 0.651936
251.000 0.665916
252.000 0.435036
253.000 0.435036
254.000 0.435036
255.000 0.435036
256.000 0.486415
257.000 0.486664
258.000 0.486687
259.000 0.490425
260.000 0.572098
261.000 0.542351
262.000 0.542351
263.000 0.451157
264.000 0.451157
265.000 0.555031
266.000 0.555031
267.000 0.555031
268.000 0.555031
269.000 0.443443
270.000 0.443443
271.000 0.443443
272.000 0.452627
273.000 0.482766
274.000 0.489197
275.000 0.482170
276.000 0.546097
277.000 0.546097
278.000 0.535400
279.000 0.535400
280.000 0.534146
281.000 0.530113
282.000 0.530113
283.000 0.530113
284.000 0.428543
285.000 0.428543
286.000 0.428543
287.000 0.483880
288.000 0.597229
289.000 0.597229
290.000 0.416495
291.000 0.408218
292.000 0.303909
293.000 0.303909
294.000 0.539055
295.000 0.539055
296.000 0.518578
297.000 0.518578
298.000 0.518578
299.000 0.518578
300.000 0.442200
301.000 0.442200
302.000 0.442200
303.000 0.469522
304.000 0.595592
305.000 0.614311
306.000 0.604918
307.000 0.583748
308.000 0.582069
309.000 0.542969
310.000 0.538182
311.000 0.486076
312.000 0.549088
313.000 0.547569
314.000 0.547569
315.000 0.594414
316.000 0.573420
317.000 0.497078
318.000 0.497078
319.000 0.497078
320.000 0.517616
321.000 0.519058
322.000 0.524854
323.000 0.548342
324.000 0.503555
325.000 0.514816
326.000 0.519600
327.000 0.568108
328.000 0.568108
329.000 0.568108
330.000 0.491496
331.000 0.488388
332.000 0.488388
333.000 0.424980
334.000 0.424980
335.000 0.468178
336.000 0.468178
337.000 0.468178
338.000 0.469971
339.000 0.478950
340.000 0.479378
341.000 0.479378
342.000 0.549576
343.000 0.549576
344.000 0.396446
345.000 0.396446
346.000 0.454910
347.000 0.454910
348.000 0.578354
349.000 0.578354
350.000 0.446762
351.000 0.446762
352.000 0.487740
353.000 0.487740
354.000 0.478649
355.000 0.472740
356.000 0.484680
357.000 0.566788
358.000 0.566788
359.000 0.427711
