0.000 0.136703
1.000 0.136703
2.000 0.136703
3.000 0.136703
4.000 0.136703
5.000 1.357830
6.000 2.680784
7.000 2.729684
8.000 2.780403
9.000 2.611291
10.000 2.612480
11.000 2.763741
12.000 2.763741
13.000 2.507423
14.000 2.507423
15.000 2.686516
16.000 2.686516
17.000 2.766785
18.000 2.608696
19.000 2.608696
20.000 2.589539
21.000 2.589539
22.000 2.583702
23.000 2.614865
24.000 2.823517
25.000 2.727158
26.000 2.727158
27.000 2.710869
28.000 2.710869
29.000 2.735658
30.000 2.744133
31.000 2.611282
32.000 2.611282
33.000 2.735420
34.000 2.608429
35.000 2.608429
36.000 2.740486
37.000 2.740486
38.000 2.699768
39.000 2.699768
40.000 2.718255
41.000 2.719490
42.000 2.719490
43.000 2.644562
44.000 2.644562
45.000 2.642120
46.000 2.642120
47.000 2.692169
48.000 2.692169
49.000 2.717262
50.000 2.709002
51.000 2.706268
52.000 2.692376
53.000 2.692039
54.000 2.703302
55.000 2.729301
56.000 2.750921
57.000 2.760422
58.000 2.654549
59.000 2.654549
60.000 2.654549
61.000 2.681683
62.000 2.709374
63.000 2.729263
64.000 2.467995
65.000 2.447006
66.000 2.707764
67.000 2.707764
68.000 2.800003
69.000 2.788638
70.000 2.768959
71.000 2.651360
72.000 2.651360
73.000 2.715042
74.000 2.715042
75.000 2.668324
76.000 2.605965
77.000 2.631844
78.000 2.631844
79.000 2.627220
80.000 2.627220
81.000 2.638436
82.000 2.764183
83.000 2.764183
84.000 2.426865
85.000 2.426865
86.000 2.596886
87.000 2.596886
88.000 2.609802
89.000 2.609802
90.000 2.698151
91.000 2.701411
92.000 2.707352
93.000 2.703932
94.000 2.699028
95.000 2.712914
96.000 2.712914
97.000 2.633301
98.000 2.633301
99.000 2.638675
100.000 2.694149
101.000 2.712898
102.000 2.712898
103.000 2.672829
104.000 2.672829
105.000 2.703537
106.000 2.718666
107.000 2.734329
108.000 2.650566
109.000 2.650566
110.000 2.604561
111.000 2.604561
112.000 2.675347
113.000 2.717987
114.000 2.441628
115.000 2.489623
116.000 2.645264
117.000 2.582961
118.000 2.514153
119.000 2.749077
120.000 2.749077
121.000 2.744628
122.000 2.653625
123.000 2.651642
124.000 2.592209
125.000 2.557091
126.000 2.557091
127.000 2.696372
128.000 2.738495
129.000 2.738495
130.000 2.731616
131.000 2.718117
132.000 2.718117
133.000 2.693367
134.000 2.695163
135.000 2.726852
136.000 2.726852
137.000 2.708611
138.000 2.661819
139.000 2.662081
140.000 2.670380
141.000 2.573015
142.000 2.305405
143.000 2.357576
144.000 2.750687
145.000 2.748155
146.000 2.713028
147.000 2.570464
148.000 2.477753
149.000 2.526844
150.000 2.573746
151.000 2.577196
152.000 2.598618
153.000 2.598618
154.000 2.494388
155.000 2.496114
156.000 2.713603
157.000 2.732364
158.000 2.756096
159.000 2.751480
160.000 2.638561
161.000 2.635628
162.000 2.715675
163.000 2.708315
164.000 2.592209
165.000 2.611145
166.000 2.695587
167.000 2.696373
168.000 2.710945
169.000 2.712968
170.000 2.742630
171.000 2.171425
172.000 2.171425
173.000 2.200490
174.000 2.639885
175.000 2.639885
176.000 2.759109
177.000 2.759109
178.000 2.668800
179.000 2.668800
180.000 2.730194
181.000 2.730194
182.000 2.667496
183.000 2.667496
184.000 2.668335
185.000 2.675971
186.000 2.683606
187.000 2.683678
188.000 2.686089
189.000 2.782478
190.000 2.782478
191.000 2.783493
192.000 2.783508
193.000 2.783508
194.000 2.662869
195.000 2.679482
196.000 2.679482
197.000 2.677517
198.000 2.665810
199.000 2.665810
200.000 2.423508
201.000 2.461037
202.000 2.579178
203.000 2.579178
204.000 2.612053
205.000 2.657623
206.000 2.660588
207.000 2.679794
208.000 2.635117
209.000 2.618815
210.000 2.607666
211.000 2.624279
212.000 2.697746
213.000 2.697746
214.000 2.652611
215.000 2.638618
216.000 2.638618
217.000 2.655930
218.000 2.655930
219.000 2.614578
220.000 2.754555
221.000 2.754555
222.000 2.664169
223.000 2.265190
224.000 2.265190
225.000 2.274785
226.000 2.384338
227.000 2.384338
228.000 2.648476
229.000 2.648476
230.000 2.705286
231.000 2.797455
232.000 2.638405
233.000 2.638405
234.000 2.732582
235.000 2.705878
236.000 2.600327
237.000 2.610359
238.000 2.748230
239.000 2.748484
240.000 2.753671
241.000 2.749670
242.000 2.641825
243.000 2.634430
244.000 2.722864
245.000 2.725952
246.000 2.721336
247.000 2.719585
248.000 2.688766
249.000 2.687542
250.000 2.664871
251.000 2.651779
252.000 2.651779
253.000 2.642894
254.000 2.554497
255.000 2.554497
256.000 2.659698
257.000 2.665051
258.000 2.723015
259.000 2.723211
260.000 2.726044
261.000 2.717318
262.000 2.650322
263.000 2.636452
264.000 2.636452
265.000 2.652611
266.000 2.652611
267.000 2.652611
268.000 0.540161
269.000 0.540161
270.000 0.540161
271.000 0.540161
272.000 0.540161
273.000 0.540161
274.000 0.540161
275.000 0.540161
276.000 0.540161
277.000 0.540161
278.000 0.540161
279.000 0.540161
280.000 2.634537
281.000 2.634537
282.000 2.634537
283.000 0.750832
284.000 0.750832
285.000 2.694862
286.000 2.694862
287.000 2.651985
288.000 2.660510
289.000 2.661110
290.000 2.529503
291.000 2.532243
292.000 2.589465
293.000 2.636703
294.000 2.636703
295.000 2.630538
296.000 2.601707
297.000 2.612121
298.000 2.628151
299.000 2.628387
300.000 2.633321
301.000 2.637340
302.000 2.641830
303.000 2.655198
304.000 2.732162
305.000 2.729706
306.000 2.693054
307.000 2.660492
308.000 2.660492
309.000 2.703447
310.000 2.748055
311.000 2.748055
312.000 2.683174
313.000 2.683174
314.000 2.721420
315.000 2.721420
316.000 2.729273
317.000 2.738274
318.000 2.738274
319.000 2.579421
320.000 2.561142
321.000 2.571780
322.000 2.641075
323.000 2.619804
324.000 2.619804
325.000 2.503922
326.000 2.503922
327.000 2.778511
328.000 2.655457
329.000 2.655457
330.000 2.633873
331.000 2.633873
332.000 2.638636
333.000 2.646713
334.000 2.646713
335.000 2.629837
336.000 2.629837
337.000 2.654594
338.000 2.654594
339.000 2.610214
340.000 2.732430
341.000 2.724960
342.000 2.673553
343.000 2.686194
344.000 2.728607
345.000 2.747987
346.000 2.778336
347.000 2.454414
348.000 2.454414
349.000 2.460967
350.000 2.753990
351.000 2.753990
352.000 2.670113
353.000 2.670113
354.000 2.647095
355.000 2.647095
356.000 2.638359
357.000 2.638359
358.000 2.638359
359.000 2.672394
