0.000 0.161896
1.000 1.721811
2.000 2.502243
3.000 2.502243
4.000 1.477337
5.000 1.146912
6.000 1.146912
7.000 1.334276
8.000 1.656868
9.000 1.872010
10.000 2.340493
11.000 2.584925
12.000 2.704258
13.000 2.755893
14.000 2.944267
15.000 3.062126
16.000 2.170807
17.000 2.221924
18.000 2.471657
19.000 3.338844
20.000 2.824448
21.000 3.171463
22.000 1.966346
23.000 1.589493
24.000 1.883656
25.000 2.426583
26.000 2.420896
27.000 2.386910
28.000 2.373711
29.000 2.373711
30.000 2.373711
31.000 2.373711
32.000 2.548815
33.000 2.844195
34.000 2.840796
35.000 2.717865
36.000 2.993922
37.000 3.477545
38.000 3.613382
39.000 3.649923
40.000 3.219973
41.000 2.437571
42.000 2.918162
43.000 3.664238
44.000 2.556633
45.000 2.556633
46.000 2.586305
47.000 2.638106
48.000 2.371084
49.000 1.738234
50.000 3.444649
51.000 3.444649
52.000 2.548965
53.000 2.548965
54.000 1.881721
55.000 1.881721
56.000 2.611961
57.000 3.270309
58.000 3.090519
59.000 2.925880
60.000 1.723640
61.000 1.723640
62.000 1.409595
63.000 1.684997
64.000 2.293243
65.000 2.462466
66.000 2.919624
67.000 2.890044
68.000 3.315589
69.000 1.992814
70.000 0.358467
71.000 0.987206
72.000 2.452194
73.000 3.255585
74.000 2.892082
75.000 2.453500
76.000 2.363661
77.000 2.261917
78.000 2.521015
79.000 2.773758
80.000 1.508896
81.000 1.508896
82.000 2.405222
83.000 3.056892
84.000 3.167761
85.000 3.258438
86.000 2.829537
87.000 2.522202
88.000 2.791706
89.000 3.026123
90.000 3.283255
91.000 3.544472
92.000 1.246780
93.000 1.246780
94.000 1.891767
95.000 2.312874
96.000 2.635124
97.000 2.922096
98.000 2.992244
99.000 3.057205
100.000 3.162690
101.000 3.255310
102.000 3.334107
103.000 3.381210
104.000 1.560417
105.000 1.560417
106.000 3.326543
107.000 3.604530
108.000 3.240540
109.000 3.240540
110.000 3.689903
111.000 3.689903
112.000 3.254562
113.000 3.254562
114.000 2.902771
115.000 2.902771
116.000 2.263466
117.000 2.263466
118.000 2.360504
119.000 2.360504
120.000 2.848846
121.000 2.848846
122.000 3.130432
123.000 3.130432
124.000 2.818443
125.000 2.818443
126.000 2.970825
127.000 2.970825
128.000 2.659834
129.000 2.587631
130.000 1.107391
131.000 1.107391
132.000 2.904020
133.000 3.333107
134.000 1.408813
135.000 1.408813
136.000 1.635284
137.000 1.635284
138.000 2.702140
139.000 2.856499
140.000 3.007944
141.000 3.046173
142.000 3.176348
143.000 3.283165
144.000 2.755340
145.000 2.128754
146.000 2.140587
147.000 2.159081
148.000 1.607996
149.000 1.287231
150.000 1.287231
151.000 1.287231
152.000 3.280843
153.000 3.302704
154.000 1.883278
155.000 1.883278
156.000 1.989532
157.000 1.989532
158.000 1.690582
159.000 1.690582
160.000 2.436760
161.000 2.436760
162.000 2.440149
163.000 2.449336
164.000 2.449898
165.000 1.515915
166.000 1.515915
167.000 2.448853
168.000 2.448853
169.000 1.520699
170.000 1.520699
171.000 2.963478
172.000 2.957310
173.000 2.942970
174.000 2.384094
175.000 2.384094
176.000 2.253708
177.000 2.253708
178.000 1.906122
179.000 1.774841
180.000 1.791798
181.000 1.812584
182.000 1.921552
183.000 2.053825
184.000 2.151903
185.000 2.263687
186.000 2.328479
187.000 2.405264
188.000 2.409760
189.000 2.409760
190.000 2.161356
191.000 1.864155
192.000 1.783675
193.000 1.890069
194.000 1.782822
195.000 1.625633
196.000 1.625633
197.000 1.625633
198.000 1.377582
199.000 1.107338
200.000 1.369013
201.000 1.658485
202.000 2.026919
203.000 2.474693
204.000 2.121708
205.000 1.637740
206.000 2.054857
207.000 2.359955
208.000 2.201310
209.000 2.065857
210.000 1.485131
211.000 1.197769
212.000 1.474417
213.000 1.920380
214.000 1.804246
215.000 1.678261
216.000 2.006898
217.000 2.472244
218.000 2.545356
219.000 2.663116
220.000 2.778492
221.000 2.927048
222.000 2.920819
223.000 2.912766
224.000 2.390829
225.000 2.145821
226.000 1.702914
227.000 0.915961
228.000 0.434631
229.000 1.501028
230.000 2.126848
231.000 2.397465
232.000 2.731512
233.000 3.186801
234.000 3.365612
235.000 3.449782
236.000 3.559392
237.000 3.717657
238.000 3.761169
239.000 3.761169
240.000 3.761169
241.000 3.761169
242.000 3.761169
243.000 2.093617
244.000 0.946373
245.000 0.946373
246.000 1.188813
247.000 1.638767
248.000 1.761986
249.000 1.761986
250.000 1.761986
251.000 1.761986
252.000 1.761986
253.000 1.761986
254.000 1.766875
255.000 1.775425
256.000 1.124637
257.000 0.352394
258.000 0.678857
259.000 1.111939
260.000 1.403042
261.000 1.676094
262.000 1.906040
263.000 2.308176
264.000 2.422097
265.000 2.557137
266.000 0.870712
267.000 0.870712
268.000 1.358806
269.000 2.212399
270.000 2.372224
271.000 2.135597
272.000 2.318641
273.000 2.660659
274.000 2.304357
275.000 1.470433
276.000 1.560842
277.000 2.101330
278.000 2.330276
279.000 2.330276
280.000 2.521873
281.000 2.846756
282.000 2.688472
283.000 2.431183
284.000 2.770065
285.000 3.393228
286.000 3.006149
287.000 2.485268
288.000 2.768175
289.000 3.222466
290.000 3.068084
291.000 2.853516
292.000 2.768119
293.000 2.618776
294.000 2.960672
295.000 3.580757
296.000 2.504944
297.000 2.504944
298.000 2.737917
299.000 2.977127
300.000 3.011994
301.000 3.158836
302.000 1.917290
303.000 1.917290
304.000 2.462024
305.000 3.009186
306.000 2.771874
307.000 2.315339
308.000 2.081009
309.000 2.081009
310.000 2.655823
311.000 2.655823
312.000 2.500702
313.000 2.385582
314.000 2.829592
315.000 3.109299
316.000 1.372711
317.000 1.372711
318.000 1.372711
319.000 1.372711
320.000 2.972878
321.000 2.972878
322.000 2.998791
323.000 3.195387
324.000 3.248146
325.000 3.248146
326.000 3.000610
327.000 2.862938
328.000 2.862938
329.000 2.862938
330.000 3.331595
331.000 3.678680
332.000 3.678680
333.000 3.414279
334.000 2.395775
335.000 2.395775
336.000 2.395775
337.000 3.044266
338.000 3.767662
339.000 2.257706
340.000 2.257706
341.000 2.235862
342.000 2.154373
343.000 2.154373
344.000 1.288864
345.000 1.288864
346.000 0.365028
347.000 0.365028
348.000 0.365028
349.000 0.365028
350.000 0.365028
351.000 0.365028
352.000 3.268693
353.000 3.256340
354.000 1.845146
355.000 1.845146
356.000 2.710535
357.000 3.367661
358.000 2.747520
359.000 2.747520
