0.000 0.152557
1.000 0.152557
2.000 0.827141
3.000 0.827141
4.000 0.796506
5.000 0.774506
6.000 0.774506
7.000 0.830896
8.000 0.863853
9.000 0.850365
10.000 0.836555
11.000 0.836555
12.000 0.868042
13.000 0.868042
14.000 0.787659
15.000 0.802817
16.000 0.845619
17.000 0.772026
18.000 0.772026
19.000 0.849382
20.000 0.814388
21.000 0.784774
22.000 0.810616
23.000 0.837105
24.000 0.820993
25.000 0.799088
26.000 0.844092
27.000 0.799500
28.000 0.886665
29.000 0.857376
30.000 0.857376
31.000 0.723213
32.000 0.816406
33.000 0.857384
34.000 0.795677
35.000 0.880234
36.000 0.839905
37.000 0.862892
38.000 0.862892
39.000 0.817490
40.000 0.817490
41.000 0.863304
42.000 0.833908
43.000 0.833908
44.000 0.863579
45.000 0.863579
46.000 0.783241
47.000 0.783241
48.000 0.636153
49.000 0.311516
50.000 0.311516
51.000 0.311516
52.000 0.311516
53.000 0.311516
54.000 0.311516
55.000 0.311516
56.000 0.826347
57.000 0.826408
58.000 0.826408
59.000 0.829430
60.000 0.829430
61.000 0.829430
62.000 0.827882
63.000 0.825895
64.000 0.825653
65.000 0.825653
66.000 0.851730
67.000 0.851730
68.000 0.870514
69.000 0.870514
70.000 0.870514
71.000 0.837079
72.000 0.833153
73.000 0.833153
74.000 0.836708
75.000 0.841904
76.000 0.841904
77.000 0.843675
78.000 0.790848
79.000 0.803838
80.000 0.863945
81.000 0.891388
82.000 0.747787
83.000 0.791603
84.000 0.700383
85.000 0.805817
86.000 0.792213
87.000 0.787483
88.000 0.787483
89.000 0.848793
90.000 0.829215
91.000 0.811920
92.000 0.811920
93.000 0.875561
94.000 0.862606
95.000 0.855606
96.000 0.769554
97.000 0.880676
98.000 0.829659
99.000 0.789810
100.000 0.789810
101.000 0.833250
102.000 0.881447
103.000 0.811676
104.000 0.800280
105.000 0.781479
106.000 0.848053
107.000 0.848525
108.000 0.850731
109.000 0.890747
110.000 0.798897
111.000 0.798897
112.000 0.798897
113.000 0.798897
114.000 0.880271
115.000 0.858963
116.000 0.837655
117.000 0.821510
118.000 0.821510
119.000 0.747871
120.000 0.747871
121.000 0.880723
122.000 0.935791
123.000 0.825981
124.000 0.854884
125.000 0.861320
126.000 0.802818
127.000 0.802818
128.000 0.847794
129.000 0.847794
130.000 0.848587
131.000 0.848587
132.000 0.848587
133.000 0.828631
134.000 0.821449
135.000 0.821449
136.000 0.822434
137.000 0.829008
138.000 0.830719
139.000 0.846676
140.000 0.854820
141.000 0.841540
142.000 0.841522
143.000 0.902405
144.000 0.902405
145.000 0.902405
146.000 0.902405
147.000 0.862567
148.000 0.835320
149.000 0.835320
150.000 0.747665
151.000 0.773217
152.000 0.864624
153.000 0.838348
154.000 0.838348
155.000 0.781551
156.000 0.767296
157.000 0.880119
158.000 0.880119
159.000 0.801994
160.000 0.822415
161.000 0.864632
162.000 0.864632
163.000 0.886856
164.000 0.886856
165.000 0.788666
166.000 0.788666
167.000 0.846916
168.000 0.846916
169.000 0.877235
170.000 0.877235
171.000 0.881805
172.000 0.881805
173.000 0.872166
174.000 0.852249
175.000 0.852249
176.000 0.858100
177.000 0.866173
178.000 0.849556
179.000 0.813507
180.000 0.813507
181.000 0.788857
182.000 0.788857
183.000 0.869278
184.000 0.869278
185.000 0.853692
186.000 0.757782
187.000 0.757782
188.000 0.862076
189.000 0.862076
190.000 0.813705
191.000 0.813705
192.000 0.820381
193.000 0.820381
194.000 0.820381
195.000 0.892403
196.000 0.892403
197.000 0.870821
198.000 0.820992
199.000 0.820992
200.000 0.820992
201.000 0.834892
202.000 0.834892
203.000 0.843866
204.000 0.852333
205.000 0.852333
206.000 0.802612
207.000 0.805899
208.000 0.817841
209.000 0.832672
210.000 0.872635
211.000 0.872635
212.000 0.863258
213.000 0.863258
214.000 0.873001
215.000 0.873001
216.000 0.788918
217.000 0.788918
218.000 0.823433
219.000 0.823433
220.000 0.818582
221.000 0.814087
222.000 0.885485
223.000 0.901581
224.000 0.823563
225.000 0.816444
226.000 0.842262
227.000 0.787071
228.000 0.787071
229.000 0.817398
230.000 0.817398
231.000 0.762253
232.000 0.762253
233.000 0.858929
234.000 0.860725
235.000 0.860725
236.000 0.880996
237.000 0.882393
238.000 0.882393
239.000 0.812294
240.000 0.812294
241.000 0.808120
242.000 0.794769
243.000 0.794769
244.000 0.836006
245.000 0.890812
246.000 0.897873
247.000 0.840981
248.000 0.840981
249.000 0.844276
250.000 0.844276
251.000 0.872284
252.000 0.872284
253.000 0.813217
254.000 0.813217
255.000 0.813217
256.000 0.795175
257.000 0.787750
258.000 0.831787
259.000 0.831787
260.000 0.831787
261.000 0.798842
262.000 0.798920
263.000 0.798920
264.000 0.811851
265.000 0.847435
266.000 0.847435
267.000 0.847435
268.000 0.785910
269.000 0.747607
270.000 0.744759
271.000 0.744759
272.000 0.832870
273.000 0.832870
274.000 0.780449
275.000 0.780449
276.000 0.843948
277.000 0.843948
278.000 0.810646
279.000 0.810646
280.000 0.759155
281.000 0.761937
282.000 0.883095
283.000 0.849266
284.000 0.849266
285.000 0.671036
286.000 0.315346
287.000 0.315346
288.000 0.315346
289.000 0.680771
290.000 0.692582
291.000 0.704491
292.000 0.761177
293.000 0.865295
294.000 0.865295
295.000 0.865295
296.000 0.865295
297.000 0.861632
298.000 0.862885
299.000 0.863914
300.000 0.863914
301.000 0.647644
302.000 0.719619
303.000 0.776489
304.000 0.776489
305.000 0.683167
306.000 0.683167
307.000 0.831001
308.000 0.831001
309.000 0.848709
310.000 0.848709
311.000 0.794205
312.000 0.794205
313.000 0.817094
314.000 0.819633
315.000 0.835907
316.000 0.835907
317.000 0.823799
318.000 0.823799
319.000 0.855530
320.000 0.840294
321.000 0.813049
322.000 0.831169
323.000 0.831169
324.000 0.768417
325.000 0.768417
326.000 0.768417
327.000 0.768417
328.000 0.812246
329.000 0.806105
330.000 0.801659
331.000 0.801659
332.000 0.845924
333.000 0.845924
334.000 0.847467
335.000 0.849831
336.000 0.849831
337.000 0.791756
338.000 0.794573
339.000 0.823753
340.000 0.823753
341.000 0.881126
342.000 0.809998
343.000 0.809998
344.000 0.843437
345.000 0.826372
346.000 0.807495
347.000 0.828575
348.000 0.828575
349.000 0.787399
350.000 0.787399
351.000 0.838028
352.000 0.739479
353.000 0.739479
354.000 0.858246
355.000 0.858246
356.000 0.869781
357.000 0.869781
358.000 0.851791
359.000 0.851791
