0.000 0.188370
1.000 0.188370
2.000 0.188370
3.000 0.188370
4.000 0.188370
5.000 2.828901
6.000 2.790849
7.000 2.571831
8.000 2.728134
9.000 2.871826
10.000 2.871826
11.000 2.871826
12.000 2.895526
13.000 2.894041
14.000 2.893913
15.000 2.893913
16.000 2.808395
17.000 2.808395
18.000 2.898918
19.000 2.898918
20.000 2.893795
21.000 2.808788
22.000 2.789375
23.000 2.311386
24.000 2.923248
25.000 2.923248
26.000 2.554451
27.000 2.554451
28.000 2.554451
29.000 2.628050
30.000 2.684423
31.000 2.731857
32.000 2.731857
33.000 2.787529
34.000 2.787529
35.000 2.562538
36.000 2.562538
37.000 2.885063
38.000 2.885063
39.000 2.917549
40.000 3.011734
41.000 3.011734
42.000 2.956383
43.000 2.916821
44.000 2.899590
45.000 2.899590
46.000 2.935974
47.000 2.935974
48.000 2.868576
49.000 2.868576
50.000 2.923721
51.000 2.923721
52.000 2.923721
53.000 2.890701
54.000 2.890701
55.000 2.829041
56.000 2.829041
57.000 2.896248
58.000 2.896248
59.000 2.915092
60.000 2.915092
61.000 2.880037
62.000 2.509781
63.000 2.509781
64.000 2.630238
65.000 2.853020
66.000 2.941933
67.000 2.849861
68.000 2.849861
69.000 2.901024
70.000 2.901024
71.000 2.635429
72.000 2.635429
73.000 2.678436
74.000 2.764168
75.000 2.764168
76.000 2.782883
77.000 2.782883
78.000 2.786222
79.000 2.889267
80.000 2.889267
81.000 2.787219
82.000 2.645828
83.000 2.926804
84.000 2.940598
85.000 2.940598
86.000 2.919075
87.000 2.919075
88.000 2.939332
89.000 2.964790
90.000 2.964790
91.000 2.946543
92.000 2.901210
93.000 2.892937
94.000 2.960434
95.000 2.891303
96.000 2.885567
97.000 2.661942
98.000 2.661942
99.000 2.633179
100.000 2.633179
101.000 2.803720
102.000 2.883041
103.000 2.687653
104.000 2.687653
105.000 2.756706
106.000 2.718384
107.000 2.718384
108.000 2.716270
109.000 2.682510
110.000 2.682510
111.000 2.628761
112.000 2.628761
113.000 2.597176
114.000 2.597176
115.000 2.619746
116.000 2.722566
117.000 2.791634
118.000 2.874603
119.000 2.703796
120.000 2.703796
121.000 2.180840
122.000 2.180840
123.000 2.180840
124.000 2.737099
125.000 2.737099
126.000 2.776679
127.000 2.931488
128.000 2.683884
129.000 2.683884
130.000 2.574303
131.000 2.574303
132.000 2.887909
133.000 2.887909
134.000 2.825851
135.000 2.713733
136.000 2.666885
137.000 2.666885
138.000 2.666885
139.000 2.584747
140.000 2.584747
141.000 2.593452
142.000 2.677541
143.000 2.678635
144.000 2.458313
145.000 2.458313
146.000 2.850418
147.000 2.850418
148.000 2.671303
149.000 2.671303
150.000 2.943405
151.000 2.753257
152.000 2.704857
153.000 2.948730
154.000 3.122429
155.000 2.624397
156.000 2.624397
157.000 2.840797
158.000 2.874710
159.000 2.964378
160.000 2.966560
161.000 2.966560
162.000 2.920547
163.000 2.889717
164.000 2.631065
165.000 2.844727
166.000 2.665314
167.000 2.665314
168.000 2.323730
169.000 2.323730
170.000 2.323730
171.000 2.956337
172.000 2.956337
173.000 2.956337
174.000 2.874166
175.000 2.878642
176.000 2.883118
177.000 2.887594
178.000 2.892070
179.000 2.896546
180.000 2.896828
181.000 2.723755
182.000 2.801267
183.000 2.896446
184.000 2.605034
185.000 2.605034
186.000 2.735700
187.000 2.869831
188.000 2.935135
189.000 2.935135
190.000 2.763634
191.000 2.763634
192.000 2.954483
193.000 2.954483
194.000 2.954483
195.000 2.753396
196.000 2.774261
197.000 2.774261
198.000 2.774261
199.000 2.581451
200.000 2.439232
201.000 2.832176
202.000 2.910210
203.000 2.766914
204.000 2.766914
205.000 2.918076
206.000 2.665047
207.000 2.665047
208.000 2.601761
209.000 2.601761
210.000 2.819542
211.000 2.819542
212.000 2.644951
213.000 2.644951
214.000 2.644951
215.000 2.799228
216.000 2.933588
217.000 2.934601
218.000 2.934601
219.000 2.457336
220.000 2.457336
221.000 2.933334
222.000 2.933334
223.000 2.933334
224.000 2.898132
225.000 2.898132
226.000 2.753777
227.000 2.753777
228.000 2.753777
229.000 2.737913
230.000 2.698598
231.000 2.659284
232.000 2.659042
233.000 2.659042
234.000 2.945353
235.000 2.944786
236.000 2.944786
237.000 2.944786
238.000 2.888316
239.000 2.907030
240.000 2.925745
241.000 2.927277
242.000 2.917684
243.000 2.916916
244.000 2.916916
245.000 2.940262
246.000 2.940262
247.000 2.834991
248.000 2.834991
249.000 2.834991
250.000 2.912781
251.000 2.912781
252.000 2.912781
253.000 2.861120
254.000 2.828484
255.000 2.828484
256.000 2.463531
257.000 2.463531
258.000 2.463531
259.000 2.785530
260.000 2.785530
261.000 2.753896
262.000 2.685054
263.000 2.669518
264.000 2.779953
265.000 2.566533
266.000 2.556366
267.000 2.556366
268.000 2.845285
269.000 2.784370
270.000 2.784370
271.000 2.951118
272.000 2.951118
273.000 2.948934
274.000 2.943974
275.000 2.941772
276.000 2.967453
277.000 2.880967
278.000 2.821587
279.000 2.616920
280.000 2.433617
281.000 2.553827
282.000 2.662712
283.000 2.836817
284.000 2.984764
285.000 2.993034
286.000 2.993034
287.000 2.680267
288.000 2.680267
289.000 2.602409
290.000 2.602409
291.000 2.687731
292.000 2.719437
293.000 2.719437
294.000 2.738602
295.000 2.738602
296.000 2.811660
297.000 2.888016
298.000 2.851066
299.000 2.765884
300.000 2.765884
301.000 2.920876
302.000 2.878960
303.000 2.878960
304.000 2.866943
305.000 2.765549
306.000 2.708107
307.000 2.922057
308.000 2.906448
309.000 2.906448
310.000 2.906448
311.000 1.936775
312.000 1.936775
313.000 2.238619
314.000 2.806755
315.000 2.806755
316.000 2.806755
317.000 2.747562
318.000 2.675629
319.000 2.675629
320.000 2.675629
321.000 2.601891
322.000 2.601891
323.000 2.613133
324.000 2.737457
325.000 2.737457
326.000 2.657127
327.000 2.657127
328.000 2.883415
329.000 2.883415
330.000 2.499329
331.000 2.499329
332.000 2.701118
333.000 2.701118
334.000 2.792526
335.000 2.792526
336.000 2.792526
337.000 2.806480
338.000 2.806480
339.000 2.885315
340.000 2.885315
341.000 2.573265
342.000 2.492989
343.000 2.492989
344.000 2.336296
345.000 2.336296
346.000 2.808720
347.000 2.773705
348.000 2.773705
349.000 2.580101
350.000 2.580101
351.000 2.580101
352.000 2.584833
353.000 2.592900
354.000 2.595497
355.000 2.595497
356.000 2.595497
357.000 2.496389
358.000 2.417511
359.000 2.592089
