0.000 0.103714
1.000 0.562889
2.000 1.389923
3.000 1.273727
4.000 1.418884
5.000 1.255844
6.000 1.316602
7.000 1.346436
8.000 1.348473
9.000 1.226433
10.000 1.317627
11.000 1.317627
12.000 1.317627
13.000 1.317627
14.000 1.317627
15.000 1.317627
16.000 1.329132
17.000 1.360207
18.000 1.360207
19.000 1.360207
20.000 1.360207
21.000 1.360207
22.000 1.362538
23.000 1.368302
24.000 1.369659
25.000 1.369659
26.000 1.369659
27.000 1.309967
28.000 1.309967
29.000 1.309967
30.000 1.309967
31.000 1.355003
32.000 1.355003
33.000 1.355003
34.000 1.355003
35.000 1.348079
36.000 1.345406
37.000 1.345406
38.000 1.403358
39.000 1.403358
40.000 1.393967
41.000 1.393967
42.000 1.393967
43.000 1.344780
44.000 1.344780
45.000 1.344780
46.000 1.326990
47.000 1.282745
48.000 1.282745
49.000 1.282745
50.000 1.199265
51.000 1.163460
52.000 1.163460
53.000 1.124756
54.000 1.124756
55.000 1.124756
56.000 1.027824
57.000 1.027824
58.000 1.027824
59.000 1.062996
60.000 1.062996
61.000 1.200104
62.000 1.200104
63.000 1.200104
64.000 1.177612
65.000 1.157173
66.000 1.163571
67.000 1.182007
68.000 1.182007
69.000 1.182007
70.000 1.162899
71.000 1.185317
72.000 1.194275
73.000 1.194275
74.000 1.194275
75.000 1.133942
76.000 1.133942
77.000 1.133942
78.000 1.133942
79.000 1.147240
80.000 1.150892
81.000 1.154544
82.000 1.158196
83.000 1.161848
84.000 1.165499
85.000 1.165985
86.000 1.006218
87.000 1.152061
88.000 1.152061
89.000 1.064758
90.000 1.064758
91.000 1.121834
92.000 1.121834
93.000 1.190605
94.000 1.190605
95.000 1.129224
96.000 1.093262
97.000 1.093262
98.000 1.093262
99.000 1.168820
100.000 1.197533
101.000 1.201080
102.000 1.201080
103.000 1.152774
104.000 1.140167
105.000 1.140167
106.000 1.142853
107.000 1.151756
108.000 1.151756
109.000 1.087586
110.000 1.016006
111.000 1.203697
112.000 1.203697
113.000 1.208092
114.000 1.208092
115.000 1.105800
116.000 1.098976
117.000 1.098976
118.000 1.098976
119.000 1.137139
120.000 1.170135
121.000 1.170135
122.000 1.195561
123.000 1.238426
124.000 1.238426
125.000 1.143265
126.000 1.150776
127.000 1.158859
128.000 1.158859
129.000 1.156425
130.000 1.156425
131.000 1.159391
132.000 1.169930
133.000 1.169930
134.000 1.181061
135.000 1.181061
136.000 1.181061
137.000 1.035294
138.000 1.035294
139.000 1.073365
140.000 1.181973
141.000 1.220436
142.000 1.116508
143.000 1.139099
144.000 1.139099
145.000 1.197965
146.000 1.210602
147.000 1.210602
148.000 1.139969
149.000 1.139969
150.000 1.156151
151.000 1.156151
152.000 1.166305
153.000 1.189125
154.000 1.132706
155.000 1.191010
156.000 1.137542
157.000 1.101425
158.000 1.101425
159.000 1.162982
160.000 1.169037
161.000 1.169037
162.000 1.150238
163.000 1.150238
164.000 1.150238
165.000 1.185114
166.000 1.187698
167.000 1.064651
168.000 1.064651
169.000 1.056595
170.000 1.056595
171.000 1.056595
172.000 1.170586
173.000 1.170586
174.000 1.170586
175.000 1.170586
176.000 1.168327
177.000 1.168327
178.000 1.168327
179.000 1.107994
180.000 1.107994
181.000 1.107994
182.000 1.124920
183.000 1.148506
184.000 1.148506
185.000 1.148506
186.000 1.164138
187.000 1.171501
188.000 1.171501
189.000 1.180285
190.000 1.192039
191.000 1.230690
192.000 1.230690
193.000 1.294495
194.000 1.294495
195.000 1.193039
196.000 1.191211
197.000 1.167786
198.000 1.167786
199.000 1.189995
200.000 1.189995
201.000 1.054008
202.000 1.054008
203.000 1.054008
204.000 1.052544
205.000 1.052544
206.000 1.079009
207.000 1.213745
208.000 1.213745
209.000 1.189026
210.000 1.130272
211.000 1.109344
212.000 1.109344
213.000 1.152092
214.000 1.152092
215.000 1.156526
216.000 1.191696
217.000 1.191696
218.000 1.186065
219.000 1.169479
220.000 1.169479
221.000 1.213336
222.000 1.213959
223.000 1.213959
224.000 1.209695
225.000 1.203565
226.000 1.200958
227.000 1.174629
228.000 1.038696
229.000 1.038696
230.000 1.126607
231.000 1.192642
232.000 1.192642
233.000 1.166519
234.000 1.166519
235.000 1.242767
236.000 1.242767
237.000 1.226833
238.000 1.174370
239.000 1.174370
240.000 1.126645
241.000 1.082275
242.000 1.186028
243.000 1.186028
244.000 1.150070
245.000 1.150070
246.000 1.167564
247.000 1.167564
248.000 1.116531
249.000 1.116531
250.000 1.215660
251.000 1.215660
252.000 1.215660
253.000 1.142160
254.000 1.163086
255.000 1.166336
256.000 1.166336
257.000 1.142365
258.000 1.132622
259.000 1.132622
260.000 1.211456
261.000 1.211456
262.000 1.162697
263.000 1.164737
264.000 1.183250
265.000 1.183250
266.000 1.139992
267.000 1.173042
268.000 1.211121
269.000 1.073555
270.000 1.073555
271.000 1.108475
272.000 1.108475
273.000 1.108475
274.000 1.114476
275.000 1.133802
276.000 1.144264
277.000 1.144264
278.000 1.048691
279.000 1.048691
280.000 1.161278
281.000 0.982590
282.000 0.982590
283.000 1.214844
284.000 1.214844
285.000 1.195282
286.000 1.195282
287.000 1.195282
288.000 1.182465
289.000 1.182465
290.000 1.182465
291.000 1.038475
292.000 1.038475
293.000 1.038475
294.000 1.132986
295.000 1.178360
296.000 1.178360
297.000 1.179291
298.000 1.198982
299.000 1.198982
300.000 1.199006
301.000 1.200142
302.000 1.200142
303.000 1.178711
304.000 1.178711
305.000 1.121269
306.000 1.121269
307.000 1.121269
308.000 1.169838
309.000 1.169838
310.000 1.224373
311.000 1.224373
312.000 1.165665
313.000 1.165665
314.000 1.165665
315.000 1.175337
316.000 1.183884
317.000 1.168870
318.000 1.090538
319.000 1.081024
320.000 1.187431
321.000 1.187431
322.000 1.092499
323.000 1.092499
324.000 1.092499
325.000 1.092499
326.000 1.113602
327.000 1.113602
328.000 1.113602
329.000 1.090218
330.000 1.090218
331.000 1.090218
332.000 1.092417
333.000 1.141802
334.000 1.145615
335.000 1.145615
336.000 1.191452
337.000 1.191452
338.000 1.182765
339.000 1.157624
340.000 1.146202
341.000 1.060875
342.000 1.000918
343.000 0.630135
344.000 0.630135
345.000 1.210876
346.000 1.210876
347.000 1.195412
348.000 1.195412
349.000 1.227905
350.000 1.227905
351.000 1.190346
352.000 1.190346
353.000 1.163676
354.000 1.162003
355.000 0.897758
356.000 0.897758
357.000 0.897758
358.000 0.897758
359.000 1.176506
