0.000 0.144592
1.000 0.144592
2.000 0.108086
3.000 0.441307
4.000 0.163368
5.000 0.211716
6.000 0.258957
7.000 0.279236
8.000 0.418456
9.000 0.388866
10.000 0.359275
11.000 0.329685
12.000 0.300094
13.000 0.270504
14.000 0.240914
15.000 0.211323
16.000 0.181733
17.000 0.152142
18.000 0.122552
19.000 0.100433
20.000 0.100433
21.000 0.100433
22.000 0.100433
23.000 0.100433
24.000 0.100433
25.000 0.100433
26.000 0.235359
27.000 0.235359
28.000 0.235359
29.000 0.414307
30.000 0.414307
31.000 0.207125
32.000 0.123314
33.000 0.234275
34.000 0.328857
35.000 0.425589
36.000 0.377777
37.000 0.129092
38.000 0.121086
39.000 0.099281
40.000 0.099281
41.000 0.127106
42.000 0.127106
43.000 0.127106
44.000 0.339291
45.000 0.335650
46.000 0.333862
47.000 0.213135
48.000 0.265931
49.000 0.351945
50.000 0.378569
51.000 0.411478
52.000 0.335615
53.000 0.215340
54.000 0.259413
55.000 0.368507
56.000 0.375071
57.000 0.385269
58.000 0.382413
59.000 0.378313
60.000 0.336993
61.000 0.282799
62.000 0.313797
63.000 0.355682
64.000 0.093269
65.000 0.093269
66.000 0.139208
67.000 0.184395
68.000 0.286478
69.000 0.436012
70.000 0.124161
71.000 0.124161
72.000 0.289129
73.000 0.434235
74.000 0.153847
75.000 0.153847
76.000 0.311404
77.000 0.454453
78.000 0.413008
79.000 0.352926
80.000 0.347023
81.000 0.347023
82.000 0.293150
83.000 0.234352
84.000 0.195629
85.000 0.175606
86.000 0.246368
87.000 0.342514
88.000 0.304166
89.000 0.244545
90.000 0.307236
91.000 0.307236
92.000 0.334312
93.000 0.391701
94.000 0.435165
95.000 0.150970
96.000 0.236260
97.000 0.372360
98.000 0.119308
99.000 0.119308
100.000 0.198081
101.000 0.367676
102.000 0.298727
103.000 0.246223
104.000 0.287089
105.000 0.330856
106.000 0.351340
107.000 0.377022
108.000 0.344580
109.000 0.309624
110.000 0.349458
111.000 0.413624
112.000 0.281238
113.000 0.218521
114.000 0.049713
115.000 0.049713
116.000 0.049713
117.000 0.049713
118.000 0.049713
119.000 0.049713
120.000 0.049713
121.000 0.049713
122.000 0.296908
123.000 0.311646
124.000 0.288058
125.000 0.246765
126.000 0.192627
127.000 0.192627
128.000 0.258573
129.000 0.326630
130.000 0.273949
131.000 0.273949
132.000 0.293091
133.000 0.293091
134.000 0.420052
135.000 0.420052
136.000 0.404926
137.000 0.383251
138.000 0.368378
139.000 0.364990
140.000 0.364990
141.000 0.123871
142.000 0.123871
143.000 0.123871
144.000 0.123871
145.000 0.123871
146.000 0.152168
147.000 0.152168
148.000 0.416252
149.000 0.421412
150.000 0.422043
151.000 0.250076
152.000 0.101250
153.000 0.101250
154.000 0.176994
155.000 0.176994
156.000 0.159417
157.000 0.099304
158.000 0.099304
159.000 0.468062
160.000 0.254620
161.000 0.164024
162.000 0.265600
163.000 0.381615
164.000 0.374814
165.000 0.343587
166.000 0.312361
167.000 0.142811
168.000 0.166400
169.000 0.365048
170.000 0.316792
171.000 0.222054
172.000 0.246384
173.000 0.373238
174.000 0.369732
175.000 0.248703
176.000 0.344177
177.000 0.344177
178.000 0.345949
179.000 0.350589
180.000 0.090996
181.000 0.090996
182.000 0.119572
183.000 0.174858
184.000 0.093361
185.000 0.093361
186.000 0.075195
187.000 0.075195
188.000 0.077822
189.000 0.094589
190.000 0.094589
191.000 0.094589
192.000 0.318696
193.000 0.318214
194.000 0.249741
195.000 0.249741
196.000 0.259225
197.000 0.277576
198.000 0.290703
199.000 0.249481
200.000 0.260091
201.000 0.281662
202.000 0.303062
203.000 0.308746
204.000 0.298528
205.000 0.275760
206.000 0.296414
207.000 0.382855
208.000 0.390808
209.000 0.372592
210.000 0.354837
211.000 0.306613
212.000 0.271364
213.000 0.214447
214.000 0.071793
215.000 0.071793
216.000 0.229012
217.000 0.229012
218.000 0.220590
219.000 0.186241
220.000 0.186675
221.000 0.300968
222.000 0.314302
223.000 0.249176
224.000 0.282326
225.000 0.356853
226.000 0.344344
227.000 0.285759
228.000 0.072952
229.000 0.072952
230.000 0.072952
231.000 0.072952
232.000 0.072952
233.000 0.072952
234.000 0.103815
235.000 0.075066
236.000 0.075066
237.000 0.075066
238.000 0.343090
239.000 0.330910
240.000 0.354024
241.000 0.413019
242.000 0.393300
243.000 0.273399
244.000 0.283515
245.000 0.310650
246.000 0.337351
247.000 0.429802
248.000 0.323704
249.000 0.279869
250.000 0.297079
251.000 0.375931
252.000 0.357483
253.000 0.301714
254.000 0.286911
255.000 0.364139
256.000 0.305442
257.000 0.155510
258.000 0.171277
259.000 0.346859
260.000 0.285862
261.000 0.096645
262.000 0.075577
263.000 0.075577
264.000 0.075577
265.000 0.075577
266.000 0.075577
267.000 0.075577
268.000 0.311777
269.000 0.382614
270.000 0.331134
271.000 0.227925
272.000 0.074318
273.000 0.074318
274.000 0.155014
275.000 0.155014
276.000 0.190725
277.000 0.323086
278.000 0.380292
279.000 0.430611
280.000 0.367105
281.000 0.155396
282.000 0.156662
283.000 0.319009
284.000 0.300321
285.000 0.176163
286.000 0.176163
287.000 0.310234
288.000 0.326408
289.000 0.396792
290.000 0.405280
291.000 0.409773
292.000 0.354597
293.000 0.249870
294.000 0.074699
295.000 0.074699
296.000 0.072723
297.000 0.072723
298.000 0.143594
299.000 0.217033
300.000 0.217033
301.000 0.217033
302.000 0.282933
303.000 0.375589
304.000 0.073708
305.000 0.073708
306.000 0.073708
307.000 0.319642
308.000 0.158051
309.000 0.158051
310.000 0.187452
311.000 0.269856
312.000 0.309598
313.000 0.404068
314.000 0.356028
315.000 0.222880
316.000 0.238237
317.000 0.391696
318.000 0.400892
319.000 0.345604
320.000 0.089661
321.000 0.089661
322.000 0.117363
323.000 0.202133
324.000 0.246025
325.000 0.377968
326.000 0.355428
327.000 0.301506
328.000 0.256669
329.000 0.187347
330.000 0.212081
331.000 0.298622
332.000 0.124336
333.000 0.124336
334.000 0.124336
335.000 0.124336
336.000 0.196442
337.000 0.196442
338.000 0.212711
339.000 0.270858
340.000 0.325539
341.000 0.096313
342.000 0.096313
343.000 0.096313
344.000 0.053024
345.000 0.053024
346.000 0.053024
347.000 0.053024
348.000 0.053024
349.000 0.323082
350.000 0.324090
351.000 0.273407
352.000 0.284434
353.000 0.308732
354.000 0.325016
355.000 0.365702
356.000 0.293716
357.000 0.158073
358.000 0.190798
359.000 0.347526
