0.000 0.117653
1.000 0.117653
2.000 0.117653
3.000 0.117653
4.000 0.117653
5.000 0.117653
6.000 0.117653
7.000 0.117653
8.000 1.213882
9.000 1.519684
10.000 1.519684
11.000 1.832520
12.000 1.011500
13.000 0.616852
14.000 0.616852
15.000 0.616852
16.000 0.616852
17.000 0.616852
18.000 1.825768
19.000 1.825768
20.000 0.912514
21.000 0.912514
22.000 0.912514
23.000 1.355087
24.000 1.355087
25.000 1.337599
26.000 1.241187
27.000 1.144776
28.000 1.122383
29.000 0.878532
30.000 0.878532
31.000 1.184990
32.000 1.184990
33.000 0.784447
34.000 0.784447
35.000 1.787148
36.000 0.987396
37.000 0.987396
38.000 0.987396
39.000 0.987396
40.000 0.987396
41.000 1.051842
42.000 1.051842
43.000 1.051842
44.000 1.051842
45.000 1.083138
46.000 1.083138
47.000 1.083138
48.000 1.450689
49.000 1.714325
50.000 1.714325
51.000 2.387291
52.000 2.798096
53.000 2.739334
54.000 2.891800
55.000 2.612055
56.000 1.453187
57.000 1.437248
58.000 2.661354
59.000 2.661354
60.000 2.661354
61.000 2.661354
62.000 2.050621
63.000 2.050621
64.000 2.050621
65.000 2.088418
66.000 2.215939
67.000 2.343460
68.000 2.424919
69.000 2.424919
70.000 2.424919
71.000 2.424919
72.000 1.070251
73.000 1.070251
74.000 1.070251
75.000 1.070251
76.000 1.070251
77.000 1.070251
78.000 1.079983
79.000 1.712101
80.000 2.344219
81.000 2.706970
82.000 2.706970
83.000 3.553192
84.000 3.553192
85.000 1.715309
86.000 1.715309
87.000 1.715309
88.000 1.733063
89.000 1.733063
90.000 1.754290
91.000 2.267082
92.000 2.779875
93.000 2.848541
94.000 2.848541
95.000 1.168709
96.000 1.168709
97.000 1.168709
98.000 1.168709
99.000 1.168709
100.000 1.168709
101.000 1.168709
102.000 1.099823
103.000 1.099823
104.000 1.099823
105.000 1.099823
106.000 1.099823
107.000 1.099823
108.000 0.890133
109.000 0.650047
110.000 0.637161
111.000 0.637161
112.000 0.637161
113.000 0.637161
114.000 0.637161
115.000 0.637161
116.000 1.034767
117.000 1.034767
118.000 1.034767
119.000 1.034767
120.000 1.034767
121.000 1.896957
122.000 1.896957
123.000 1.896957
124.000 0.655449
125.000 0.655449
126.000 0.655449
127.000 0.655449
128.000 0.655449
129.000 0.655449
130.000 0.655449
131.000 2.276520
132.000 2.276520
133.000 2.276520
134.000 2.013739
135.000 1.575330
136.000 1.136921
137.000 0.999039
138.000 0.999039
139.000 0.638893
140.000 0.638893
141.000 1.184273
142.000 1.184273
143.000 2.061905
144.000 2.050415
145.000 2.050415
146.000 1.288635
147.000 1.288635
148.000 1.301254
149.000 2.081490
150.000 2.081490
151.000 1.407669
152.000 1.407669
153.000 1.019867
154.000 1.019867
155.000 1.019867
156.000 1.364418
157.000 1.364418
158.000 1.364418
159.000 1.364418
160.000 1.919777
161.000 1.919777
162.000 1.919777
163.000 1.802738
164.000 1.700279
165.000 1.700279
166.000 1.700279
167.000 1.117386
168.000 1.117386
169.000 1.754875
170.000 1.754875
171.000 0.955627
172.000 0.955627
173.000 0.955627
174.000 0.955627
175.000 0.955627
176.000 0.955627
177.000 1.639038
178.000 1.639038
179.000 1.639038
180.000 1.872966
181.000 2.506729
182.000 2.506729
183.000 2.506729
184.000 2.074571
185.000 1.847618
186.000 1.847618
187.000 1.847618
188.000 1.829552
189.000 1.829552
190.000 1.829552
191.000 1.829552
192.000 1.589478
193.000 1.589478
194.000 1.589478
195.000 1.555351
196.000 1.555351
197.000 1.555351
198.000 2.911972
199.000 2.911972
200.000 2.076898
201.000 1.038368
202.000 1.038368
203.000 1.038368
204.000 1.218468
205.000 1.218468
206.000 1.132561
207.000 1.132561
208.000 1.132561
209.000 0.648415
210.000 0.648415
211.000 0.648415
212.000 0.648415
213.000 0.825301
214.000 1.002235
215.000 1.002235
216.000 1.181028
217.000 1.661659
218.000 1.502960
219.000 1.178093
220.000 1.178093
221.000 1.178093
222.000 1.178093
223.000 1.178093
224.000 1.229057
225.000 1.229057
226.000 1.229057
227.000 1.229057
228.000 1.030868
229.000 0.723309
230.000 0.655853
231.000 0.655853
232.000 0.655853
233.000 0.655853
234.000 1.751564
235.000 1.751564
236.000 1.751564
237.000 2.004818
238.000 2.020432
239.000 2.020432
240.000 1.171997
241.000 1.171997
242.000 1.171997
243.000 2.511818
244.000 2.504395
245.000 2.504395
246.000 2.353966
247.000 1.426163
248.000 1.426163
249.000 1.426163
250.000 1.595627
251.000 1.595627
252.000 1.595627
253.000 2.719040
254.000 2.719040
255.000 2.958988
256.000 3.153038
257.000 3.153038
258.000 3.156605
259.000 3.171441
260.000 3.182454
261.000 3.193047
262.000 2.914364
263.000 2.017845
264.000 2.017845
265.000 2.017845
266.000 1.657570
267.000 1.657570
268.000 1.657570
269.000 3.768234
270.000 3.768234
271.000 3.807443
272.000 3.859418
273.000 3.860428
274.000 1.948402
275.000 1.948402
276.000 1.948402
277.000 2.418806
278.000 3.037079
279.000 2.889116
280.000 0.978058
281.000 0.978058
282.000 0.978058
283.000 0.978058
284.000 1.261109
285.000 0.724045
286.000 0.724045
287.000 0.724045
288.000 0.724045
289.000 0.724045
290.000 0.724045
291.000 4.445742
292.000 4.771027
293.000 4.230334
294.000 3.365772
295.000 2.731644
296.000 2.748223
297.000 2.779015
298.000 2.702387
299.000 2.500414
300.000 2.407547
301.000 2.766420
302.000 3.692794
303.000 4.212624
304.000 3.909854
305.000 1.688454
306.000 1.688454
307.000 1.688454
308.000 1.688454
309.000 1.688454
310.000 2.927705
311.000 2.609276
312.000 2.612465
313.000 2.636658
314.000 2.636658
315.000 1.953702
316.000 1.087891
317.000 1.087891
318.000 1.087891
319.000 1.087891
320.000 1.992783
321.000 1.992783
322.000 1.992783
323.000 3.550940
324.000 3.582283
325.000 3.794833
326.000 4.353594
327.000 4.746002
328.000 4.529982
329.000 2.480363
330.000 1.783241
331.000 1.783241
332.000 1.245712
333.000 1.245712
334.000 1.266304
335.000 1.266304
336.000 1.266304
337.000 1.600647
338.000 1.600647
339.000 1.600647
340.000 1.600647
341.000 1.550791
342.000 1.465185
343.000 1.379579
344.000 1.293973
345.000 1.208367
346.000 1.122761
347.000 1.075035
348.000 1.075035
349.000 1.048889
350.000 1.337219
351.000 1.337219
352.000 1.337219
353.000 1.195862
354.000 1.195862
355.000 1.195862
356.000 1.195862
357.000 1.168787
358.000 1.137171
359.000 1.105556
