0.000 0.107567
1.000 0.107567
2.000 0.107567
3.000 0.107567
4.000 1.400658
5.000 1.837524
6.000 1.843498
7.000 1.751495
8.000 1.751495
9.000 1.951161
10.000 1.997780
11.000 1.997780
12.000 1.796745
13.000 1.796745
14.000 1.858551
15.000 1.858551
16.000 1.780869
17.000 1.780869
18.000 1.780869
19.000 1.813179
20.000 1.813179
21.000 1.813179
22.000 1.832481
23.000 1.832481
24.000 1.788835
25.000 1.767570
26.000 1.767570
27.000 1.806374
28.000 1.806374
29.000 2.321541
30.000 2.321541
31.000 1.796143
32.000 1.816818
33.000 1.845024
34.000 1.772781
35.000 1.772781
36.000 1.772781
37.000 1.772781
38.000 1.789686
39.000 1.785207
40.000 1.783546
41.000 1.741440
42.000 1.741440
43.000 1.813431
44.000 1.813431
45.000 1.831497
46.000 1.831497
47.000 1.771591
48.000 1.771591
49.000 1.886040
50.000 1.886040
51.000 1.696213
52.000 1.750495
53.000 1.810173
54.000 1.801571
55.000 1.784065
56.000 1.813477
57.000 1.813477
58.000 1.843269
59.000 1.773643
60.000 1.773643
61.000 1.833435
62.000 1.833435
63.000 1.833435
64.000 1.720913
65.000 1.672501
66.000 1.668037
67.000 1.668037
68.000 1.836082
69.000 1.836082
70.000 1.889305
71.000 1.889305
72.000 1.889305
73.000 1.876259
74.000 1.876259
75.000 1.876259
76.000 1.838135
77.000 1.838135
78.000 1.817336
79.000 1.816345
80.000 1.816345
81.000 1.794411
82.000 1.794411
83.000 1.796367
84.000 1.798950
85.000 1.798950
86.000 1.830368
87.000 1.810722
88.000 1.810722
89.000 1.936501
90.000 1.773014
91.000 1.837044
92.000 1.810547
93.000 1.757263
94.000 1.757263
95.000 1.787862
96.000 1.850830
97.000 1.850830
98.000 1.825394
99.000 1.815628
100.000 1.802265
101.000 1.787193
102.000 1.813578
103.000 1.799240
104.000 1.804596
105.000 1.854500
106.000 1.796860
107.000 1.820595
108.000 1.679504
109.000 1.753815
110.000 1.753815
111.000 1.746256
112.000 1.738579
113.000 1.821213
114.000 1.821213
115.000 1.658859
116.000 1.722885
117.000 1.722885
118.000 1.791089
119.000 1.839966
120.000 1.782578
121.000 1.782578
122.000 1.880898
123.000 1.840805
124.000 1.840163
125.000 1.834167
126.000 1.821686
127.000 1.821686
128.000 1.815811
129.000 1.815811
130.000 1.815811
131.000 1.882889
132.000 1.882889
133.000 1.795959
134.000 1.795959
135.000 1.795959
136.000 1.739624
137.000 1.739624
138.000 1.739624
139.000 1.522087
140.000 1.522087
141.000 1.522087
142.000 1.721390
143.000 1.852234
144.000 1.852234
145.000 1.823792
146.000 1.844955
147.000 1.844955
148.000 1.778320
149.000 1.778320
150.000 1.772026
151.000 1.772026
152.000 1.804161
153.000 1.810684
154.000 1.852008
155.000 1.854774
156.000 1.801941
157.000 1.801941
158.000 1.828064
159.000 1.828064
160.000 1.822662
161.000 1.822662
162.000 1.783463
163.000 1.783463
164.000 1.780456
165.000 1.716938
166.000 1.676086
167.000 1.716850
168.000 1.837402
169.000 1.851807
170.000 1.672569
171.000 1.826881
172.000 1.799339
173.000 1.809326
174.000 1.797379
175.000 1.820137
176.000 1.874130
177.000 1.874130
178.000 1.874130
179.000 1.752736
180.000 1.744896
181.000 1.744896
182.000 1.744896
183.000 1.803917
184.000 1.803917
185.000 1.803917
186.000 1.803917
187.000 1.751938
188.000 1.751938
189.000 1.751938
190.000 1.751938
191.000 1.750949
192.000 1.750923
193.000 1.750923
194.000 1.822182
195.000 1.822182
196.000 1.818420
197.000 1.818420
198.000 1.764793
199.000 1.764793
200.000 1.764793
201.000 1.816650
202.000 1.816650
203.000 1.574654
204.000 1.574654
205.000 1.574654
206.000 1.741953
207.000 1.890038
208.000 1.890038
209.000 1.776062
210.000 1.776062
211.000 1.793085
212.000 1.793518
213.000 1.799942
214.000 1.806137
215.000 1.806137
216.000 1.867477
217.000 1.803253
218.000 1.803253
219.000 1.709412
220.000 1.709412
221.000 1.709412
222.000 1.829346
223.000 1.829346
224.000 1.829346
225.000 1.854111
226.000 1.854111
227.000 1.854111
228.000 1.808815
229.000 1.808815
230.000 1.816875
231.000 1.816925
232.000 1.801506
233.000 1.828102
234.000 1.812439
235.000 1.812439
236.000 1.640640
237.000 1.640640
238.000 1.748010
239.000 1.867317
240.000 1.762299
241.000 1.852318
242.000 1.825264
243.000 1.788910
244.000 1.765114
245.000 1.765114
246.000 1.803253
247.000 1.803253
248.000 1.823041
249.000 1.855354
250.000 1.855354
251.000 1.853657
252.000 1.823486
253.000 1.823486
254.000 1.807717
255.000 1.804733
256.000 1.804733
257.000 1.781059
258.000 1.781059
259.000 1.827469
260.000 1.812042
261.000 1.812042
262.000 1.843130
263.000 1.844818
264.000 1.760826
265.000 1.760826
266.000 1.773299
267.000 1.832848
268.000 1.832848
269.000 1.684944
270.000 1.684944
271.000 1.811455
272.000 1.838791
273.000 1.838791
274.000 1.835232
275.000 1.831619
276.000 1.836364
277.000 1.845619
278.000 1.832253
279.000 1.741974
280.000 1.741974
281.000 1.794746
282.000 1.810056
283.000 1.835075
284.000 1.787140
285.000 1.787140
286.000 1.856316
287.000 1.856316
288.000 1.856316
289.000 1.824669
290.000 1.824669
291.000 1.828624
292.000 1.839638
293.000 1.887665
294.000 1.868261
295.000 1.790024
296.000 1.790024
297.000 1.790024
298.000 1.807863
299.000 1.807160
300.000 1.806854
301.000 1.806854
302.000 1.800499
303.000 1.814131
304.000 1.816216
305.000 1.769493
306.000 1.769493
307.000 1.808075
308.000 1.808075
309.000 1.812040
310.000 1.815750
311.000 1.815750
312.000 1.822006
313.000 1.822006
314.000 1.816969
315.000 1.808617
316.000 1.808617
317.000 1.774033
318.000 1.774033
319.000 1.634361
320.000 1.634361
321.000 1.823364
322.000 1.822495
323.000 1.812653
324.000 1.812653
325.000 1.985732
326.000 2.136726
327.000 2.136726
328.000 1.782623
329.000 1.782623
330.000 1.826744
331.000 1.826744
332.000 1.811702
333.000 1.809357
334.000 1.839302
335.000 1.828690
336.000 1.828690
337.000 1.787893
338.000 1.783470
339.000 1.783470
340.000 1.855034
341.000 1.855034
342.000 1.855034
343.000 1.437424
344.000 1.437424
345.000 1.437424
346.000 1.532956
347.000 1.716057
348.000 1.716057
349.000 1.716057
350.000 1.816940
351.000 1.816940
352.000 1.836085
353.000 1.836533
354.000 1.817924
355.000 1.817924
356.000 1.801109
357.000 1.776103
358.000 1.773514
359.000 1.773514
