0.000 0.196594
1.000 0.196594
2.000 0.196594
3.000 0.196594
4.000 0.196594
5.000 0.196594
6.000 0.196594
7.000 0.196594
8.000 0.196594
9.000 0.542389
10.000 0.542389
11.000 0.542389
12.000 0.542389
13.000 3.338753
14.000 2.466011
15.000 2.466011
16.000 2.466011
17.000 2.645104
18.000 2.681137
19.000 2.311830
20.000 2.146278
21.000 2.146278
22.000 2.146278
23.000 2.146278
24.000 2.248940
25.000 2.248940
26.000 2.248940
27.000 2.248940
28.000 2.248940
29.000 2.248940
30.000 2.248940
31.000 2.248940
32.000 2.248940
33.000 2.248940
34.000 2.248940
35.000 2.248940
36.000 1.755783
37.000 1.763716
38.000 1.771649
39.000 1.779581
40.000 1.787514
41.000 1.795447
42.000 1.803380
43.000 1.811313
44.000 1.819245
45.000 1.827178
46.000 1.831535
47.000 3.343590
48.000 1.346039
49.000 1.346039
50.000 2.463023
51.000 1.136284
52.000 1.136284
53.000 1.402824
54.000 1.402824
55.000 3.398706
56.000 3.474648
57.000 2.588623
58.000 2.642708
59.000 3.282158
60.000 3.283938
61.000 3.362923
62.000 3.362923
63.000 3.229129
64.000 3.283318
65.000 3.283318
66.000 3.283318
67.000 3.283318
68.000 3.283318
69.000 3.283318
70.000 3.513550
71.000 3.513550
72.000 3.513550
73.000 3.513550
74.000 3.513550
75.000 3.513550
76.000 3.513550
77.000 3.042000
78.000 3.047366
79.000 3.052732
80.000 3.058099
81.000 3.063465
82.000 3.068054
83.000 3.068054
84.000 3.068054
85.000 3.103653
86.000 3.103653
87.000 3.103653
88.000 3.194969
89.000 3.166223
90.000 3.137478
91.000 3.133804
92.000 3.213617
93.000 3.255280
94.000 3.276845
95.000 3.378883
96.000 3.378883
97.000 3.378883
98.000 3.075069
99.000 3.207598
100.000 3.340126
101.000 3.348373
102.000 3.332008
103.000 3.332008
104.000 3.311729
105.000 3.311729
106.000 2.464500
107.000 2.464500
108.000 2.939026
109.000 2.939026
110.000 3.123737
111.000 3.230782
112.000 3.230782
113.000 3.275665
114.000 3.275665
115.000 3.275665
116.000 3.165552
117.000 3.151878
118.000 3.151878
119.000 2.572075
120.000 2.572075
121.000 2.564216
122.000 2.540993
123.000 3.293556
124.000 3.293556
125.000 3.281793
126.000 3.288025
127.000 3.288025
128.000 3.262905
129.000 3.232994
130.000 3.232994
131.000 3.393417
132.000 3.384350
133.000 3.182985
134.000 3.064743
135.000 3.416580
136.000 3.234138
137.000 3.354279
138.000 3.354279
139.000 3.134277
140.000 3.134277
141.000 3.134277
142.000 2.897423
143.000 2.897423
144.000 2.994895
145.000 3.174889
146.000 3.174889
147.000 3.246216
148.000 3.247826
149.000 3.269583
150.000 3.270180
151.000 3.357674
152.000 3.357674
153.000 3.357674
154.000 2.702179
155.000 2.702179
156.000 2.902771
157.000 3.337631
158.000 3.088613
159.000 2.281128
160.000 2.281128
161.000 2.643097
162.000 2.643097
163.000 3.088669
164.000 3.088669
165.000 3.088669
166.000 3.133543
167.000 3.228810
168.000 3.229927
169.000 3.176689
170.000 3.161842
171.000 3.161842
172.000 3.161842
173.000 2.841499
174.000 2.756561
175.000 2.691221
176.000 2.161049
177.000 3.387558
178.000 3.221497
179.000 3.221497
180.000 3.287023
181.000 3.340912
182.000 3.340912
183.000 3.122529
184.000 2.972511
185.000 3.234321
186.000 3.241669
187.000 3.363686
188.000 2.972778
189.000 2.972778
190.000 2.463913
191.000 2.463913
192.000 3.179489
193.000 3.179489
194.000 3.179489
195.000 3.281982
196.000 3.281982
197.000 3.287526
198.000 3.305524
199.000 3.323522
200.000 3.335793
201.000 3.335793
202.000 3.238655
203.000 3.238655
204.000 2.895531
205.000 2.895531
206.000 3.106972
207.000 2.667725
208.000 2.667725
209.000 2.840164
210.000 2.840164
211.000 2.840164
212.000 3.134572
213.000 3.369179
214.000 3.351038
215.000 3.225906
216.000 3.308014
217.000 2.571220
218.000 2.571220
219.000 2.647029
220.000 3.350082
221.000 3.350082
222.000 3.151581
223.000 3.151581
224.000 2.710648
225.000 2.710648
226.000 2.710648
227.000 2.710648
228.000 3.280599
229.000 3.277649
230.000 3.277649
231.000 3.216385
232.000 3.216385
233.000 3.437881
234.000 3.437881
235.000 3.151260
236.000 3.151260
237.000 3.151260
238.000 3.247418
239.000 3.293999
240.000 3.293999
241.000 3.254669
242.000 3.254669
243.000 3.289757
244.000 3.251328
245.000 3.251328
246.000 3.310693
247.000 3.389420
248.000 3.332994
249.000 3.126961
250.000 2.527718
251.000 3.330933
252.000 3.218651
253.000 3.218651
254.000 3.270370
255.000 3.270370
256.000 2.183235
257.000 2.183235
258.000 2.183235
259.000 2.471138
260.000 2.471138
261.000 2.565711
262.000 2.843559
263.000 2.843559
264.000 2.509010
265.000 1.875374
266.000 1.875374
267.000 1.875374
268.000 3.333107
269.000 3.333107
270.000 3.333107
271.000 1.822746
272.000 1.822746
273.000 1.822746
274.000 3.243507
275.000 3.243507
276.000 3.243507
277.000 2.650998
278.000 1.925888
279.000 1.925888
280.000 1.925888
281.000 2.104584
282.000 2.104584
283.000 2.104584
284.000 3.079103
285.000 3.309647
286.000 3.345650
287.000 3.345650
288.000 3.346245
289.000 3.372467
290.000 3.372467
291.000 3.198341
292.000 3.198341
293.000 2.045585
294.000 1.894943
295.000 1.894943
296.000 3.132599
297.000 2.525411
298.000 2.334793
299.000 3.172249
300.000 3.172249
301.000 3.095955
302.000 3.095955
303.000 3.253433
304.000 3.248861
305.000 3.154732
306.000 2.578041
307.000 2.911173
308.000 3.051445
309.000 3.015541
310.000 3.135071
311.000 3.135071
312.000 3.354027
313.000 3.354027
314.000 2.553894
315.000 2.553894
316.000 2.542023
317.000 2.614867
318.000 3.441742
319.000 3.441742
320.000 2.319702
321.000 2.319702
322.000 2.319702
323.000 2.319702
324.000 2.319702
325.000 2.319702
326.000 2.319702
327.000 2.964260
328.000 3.076741
329.000 3.189222
330.000 3.301703
331.000 3.303162
332.000 3.303162
333.000 3.473236
334.000 3.473236
335.000 3.409479
336.000 3.324359
337.000 3.304695
338.000 3.304695
339.000 2.421281
340.000 2.370178
341.000 3.344406
342.000 3.344406
343.000 3.564468
344.000 3.555409
345.000 3.243339
346.000 3.209793
347.000 3.322647
348.000 3.415741
349.000 3.355301
350.000 3.355301
351.000 3.538890
352.000 3.613945
353.000 3.613945
354.000 3.613945
355.000 2.339447
356.000 2.339447
357.000 2.339447
358.000 3.110283
359.000 3.241158
