0.000 0.075424
1.000 0.075424
2.000 0.075424
3.000 0.089987
4.000 0.112243
5.000 0.123207
6.000 0.361298
7.000 0.361298
8.000 0.279427
9.000 0.417397
10.000 0.417397
11.000 0.584337
12.000 0.670624
13.000 0.670624
14.000 0.448349
15.000 0.448349
16.000 0.275758
17.000 0.164925
18.000 0.164925
19.000 0.164925
20.000 0.295319
21.000 0.295319
22.000 0.663750
23.000 0.624046
24.000 0.572161
25.000 0.472066
26.000 0.371971
27.000 0.271875
28.000 0.171780
29.000 0.075302
30.000 0.075302
31.000 0.075302
32.000 0.075302
33.000 0.075248
34.000 0.074225
35.000 0.073201
36.000 0.072178
37.000 0.071155
38.000 0.070132
39.000 0.069109
40.000 0.068086
41.000 0.067063
42.000 0.066040
43.000 0.065017
44.000 0.063994
45.000 0.062971
46.000 0.061948
47.000 0.060925
48.000 0.059902
49.000 0.058879
50.000 0.057856
51.000 0.056833
52.000 0.055810
53.000 0.054787
54.000 0.053764
55.000 0.052741
56.000 0.051718
57.000 0.050695
58.000 0.049672
59.000 0.048649
60.000 0.047626
61.000 0.046603
62.000 0.046455
63.000 0.046455
64.000 0.046455
65.000 0.080040
66.000 0.156761
67.000 0.497612
68.000 0.434334
69.000 0.434334
70.000 0.463463
71.000 0.463463
72.000 0.463463
73.000 0.170090
74.000 0.170090
75.000 0.170090
76.000 0.170090
77.000 0.170090
78.000 0.655315
79.000 0.662407
80.000 0.691299
81.000 0.813812
82.000 0.862969
83.000 1.050430
84.000 1.180611
85.000 1.180611
86.000 1.430649
87.000 1.500107
88.000 1.500107
89.000 1.260284
90.000 1.260284
91.000 1.192337
92.000 1.192337
93.000 1.192337
94.000 1.370102
95.000 1.370102
96.000 1.410030
97.000 1.473915
98.000 1.473915
99.000 1.473915
100.000 1.347869
101.000 1.264168
102.000 1.264168
103.000 1.492888
104.000 1.552292
105.000 1.259698
106.000 1.196175
107.000 1.196175
108.000 1.822746
109.000 1.822746
110.000 1.822746
111.000 1.322347
112.000 1.139534
113.000 1.139534
114.000 2.135223
115.000 2.135223
116.000 1.557335
117.000 1.557335
118.000 1.670174
119.000 1.670174
120.000 1.872002
121.000 1.948158
122.000 1.822188
123.000 1.356285
124.000 1.849258
125.000 1.849258
126.000 1.511749
127.000 1.755554
128.000 1.755554
129.000 1.204704
130.000 1.204704
131.000 1.204704
132.000 1.361092
133.000 1.361092
134.000 1.361092
135.000 1.523302
136.000 1.703430
137.000 1.703430
138.000 1.139694
139.000 1.139694
140.000 1.167629
141.000 1.244553
142.000 1.244553
143.000 1.094996
144.000 0.941849
145.000 0.941849
146.000 0.974274
147.000 0.974274
148.000 1.219147
149.000 1.689545
150.000 0.669693
151.000 0.669693
152.000 0.669693
153.000 0.669693
154.000 0.669693
155.000 0.650778
156.000 0.597885
157.000 0.597885
158.000 0.597885
159.000 0.597885
160.000 1.227937
161.000 1.428642
162.000 1.160744
163.000 1.160744
164.000 1.262606
165.000 1.701317
166.000 1.701317
167.000 1.539185
168.000 1.322861
169.000 1.322861
170.000 1.322861
171.000 1.586708
172.000 1.586708
173.000 1.698204
174.000 1.698204
175.000 1.090073
176.000 1.090073
177.000 1.090073
178.000 1.539970
179.000 1.539970
180.000 1.539970
181.000 1.539970
182.000 1.353125
183.000 1.159172
184.000 1.153488
185.000 1.119693
186.000 1.106308
187.000 0.761871
188.000 0.761871
189.000 0.866013
190.000 0.866013
191.000 0.866013
192.000 1.304352
193.000 1.304352
194.000 1.304352
195.000 1.163209
196.000 1.011826
197.000 0.860443
198.000 0.841881
199.000 0.841881
200.000 0.644257
201.000 0.644257
202.000 0.760821
203.000 0.866806
204.000 0.733589
205.000 0.515274
206.000 0.515274
207.000 0.515274
208.000 0.513420
209.000 0.513420
210.000 1.071213
211.000 1.071213
212.000 0.890244
213.000 0.549469
214.000 0.549469
215.000 0.615022
216.000 0.681503
217.000 0.674484
218.000 0.674484
219.000 1.525520
220.000 1.486931
221.000 1.510152
222.000 1.549751
223.000 1.549751
224.000 1.268959
225.000 1.268959
226.000 0.658035
227.000 0.658035
228.000 0.658035
229.000 0.774607
230.000 1.675757
231.000 1.677956
232.000 1.089615
233.000 1.019824
234.000 0.947701
235.000 1.175449
236.000 1.741615
237.000 0.677544
238.000 1.521004
239.000 1.542206
240.000 1.286736
241.000 1.286736
242.000 1.139847
243.000 1.012834
244.000 0.690498
245.000 0.690498
246.000 0.690498
247.000 1.502594
248.000 1.502846
249.000 1.568672
250.000 1.568672
251.000 1.535858
252.000 0.919449
253.000 0.919449
254.000 0.934198
255.000 1.139282
256.000 1.139282
257.000 1.742256
258.000 1.252998
259.000 1.252998
260.000 0.731812
261.000 0.731812
262.000 0.731812
263.000 0.790062
264.000 0.790062
265.000 0.790062
266.000 0.709740
267.000 0.709740
268.000 0.976275
269.000 1.166649
270.000 0.865295
271.000 1.373246
272.000 1.400795
273.000 0.785889
274.000 0.785889
275.000 0.865562
276.000 0.959228
277.000 1.042427
278.000 0.906464
279.000 0.703156
280.000 0.703156
281.000 0.963287
282.000 1.446777
283.000 1.446777
284.000 1.105518
285.000 0.748909
286.000 0.748909
287.000 0.748909
288.000 0.801685
289.000 1.080391
290.000 1.144638
291.000 1.232338
292.000 1.528786
293.000 1.591408
294.000 1.393448
295.000 1.828537
296.000 1.814057
297.000 1.561607
298.000 1.309157
299.000 1.240784
300.000 1.240784
301.000 1.240784
302.000 1.116192
303.000 0.855080
304.000 0.855080
305.000 1.014526
306.000 1.014526
307.000 1.014526
308.000 1.033214
309.000 1.041679
310.000 1.041679
311.000 1.041679
312.000 1.028884
313.000 0.998944
314.000 0.972260
315.000 1.463287
316.000 1.322797
317.000 1.506462
318.000 1.188583
319.000 1.150200
320.000 1.303093
321.000 0.970352
322.000 0.970352
323.000 1.048449
324.000 1.360153
325.000 1.360153
326.000 1.180756
327.000 1.180756
328.000 1.308085
329.000 1.665962
330.000 1.665962
331.000 1.866867
332.000 1.866867
333.000 1.652489
334.000 1.652489
335.000 1.841774
336.000 0.887764
337.000 0.887764
338.000 0.887764
339.000 1.320299
340.000 1.230453
341.000 1.230453
342.000 1.207474
343.000 1.207474
344.000 1.427469
345.000 1.453800
346.000 1.480131
347.000 1.506462
348.000 1.543983
349.000 1.383582
350.000 1.103180
351.000 1.278582
352.000 1.337868
353.000 1.339500
354.000 1.173538
355.000 1.173538
356.000 1.173538
357.000 0.353798
358.000 0.353798
359.000 0.353798
