0.000 0.020782
1.000 0.020782
2.000 0.020782
3.000 0.020782
4.000 0.020782
5.000 0.033951
6.000 0.033951
7.000 0.033951
8.000 0.328911
9.000 0.328911
10.000 0.133139
11.000 0.151432
12.000 0.169724
13.000 0.188017
14.000 0.206309
15.000 0.212242
16.000 0.207420
17.000 0.207420
18.000 0.117790
19.000 0.213120
20.000 0.213120
21.000 0.213120
22.000 0.213120
23.000 0.213120
24.000 0.213120
25.000 0.327681
26.000 0.341743
27.000 0.355805
28.000 0.355949
29.000 0.301544
30.000 0.301544
31.000 0.301544
32.000 0.243958
33.000 0.243958
34.000 0.232643
35.000 0.232643
36.000 0.536514
37.000 0.272926
38.000 0.272926
39.000 0.364243
40.000 0.380386
41.000 0.493454
42.000 0.493454
43.000 0.411074
44.000 0.356552
45.000 0.356552
46.000 0.400475
47.000 0.552299
48.000 0.552299
49.000 0.552299
50.000 0.362991
51.000 0.369595
52.000 0.376199
53.000 0.380234
54.000 0.380234
55.000 0.380234
56.000 0.345299
57.000 0.345299
58.000 0.345299
59.000 0.345484
60.000 0.350808
61.000 0.351013
62.000 0.617676
63.000 0.617676
64.000 0.393345
65.000 0.390938
66.000 0.476189
67.000 0.476189
68.000 0.476189
69.000 0.479263
70.000 0.479263
71.000 0.479263
72.000 0.721849
73.000 0.828758
74.000 0.665962
75.000 0.377289
76.000 0.377289
77.000 0.281250
78.000 0.281250
79.000 0.281250
80.000 0.260681
81.000 0.260681
82.000 0.260681
83.000 0.413414
84.000 0.413414
85.000 0.388143
86.000 0.309563
87.000 0.529182
88.000 0.557123
89.000 0.721707
90.000 0.755814
91.000 0.548652
92.000 0.359093
93.000 0.359093
94.000 0.359093
95.000 0.503515
96.000 0.508255
97.000 0.508255
98.000 0.508255
99.000 0.583115
100.000 0.628593
101.000 0.825638
102.000 0.825638
103.000 0.506599
104.000 0.506599
105.000 0.479931
106.000 0.411316
107.000 0.411316
108.000 0.411316
109.000 0.411316
110.000 0.411316
111.000 0.694150
112.000 0.633344
113.000 0.602013
114.000 1.067993
115.000 0.847578
116.000 0.539490
117.000 0.506798
118.000 0.506798
119.000 0.551193
120.000 0.544274
121.000 0.468874
122.000 0.462006
123.000 0.462006
124.000 0.350716
125.000 0.350716
126.000 0.433777
127.000 0.433777
128.000 0.433777
129.000 0.532242
130.000 0.532242
131.000 0.454562
132.000 0.360150
133.000 0.307320
134.000 0.442642
135.000 0.442642
136.000 0.404419
137.000 0.802086
138.000 0.273972
139.000 0.273972
140.000 0.273972
141.000 0.273972
142.000 0.382088
143.000 0.382088
144.000 0.382088
145.000 0.640816
146.000 0.635938
147.000 0.628761
148.000 0.628761
149.000 0.493851
150.000 0.433784
151.000 0.433784
152.000 0.433784
153.000 0.598747
154.000 1.172363
155.000 1.172363
156.000 0.718650
157.000 0.575790
158.000 0.575790
159.000 0.539001
160.000 0.539001
161.000 0.409492
162.000 0.409492
163.000 0.409492
164.000 0.409492
165.000 0.343914
166.000 0.316169
167.000 0.288424
168.000 0.260678
169.000 0.253288
170.000 0.253288
171.000 0.431870
172.000 0.431870
173.000 0.353798
174.000 0.614571
175.000 0.431862
176.000 0.380501
177.000 0.380501
178.000 0.371452
179.000 0.371452
180.000 0.417404
181.000 0.417404
182.000 0.705597
183.000 0.705597
184.000 0.819843
185.000 0.854156
186.000 0.854156
187.000 0.799064
188.000 0.711859
189.000 0.624655
190.000 0.552231
191.000 0.638924
192.000 0.440880
193.000 0.440880
194.000 0.837570
195.000 0.731540
196.000 0.366096
197.000 0.366096
198.000 0.366096
199.000 0.535316
200.000 0.535316
201.000 0.510826
202.000 0.510826
203.000 0.510826
204.000 0.687531
205.000 0.687531
206.000 0.770203
207.000 0.723770
208.000 0.718697
209.000 0.718697
210.000 0.718697
211.000 0.523011
212.000 0.565821
213.000 0.596107
214.000 0.846176
215.000 0.621552
216.000 0.621552
217.000 0.325851
218.000 0.325851
219.000 0.562637
220.000 0.578208
221.000 0.583145
222.000 0.520134
223.000 0.520134
224.000 0.520134
225.000 0.653996
226.000 0.507313
227.000 0.416878
228.000 0.416878
229.000 0.560860
230.000 1.268639
231.000 1.433876
232.000 1.433876
233.000 0.519791
234.000 0.519791
235.000 0.519791
236.000 1.050463
237.000 1.099213
238.000 1.099213
239.000 0.387840
240.000 0.387840
241.000 0.692932
242.000 0.692932
243.000 0.660640
244.000 0.632294
245.000 0.632294
246.000 0.546120
247.000 0.546120
248.000 1.097328
249.000 1.190458
250.000 1.421686
251.000 1.478455
252.000 1.005447
253.000 0.637726
254.000 0.637726
255.000 0.445824
256.000 0.445824
257.000 0.445824
258.000 0.445824
259.000 1.117584
260.000 1.117584
261.000 1.779060
262.000 1.993080
263.000 1.385056
264.000 1.643135
265.000 1.643135
266.000 1.643135
267.000 1.643135
268.000 1.643135
269.000 1.917831
270.000 1.917831
271.000 1.917831
272.000 2.605716
273.000 3.031380
274.000 1.687630
275.000 1.687630
276.000 1.687630
277.000 2.151825
278.000 2.151825
279.000 2.151825
280.000 2.627800
281.000 2.627800
282.000 1.944136
283.000 1.060127
284.000 1.060127
285.000 1.060127
286.000 1.060127
287.000 1.822388
288.000 1.822388
289.000 1.817664
290.000 1.815361
291.000 1.766431
292.000 1.715706
293.000 1.215637
294.000 1.215637
295.000 1.215637
296.000 1.865295
297.000 1.865295
298.000 1.865295
299.000 1.574425
300.000 1.574425
301.000 1.609181
302.000 1.672866
303.000 1.736550
304.000 1.800234
305.000 1.801140
306.000 1.863899
307.000 2.692595
308.000 2.693710
309.000 2.337143
310.000 1.002998
311.000 1.002998
312.000 1.002998
313.000 0.992408
314.000 0.955085
315.000 0.917763
316.000 0.885551
317.000 0.885551
318.000 0.885551
319.000 0.592900
320.000 0.580048
321.000 0.580048
322.000 0.580048
323.000 0.449814
324.000 0.449814
325.000 0.637619
326.000 0.637619
327.000 1.025024
328.000 1.107971
329.000 1.107971
330.000 1.286667
331.000 1.286667
332.000 1.044828
333.000 1.008347
334.000 1.008347
335.000 0.686684
336.000 0.686684
337.000 0.686684
338.000 0.627320
339.000 0.495331
340.000 0.414070
341.000 0.602114
342.000 0.982391
343.000 0.699821
344.000 1.295959
345.000 0.734047
346.000 0.734047
347.000 0.734047
348.000 0.506360
349.000 0.360634
350.000 0.360634
351.000 0.583923
352.000 0.583923
353.000 0.416969
354.000 0.416969
355.000 0.461691
356.000 0.891159
357.000 0.864998
358.000 0.514313
359.000 0.514313
