0.000 0.186005
1.000 0.894463
2.000 0.894463
3.000 1.270782
4.000 1.270782
5.000 2.752861
6.000 1.365374
7.000 1.284027
8.000 1.437355
9.000 1.437355
10.000 1.503018
11.000 1.508675
12.000 1.508675
13.000 1.437889
14.000 1.437889
15.000 1.437889
16.000 1.485988
17.000 1.563082
18.000 1.640177
19.000 1.566467
20.000 1.429611
21.000 1.429611
22.000 1.429611
23.000 1.429611
24.000 1.722762
25.000 1.763771
26.000 1.763771
27.000 1.619858
28.000 1.619858
29.000 1.488396
30.000 1.594254
31.000 1.594254
32.000 1.475494
33.000 1.475494
34.000 1.724884
35.000 2.825745
36.000 2.853401
37.000 2.849870
38.000 2.859909
39.000 2.663849
40.000 2.668291
41.000 2.863358
42.000 2.856771
43.000 2.849159
44.000 2.789820
45.000 2.697052
46.000 2.706587
47.000 2.720955
48.000 0.797623
49.000 0.797623
50.000 2.007144
51.000 2.865639
52.000 2.657745
53.000 2.657745
54.000 2.789360
55.000 2.887138
56.000 2.411389
57.000 2.146271
58.000 2.139947
59.000 2.130119
60.000 1.781657
61.000 1.425026
62.000 1.457119
63.000 1.495354
64.000 1.705512
65.000 1.862816
66.000 1.693859
67.000 1.622711
68.000 1.719493
69.000 1.783577
70.000 1.783577
71.000 1.783577
72.000 1.654549
73.000 1.654549
74.000 1.654549
75.000 1.654549
76.000 1.654549
77.000 1.654549
78.000 1.654549
79.000 1.654549
80.000 1.950835
81.000 1.952166
82.000 1.953496
83.000 1.954827
84.000 1.956158
85.000 1.957489
86.000 1.958820
87.000 1.959686
88.000 1.959686
89.000 1.723663
90.000 1.723663
91.000 1.723663
92.000 1.676731
93.000 1.584323
94.000 1.569832
95.000 1.569832
96.000 1.569832
97.000 1.719600
98.000 1.686671
99.000 1.683418
100.000 1.683418
101.000 1.384514
102.000 1.384514
103.000 2.667061
104.000 2.844696
105.000 2.844696
106.000 2.679253
107.000 2.679253
108.000 2.679253
109.000 2.804344
110.000 2.804344
111.000 2.813600
112.000 2.838692
113.000 2.846680
114.000 2.531837
115.000 2.776657
116.000 2.776657
117.000 2.834023
118.000 2.834023
119.000 2.604027
120.000 2.604027
121.000 2.604027
122.000 2.701946
123.000 2.806018
124.000 2.858376
125.000 2.858376
126.000 1.529984
127.000 1.529984
128.000 1.529984
129.000 1.597232
130.000 1.726335
131.000 1.837975
132.000 1.745285
133.000 1.745285
134.000 1.762482
135.000 1.762482
136.000 1.437714
137.000 1.437714
138.000 1.437714
139.000 1.551666
140.000 1.551666
141.000 1.555385
142.000 2.045197
143.000 2.045197
144.000 1.748665
145.000 1.877304
146.000 1.877304
147.000 1.172874
148.000 1.172874
149.000 1.172874
150.000 1.679231
151.000 1.657646
152.000 1.657646
153.000 1.806700
154.000 2.006828
155.000 1.722649
156.000 1.722649
157.000 1.717671
158.000 1.525405
159.000 1.333139
160.000 1.329109
161.000 1.329109
162.000 1.222484
163.000 0.985481
164.000 0.748478
165.000 0.511475
166.000 0.425026
167.000 0.426865
168.000 0.432602
169.000 0.437332
170.000 0.437332
171.000 0.443123
172.000 0.443123
173.000 0.443123
174.000 0.657430
175.000 0.714010
176.000 0.770591
177.000 0.808640
178.000 0.808640
179.000 2.090363
180.000 1.627380
181.000 2.418678
182.000 2.767326
183.000 2.767326
184.000 1.727150
185.000 1.727150
186.000 1.694247
187.000 1.638658
188.000 1.637749
189.000 2.048745
190.000 2.317085
191.000 2.505043
192.000 1.374809
193.000 2.769554
194.000 2.847771
195.000 2.850494
196.000 2.867462
197.000 2.867462
198.000 2.864967
199.000 2.864967
200.000 2.729083
201.000 2.701141
202.000 2.478573
203.000 1.971375
204.000 1.884415
205.000 1.884415
206.000 1.884415
207.000 1.884415
208.000 1.649154
209.000 1.547556
210.000 1.445957
211.000 1.397293
212.000 0.639648
213.000 0.639648
214.000 0.639648
215.000 0.639648
216.000 0.639648
217.000 1.552139
218.000 1.552139
219.000 1.552139
220.000 1.622163
221.000 1.705042
222.000 1.705475
223.000 1.705475
224.000 2.134819
225.000 2.070206
226.000 2.070206
227.000 1.937950
228.000 1.937950
229.000 1.937950
230.000 1.910828
231.000 1.910828
232.000 1.910828
233.000 2.035661
234.000 2.109520
235.000 2.759510
236.000 2.769997
237.000 2.879715
238.000 2.918282
239.000 2.845764
240.000 2.897972
241.000 2.771561
242.000 2.908546
243.000 2.883701
244.000 2.793755
245.000 2.793755
246.000 2.865114
247.000 2.869576
248.000 2.787582
249.000 2.787582
250.000 2.787582
251.000 2.790382
252.000 2.790382
253.000 2.790382
254.000 2.325422
255.000 1.853807
256.000 1.727722
257.000 1.727722
258.000 1.882561
259.000 1.874594
260.000 1.624763
261.000 1.483070
262.000 1.812363
263.000 1.812363
264.000 1.613663
265.000 1.518089
266.000 1.737190
267.000 1.737190
268.000 1.642046
269.000 1.564384
270.000 1.564384
271.000 1.820953
272.000 1.820953
273.000 1.981987
274.000 1.981987
275.000 1.981987
276.000 1.786656
277.000 1.556969
278.000 1.556969
279.000 1.823204
280.000 1.823204
281.000 1.836670
282.000 1.836670
283.000 1.836670
284.000 1.647919
285.000 1.647919
286.000 2.363914
287.000 2.363914
288.000 2.819435
289.000 2.828968
290.000 2.875953
291.000 2.920784
292.000 2.685394
293.000 2.892372
294.000 2.720909
295.000 2.720909
296.000 2.766594
297.000 2.775375
298.000 2.851150
299.000 2.876434
300.000 2.674690
301.000 2.674690
302.000 2.713036
303.000 2.713036
304.000 2.066574
305.000 2.066574
306.000 2.066574
307.000 2.066574
308.000 2.414630
309.000 2.212698
310.000 2.010766
311.000 1.808834
312.000 1.754578
313.000 1.754578
314.000 1.628998
315.000 1.624757
316.000 1.454285
317.000 1.715675
318.000 1.751306
319.000 1.846619
320.000 1.846619
321.000 1.478104
322.000 1.720070
323.000 1.720070
324.000 1.653313
325.000 1.653313
326.000 1.653313
327.000 1.696011
328.000 1.827524
329.000 1.862068
330.000 1.862068
331.000 1.719849
332.000 1.719849
333.000 1.719849
334.000 2.927940
335.000 2.927940
336.000 2.927940
337.000 2.885218
338.000 2.817820
339.000 2.806068
340.000 2.891533
341.000 2.871414
342.000 2.871414
343.000 2.835500
344.000 2.834282
345.000 2.868774
346.000 2.868774
347.000 2.892632
348.000 2.892632
349.000 2.892632
350.000 2.880079
351.000 2.865878
352.000 2.851677
353.000 2.837476
354.000 2.823967
355.000 1.462387
356.000 1.462387
357.000 1.366844
358.000 1.366844
359.000 1.419448
