0.000 0.523270
1.000 0.523270
2.000 0.523270
3.000 0.523270
4.000 0.523270
5.000 0.523270
6.000 0.523270
7.000 0.523270
8.000 5.540417
9.000 4.445297
10.000 1.740663
11.000 1.017197
12.000 1.017197
13.000 0.981900
14.000 0.974945
15.000 1.742531
16.000 1.243721
17.000 1.243721
18.000 1.567208
19.000 1.791573
20.000 1.777306
21.000 1.777306
22.000 1.604286
23.000 1.632868
24.000 1.758705
25.000 1.937063
26.000 2.087059
27.000 1.622200
28.000 1.622200
29.000 1.598003
30.000 1.586922
31.000 1.815392
32.000 1.144218
33.000 1.144218
34.000 1.816148
35.000 2.435127
36.000 2.435127
37.000 2.289505
38.000 2.289505
39.000 1.321007
40.000 1.321007
41.000 1.622505
42.000 1.622505
43.000 2.240036
44.000 2.240036
45.000 1.009766
46.000 1.009766
47.000 1.009766
48.000 1.896851
49.000 1.896851
50.000 2.122253
51.000 2.122253
52.000 2.129137
53.000 2.139906
54.000 2.150675
55.000 2.152618
56.000 2.477501
57.000 1.904053
58.000 1.671928
59.000 1.684123
60.000 1.753433
61.000 1.990829
62.000 1.990829
63.000 4.851715
64.000 2.311974
65.000 2.311974
66.000 1.384377
67.000 1.384377
68.000 1.631737
69.000 1.631737
70.000 1.631737
71.000 2.204240
72.000 2.549492
73.000 2.549492
74.000 1.827148
75.000 1.827148
76.000 1.459930
77.000 1.459930
78.000 1.485139
79.000 2.028282
80.000 2.028282
81.000 1.229202
82.000 1.229202
83.000 2.264526
84.000 2.264526
85.000 1.630943
86.000 1.630943
87.000 1.487900
88.000 1.191528
89.000 1.191528
90.000 1.756973
91.000 1.301453
92.000 1.301453
93.000 1.692429
94.000 1.692429
95.000 1.097198
96.000 1.097198
97.000 1.161415
98.000 1.161415
99.000 1.195274
100.000 1.195274
101.000 1.569992
102.000 1.569992
103.000 0.942576
104.000 0.789757
105.000 0.789757
106.000 1.288399
107.000 1.288399
108.000 1.633834
109.000 2.153922
110.000 2.175446
111.000 1.970319
112.000 1.214363
113.000 1.214363
114.000 0.773710
115.000 0.687263
116.000 0.687263
117.000 0.687263
118.000 0.687263
119.000 0.687263
120.000 5.561218
121.000 6.051064
122.000 4.295670
123.000 4.624680
124.000 6.646347
125.000 4.439659
126.000 5.090883
127.000 7.396133
128.000 7.843928
129.000 8.865486
130.000 4.214684
131.000 4.214684
132.000 4.351186
133.000 4.705261
134.000 4.705261
135.000 4.617561
136.000 4.617561
137.000 6.026245
138.000 2.845108
139.000 2.845108
140.000 2.957061
141.000 5.187828
142.000 7.418595
143.000 8.501846
144.000 9.157366
145.000 7.459251
146.000 7.059868
147.000 6.390648
148.000 6.472821
149.000 6.565109
150.000 6.098367
151.000 5.934685
152.000 5.859410
153.000 5.786385
154.000 5.868937
155.000 6.334844
156.000 6.531403
157.000 6.172432
158.000 6.172432
159.000 4.000488
160.000 4.000488
161.000 3.861176
162.000 3.286858
163.000 3.286858
164.000 3.286858
165.000 1.862953
166.000 1.862953
167.000 1.862953
168.000 1.862953
169.000 3.656685
170.000 3.656685
171.000 3.656685
172.000 3.774200
173.000 3.774200
174.000 7.118942
175.000 5.615089
176.000 5.140480
177.000 5.140480
178.000 5.262917
179.000 5.262917
180.000 4.275520
181.000 3.032349
182.000 2.345047
183.000 2.345047
184.000 3.071890
185.000 4.736633
186.000 4.736633
187.000 8.649040
188.000 8.414487
189.000 7.734718
190.000 5.598660
191.000 4.831474
192.000 1.398071
193.000 1.398071
194.000 1.398071
195.000 1.398071
196.000 1.817162
197.000 1.817162
198.000 1.817162
199.000 2.277885
200.000 2.745865
201.000 4.114700
202.000 6.082603
203.000 1.520195
204.000 1.520195
205.000 1.520195
206.000 1.520195
207.000 1.582764
208.000 1.582764
209.000 1.582764
210.000 1.106583
211.000 1.106583
212.000 1.106583
213.000 1.106583
214.000 1.161384
215.000 1.920555
216.000 2.679725
217.000 3.055397
218.000 2.501340
219.000 2.193275
220.000 2.193275
221.000 1.476639
222.000 1.476639
223.000 1.722810
224.000 1.884209
225.000 1.568794
226.000 1.568794
227.000 0.336441
228.000 0.336441
229.000 0.336441
230.000 0.336441
231.000 0.901779
232.000 0.910791
233.000 0.915253
234.000 0.915253
235.000 2.562477
236.000 2.562477
237.000 5.026093
238.000 3.367668
239.000 3.367668
240.000 3.367668
241.000 3.367668
242.000 5.111903
243.000 4.426041
244.000 1.669899
245.000 1.669899
246.000 2.268309
247.000 5.664783
248.000 6.339409
249.000 3.934312
250.000 4.031833
251.000 6.620039
252.000 7.035577
253.000 5.298604
254.000 4.498458
255.000 2.636414
256.000 2.708269
257.000 3.286884
258.000 3.236264
259.000 2.517647
260.000 2.518375
261.000 2.524384
262.000 2.598573
263.000 3.403356
264.000 3.487038
265.000 4.612073
266.000 3.772450
267.000 1.343010
268.000 1.343010
269.000 1.343010
270.000 1.806702
271.000 1.806702
272.000 1.806702
273.000 1.663160
274.000 1.493526
275.000 1.323892
276.000 1.154258
277.000 0.984625
278.000 0.814991
279.000 0.683701
280.000 0.683701
281.000 0.683701
282.000 0.683701
283.000 0.683701
284.000 0.683701
285.000 0.683701
286.000 0.683701
287.000 0.846809
288.000 0.846809
289.000 1.257080
290.000 1.257080
291.000 1.676376
292.000 2.504719
293.000 2.879997
294.000 3.248734
295.000 3.153824
296.000 3.142094
297.000 2.683998
298.000 3.325478
299.000 2.551582
300.000 2.468681
301.000 2.468681
302.000 2.087975
303.000 2.837395
304.000 2.837395
305.000 1.758522
306.000 1.758522
307.000 1.758522
308.000 1.912094
309.000 1.912094
310.000 1.912094
311.000 1.912409
312.000 2.178066
313.000 2.400017
314.000 2.400017
315.000 1.271332
316.000 1.271332
317.000 1.271332
318.000 1.788719
319.000 1.788719
320.000 1.788719
321.000 1.961864
322.000 2.340582
323.000 2.453438
324.000 0.690842
325.000 0.690842
326.000 0.690842
327.000 2.031296
328.000 2.031296
329.000 2.014243
330.000 1.881215
331.000 1.748187
332.000 1.737213
333.000 1.701927
334.000 1.701927
335.000 1.934580
336.000 1.962837
337.000 1.182472
338.000 1.182472
339.000 1.182472
340.000 1.182472
341.000 1.493011
342.000 1.493011
343.000 1.922905
344.000 1.922905
345.000 1.609489
346.000 1.609489
347.000 1.467400
348.000 1.467400
349.000 1.467400
350.000 1.358041
351.000 1.376518
352.000 1.376518
353.000 0.842819
354.000 0.842819
355.000 0.700607
356.000 0.700607
357.000 1.394043
358.000 1.394043
359.000 1.364944
