0.000 0.176117
1.000 2.458679
2.000 2.421127
3.000 2.506493
4.000 2.450279
5.000 2.447830
6.000 2.447830
7.000 2.530533
8.000 2.530533
9.000 2.481560
10.000 2.481560
11.000 2.480138
12.000 2.476906
13.000 2.476906
14.000 2.527901
15.000 2.475348
16.000 2.342224
17.000 2.404716
18.000 2.404716
19.000 2.510483
20.000 2.510483
21.000 2.380814
22.000 2.380814
23.000 2.488031
24.000 2.504562
25.000 2.405388
26.000 2.405388
27.000 2.524811
28.000 2.287773
29.000 2.287773
30.000 2.287773
31.000 2.498497
32.000 2.498497
33.000 2.508453
34.000 2.508453
35.000 2.528839
36.000 2.528839
37.000 2.502234
38.000 2.330269
39.000 2.330269
40.000 2.494728
41.000 2.494728
42.000 2.494728
43.000 2.494728
44.000 2.084648
45.000 2.084648
46.000 2.084648
47.000 2.084648
48.000 2.533554
49.000 2.533554
50.000 2.533554
51.000 2.515717
52.000 2.515717
53.000 2.515717
54.000 2.508225
55.000 2.504547
56.000 2.504547
57.000 2.476234
58.000 2.476234
59.000 2.476234
60.000 2.346657
61.000 2.346657
62.000 2.387032
63.000 2.387032
64.000 2.366684
65.000 2.366684
66.000 2.449875
67.000 2.449875
68.000 2.424334
69.000 2.358185
70.000 2.358185
71.000 2.470683
72.000 2.492630
73.000 2.490846
74.000 2.373484
75.000 2.256122
76.000 2.234680
77.000 2.440056
78.000 2.440056
79.000 2.500572
80.000 2.500572
81.000 2.500572
82.000 2.500572
83.000 2.500572
84.000 2.500572
85.000 2.500572
86.000 2.391036
87.000 2.392453
88.000 2.393871
89.000 2.395288
90.000 2.396705
91.000 2.398122
92.000 2.398415
93.000 2.398415
94.000 2.398415
95.000 2.501060
96.000 2.501060
97.000 2.501060
98.000 2.512660
99.000 2.572699
100.000 2.584427
101.000 2.584427
102.000 2.527779
103.000 2.527779
104.000 2.527779
105.000 2.387687
106.000 2.151207
107.000 2.151207
108.000 2.272362
109.000 2.272362
110.000 2.504745
111.000 2.394821
112.000 2.505135
113.000 2.514244
114.000 2.513763
115.000 2.329582
116.000 2.513565
117.000 2.494133
118.000 2.341652
119.000 2.384109
120.000 2.513268
121.000 2.513268
122.000 2.513268
123.000 2.492654
124.000 2.496173
125.000 2.499693
126.000 2.375198
127.000 2.518333
128.000 2.500679
129.000 2.410286
130.000 2.510124
131.000 2.340706
132.000 2.340706
133.000 2.369034
134.000 2.369034
135.000 2.369034
136.000 2.467714
137.000 2.461563
138.000 2.489014
139.000 2.489014
140.000 2.476793
141.000 2.464264
142.000 2.462273
143.000 2.462273
144.000 2.499603
145.000 2.504448
146.000 2.489120
147.000 2.489120
148.000 2.192719
149.000 2.192719
150.000 2.192719
151.000 2.286831
152.000 2.454613
153.000 2.454613
154.000 2.456946
155.000 2.504364
156.000 2.507744
157.000 2.354393
158.000 2.381169
159.000 2.456553
160.000 2.485138
161.000 2.485138
162.000 2.485138
163.000 2.385970
164.000 2.460719
165.000 2.462196
166.000 2.323387
167.000 2.323387
168.000 2.504189
169.000 2.504382
170.000 2.505494
171.000 2.505630
172.000 2.389099
173.000 2.389099
174.000 2.436222
175.000 2.454918
176.000 2.408661
177.000 2.491886
178.000 2.492615
179.000 2.478887
180.000 2.443565
181.000 2.468744
182.000 2.482048
183.000 2.482048
184.000 2.482048
185.000 2.514771
186.000 2.514771
187.000 2.514771
188.000 2.514771
189.000 2.466868
190.000 2.254160
191.000 2.242340
192.000 2.242340
193.000 2.360912
194.000 2.504089
195.000 2.504089
196.000 2.392471
197.000 2.392471
198.000 2.392471
199.000 2.541367
200.000 2.541367
201.000 2.541367
202.000 2.440390
203.000 2.321902
204.000 2.297112
205.000 2.489471
206.000 2.489471
207.000 2.510719
208.000 2.493097
209.000 2.398456
210.000 2.368141
211.000 2.368141
212.000 2.472879
213.000 2.488602
214.000 2.471146
215.000 2.397095
216.000 2.505180
217.000 2.505180
218.000 2.494226
219.000 2.488274
220.000 2.488274
221.000 2.162598
222.000 2.162598
223.000 2.504082
224.000 2.346985
225.000 2.346985
226.000 2.482221
227.000 2.503372
228.000 2.459300
229.000 2.455048
230.000 2.455048
231.000 2.213600
232.000 2.213600
233.000 2.213600
234.000 2.213600
235.000 2.213600
236.000 2.213600
237.000 2.213600
238.000 2.497960
239.000 2.499422
240.000 2.500884
241.000 2.502346
242.000 2.503807
243.000 2.505269
244.000 2.506731
245.000 2.507256
246.000 2.507256
247.000 2.250626
248.000 2.252470
249.000 2.264336
250.000 2.264336
251.000 2.510536
252.000 2.510536
253.000 2.491852
254.000 2.491852
255.000 2.491852
256.000 2.491852
257.000 2.484568
258.000 2.482100
259.000 2.479632
260.000 2.479469
261.000 2.479469
262.000 2.613800
263.000 2.613800
264.000 2.312134
265.000 2.312134
266.000 2.312134
267.000 2.366608
268.000 2.366608
269.000 2.366608
270.000 2.366608
271.000 2.490853
272.000 2.490784
273.000 2.490784
274.000 2.473142
275.000 2.376228
276.000 2.376228
277.000 2.306571
278.000 2.176262
279.000 2.176262
280.000 2.176262
281.000 2.423111
282.000 2.423111
283.000 2.423111
284.000 2.455078
285.000 2.502563
286.000 2.502563
287.000 2.130371
288.000 2.507637
289.000 2.507637
290.000 2.491225
291.000 2.472435
292.000 2.472435
293.000 2.283691
294.000 2.283691
295.000 2.395363
296.000 2.395363
297.000 2.333434
298.000 2.182365
299.000 2.182365
300.000 2.240310
301.000 2.403053
302.000 2.330017
303.000 2.330017
304.000 2.330017
305.000 2.254478
306.000 2.254478
307.000 2.254478
308.000 2.293075
309.000 2.511215
310.000 2.511215
311.000 2.511215
312.000 2.438963
313.000 2.437912
314.000 2.436539
315.000 2.436539
316.000 2.442917
317.000 2.442917
318.000 2.303780
319.000 2.303780
320.000 2.363321
321.000 2.507385
322.000 2.281601
323.000 2.281601
324.000 2.386589
325.000 2.386589
326.000 2.482178
327.000 2.482178
328.000 2.482178
329.000 2.469650
330.000 2.469650
331.000 2.514664
332.000 2.514664
333.000 2.514664
334.000 2.521187
335.000 2.521187
336.000 2.416917
337.000 2.241439
338.000 2.196777
339.000 2.482994
340.000 2.520546
341.000 2.458937
342.000 2.354614
343.000 2.507126
344.000 2.414719
345.000 2.185150
346.000 2.185150
347.000 2.185150
348.000 2.373166
349.000 2.360687
350.000 2.360687
351.000 2.497459
352.000 2.497459
353.000 2.497459
354.000 2.497459
355.000 2.434573
356.000 2.496529
357.000 2.540947
358.000 2.540947
359.000 2.540947
