0.000 0.187935
1.000 0.187935
2.000 0.187935
3.000 0.187935
4.000 0.187935
5.000 0.187935
6.000 0.187935
7.000 0.720085
8.000 0.720085
9.000 0.715164
10.000 0.716904
11.000 0.716904
12.000 0.687729
13.000 0.687729
14.000 0.697662
15.000 0.714273
16.000 0.719765
17.000 0.709352
18.000 0.698814
19.000 0.691040
20.000 0.691040
21.000 0.709709
22.000 0.709709
23.000 0.708145
24.000 0.730904
25.000 0.730904
26.000 0.713868
27.000 0.706223
28.000 0.734184
29.000 0.699013
30.000 0.578880
31.000 0.665534
32.000 0.718727
33.000 0.689041
34.000 0.689041
35.000 0.719589
36.000 0.719589
37.000 0.717816
38.000 0.711384
39.000 0.709206
40.000 0.597008
41.000 0.724518
42.000 0.724518
43.000 0.679848
44.000 0.704424
45.000 0.737480
46.000 0.733319
47.000 0.702446
48.000 0.352013
49.000 0.352013
50.000 0.352013
51.000 0.708153
52.000 0.708153
53.000 0.709465
54.000 0.711175
55.000 0.712669
56.000 0.712669
57.000 0.717010
58.000 0.717010
59.000 0.708278
60.000 0.705841
61.000 0.705841
62.000 0.705757
63.000 0.705757
64.000 0.712570
65.000 0.721046
66.000 0.721046
67.000 0.721046
68.000 0.679489
69.000 0.679489
70.000 0.679489
71.000 0.721703
72.000 0.721703
73.000 0.721703
74.000 0.710342
75.000 0.710342
76.000 0.700402
77.000 0.692696
78.000 0.683029
79.000 0.724121
80.000 0.724121
81.000 0.699905
82.000 0.748871
83.000 0.718353
84.000 0.718353
85.000 0.717466
86.000 0.716454
87.000 0.686539
88.000 0.686539
89.000 0.686539
90.000 0.686539
91.000 0.725966
92.000 0.726311
93.000 0.726311
94.000 0.713025
95.000 0.653366
96.000 0.653366
97.000 0.724777
98.000 0.724777
99.000 0.718910
100.000 0.718910
101.000 0.722046
102.000 0.722046
103.000 0.687080
104.000 0.687080
105.000 0.727798
106.000 0.727798
107.000 0.723263
108.000 0.717155
109.000 0.368973
110.000 0.368973
111.000 0.715309
112.000 0.697128
113.000 0.669708
114.000 0.669708
115.000 0.716873
116.000 0.728997
117.000 0.739449
118.000 0.739449
119.000 0.739449
120.000 0.719551
121.000 0.719551
122.000 0.719551
123.000 0.720226
124.000 0.721024
125.000 0.721039
126.000 0.717712
127.000 0.719562
128.000 0.720375
129.000 0.768990
130.000 0.720161
131.000 0.720161
132.000 0.720161
133.000 0.720161
134.000 0.717486
135.000 0.718820
136.000 0.719673
137.000 0.719673
138.000 0.661652
139.000 0.661652
140.000 0.719749
141.000 0.719749
142.000 0.721863
143.000 0.721863
144.000 0.702713
145.000 0.702713
146.000 0.706840
147.000 0.713801
148.000 0.714798
149.000 0.709969
150.000 0.658737
151.000 0.741425
152.000 0.741425
153.000 0.706207
154.000 0.706207
155.000 0.701088
156.000 0.701088
157.000 0.698980
158.000 0.679283
159.000 0.679283
160.000 0.694672
161.000 0.719414
162.000 0.699203
163.000 0.699203
164.000 0.723976
165.000 0.704215
166.000 0.689445
167.000 0.689445
168.000 0.689445
169.000 0.689445
170.000 0.728943
171.000 0.729412
172.000 0.729881
173.000 0.730240
174.000 0.729102
175.000 0.714081
176.000 0.640266
177.000 0.640266
178.000 0.678780
179.000 0.692722
180.000 0.718719
181.000 0.718719
182.000 0.719727
183.000 0.719727
184.000 0.637238
185.000 0.637238
186.000 0.711952
187.000 0.709045
188.000 0.709045
189.000 0.693904
190.000 0.671092
191.000 0.751389
192.000 0.718224
193.000 0.718224
194.000 0.721931
195.000 0.721931
196.000 0.721931
197.000 0.721931
198.000 0.723140
199.000 0.719986
200.000 0.716833
201.000 0.716309
202.000 0.717662
203.000 0.731560
204.000 0.717918
205.000 0.717918
206.000 0.708630
207.000 0.701675
208.000 0.651398
209.000 0.673813
210.000 0.673813
211.000 0.726712
212.000 0.746910
213.000 0.746910
214.000 0.746910
215.000 0.707347
216.000 0.720963
217.000 0.723856
218.000 0.718776
219.000 0.671997
220.000 0.711549
221.000 0.727830
222.000 0.712677
223.000 0.645515
224.000 0.645515
225.000 0.701050
226.000 0.670953
227.000 0.666481
228.000 0.681020
229.000 0.709488
230.000 0.714233
231.000 0.695244
232.000 0.695244
233.000 0.756493
234.000 0.744952
235.000 0.720749
236.000 0.707741
237.000 0.702408
238.000 0.717087
239.000 0.713894
240.000 0.707603
241.000 0.707603
242.000 0.716957
243.000 0.716957
244.000 0.709801
245.000 0.709868
246.000 0.711812
247.000 0.712593
248.000 0.727768
249.000 0.717201
250.000 0.738220
251.000 0.718079
252.000 0.718079
253.000 0.705078
254.000 0.705078
255.000 0.724162
256.000 0.733451
257.000 0.727608
258.000 0.707947
259.000 0.626549
260.000 0.626549
261.000 0.699516
262.000 0.699516
263.000 0.707888
264.000 0.721046
265.000 0.721046
266.000 0.721046
267.000 0.717659
268.000 0.717659
269.000 0.697777
270.000 0.713600
271.000 0.713600
272.000 0.722633
273.000 0.724335
274.000 0.724335
275.000 0.722099
276.000 0.722099
277.000 0.702614
278.000 0.702614
279.000 0.702614
280.000 0.733536
281.000 0.733536
282.000 0.685580
283.000 0.630699
284.000 0.731026
285.000 0.731026
286.000 0.718331
287.000 0.710060
288.000 0.710060
289.000 0.718170
290.000 0.718170
291.000 0.721471
292.000 0.729204
293.000 0.731430
294.000 0.731430
295.000 0.698134
296.000 0.672333
297.000 0.726082
298.000 0.726082
299.000 0.726082
300.000 0.712794
301.000 0.707699
302.000 0.702603
303.000 0.701820
304.000 0.719063
305.000 0.713203
306.000 0.713203
307.000 0.715738
308.000 0.719612
309.000 0.719612
310.000 0.719612
311.000 0.636292
312.000 0.636292
313.000 0.686417
314.000 0.686417
315.000 0.686417
316.000 0.731095
317.000 0.749298
318.000 0.697792
319.000 0.716873
320.000 0.716873
321.000 0.714714
322.000 0.716866
323.000 0.716896
324.000 0.716896
325.000 0.717682
326.000 0.717682
327.000 0.717682
328.000 0.727801
329.000 0.724710
330.000 0.714433
331.000 0.704842
332.000 0.721870
333.000 0.718760
334.000 0.719421
335.000 0.719355
336.000 0.718971
337.000 0.718971
338.000 0.735211
339.000 0.692749
340.000 0.692749
341.000 0.674408
342.000 0.674408
343.000 0.715115
344.000 0.720035
345.000 0.755486
346.000 0.102867
347.000 0.102867
348.000 0.102867
349.000 0.726227
350.000 0.726227
351.000 0.774811
352.000 0.774811
353.000 0.774811
354.000 0.745085
355.000 0.720734
356.000 0.720734
357.000 0.726318
358.000 0.726318
359.000 0.717720
