0.000 0.041756
1.000 0.041756
2.000 0.041756
3.000 0.041756
4.000 0.044932
5.000 0.056823
6.000 0.068714
7.000 0.080605
8.000 0.090767
9.000 0.090767
10.000 0.024475
11.000 0.024475
12.000 0.024475
13.000 0.024475
14.000 0.453674
15.000 0.453674
16.000 0.453674
17.000 0.543317
18.000 0.562135
19.000 0.562798
20.000 0.569176
21.000 0.569176
22.000 0.813087
23.000 1.054718
24.000 0.280548
25.000 0.280548
26.000 0.280548
27.000 0.280548
28.000 0.280548
29.000 0.280548
30.000 0.461609
31.000 0.461609
32.000 0.461609
33.000 0.461609
34.000 0.512160
35.000 0.573723
36.000 0.615936
37.000 0.615936
38.000 0.598159
39.000 0.538125
40.000 0.521439
41.000 0.521439
42.000 0.441765
43.000 0.397131
44.000 0.350106
45.000 0.343552
46.000 0.466713
47.000 0.368088
48.000 0.368088
49.000 0.242813
50.000 0.242813
51.000 0.240736
52.000 0.238191
53.000 0.236191
54.000 0.236191
55.000 0.236191
56.000 0.220819
57.000 0.222031
58.000 0.222031
59.000 0.222031
60.000 0.222031
61.000 0.276062
62.000 0.276062
63.000 0.276062
64.000 0.220413
65.000 0.220413
66.000 0.229309
67.000 0.229309
68.000 0.229309
69.000 0.229309
70.000 0.229309
71.000 0.284729
72.000 0.284729
73.000 0.284729
74.000 0.284729
75.000 0.377296
76.000 0.377296
77.000 0.377296
78.000 0.377296
79.000 0.377296
80.000 0.615813
81.000 0.547036
82.000 0.478259
83.000 0.409482
84.000 0.340706
85.000 0.319229
86.000 1.020454
87.000 1.020454
88.000 0.484383
89.000 0.273911
90.000 0.273911
91.000 0.273911
92.000 0.273911
93.000 0.273911
94.000 0.458046
95.000 0.132233
96.000 0.132233
97.000 0.132233
98.000 0.132233
99.000 0.132233
100.000 0.132233
101.000 0.132233
102.000 0.132233
103.000 0.132233
104.000 0.132233
105.000 0.132233
106.000 0.132233
107.000 0.506927
108.000 0.506927
109.000 0.506927
110.000 0.879959
111.000 0.879959
112.000 0.510565
113.000 0.411446
114.000 0.411446
115.000 0.389359
116.000 0.352248
117.000 0.317078
118.000 0.375015
119.000 0.555537
120.000 0.382866
121.000 0.361107
122.000 0.940598
123.000 0.927345
124.000 0.629547
125.000 0.871231
126.000 0.871231
127.000 0.820099
128.000 0.713554
129.000 0.713554
130.000 0.713554
131.000 0.793907
132.000 0.793907
133.000 0.892618
134.000 0.994888
135.000 0.994888
136.000 0.708397
137.000 0.708397
138.000 0.708397
139.000 0.708397
140.000 2.255516
141.000 2.255516
142.000 1.842324
143.000 0.833130
144.000 0.833130
145.000 0.833130
146.000 0.833130
147.000 2.007000
148.000 2.125633
149.000 1.150828
150.000 0.826302
151.000 0.826302
152.000 1.821785
153.000 1.821785
154.000 1.353086
155.000 0.706917
156.000 0.706917
157.000 0.706917
158.000 0.805862
159.000 0.805862
160.000 0.502655
161.000 0.418749
162.000 0.311668
163.000 1.372192
164.000 0.513603
165.000 0.513603
166.000 1.294174
167.000 0.784309
168.000 0.784309
169.000 0.784309
170.000 0.980217
171.000 0.799195
172.000 0.649902
173.000 0.966499
174.000 0.742950
175.000 0.742950
176.000 0.468010
177.000 0.468010
178.000 0.468010
179.000 0.468010
180.000 0.717473
181.000 0.814729
182.000 0.937088
183.000 1.008896
184.000 1.008896
185.000 1.008896
186.000 0.943344
187.000 0.943344
188.000 0.943344
189.000 0.850514
190.000 0.759758
191.000 0.759758
192.000 0.843040
193.000 0.843040
194.000 1.283459
195.000 1.677612
196.000 1.519398
197.000 0.911185
198.000 0.440750
199.000 0.440750
200.000 0.705434
201.000 0.915892
202.000 1.031288
203.000 0.522423
204.000 0.410309
205.000 0.410309
206.000 0.661865
207.000 0.661865
208.000 0.819917
209.000 0.892082
210.000 0.798805
211.000 0.798805
212.000 0.530083
213.000 0.530083
214.000 0.445030
215.000 0.445030
216.000 0.530144
217.000 0.315460
218.000 0.315460
219.000 0.315460
220.000 0.388382
221.000 0.388382
222.000 0.798706
223.000 0.798706
224.000 0.798706
225.000 0.798706
226.000 1.017339
227.000 1.110069
228.000 1.110069
229.000 1.135612
230.000 1.335709
231.000 1.335709
232.000 0.552391
233.000 0.552391
234.000 0.552391
235.000 1.702278
236.000 1.582451
237.000 1.365423
238.000 1.148395
239.000 0.931367
240.000 0.714340
241.000 0.497312
242.000 0.474457
243.000 0.796280
244.000 0.568115
245.000 0.568115
246.000 0.568115
247.000 0.418083
248.000 0.418083
249.000 0.715775
250.000 0.715775
251.000 0.719522
252.000 0.725861
253.000 0.731796
254.000 0.731796
255.000 0.566284
256.000 0.532561
257.000 0.493713
258.000 0.493713
259.000 1.140808
260.000 0.901611
261.000 0.714714
262.000 1.000885
263.000 1.000885
264.000 1.278979
265.000 1.287682
266.000 0.867233
267.000 0.482948
268.000 0.482948
269.000 0.482948
270.000 0.544800
271.000 0.544800
272.000 0.536469
273.000 0.449860
274.000 0.449860
275.000 0.449860
276.000 0.449860
277.000 0.842429
278.000 1.001514
279.000 1.004623
280.000 1.362274
281.000 1.655533
282.000 1.054956
283.000 0.877487
284.000 0.877487
285.000 0.525352
286.000 0.525352
287.000 0.889801
288.000 0.889801
289.000 0.889801
290.000 0.889801
291.000 0.937054
292.000 0.843170
293.000 0.836441
294.000 0.836441
295.000 0.836441
296.000 0.823913
297.000 0.746162
298.000 0.668411
299.000 0.590660
300.000 0.512909
301.000 0.437469
302.000 0.437469
303.000 0.359886
304.000 0.984047
305.000 1.062637
306.000 0.865269
307.000 0.688889
308.000 1.597275
309.000 1.597275
310.000 1.051308
311.000 1.051308
312.000 1.051308
313.000 0.830930
314.000 0.682442
315.000 0.682442
316.000 0.682442
317.000 0.682442
318.000 1.454995
319.000 1.565918
320.000 1.311385
321.000 0.569122
322.000 0.569122
323.000 0.871521
324.000 0.871521
325.000 0.529922
326.000 0.362000
327.000 0.362000
328.000 0.362000
329.000 0.681190
330.000 0.681190
331.000 0.681190
332.000 0.511078
333.000 0.678825
334.000 0.678825
335.000 0.770828
336.000 0.812279
337.000 0.812279
338.000 0.989378
339.000 1.176521
340.000 0.702042
341.000 0.702042
342.000 0.641997
343.000 0.609749
344.000 0.609749
345.000 0.969490
346.000 0.600723
347.000 0.600723
348.000 0.650620
349.000 0.650620
350.000 1.054123
351.000 1.054123
352.000 1.757568
353.000 1.012665
354.000 1.012665
355.000 0.996590
356.000 0.996590
357.000 0.996590
358.000 0.996590
359.000 0.701942
