0.000 0.099968
1.000 0.099968
2.000 0.099968
3.000 0.099968
4.000 0.099968
5.000 0.099968
6.000 0.099968
7.000 0.099968
8.000 0.099968
9.000 0.099968
10.000 0.099968
11.000 0.099968
12.000 0.096474
13.000 0.096474
14.000 0.096474
15.000 0.096474
16.000 0.096474
17.000 0.096474
18.000 2.365910
19.000 0.182388
20.000 0.182388
21.000 0.182388
22.000 0.182388
23.000 0.182388
24.000 0.182388
25.000 0.061852
26.000 0.061852
27.000 0.061852
28.000 0.061852
29.000 0.061852
30.000 0.061852
31.000 0.243603
32.000 0.128838
33.000 0.081482
34.000 0.081482
35.000 0.287112
36.000 1.034429
37.000 1.316494
38.000 0.712045
39.000 0.364403
40.000 0.055717
41.000 0.055717
42.000 0.055717
43.000 0.391471
44.000 0.245346
45.000 0.340016
46.000 0.913226
47.000 0.820289
48.000 0.356250
49.000 0.013313
50.000 0.013313
51.000 0.013313
52.000 0.013313
53.000 0.013313
54.000 0.013313
55.000 0.013313
56.000 0.013313
57.000 0.013313
58.000 0.013313
59.000 0.013313
60.000 0.057907
61.000 0.057907
62.000 0.057907
63.000 0.230052
64.000 0.227531
65.000 0.248711
66.000 0.096909
67.000 0.143860
68.000 0.149146
69.000 0.190070
70.000 0.197502
71.000 0.469546
72.000 0.408333
73.000 0.388332
74.000 0.451536
75.000 0.492470
76.000 0.142166
77.000 0.185457
78.000 0.436915
79.000 0.579813
80.000 0.614255
81.000 0.603374
82.000 0.507231
83.000 0.448491
84.000 0.321635
85.000 0.263340
86.000 0.291445
87.000 0.362184
88.000 0.536736
89.000 0.553302
90.000 0.632888
91.000 0.655544
92.000 0.652107
93.000 0.624444
94.000 0.512932
95.000 0.470836
96.000 0.510664
97.000 0.457554
98.000 0.340263
99.000 0.354150
100.000 0.385605
101.000 0.349957
102.000 0.212402
103.000 0.193886
104.000 0.193886
105.000 0.193886
106.000 0.193886
107.000 0.298080
108.000 0.298080
109.000 0.299185
110.000 0.304273
111.000 0.309360
112.000 0.312454
113.000 0.501762
114.000 0.409050
115.000 0.409050
116.000 0.369949
117.000 0.395839
118.000 0.541840
119.000 0.468533
120.000 0.359161
121.000 0.405022
122.000 0.405022
123.000 0.422327
124.000 0.468703
125.000 0.483986
126.000 0.459274
127.000 0.520124
128.000 0.754022
129.000 0.828552
130.000 0.443848
131.000 0.536530
132.000 0.536530
133.000 0.115242
134.000 0.115242
135.000 0.115242
136.000 0.097984
137.000 0.097984
138.000 0.097984
139.000 0.097984
140.000 0.097984
141.000 0.097984
142.000 0.478416
143.000 0.497956
144.000 0.570282
145.000 0.507231
146.000 0.251160
147.000 0.212524
148.000 0.088867
149.000 0.088867
150.000 0.275778
151.000 0.337234
152.000 0.464631
153.000 0.564855
154.000 0.825950
155.000 0.813880
156.000 0.620950
157.000 0.488631
158.000 0.327103
159.000 0.327103
160.000 0.327103
161.000 0.458046
162.000 0.406510
163.000 0.354975
164.000 0.543365
165.000 0.483099
166.000 0.451332
167.000 0.443825
168.000 0.422592
169.000 0.442621
170.000 0.496223
171.000 0.469281
172.000 0.370522
173.000 0.069336
174.000 0.069336
175.000 0.069353
176.000 0.180500
177.000 0.245590
178.000 0.280022
179.000 0.241341
180.000 0.167114
181.000 0.167114
182.000 0.215647
183.000 0.287422
184.000 0.287422
185.000 0.281566
186.000 0.258469
187.000 0.258469
188.000 0.242934
189.000 0.231422
190.000 0.231422
191.000 0.330139
192.000 0.330139
193.000 0.083092
194.000 0.083092
195.000 0.083092
196.000 0.083092
197.000 0.083092
198.000 0.184036
199.000 0.184036
200.000 0.294128
201.000 0.294128
202.000 0.483185
203.000 0.483185
204.000 0.594379
205.000 0.607193
206.000 0.083267
207.000 0.083267
208.000 0.083267
209.000 0.735770
210.000 0.596581
211.000 0.647752
212.000 0.848976
213.000 0.887446
214.000 1.031985
215.000 0.950929
216.000 0.670372
217.000 0.123260
218.000 0.123260
219.000 0.123260
220.000 0.123260
221.000 0.123260
222.000 0.123260
223.000 0.105833
224.000 0.064551
225.000 0.062256
226.000 0.062256
227.000 0.062256
228.000 0.062256
229.000 0.062256
230.000 0.062256
231.000 0.062256
232.000 0.062256
233.000 0.062256
234.000 0.062256
235.000 0.062256
236.000 0.064552
237.000 0.068052
238.000 0.071551
239.000 0.075051
240.000 0.078550
241.000 0.082050
242.000 0.085549
243.000 0.087685
244.000 0.087685
245.000 0.087685
246.000 0.087685
247.000 0.088359
248.000 0.154765
249.000 0.220688
250.000 0.220688
251.000 0.250587
252.000 0.257240
253.000 0.183899
254.000 0.344780
255.000 0.307014
256.000 0.291061
257.000 0.291061
258.000 0.430084
259.000 0.430084
260.000 0.287064
261.000 0.287064
262.000 0.241830
263.000 0.241478
264.000 0.241478
265.000 0.104668
266.000 0.104668
267.000 0.104668
268.000 0.104668
269.000 0.104668
270.000 0.104668
271.000 0.253350
272.000 0.247047
273.000 0.247047
274.000 0.247047
275.000 0.247047
276.000 0.254654
277.000 0.254654
278.000 0.254654
279.000 0.254654
280.000 0.250268
281.000 0.241788
282.000 0.233307
283.000 0.231209
284.000 0.231209
285.000 0.231209
286.000 0.231209
287.000 0.231209
288.000 0.227813
289.000 0.220756
290.000 0.213699
291.000 0.206642
292.000 0.199585
293.000 0.192528
294.000 0.185471
295.000 0.183784
296.000 0.256776
297.000 0.323135
298.000 0.389141
299.000 0.646568
300.000 0.590016
301.000 0.638489
302.000 0.443413
303.000 0.455307
304.000 0.773152
305.000 0.847969
306.000 0.735542
307.000 0.735542
308.000 1.043044
309.000 1.043510
310.000 1.026447
311.000 1.026348
312.000 1.152649
313.000 1.091917
314.000 0.469940
315.000 0.469940
316.000 0.469940
317.000 0.864090
318.000 0.864090
319.000 0.497650
320.000 0.497650
321.000 0.501865
322.000 0.662994
323.000 0.786713
324.000 0.786713
325.000 0.077370
326.000 0.077370
327.000 0.077370
328.000 0.077370
329.000 0.077370
330.000 0.077370
331.000 0.077370
332.000 0.077370
333.000 0.077370
334.000 0.077370
335.000 0.077370
336.000 0.495804
337.000 0.495804
338.000 0.500690
339.000 0.509321
340.000 0.517952
341.000 0.524117
342.000 0.419846
343.000 0.041473
344.000 0.041473
345.000 0.041473
346.000 0.041473
347.000 0.041473
348.000 0.041473
349.000 0.041473
350.000 0.279896
351.000 0.287636
352.000 0.400478
353.000 0.511185
354.000 0.325043
355.000 0.260269
356.000 0.211603
357.000 0.147750
358.000 0.118370
359.000 0.118370
