0.000 0.123619
1.000 0.123619
2.000 0.123619
3.000 0.123619
4.000 0.123619
5.000 0.458664
6.000 0.458664
7.000 0.458664
8.000 1.335297
9.000 2.485840
10.000 1.937780
11.000 1.073334
12.000 1.014088
13.000 0.883024
14.000 0.856667
15.000 0.149651
16.000 0.149651
17.000 0.149651
18.000 0.149651
19.000 0.149651
20.000 1.939192
21.000 1.779366
22.000 1.939028
23.000 2.170408
24.000 2.331467
25.000 2.225155
26.000 2.161133
27.000 2.071638
28.000 1.973835
29.000 2.126218
30.000 2.568809
31.000 3.011401
32.000 2.573123
33.000 2.034340
34.000 2.040239
35.000 2.048788
36.000 2.054390
37.000 2.384730
38.000 2.664978
39.000 1.156608
40.000 0.419563
41.000 0.419563
42.000 0.419563
43.000 0.237999
44.000 0.237999
45.000 0.237999
46.000 0.480907
47.000 1.019454
48.000 1.433365
49.000 2.017026
50.000 2.862860
51.000 2.636609
52.000 2.221889
53.000 2.124998
54.000 2.120592
55.000 2.069071
56.000 1.776827
57.000 1.484583
58.000 1.426565
59.000 1.345787
60.000 1.288666
61.000 0.809166
62.000 0.646477
63.000 0.186768
64.000 0.186768
65.000 0.186768
66.000 1.133626
67.000 1.646370
68.000 2.030643
69.000 2.443377
70.000 2.505021
71.000 2.479576
72.000 2.454131
73.000 1.799935
74.000 1.018913
75.000 1.491311
76.000 2.175903
77.000 2.768524
78.000 2.316627
79.000 1.969658
80.000 1.603464
81.000 1.210548
82.000 0.697773
83.000 0.160454
84.000 0.160454
85.000 0.160454
86.000 0.160454
87.000 0.160454
88.000 0.160454
89.000 0.160454
90.000 0.160454
91.000 1.368558
92.000 0.955882
93.000 0.832947
94.000 0.774804
95.000 0.742882
96.000 1.051623
97.000 1.498399
98.000 1.585687
99.000 1.553344
100.000 1.530182
101.000 1.889621
102.000 2.342278
103.000 1.701484
104.000 0.943321
105.000 0.984189
106.000 1.225951
107.000 1.231756
108.000 0.925517
109.000 0.812088
110.000 0.300379
111.000 0.082169
112.000 0.082169
113.000 0.082169
114.000 0.082169
115.000 0.082169
116.000 0.082169
117.000 1.800729
118.000 1.799387
119.000 1.656441
120.000 1.339514
121.000 1.165451
122.000 1.360961
123.000 1.473206
124.000 1.915420
125.000 2.391410
126.000 2.152654
127.000 1.346518
128.000 1.456232
129.000 1.768741
130.000 1.982910
131.000 1.227310
132.000 0.403357
133.000 0.145935
134.000 0.145935
135.000 0.145935
136.000 0.145935
137.000 0.145935
138.000 0.145935
139.000 0.145935
140.000 0.142403
141.000 0.142403
142.000 0.142403
143.000 0.142403
144.000 0.142403
145.000 1.715850
146.000 1.834769
147.000 1.759598
148.000 1.543112
149.000 1.382561
150.000 1.810854
151.000 2.436976
152.000 2.598273
153.000 2.765587
154.000 2.903038
155.000 0.611916
156.000 0.611916
157.000 1.098792
158.000 1.622291
159.000 1.589324
160.000 1.143982
161.000 1.143982
162.000 1.092393
163.000 0.995232
164.000 1.025830
165.000 1.264802
166.000 1.420959
167.000 1.337536
168.000 1.246941
169.000 1.618570
170.000 2.157131
171.000 2.363816
172.000 1.948041
173.000 1.532265
174.000 1.469838
175.000 1.400579
176.000 1.358885
177.000 1.278406
178.000 1.218613
179.000 1.114747
180.000 1.016319
181.000 1.037059
182.000 1.083142
183.000 1.105522
184.000 1.008454
185.000 0.904085
186.000 0.909135
187.000 1.003684
188.000 1.122120
189.000 1.766334
190.000 2.410547
191.000 2.363657
192.000 1.806154
193.000 1.538266
194.000 1.184398
195.000 0.993805
196.000 1.305446
197.000 1.706505
198.000 1.812330
199.000 1.965691
200.000 2.090019
201.000 2.241977
202.000 2.405718
203.000 2.537926
204.000 1.715506
205.000 1.131714
206.000 1.189741
207.000 1.252134
208.000 1.284988
209.000 1.284988
210.000 1.285285
211.000 1.287114
212.000 1.288536
213.000 0.878446
214.000 0.596512
215.000 0.596512
216.000 1.008791
217.000 1.429214
218.000 1.285642
219.000 1.077276
220.000 1.011055
221.000 1.585325
222.000 2.090553
223.000 2.308061
224.000 2.541929
225.000 2.650366
226.000 2.577334
227.000 2.549227
228.000 2.600184
229.000 2.651140
230.000 2.610562
231.000 2.459557
232.000 2.338768
233.000 2.509569
234.000 2.721733
235.000 2.574915
236.000 2.362763
237.000 2.278725
238.000 0.634712
239.000 0.634712
240.000 0.730895
241.000 0.814186
242.000 0.843300
243.000 0.997308
244.000 1.104073
245.000 1.438758
246.000 2.180785
247.000 1.481952
248.000 0.735855
249.000 0.735855
250.000 1.073616
251.000 1.073616
252.000 0.911403
253.000 0.721199
254.000 0.721199
255.000 0.723197
256.000 0.724060
257.000 0.852117
258.000 0.952133
259.000 0.906561
260.000 0.663620
261.000 0.663620
262.000 0.733195
263.000 0.821960
264.000 0.855492
265.000 0.956781
266.000 1.001541
267.000 0.921099
268.000 0.826302
269.000 1.111866
270.000 1.522725
271.000 1.820877
272.000 1.567193
273.000 1.363327
274.000 1.734472
275.000 2.133534
276.000 2.196504
277.000 1.113726
278.000 0.561813
279.000 0.927320
280.000 1.816539
281.000 2.089987
282.000 2.388951
283.000 2.687914
284.000 2.787993
285.000 2.801315
286.000 2.600653
287.000 2.106925
288.000 1.709618
289.000 1.647726
290.000 1.558034
291.000 1.695771
292.000 1.895785
293.000 2.046135
294.000 1.445128
295.000 1.058434
296.000 1.138765
297.000 1.634510
298.000 1.862281
299.000 2.149535
300.000 2.436789
301.000 2.551886
302.000 2.292724
303.000 2.187463
304.000 1.996459
305.000 1.838432
306.000 1.189440
307.000 0.773178
308.000 0.773178
309.000 1.184655
310.000 1.336731
311.000 1.404342
312.000 1.477669
313.000 1.512169
314.000 1.304968
315.000 1.102837
316.000 1.497992
317.000 1.927023
318.000 2.229804
319.000 2.350674
320.000 2.415002
321.000 2.411152
322.000 2.407301
323.000 2.197693
324.000 1.734972
325.000 1.346687
326.000 1.629219
327.000 2.041648
328.000 2.047627
329.000 2.017660
330.000 1.991272
331.000 1.991272
332.000 1.991272
333.000 1.991272
334.000 1.991272
335.000 2.008035
336.000 2.120508
337.000 2.208417
338.000 2.363107
339.000 2.517797
340.000 2.660669
341.000 2.917366
342.000 3.147781
343.000 2.456486
344.000 1.459816
345.000 1.750540
346.000 2.308505
347.000 2.866471
348.000 2.879669
349.000 2.879669
350.000 2.879669
351.000 2.879669
352.000 2.738859
353.000 1.910767
354.000 1.082675
355.000 0.913254
356.000 1.156978
357.000 1.061938
358.000 0.633141
359.000 0.460739
