0.000 0.146477
1.000 0.146477
2.000 0.146477
3.000 0.146477
4.000 0.146477
5.000 2.997274
6.000 2.330987
7.000 1.664699
8.000 1.811547
9.000 2.156338
10.000 1.133774
11.000 2.594337
12.000 2.638840
13.000 1.638680
14.000 1.412155
15.000 1.412155
16.000 0.684509
17.000 0.684509
18.000 0.684509
19.000 0.962410
20.000 0.962410
21.000 0.965693
22.000 1.792938
23.000 1.792938
24.000 2.592049
25.000 2.221542
26.000 1.528099
27.000 1.565523
28.000 1.740450
29.000 1.747025
30.000 1.779663
31.000 1.815910
32.000 0.923973
33.000 0.923973
34.000 0.923973
35.000 1.316644
36.000 1.775696
37.000 1.775696
38.000 1.119431
39.000 1.119431
40.000 1.365442
41.000 1.513382
42.000 1.513382
43.000 1.749367
44.000 1.749367
45.000 2.281837
46.000 2.281837
47.000 2.025797
48.000 0.448776
49.000 0.448776
50.000 0.448776
51.000 0.448776
52.000 0.448776
53.000 0.448776
54.000 0.448776
55.000 0.527488
56.000 0.666568
57.000 0.805649
58.000 0.831352
59.000 0.831352
60.000 1.474116
61.000 1.598831
62.000 2.012115
63.000 1.925232
64.000 1.925232
65.000 1.925232
66.000 1.685730
67.000 1.206650
68.000 1.206650
69.000 1.396240
70.000 1.396240
71.000 1.702934
72.000 1.954346
73.000 1.954346
74.000 1.882349
75.000 1.766026
76.000 1.716568
77.000 1.716568
78.000 1.716568
79.000 1.307290
80.000 1.354076
81.000 1.394768
82.000 1.394768
83.000 1.394768
84.000 0.493561
85.000 0.493561
86.000 0.493561
87.000 1.133202
88.000 1.120807
89.000 1.037588
90.000 0.954368
91.000 0.892395
92.000 0.892395
93.000 0.484627
94.000 0.484627
95.000 0.484627
96.000 0.484627
97.000 0.484627
98.000 0.484627
99.000 0.489017
100.000 0.446307
101.000 0.403598
102.000 0.394226
103.000 0.394226
104.000 0.361531
105.000 0.261526
106.000 0.252754
107.000 0.341774
108.000 0.314143
109.000 0.245056
110.000 0.200188
111.000 0.408775
112.000 0.370152
113.000 0.292763
114.000 0.292763
115.000 0.292763
116.000 0.474586
117.000 0.398865
118.000 0.398865
119.000 0.398865
120.000 0.415567
121.000 0.433754
122.000 0.433754
123.000 0.829292
124.000 0.576263
125.000 0.576263
126.000 0.438004
127.000 0.441643
128.000 0.441643
129.000 0.441643
130.000 0.511208
131.000 0.506729
132.000 0.506729
133.000 0.907534
134.000 0.603142
135.000 0.603142
136.000 0.603142
137.000 0.987511
138.000 0.936859
139.000 0.936859
140.000 0.352303
141.000 0.352303
142.000 0.352303
143.000 0.352303
144.000 0.562820
145.000 0.562820
146.000 0.597244
147.000 0.948151
148.000 0.948151
149.000 2.050583
150.000 1.110550
151.000 1.110550
152.000 1.692833
153.000 1.352257
154.000 2.078537
155.000 2.078537
156.000 2.961868
157.000 2.550544
158.000 2.044250
159.000 2.044250
160.000 1.755592
161.000 1.757685
162.000 2.176292
163.000 0.982185
164.000 0.982185
165.000 0.729233
166.000 0.729233
167.000 0.729233
168.000 0.729233
169.000 2.410706
170.000 2.410706
171.000 1.611656
172.000 1.611656
173.000 1.161369
174.000 1.161369
175.000 1.161369
176.000 1.312694
177.000 1.323639
178.000 1.228126
179.000 0.554924
180.000 0.554924
181.000 0.554924
182.000 1.573631
183.000 0.709877
184.000 0.709877
185.000 1.437309
186.000 1.033432
187.000 1.033432
188.000 1.033432
189.000 0.938202
190.000 0.938202
191.000 0.938202
192.000 1.638216
193.000 1.915764
194.000 1.915764
195.000 2.461044
196.000 2.482277
197.000 1.513748
198.000 1.513748
199.000 1.513748
200.000 1.953290
201.000 2.111855
202.000 2.111855
203.000 1.198311
204.000 1.198311
205.000 1.198311
206.000 1.198311
207.000 2.318352
208.000 2.318352
209.000 2.318352
210.000 0.874855
211.000 0.874855
212.000 0.874855
213.000 0.981289
214.000 1.160706
215.000 1.160706
216.000 1.160706
217.000 0.851540
218.000 0.851540
219.000 0.700300
220.000 0.558266
221.000 0.558266
222.000 0.558266
223.000 0.809700
224.000 0.778351
225.000 0.778351
226.000 0.778351
227.000 0.935249
228.000 0.935249
229.000 0.729843
230.000 0.729843
231.000 0.746674
232.000 1.346278
233.000 1.966225
234.000 1.759697
235.000 2.170448
236.000 1.768311
237.000 1.113617
238.000 1.113617
239.000 1.113617
240.000 0.769913
241.000 0.769913
242.000 0.769913
243.000 0.523720
244.000 0.523720
245.000 0.523720
246.000 0.523720
247.000 1.007683
248.000 1.007683
249.000 1.007683
250.000 0.731270
251.000 0.731270
252.000 0.881653
253.000 0.905571
254.000 0.905571
255.000 0.708046
256.000 0.708046
257.000 0.708046
258.000 0.837773
259.000 0.996181
260.000 1.057678
261.000 1.504654
262.000 1.192345
263.000 1.581001
264.000 0.724464
265.000 0.724464
266.000 0.724464
267.000 0.724464
268.000 0.791992
269.000 0.791992
270.000 0.791992
271.000 0.791992
272.000 0.846043
273.000 0.850418
274.000 0.850418
275.000 0.850418
276.000 1.041100
277.000 1.041100
278.000 0.928794
279.000 0.897873
280.000 0.897873
281.000 0.746928
282.000 0.548882
283.000 0.845253
284.000 1.421394
285.000 0.337990
286.000 0.337990
287.000 0.337990
288.000 0.337990
289.000 1.122696
290.000 1.122696
291.000 1.111846
292.000 1.108917
293.000 1.108917
294.000 0.969612
295.000 0.969612
296.000 1.552902
297.000 1.552902
298.000 1.552902
299.000 1.552902
300.000 1.493065
301.000 1.526073
302.000 1.559081
303.000 1.592090
304.000 1.595619
305.000 1.595619
306.000 1.595619
307.000 1.321243
308.000 1.321243
309.000 1.321243
310.000 1.321243
311.000 1.321243
312.000 1.342061
313.000 1.495295
314.000 1.648529
315.000 1.801762
316.000 1.804199
317.000 1.788795
318.000 1.769577
319.000 0.899551
320.000 0.899551
321.000 0.625122
322.000 0.625122
323.000 1.426834
324.000 1.035477
325.000 1.035477
326.000 1.134476
327.000 1.134476
328.000 1.134476
329.000 1.134476
330.000 1.134476
331.000 0.726959
332.000 0.726959
333.000 0.726959
334.000 0.726959
335.000 0.742874
336.000 0.742874
337.000 0.742874
338.000 0.742874
339.000 0.757544
340.000 0.778000
341.000 0.778000
342.000 0.778000
343.000 0.778000
344.000 0.803520
345.000 0.803520
346.000 0.803520
347.000 0.694008
348.000 0.694008
349.000 0.694008
350.000 0.694008
351.000 0.755363
352.000 0.755363
353.000 0.955193
354.000 0.955193
355.000 0.737640
356.000 0.737640
357.000 1.205948
358.000 1.205948
359.000 0.594612
