0.000 0.062340
1.000 0.062340
2.000 0.062340
3.000 0.062340
4.000 0.062340
5.000 0.062340
6.000 0.062340
7.000 0.062340
8.000 0.062340
9.000 1.172255
10.000 1.701439
11.000 1.574516
12.000 1.495880
13.000 1.520005
14.000 1.524994
15.000 1.557984
16.000 1.321892
17.000 1.321892
18.000 1.649948
19.000 1.649948
20.000 1.669342
21.000 1.669342
22.000 1.669342
23.000 1.412544
24.000 1.412544
25.000 1.412544
26.000 0.875473
27.000 0.875473
28.000 0.875473
29.000 0.875473
30.000 0.910122
31.000 0.973953
32.000 0.973953
33.000 0.973953
34.000 0.981602
35.000 1.000705
36.000 1.002975
37.000 1.057899
38.000 1.343384
39.000 1.343384
40.000 1.588364
41.000 1.588364
42.000 2.715988
43.000 2.576691
44.000 2.476105
45.000 2.476105
46.000 2.693878
47.000 2.693878
48.000 2.358635
49.000 2.358635
50.000 2.358635
51.000 2.695549
52.000 2.695549
53.000 2.695549
54.000 0.689519
55.000 0.183418
56.000 0.183418
57.000 0.183418
58.000 0.183418
59.000 0.183418
60.000 0.183418
61.000 1.331207
62.000 1.722173
63.000 2.431166
64.000 2.885330
65.000 2.712524
66.000 2.712524
67.000 2.712524
68.000 2.325447
69.000 2.353316
70.000 2.367455
71.000 2.379105
72.000 2.665009
73.000 1.430984
74.000 1.430984
75.000 1.496574
76.000 1.496574
77.000 1.496574
78.000 1.865608
79.000 1.865608
80.000 1.993515
81.000 1.993515
82.000 1.992035
83.000 1.992035
84.000 1.992035
85.000 1.992035
86.000 2.123444
87.000 2.123444
88.000 2.123444
89.000 2.123444
90.000 2.012421
91.000 1.949158
92.000 1.949158
93.000 1.955653
94.000 1.990852
95.000 1.990852
96.000 2.072273
97.000 1.990136
98.000 1.225625
99.000 1.191460
100.000 1.191460
101.000 1.656364
102.000 1.625595
103.000 1.625595
104.000 1.888630
105.000 1.919876
106.000 1.919876
107.000 1.364189
108.000 1.364189
109.000 1.586647
110.000 1.648697
111.000 1.811485
112.000 1.091270
113.000 1.091270
114.000 1.515099
115.000 1.540603
116.000 1.621353
117.000 0.727771
118.000 0.188911
119.000 0.188911
120.000 0.188911
121.000 0.188911
122.000 0.235783
123.000 0.303215
124.000 0.303215
125.000 1.376240
126.000 1.619003
127.000 1.405380
128.000 1.576828
129.000 1.747292
130.000 1.667994
131.000 1.666084
132.000 1.666084
133.000 1.899483
134.000 1.899483
135.000 1.899483
136.000 1.943535
137.000 1.943535
138.000 1.703964
139.000 1.703964
140.000 2.094223
141.000 2.094223
142.000 2.094223
143.000 1.763474
144.000 1.763474
145.000 1.763474
146.000 1.788928
147.000 1.842579
148.000 1.867790
149.000 1.867790
150.000 1.867790
151.000 1.872829
152.000 1.873413
153.000 1.593346
154.000 1.582481
155.000 1.957603
156.000 1.950859
157.000 1.922689
158.000 1.919647
159.000 1.919647
160.000 1.967523
161.000 2.030678
162.000 2.030678
163.000 2.069382
164.000 2.069382
165.000 2.069382
166.000 1.222067
167.000 1.038971
168.000 1.038971
169.000 1.038971
170.000 1.897788
171.000 1.874952
172.000 1.867638
173.000 1.551453
174.000 1.513252
175.000 1.513252
176.000 1.653015
177.000 1.637149
178.000 1.519129
179.000 1.401108
180.000 1.283088
181.000 1.165068
182.000 1.072670
183.000 1.316788
184.000 1.805274
185.000 1.772851
186.000 1.869947
187.000 1.408463
188.000 1.724411
189.000 1.680199
190.000 1.680199
191.000 1.421455
192.000 1.900948
193.000 1.962624
194.000 1.962624
195.000 1.861137
196.000 1.861137
197.000 1.869752
198.000 1.869850
199.000 1.869850
200.000 1.973068
201.000 1.973068
202.000 1.973068
203.000 1.887652
204.000 1.805702
205.000 1.805702
206.000 1.805702
207.000 1.805702
208.000 1.430550
209.000 1.430550
210.000 1.430550
211.000 1.580995
212.000 2.043549
213.000 2.043549
214.000 1.593277
215.000 1.593277
216.000 1.593277
217.000 1.687790
218.000 1.617447
219.000 1.617447
220.000 1.617447
221.000 1.834023
222.000 1.840088
223.000 1.840088
224.000 1.839828
225.000 1.839828
226.000 2.002518
227.000 1.988484
228.000 1.955902
229.000 1.640694
230.000 1.916031
231.000 1.896954
232.000 1.767197
233.000 1.767197
234.000 1.815254
235.000 1.815254
236.000 1.776911
237.000 1.489563
238.000 1.202214
239.000 0.914865
240.000 0.627517
241.000 0.489868
242.000 1.229904
243.000 1.229904
244.000 1.374390
245.000 1.718948
246.000 1.718948
247.000 1.857887
248.000 1.928543
249.000 1.929000
250.000 1.929184
251.000 1.870705
252.000 1.870705
253.000 1.113762
254.000 1.113762
255.000 1.113762
256.000 1.030228
257.000 1.030228
258.000 1.030228
259.000 1.285409
260.000 1.757523
261.000 1.757523
262.000 1.839561
263.000 1.839561
264.000 2.275177
265.000 2.485543
266.000 2.585258
267.000 2.642609
268.000 2.628471
269.000 2.628471
270.000 2.544762
271.000 2.544762
272.000 2.544762
273.000 2.422273
274.000 2.394424
275.000 2.651306
276.000 2.651306
277.000 2.443069
278.000 2.414581
279.000 2.414581
280.000 2.431740
281.000 2.431740
282.000 2.270416
283.000 2.270416
284.000 2.284996
285.000 2.284996
286.000 2.284996
287.000 2.524513
288.000 2.524513
289.000 2.590103
290.000 2.590103
291.000 2.608239
292.000 2.685951
293.000 2.530289
294.000 2.530289
295.000 2.530289
296.000 2.682752
297.000 2.678536
298.000 2.674319
299.000 2.670102
300.000 2.665886
301.000 2.661669
302.000 2.657452
303.000 2.654305
304.000 2.559181
305.000 2.350876
306.000 2.449036
307.000 2.449036
308.000 3.050728
309.000 3.050728
310.000 2.746208
311.000 2.631409
312.000 2.631409
313.000 2.131058
314.000 2.479858
315.000 2.479858
316.000 2.479858
317.000 2.479858
318.000 2.479858
319.000 2.262253
320.000 2.262253
321.000 2.262253
322.000 2.262253
323.000 2.357079
324.000 2.465397
325.000 2.493973
326.000 2.373283
327.000 2.009583
328.000 1.576851
329.000 1.996131
330.000 2.693901
331.000 2.693901
332.000 2.051880
333.000 2.051880
334.000 2.051880
335.000 1.900293
336.000 1.718630
337.000 1.536966
338.000 1.355303
339.000 1.293259
340.000 0.609680
341.000 0.609680
342.000 0.609680
343.000 0.609680
344.000 0.609680
345.000 0.609680
346.000 0.609680
347.000 2.299877
348.000 2.223206
349.000 2.146534
350.000 2.069863
351.000 1.993191
352.000 1.916519
353.000 1.839848
354.000 1.763176
355.000 1.686505
356.000 1.609833
357.000 1.533161
358.000 1.456490
359.000 1.379818
