0.000 0.122833
1.000 0.189453
2.000 0.189453
3.000 0.189453
4.000 0.189453
5.000 0.189453
6.000 0.884621
7.000 0.856111
8.000 0.843262
9.000 0.892418
10.000 0.892418
11.000 0.875038
12.000 0.875038
13.000 0.870144
14.000 0.855042
15.000 0.855042
16.000 0.855042
17.000 0.855042
18.000 0.835182
19.000 0.789138
20.000 0.758087
21.000 0.758087
22.000 0.758087
23.000 0.917087
24.000 0.918747
25.000 0.918747
26.000 0.918747
27.000 0.918747
28.000 0.918747
29.000 0.918747
30.000 0.893552
31.000 0.893300
32.000 0.893048
33.000 0.892797
34.000 0.892545
35.000 0.886677
36.000 0.846236
37.000 0.836670
38.000 0.896872
39.000 0.899109
40.000 0.839165
41.000 0.853205
42.000 0.802528
43.000 0.836540
44.000 0.895813
45.000 0.773506
46.000 0.891960
47.000 0.892069
48.000 0.892960
49.000 0.900757
50.000 0.900757
51.000 0.893028
52.000 0.892993
53.000 0.892944
54.000 0.851059
55.000 0.884239
56.000 0.927750
57.000 0.898109
58.000 0.894524
59.000 0.870486
60.000 0.866631
61.000 0.866631
62.000 0.810699
63.000 0.810699
64.000 0.894645
65.000 0.934402
66.000 0.924833
67.000 0.889427
68.000 0.914780
69.000 0.917821
70.000 0.917236
71.000 0.917236
72.000 0.891150
73.000 0.893063
74.000 0.892451
75.000 0.887496
76.000 0.896355
77.000 0.909622
78.000 0.903289
79.000 0.888016
80.000 0.917168
81.000 0.917168
82.000 0.898224
83.000 0.898224
84.000 0.923943
85.000 0.890190
86.000 0.890190
87.000 0.896111
88.000 0.896111
89.000 0.891928
90.000 0.884771
91.000 0.896329
92.000 0.917236
93.000 0.917236
94.000 0.899773
95.000 0.801323
96.000 0.801323
97.000 0.862557
98.000 0.888466
99.000 0.794319
100.000 0.794319
101.000 0.871666
102.000 0.871666
103.000 0.871666
104.000 0.871666
105.000 0.869863
106.000 0.854015
107.000 0.840370
108.000 0.840370
109.000 0.919678
110.000 0.919678
111.000 0.801384
112.000 0.918159
113.000 0.918159
114.000 0.863678
115.000 0.870223
116.000 0.889114
117.000 0.889114
118.000 0.889989
119.000 0.893430
120.000 0.856277
121.000 0.891525
122.000 0.891525
123.000 0.893066
124.000 0.796570
125.000 0.796570
126.000 0.892509
127.000 0.892509
128.000 0.892509
129.000 0.894575
130.000 0.897216
131.000 0.897423
132.000 0.890022
133.000 0.890022
134.000 0.894478
135.000 0.887083
136.000 0.876823
137.000 0.876823
138.000 0.902290
139.000 0.902290
140.000 0.894020
141.000 0.894020
142.000 0.832413
143.000 0.832413
144.000 0.871078
145.000 0.888817
146.000 0.889373
147.000 0.893066
148.000 0.893066
149.000 0.878670
150.000 0.878670
151.000 0.894920
152.000 0.894920
153.000 0.908798
154.000 0.908798
155.000 0.895210
156.000 0.895210
157.000 0.895112
158.000 0.894993
159.000 0.894874
160.000 0.787834
161.000 0.894455
162.000 0.894455
163.000 0.894455
164.000 0.868808
165.000 0.852580
166.000 0.836353
167.000 0.836090
168.000 0.888214
169.000 0.888214
170.000 0.900101
171.000 0.900101
172.000 0.903252
173.000 0.903252
174.000 0.899330
175.000 0.893555
176.000 0.893555
177.000 0.871660
178.000 0.838905
179.000 0.838905
180.000 0.838905
181.000 0.838905
182.000 0.838905
183.000 0.876769
184.000 0.887498
185.000 0.898227
186.000 0.908956
187.000 0.917519
188.000 0.862862
189.000 0.862862
190.000 0.869690
191.000 0.853563
192.000 0.834846
193.000 0.844300
194.000 0.894157
195.000 0.865732
196.000 0.789688
197.000 0.893486
198.000 0.893486
199.000 0.832359
200.000 0.832359
201.000 0.896469
202.000 0.896469
203.000 0.895502
204.000 0.892876
205.000 0.892876
206.000 0.892876
207.000 0.897082
208.000 0.899552
209.000 0.902021
210.000 0.902954
211.000 0.841782
212.000 0.894196
213.000 0.894196
214.000 0.893774
215.000 0.893150
216.000 0.893150
217.000 0.891535
218.000 0.889671
219.000 0.941711
220.000 0.941711
221.000 0.939754
222.000 0.921994
223.000 0.904739
224.000 0.904739
225.000 0.912285
226.000 0.912285
227.000 0.840347
228.000 0.840347
229.000 0.842098
230.000 0.880829
231.000 0.890877
232.000 0.892357
233.000 0.893471
234.000 0.854897
235.000 0.854897
236.000 0.868729
237.000 0.868729
238.000 0.893250
239.000 0.893250
240.000 0.896977
241.000 0.899651
242.000 0.793266
243.000 0.890862
244.000 0.890862
245.000 0.893980
246.000 0.894478
247.000 0.894478
248.000 0.894478
249.000 0.899200
250.000 0.899200
251.000 0.899200
252.000 0.905572
253.000 0.923359
254.000 0.941145
255.000 0.948364
256.000 0.905968
257.000 0.905968
258.000 0.899651
259.000 0.899651
260.000 0.895027
261.000 0.895027
262.000 0.895027
263.000 0.896078
264.000 0.898634
265.000 0.900894
266.000 0.900894
267.000 0.889427
268.000 0.912446
269.000 0.937546
270.000 0.892036
271.000 0.929688
272.000 0.865860
273.000 0.874149
274.000 0.887611
275.000 0.894470
276.000 0.894470
277.000 0.887794
278.000 0.887794
279.000 0.890767
280.000 0.893066
281.000 0.893066
282.000 0.893230
283.000 0.894165
284.000 0.894165
285.000 0.771606
286.000 0.771606
287.000 0.771606
288.000 0.846802
289.000 0.910713
290.000 0.894661
291.000 0.895515
292.000 0.895515
293.000 0.705026
294.000 0.651848
295.000 0.557912
296.000 0.418991
297.000 0.418991
298.000 0.411389
299.000 0.370118
300.000 0.328848
301.000 0.311409
302.000 0.311409
303.000 0.276902
304.000 0.231056
305.000 0.231056
306.000 0.402679
307.000 0.154953
308.000 0.154953
309.000 0.551659
310.000 0.741928
311.000 0.900773
312.000 0.892899
313.000 0.908173
314.000 0.908173
315.000 0.894599
316.000 0.894157
317.000 0.765007
318.000 0.765007
319.000 0.851327
320.000 0.857932
321.000 0.860580
322.000 0.860580
323.000 0.860580
324.000 0.861164
325.000 0.845566
326.000 0.845566
327.000 0.909462
328.000 0.909462
329.000 0.895725
330.000 0.893318
331.000 0.893318
332.000 0.883280
333.000 0.846269
334.000 0.833275
335.000 0.889046
336.000 0.889381
337.000 0.904282
338.000 0.904282
339.000 0.835114
340.000 0.835114
341.000 0.844503
342.000 0.896263
343.000 0.896263
344.000 0.773300
345.000 0.773300
346.000 0.773300
347.000 0.842261
348.000 0.833275
349.000 0.833275
350.000 0.859662
351.000 0.898994
352.000 0.908272
353.000 0.921623
354.000 0.911774
355.000 0.895248
356.000 0.834892
357.000 0.834892
358.000 0.907005
359.000 0.907005
