0.000 0.096222
1.000 0.096222
2.000 0.096222
3.000 0.096222
4.000 0.096222
5.000 0.096222
6.000 1.062965
7.000 0.998863
8.000 1.271912
9.000 2.788948
10.000 2.606030
11.000 2.033842
12.000 1.820511
13.000 1.820511
14.000 1.820511
15.000 1.820511
16.000 1.539130
17.000 0.823853
18.000 0.763403
19.000 0.578926
20.000 0.699007
21.000 1.321519
22.000 0.721207
23.000 1.738861
24.000 2.172440
25.000 2.414167
26.000 2.672600
27.000 2.770342
28.000 2.875397
29.000 2.516219
30.000 2.203865
31.000 1.835923
32.000 1.418846
33.000 1.902554
34.000 2.326088
35.000 2.210055
36.000 2.129066
37.000 2.337778
38.000 2.554527
39.000 2.184697
40.000 1.973602
41.000 2.278806
42.000 2.492714
43.000 3.013311
44.000 3.446838
45.000 2.902995
46.000 2.624313
47.000 2.621010
48.000 2.617081
49.000 2.398956
50.000 2.321602
51.000 2.513902
52.000 2.526047
53.000 1.119858
54.000 1.119858
55.000 2.657942
56.000 3.225418
57.000 2.978351
58.000 2.753433
59.000 1.749710
60.000 1.749710
61.000 1.822144
62.000 1.822144
63.000 1.715144
64.000 1.645752
65.000 1.393517
66.000 1.393517
67.000 1.990513
68.000 2.220016
69.000 1.909500
70.000 1.909500
71.000 2.733942
72.000 2.826569
73.000 3.089661
74.000 3.089661
75.000 2.741402
76.000 2.741402
77.000 2.174828
78.000 2.174828
79.000 3.106248
80.000 3.874229
81.000 4.180717
82.000 4.180717
83.000 3.845711
84.000 3.845711
85.000 2.367264
86.000 2.367264
87.000 2.931847
88.000 2.931847
89.000 2.140320
90.000 2.140320
91.000 3.332497
92.000 3.332497
93.000 3.272195
94.000 3.199864
95.000 3.162453
96.000 4.109085
97.000 4.186479
98.000 4.304359
99.000 3.770821
100.000 3.770821
101.000 4.069069
102.000 4.210747
103.000 4.650391
104.000 5.110153
105.000 5.486493
106.000 5.936831
107.000 6.078987
108.000 6.078987
109.000 5.171929
110.000 3.774391
111.000 0.387215
112.000 0.387215
113.000 0.387215
114.000 0.387215
115.000 0.387215
116.000 0.387215
117.000 3.393158
118.000 3.298546
119.000 3.070190
120.000 2.691139
121.000 2.615805
122.000 2.597099
123.000 2.852545
124.000 3.052887
125.000 3.176565
126.000 3.391401
127.000 3.453438
128.000 3.453438
129.000 3.513261
130.000 3.613857
131.000 3.750000
132.000 3.958905
133.000 2.849594
134.000 2.849594
135.000 0.242676
136.000 0.242676
137.000 0.391370
138.000 0.989300
139.000 1.118266
140.000 1.209068
141.000 1.725014
142.000 2.615730
143.000 2.097083
144.000 1.397812
145.000 0.065155
146.000 0.065155
147.000 0.065155
148.000 0.065155
149.000 0.065155
150.000 0.065155
151.000 0.065155
152.000 0.065155
153.000 0.065155
154.000 0.065155
155.000 0.065155
156.000 0.065155
157.000 2.352668
158.000 2.464714
159.000 2.594866
160.000 2.759247
161.000 2.665744
162.000 2.503324
163.000 2.641773
164.000 2.891395
165.000 2.457012
166.000 1.583738
167.000 2.148110
168.000 3.138264
169.000 3.206175
170.000 2.905586
171.000 2.746854
172.000 2.559408
173.000 2.677671
174.000 2.869919
175.000 2.549169
176.000 1.992004
177.000 2.287095
178.000 2.908327
179.000 3.099442
180.000 3.099442
181.000 2.822925
182.000 2.522217
183.000 2.457994
184.000 2.378723
185.000 2.208545
186.000 1.921414
187.000 1.759083
188.000 1.534370
189.000 1.942597
190.000 2.661708
191.000 2.691386
192.000 2.680634
193.000 2.715344
194.000 2.773809
195.000 1.509218
196.000 0.283920
197.000 0.283920
198.000 0.283920
199.000 2.509669
200.000 2.639171
201.000 2.230117
202.000 1.537872
203.000 1.666568
204.000 1.861282
205.000 2.223869
206.000 2.807419
207.000 2.506953
208.000 2.090036
209.000 2.061894
210.000 2.119621
211.000 1.607432
212.000 1.331749
213.000 1.815967
214.000 2.471725
215.000 2.840508
216.000 2.840508
217.000 2.723711
218.000 2.602058
219.000 2.403013
220.000 2.358536
221.000 3.057114
222.000 3.057114
223.000 2.932340
224.000 2.836136
225.000 2.683005
226.000 2.572792
227.000 2.397744
228.000 2.147293
229.000 2.562417
230.000 2.899048
231.000 2.761391
232.000 2.761391
233.000 2.010919
234.000 2.000870
235.000 2.563881
236.000 2.995689
237.000 3.269154
238.000 3.288177
239.000 2.613739
240.000 2.261574
241.000 2.280183
242.000 2.307283
243.000 2.319077
244.000 2.319077
245.000 2.864171
246.000 3.389763
247.000 3.435672
248.000 3.475769
249.000 3.328438
250.000 3.204987
251.000 2.825881
252.000 2.764450
253.000 2.284463
254.000 1.634575
255.000 1.854253
256.000 2.185493
257.000 2.275717
258.000 2.362350
259.000 2.184344
260.000 1.887509
261.000 1.575787
262.000 1.528992
263.000 1.382851
264.000 1.382851
265.000 1.369904
266.000 1.369904
267.000 1.529154
268.000 1.615166
269.000 1.476877
270.000 1.251907
271.000 1.433589
272.000 1.555191
273.000 1.114693
274.000 1.114693
275.000 1.490053
276.000 1.616692
277.000 1.910892
278.000 2.276878
279.000 2.262168
280.000 2.248383
281.000 2.250207
282.000 2.251991
283.000 2.009953
284.000 1.911285
285.000 1.811097
286.000 1.637063
287.000 1.568962
288.000 1.478020
289.000 1.413407
290.000 1.358543
291.000 1.303293
292.000 1.248856
293.000 1.580332
294.000 2.138672
295.000 2.172192
296.000 2.041771
297.000 2.046933
298.000 2.055107
299.000 1.869047
300.000 1.555646
301.000 1.642978
302.000 1.897755
303.000 1.980202
304.000 1.980202
305.000 2.087298
306.000 2.267690
307.000 1.936977
308.000 1.372459
309.000 1.699903
310.000 2.267710
311.000 2.415151
312.000 2.429016
313.000 2.367650
314.000 2.364258
315.000 2.214792
316.000 1.963033
317.000 1.859544
318.000 1.700298
319.000 2.059780
320.000 2.724307
321.000 2.901131
322.000 2.910049
323.000 2.712940
324.000 2.380235
325.000 2.568814
326.000 2.950083
327.000 2.711935
328.000 2.173047
329.000 2.194622
330.000 2.264296
331.000 2.221867
332.000 2.140000
333.000 2.381123
334.000 2.799957
335.000 2.771995
336.000 2.585782
337.000 2.710338
338.000 2.925690
339.000 2.351574
340.000 1.350819
341.000 1.200974
342.000 1.270274
343.000 1.285690
344.000 1.285690
345.000 1.723341
346.000 2.486221
347.000 2.402743
348.000 2.181941
349.000 2.422681
350.000 2.861139
351.000 2.181382
352.000 1.183556
353.000 1.475080
354.000 1.966125
355.000 2.325767
356.000 3.022566
357.000 2.766472
358.000 2.005997
359.000 1.621404
