0.000 3.827972
1.000 3.827972
2.000 3.827972
3.000 0.411800
4.000 0.411050
5.000 0.410299
6.000 0.409548
7.000 0.408798
8.000 0.408047
9.000 0.407297
10.000 0.406546
11.000 0.405796
12.000 0.405045
13.000 0.404294
14.000 0.403544
15.000 0.402793
16.000 0.402043
17.000 0.401292
18.000 0.400541
19.000 0.399791
20.000 0.399040
21.000 0.530060
22.000 0.495895
23.000 0.513119
24.000 0.498863
25.000 0.666550
26.000 0.865388
27.000 0.901726
28.000 0.823172
29.000 0.555067
30.000 0.454956
31.000 0.543785
32.000 0.768730
33.000 0.671058
34.000 0.549881
35.000 0.327920
36.000 0.323761
37.000 0.549881
38.000 0.481936
39.000 0.472374
40.000 0.472374
41.000 0.472374
42.000 0.472374
43.000 1.392435
44.000 1.401770
45.000 1.409813
46.000 1.079283
47.000 0.083611
48.000 0.083611
49.000 0.083611
50.000 0.083611
51.000 0.083611
52.000 1.515121
53.000 1.389229
54.000 1.267410
55.000 0.531128
56.000 0.531128
57.000 0.531128
58.000 0.531128
59.000 0.627268
60.000 0.779389
61.000 0.931510
62.000 0.963181
63.000 0.726984
64.000 0.533516
65.000 0.533516
66.000 0.521713
67.000 0.616755
68.000 0.753654
69.000 0.753654
70.000 0.529579
71.000 0.529579
72.000 0.549881
73.000 0.116814
74.000 0.116814
75.000 0.116814
76.000 0.116814
77.000 0.116814
78.000 0.116814
79.000 0.116814
80.000 0.116814
81.000 0.116814
82.000 1.063591
83.000 0.457405
84.000 0.457405
85.000 0.457405
86.000 0.353271
87.000 0.353271
88.000 0.353271
89.000 0.667984
90.000 0.667984
91.000 0.607810
92.000 0.529037
93.000 0.529037
94.000 0.553284
95.000 0.553284
96.000 0.856632
97.000 1.090714
98.000 1.090714
99.000 0.573250
100.000 0.573250
101.000 0.573250
102.000 0.563745
103.000 0.550010
104.000 0.536275
105.000 0.532372
106.000 0.531319
107.000 0.531319
108.000 0.468781
109.000 0.468781
110.000 1.063341
111.000 1.417992
112.000 0.405510
113.000 0.405510
114.000 0.405510
115.000 0.546402
116.000 0.546402
117.000 0.512795
118.000 0.409340
119.000 0.409340
120.000 0.409340
121.000 0.496796
122.000 0.499329
123.000 0.545677
124.000 0.545677
125.000 0.474808
126.000 0.474808
127.000 0.474808
128.000 0.474808
129.000 0.474808
130.000 0.523645
131.000 0.506940
132.000 0.490235
133.000 0.473530
134.000 0.459869
135.000 0.544914
136.000 0.452759
137.000 0.452759
138.000 0.545158
139.000 0.545158
140.000 0.535629
141.000 0.535629
142.000 0.535629
143.000 0.622437
144.000 0.622437
145.000 0.622437
146.000 0.622437
147.000 1.458437
148.000 1.234475
149.000 1.010513
150.000 0.786551
151.000 0.712189
152.000 1.469807
153.000 2.196454
154.000 0.627991
155.000 0.627991
156.000 0.681992
157.000 0.888897
158.000 0.936882
159.000 0.719893
160.000 0.508217
161.000 0.466522
162.000 0.855789
163.000 0.855789
164.000 0.530722
165.000 0.530613
166.000 0.530579
167.000 0.457855
168.000 0.457855
169.000 0.457855
170.000 0.457855
171.000 0.533051
172.000 0.533051
173.000 0.533051
174.000 0.533051
175.000 0.408813
176.000 0.357307
177.000 0.357307
178.000 0.357307
179.000 0.800682
180.000 0.800682
181.000 0.637183
182.000 0.467048
183.000 0.457024
184.000 2.110388
185.000 2.195564
186.000 0.321892
187.000 0.321892
188.000 0.321892
189.000 0.321892
190.000 0.367728
191.000 1.131706
192.000 1.703003
193.000 1.898011
194.000 1.977188
195.000 1.191719
196.000 0.449020
197.000 0.449020
198.000 0.631447
199.000 0.631447
200.000 0.631447
201.000 0.631447
202.000 0.853905
203.000 0.822644
204.000 0.791384
205.000 0.760123
206.000 0.896388
207.000 1.111479
208.000 0.651962
209.000 0.542625
210.000 0.624642
211.000 0.725906
212.000 0.738785
213.000 0.727222
214.000 0.680473
215.000 0.680473
216.000 0.680473
217.000 0.680473
218.000 0.680473
219.000 0.680473
220.000 0.433291
221.000 0.421373
222.000 0.409455
223.000 0.397537
224.000 0.385619
225.000 0.373701
226.000 0.361783
227.000 0.358749
228.000 0.531601
229.000 0.531601
230.000 0.464149
231.000 0.464149
232.000 0.464149
233.000 0.563637
234.000 0.563637
235.000 0.489555
236.000 0.489555
237.000 0.489555
238.000 0.604538
239.000 0.604538
240.000 0.589354
241.000 0.570085
242.000 0.550816
243.000 0.550476
244.000 0.528580
245.000 0.528580
246.000 0.528580
247.000 0.398478
248.000 0.279868
249.000 0.275551
250.000 0.275551
251.000 0.275551
252.000 0.275551
253.000 0.827127
254.000 0.671505
255.000 0.555527
256.000 0.555527
257.000 0.530525
258.000 0.530525
259.000 0.530525
260.000 0.753850
261.000 0.758438
262.000 0.758438
263.000 0.758438
264.000 0.758438
265.000 0.798462
266.000 0.669760
267.000 0.541059
268.000 0.452225
269.000 0.452225
270.000 0.452225
271.000 0.452225
272.000 0.481510
273.000 0.519841
274.000 0.530563
275.000 0.530563
276.000 0.593039
277.000 0.538353
278.000 0.538635
279.000 0.507996
280.000 0.507996
281.000 1.979156
282.000 0.675400
283.000 0.675400
284.000 0.450256
285.000 0.450256
286.000 0.464989
287.000 0.464989
288.000 0.460457
289.000 0.460457
290.000 0.460457
291.000 0.460457
292.000 0.460457
293.000 0.460457
294.000 1.584134
295.000 1.549373
296.000 1.514611
297.000 1.479850
298.000 1.445089
299.000 1.436996
300.000 1.249813
301.000 0.980484
302.000 0.718628
303.000 0.718628
304.000 0.458153
305.000 0.548012
306.000 0.548012
307.000 0.548012
308.000 0.668463
309.000 0.847706
310.000 0.995026
311.000 0.427925
312.000 0.427925
313.000 0.427925
314.000 0.544548
315.000 0.544548
316.000 0.544548
317.000 0.545714
318.000 0.548420
319.000 0.549873
320.000 0.526993
321.000 0.613373
322.000 0.613373
323.000 0.613373
324.000 0.417351
325.000 0.417351
326.000 0.417351
327.000 0.417351
328.000 0.492336
329.000 0.513008
330.000 0.513008
331.000 0.530762
332.000 0.530762
333.000 0.530762
334.000 1.217103
335.000 1.201318
336.000 0.476700
337.000 0.476700
338.000 0.548630
339.000 0.548630
340.000 0.578666
341.000 0.936250
342.000 1.145012
343.000 0.511475
344.000 0.511475
345.000 0.511475
346.000 0.111481
347.000 0.111481
348.000 0.111481
349.000 0.111481
350.000 0.111481
351.000 0.686142
352.000 0.686142
353.000 0.416237
354.000 0.416237
355.000 0.437252
356.000 0.437355
357.000 0.437355
358.000 0.437355
359.000 0.437355
