0.000 0.293114
1.000 4.142120
2.000 4.142120
3.000 4.142120
4.000 4.142120
5.000 4.142120
6.000 4.142120
7.000 3.700093
8.000 2.151039
9.000 2.681020
10.000 4.787692
11.000 4.395847
12.000 1.772873
13.000 1.805029
14.000 1.960297
15.000 2.003893
16.000 2.140404
17.000 2.110342
18.000 1.965683
19.000 1.965683
20.000 2.305084
21.000 2.305084
22.000 2.454875
23.000 2.632863
24.000 2.686284
25.000 1.986029
26.000 1.617241
27.000 2.463470
28.000 2.463470
29.000 2.463470
30.000 2.223983
31.000 1.970174
32.000 1.716365
33.000 1.462556
34.000 1.208747
35.000 1.024780
36.000 0.789751
37.000 0.499079
38.000 0.456131
39.000 1.000167
40.000 0.870860
41.000 0.789513
42.000 0.892424
43.000 0.969727
44.000 1.032794
45.000 1.071617
46.000 1.182188
47.000 1.296111
48.000 1.418304
49.000 1.665604
50.000 1.078570
51.000 0.777802
52.000 1.079212
53.000 1.344772
54.000 1.153115
55.000 1.061074
56.000 1.369365
57.000 1.563873
58.000 0.615238
59.000 0.157387
60.000 0.157387
61.000 0.157387
62.000 2.525442
63.000 2.756302
64.000 0.154037
65.000 0.154037
66.000 0.154037
67.000 0.832680
68.000 0.722299
69.000 0.653990
70.000 1.057042
71.000 1.391975
72.000 1.391975
73.000 1.391975
74.000 1.812836
75.000 2.142311
76.000 1.504758
77.000 1.115723
78.000 1.023976
79.000 0.973670
80.000 1.666726
81.000 2.359783
82.000 2.090759
83.000 1.103424
84.000 2.244743
85.000 3.151243
86.000 2.451347
87.000 1.854286
88.000 2.594313
89.000 3.310584
90.000 1.743069
91.000 1.140047
92.000 0.770003
93.000 0.743851
94.000 1.750899
95.000 2.493384
96.000 0.784484
97.000 0.703461
98.000 0.903859
99.000 0.953427
100.000 0.929050
101.000 0.913078
102.000 1.134793
103.000 1.309506
104.000 0.504982
105.000 0.504982
106.000 0.537491
107.000 0.538848
108.000 1.401813
109.000 1.983841
110.000 2.048329
111.000 2.099930
112.000 1.546072
113.000 1.060219
114.000 0.922020
115.000 0.922020
116.000 1.085568
117.000 1.139999
118.000 1.663663
119.000 2.004776
120.000 1.112185
121.000 0.748802
122.000 0.748802
123.000 0.748802
124.000 1.998102
125.000 2.017517
126.000 1.853702
127.000 1.837959
128.000 1.926025
129.000 1.925331
130.000 1.655228
131.000 1.616570
132.000 0.927010
133.000 0.927010
134.000 0.974604
135.000 0.884059
136.000 0.154930
137.000 0.154930
138.000 0.154930
139.000 0.154930
140.000 0.154930
141.000 0.154930
142.000 0.879909
143.000 0.874788
144.000 1.123268
145.000 1.282585
146.000 1.571326
147.000 1.822227
148.000 1.753471
149.000 1.693324
150.000 0.956596
151.000 0.956394
152.000 0.827683
153.000 0.814205
154.000 1.244708
155.000 1.336868
156.000 1.355102
157.000 1.368622
158.000 1.144963
159.000 1.001694
160.000 1.677579
161.000 1.792305
162.000 1.797126
163.000 1.801537
164.000 2.153827
165.000 2.382759
166.000 1.529851
167.000 1.214012
168.000 0.542747
169.000 0.542988
170.000 0.962630
171.000 1.119592
172.000 1.309906
173.000 1.414978
174.000 0.524094
175.000 0.524094
176.000 0.676298
177.000 0.760201
178.000 0.882550
179.000 0.928374
180.000 1.805082
181.000 2.372993
182.000 2.500335
183.000 2.582764
184.000 1.857648
185.000 1.721115
186.000 2.508707
187.000 3.072815
188.000 0.700437
189.000 0.139992
190.000 0.139992
191.000 0.139992
192.000 0.139992
193.000 0.139992
194.000 0.237900
195.000 0.237900
196.000 1.066108
197.000 1.861343
198.000 1.861343
199.000 1.861343
200.000 1.390660
201.000 1.112793
202.000 0.736282
203.000 0.736798
204.000 0.937433
205.000 1.015854
206.000 1.228439
207.000 1.354102
208.000 1.356556
209.000 1.358315
210.000 1.438797
211.000 1.501381
212.000 0.798689
213.000 0.637363
214.000 1.215647
215.000 1.646568
216.000 1.261905
217.000 1.046896
218.000 1.010635
219.000 0.980652
220.000 0.718480
221.000 0.609521
222.000 0.690472
223.000 0.731433
224.000 0.892840
225.000 0.966820
226.000 1.191848
227.000 1.375076
228.000 1.284897
229.000 1.212094
230.000 0.511015
231.000 0.479614
232.000 1.178884
233.000 1.748245
234.000 1.315046
235.000 0.913971
236.000 0.760411
237.000 0.645470
238.000 0.868638
239.000 0.939728
240.000 0.670444
241.000 0.661606
242.000 0.767559
243.000 0.806892
244.000 0.058960
245.000 0.058960
246.000 0.058960
247.000 0.058960
248.000 0.868705
249.000 1.074970
250.000 1.533062
251.000 1.991153
252.000 1.073357
253.000 0.324974
254.000 0.344281
255.000 0.361427
256.000 1.653251
257.000 2.107356
258.000 2.346484
259.000 2.510674
260.000 2.527493
261.000 2.534950
262.000 2.101154
263.000 1.793694
264.000 1.793694
265.000 1.793694
266.000 1.746269
267.000 1.746269
268.000 2.215195
269.000 2.451866
270.000 2.301533
271.000 1.893653
272.000 1.779015
273.000 1.045677
274.000 0.088959
275.000 0.088959
276.000 0.088959
277.000 0.088959
278.000 0.088959
279.000 1.285506
280.000 1.308945
281.000 1.092784
282.000 0.795278
283.000 1.023728
284.000 0.704419
285.000 0.431839
286.000 0.431839
287.000 0.431839
288.000 2.060466
289.000 2.272743
290.000 1.723524
291.000 1.300407
292.000 1.023526
293.000 0.636047
294.000 0.623481
295.000 1.321114
296.000 1.114135
297.000 0.989143
298.000 1.635006
299.000 2.462540
300.000 1.644720
301.000 0.644188
302.000 1.087427
303.000 1.454361
304.000 1.744921
305.000 2.132556
306.000 1.221554
307.000 0.822548
308.000 1.295864
309.000 1.878464
310.000 1.153408
311.000 0.825027
312.000 0.864223
313.000 0.887642
314.000 1.085649
315.000 1.350870
316.000 1.561973
317.000 1.882020
318.000 2.154838
319.000 2.383942
320.000 2.061652
321.000 1.628113
322.000 0.700722
323.000 0.700722
324.000 0.578002
325.000 0.442070
326.000 0.625107
327.000 0.892481
328.000 1.074735
329.000 1.289848
330.000 1.161061
331.000 0.985738
332.000 1.291631
333.000 1.679764
334.000 1.523116
335.000 1.313855
336.000 1.299278
337.000 1.299278
338.000 1.221688
339.000 1.158478
340.000 1.239761
341.000 1.310890
342.000 1.921514
343.000 2.550835
344.000 1.531963
345.000 0.728859
346.000 0.902466
347.000 1.092339
348.000 1.387671
349.000 1.663971
350.000 1.048330
351.000 0.781525
352.000 0.516408
353.000 0.389084
354.000 0.801609
355.000 1.448647
356.000 0.099106
357.000 0.099106
358.000 0.099106
359.000 0.099106
