0.000 0.179489
1.000 0.179489
2.000 0.179489
3.000 0.179489
4.000 0.699829
5.000 0.364197
6.000 0.556034
7.000 0.693916
8.000 0.760117
9.000 0.771255
10.000 0.737109
11.000 0.664314
12.000 0.686387
13.000 0.714462
14.000 0.701042
15.000 0.700157
16.000 0.692209
17.000 0.718582
18.000 0.687233
19.000 0.702991
20.000 0.718040
21.000 0.661831
22.000 0.658244
23.000 0.709522
24.000 0.725658
25.000 0.721141
26.000 0.726825
27.000 0.743057
28.000 0.757256
29.000 0.769295
30.000 0.741012
31.000 0.682312
32.000 0.736778
33.000 0.736778
34.000 0.731264
35.000 0.718493
36.000 0.705723
37.000 0.712532
38.000 0.716893
39.000 0.726174
40.000 0.717832
41.000 0.694170
42.000 0.695763
43.000 0.720650
44.000 0.702693
45.000 0.687126
46.000 0.742012
47.000 0.742012
48.000 0.724642
49.000 0.716064
50.000 0.715709
51.000 0.700144
52.000 0.689743
53.000 0.712135
54.000 0.713678
55.000 0.715797
56.000 0.682961
57.000 0.682961
58.000 0.697704
59.000 0.714607
60.000 0.714607
61.000 0.716614
62.000 0.716614
63.000 0.641396
64.000 0.641396
65.000 0.641396
66.000 0.676222
67.000 0.695396
68.000 0.695396
69.000 0.695396
70.000 0.665008
71.000 0.659508
72.000 0.659508
73.000 0.721039
74.000 0.721039
75.000 0.718827
76.000 0.716850
77.000 0.720871
78.000 0.719452
79.000 0.717758
80.000 0.759644
81.000 0.759644
82.000 0.754706
83.000 0.704391
84.000 0.704391
85.000 0.705046
86.000 0.710599
87.000 0.716151
88.000 0.718559
89.000 0.711525
90.000 0.732056
91.000 0.732056
92.000 0.691388
93.000 0.676651
94.000 0.687616
95.000 0.714305
96.000 0.716011
97.000 0.716011
98.000 0.742534
99.000 0.733704
100.000 0.733704
101.000 0.677879
102.000 0.677879
103.000 0.704897
104.000 0.737574
105.000 0.748520
106.000 0.720184
107.000 0.720184
108.000 0.733409
109.000 0.768320
110.000 0.782776
111.000 0.782776
112.000 0.719414
113.000 0.719414
114.000 0.716863
115.000 0.692059
116.000 0.667255
117.000 0.642450
118.000 0.734749
119.000 0.744301
120.000 0.735424
121.000 0.733071
122.000 0.740768
123.000 0.759532
124.000 0.755415
125.000 0.741539
126.000 0.733225
127.000 0.713926
128.000 0.727758
129.000 0.747345
130.000 0.752343
131.000 0.763919
132.000 0.753774
133.000 0.712752
134.000 0.710534
135.000 0.742149
136.000 0.732618
137.000 0.712303
138.000 0.712416
139.000 0.712678
140.000 0.714408
141.000 0.717918
142.000 0.721680
143.000 0.728889
144.000 0.717791
145.000 0.692089
146.000 0.690516
147.000 0.698865
148.000 0.700957
149.000 0.691955
150.000 0.691066
151.000 0.705254
152.000 0.714294
153.000 0.714294
154.000 0.711240
155.000 0.694253
156.000 0.679329
157.000 0.706262
158.000 0.725138
159.000 0.727374
160.000 0.724579
161.000 0.702559
162.000 0.694041
163.000 0.707734
164.000 0.710420
165.000 0.700471
166.000 0.698687
167.000 0.714115
168.000 0.722620
169.000 0.739735
170.000 0.743155
171.000 0.731018
172.000 0.552483
173.000 0.552483
174.000 0.575688
175.000 0.713965
176.000 0.736146
177.000 0.725378
178.000 0.722706
179.000 0.727930
180.000 0.726188
181.000 0.705202
182.000 0.699660
183.000 0.719364
184.000 0.731743
185.000 0.765007
186.000 0.756681
187.000 0.719429
188.000 0.719364
189.000 0.718973
190.000 0.724025
191.000 0.751678
192.000 0.739132
193.000 0.718956
194.000 0.707254
195.000 0.690559
196.000 0.697586
197.000 0.711662
198.000 0.691116
199.000 0.691116
200.000 0.707809
201.000 0.707809
202.000 0.707809
203.000 0.722709
204.000 0.725639
205.000 0.725639
206.000 0.721880
207.000 0.704215
208.000 0.701530
209.000 0.719574
210.000 0.719574
211.000 0.721451
212.000 0.721451
213.000 0.719672
214.000 0.719048
215.000 0.719048
216.000 0.724532
217.000 0.728500
218.000 0.721718
219.000 0.720322
220.000 0.719452
221.000 0.721518
222.000 0.722351
223.000 0.692528
224.000 0.692528
225.000 0.721695
226.000 0.721695
227.000 0.674454
228.000 0.682873
229.000 0.716446
230.000 0.716431
231.000 0.716431
232.000 0.718399
233.000 0.718399
234.000 0.718399
235.000 0.711298
236.000 0.704750
237.000 0.704750
238.000 0.708801
239.000 0.719040
240.000 0.719040
241.000 0.725433
242.000 0.722366
243.000 0.722366
244.000 0.329018
245.000 0.329018
246.000 0.329018
247.000 0.329018
248.000 0.674202
249.000 0.676042
250.000 0.720001
251.000 0.720001
252.000 0.716812
253.000 0.623367
254.000 0.623367
255.000 0.702301
256.000 0.702301
257.000 0.715866
258.000 0.715866
259.000 0.694702
260.000 0.694702
261.000 0.715614
262.000 0.715614
263.000 0.737536
264.000 0.748260
265.000 0.748260
266.000 0.720329
267.000 0.720329
268.000 0.719324
269.000 0.701698
270.000 0.701698
271.000 0.705536
272.000 0.705536
273.000 0.704633
274.000 0.683557
275.000 0.674286
276.000 0.674286
277.000 0.697357
278.000 0.700310
279.000 0.698472
280.000 0.689697
281.000 0.691191
282.000 0.696533
283.000 0.728271
284.000 0.734282
285.000 0.741463
286.000 0.696899
287.000 0.696899
288.000 0.720253
289.000 0.720253
290.000 0.640396
291.000 0.685181
292.000 0.685181
293.000 0.675867
294.000 0.673203
295.000 0.673203
296.000 0.672722
297.000 0.672722
298.000 0.703771
299.000 0.742645
300.000 0.740094
301.000 0.712311
302.000 0.703283
303.000 0.605286
304.000 0.605286
305.000 0.700478
306.000 0.710358
307.000 0.710358
308.000 0.719261
309.000 0.719261
310.000 0.734034
311.000 0.748024
312.000 0.748024
313.000 0.700775
314.000 0.700775
315.000 0.685721
316.000 0.669391
317.000 0.669083
318.000 0.690341
319.000 0.739227
320.000 0.645485
321.000 0.645485
322.000 0.718491
323.000 0.718491
324.000 0.645583
325.000 0.625694
326.000 0.625694
327.000 0.724358
328.000 0.724358
329.000 0.717102
330.000 0.717102
331.000 0.717527
332.000 0.718414
333.000 0.718414
334.000 0.667953
335.000 0.667953
336.000 0.682556
337.000 0.682556
338.000 0.714745
339.000 0.714745
340.000 0.706871
341.000 0.706871
342.000 0.709694
343.000 0.721710
344.000 0.721710
345.000 0.712517
346.000 0.712517
347.000 0.599823
348.000 0.599823
349.000 0.625025
350.000 0.671600
351.000 0.671600
352.000 0.655869
353.000 0.718747
354.000 0.739456
355.000 0.731834
356.000 0.709419
357.000 0.709419
358.000 0.719162
359.000 0.719162
