0.000 0.078346
1.000 0.078346
2.000 0.078346
3.000 0.078346
4.000 0.078346
5.000 2.642838
6.000 0.965401
7.000 0.965401
8.000 0.991855
9.000 1.207855
10.000 1.207855
11.000 2.086407
12.000 2.076340
13.000 2.328758
14.000 2.103935
15.000 1.679863
16.000 2.151436
17.000 2.509254
18.000 1.515732
19.000 1.885168
20.000 2.359901
21.000 2.528619
22.000 2.636955
23.000 2.396622
24.000 2.540329
25.000 1.611168
26.000 1.742661
27.000 1.952482
28.000 2.365547
29.000 2.365547
30.000 2.365547
31.000 2.365547
32.000 2.609032
33.000 2.609032
34.000 2.609032
35.000 2.669447
36.000 2.721512
37.000 2.721512
38.000 2.721512
39.000 2.721512
40.000 2.721512
41.000 2.709591
42.000 2.693652
43.000 2.680061
44.000 2.680061
45.000 2.680061
46.000 2.172173
47.000 2.172173
48.000 2.316111
49.000 2.622849
50.000 2.489357
51.000 2.483444
52.000 2.317457
53.000 1.937469
54.000 2.089913
55.000 2.365974
56.000 2.696640
57.000 2.696640
58.000 2.507766
59.000 2.479600
60.000 2.462547
61.000 2.462547
62.000 2.122742
63.000 2.122742
64.000 2.122742
65.000 2.296644
66.000 2.702896
67.000 2.702896
68.000 2.367470
69.000 2.399544
70.000 2.530914
71.000 2.530914
72.000 2.534370
73.000 2.159607
74.000 2.159607
75.000 2.301015
76.000 2.690857
77.000 2.690857
78.000 2.238998
79.000 2.238998
80.000 2.747955
81.000 2.581751
82.000 2.550392
83.000 2.406960
84.000 2.406960
85.000 2.176857
86.000 2.041153
87.000 2.041153
88.000 2.490471
89.000 2.515814
90.000 2.551163
91.000 2.691197
92.000 2.607597
93.000 2.562325
94.000 2.562325
95.000 2.227867
96.000 2.227867
97.000 2.266584
98.000 2.374756
99.000 2.374756
100.000 2.643010
101.000 2.698212
102.000 2.210335
103.000 2.210335
104.000 2.210335
105.000 2.210335
106.000 2.210335
107.000 2.210335
108.000 2.674469
109.000 2.667902
110.000 2.661334
111.000 2.655540
112.000 2.655540
113.000 2.655540
114.000 2.647768
115.000 2.642937
116.000 2.086182
117.000 2.086182
118.000 2.415421
119.000 2.415421
120.000 2.584294
121.000 2.744606
122.000 2.642662
123.000 2.642662
124.000 2.560028
125.000 2.560028
126.000 2.201012
127.000 2.201012
128.000 2.171738
129.000 2.171738
130.000 2.256114
131.000 2.416130
132.000 2.386017
133.000 2.304759
134.000 1.771652
135.000 1.771652
136.000 2.419258
137.000 2.419258
138.000 2.419258
139.000 2.419258
140.000 2.419258
141.000 2.419258
142.000 2.507561
143.000 2.470889
144.000 2.434217
145.000 2.397546
146.000 2.360874
147.000 2.324203
148.000 2.308319
149.000 2.572113
150.000 2.572113
151.000 2.572113
152.000 2.572113
153.000 2.572113
154.000 2.572113
155.000 2.572113
156.000 2.093995
157.000 2.114331
158.000 2.134667
159.000 2.155003
160.000 2.175339
161.000 2.195675
162.000 2.216011
163.000 2.236347
164.000 2.205377
165.000 1.861443
166.000 2.608994
167.000 2.694649
168.000 2.694649
169.000 2.694649
170.000 2.599747
171.000 2.529457
172.000 2.514656
173.000 2.464601
174.000 2.372803
175.000 2.190567
176.000 2.190567
177.000 2.585824
178.000 2.694138
179.000 2.662308
180.000 2.608153
181.000 2.551231
182.000 2.591917
183.000 2.686165
184.000 2.800252
185.000 2.952972
186.000 2.729309
187.000 2.675659
188.000 2.219533
189.000 2.208954
190.000 2.208954
191.000 2.208954
192.000 2.651955
193.000 2.651955
194.000 2.651955
195.000 2.612592
196.000 2.445029
197.000 2.277466
198.000 2.109903
199.000 2.092606
200.000 2.092606
201.000 2.509939
202.000 2.703514
203.000 2.688927
204.000 2.694019
205.000 2.894920
206.000 2.667725
207.000 1.568596
208.000 2.464920
209.000 2.540291
210.000 2.540291
211.000 2.624008
212.000 2.285889
213.000 1.846626
214.000 1.846626
215.000 2.463684
216.000 2.482163
217.000 2.684036
218.000 2.684036
219.000 2.707059
220.000 2.713226
221.000 2.328392
222.000 2.328392
223.000 2.471219
224.000 2.639603
225.000 2.639603
226.000 2.195473
227.000 2.195473
228.000 2.195473
229.000 2.690819
230.000 2.690819
231.000 2.680913
232.000 2.461433
233.000 2.461433
234.000 2.051064
235.000 2.051064
236.000 2.379372
237.000 2.379372
238.000 2.508125
239.000 2.508125
240.000 2.663681
241.000 2.663681
242.000 2.663681
243.000 2.241937
244.000 1.601044
245.000 1.601044
246.000 1.601044
247.000 1.688187
248.000 1.688187
249.000 1.688187
250.000 1.688187
251.000 1.688187
252.000 1.688187
253.000 1.688187
254.000 1.688187
255.000 1.688187
256.000 1.688187
257.000 2.302562
258.000 2.362784
259.000 2.423007
260.000 2.483229
261.000 2.543452
262.000 2.603675
263.000 2.657707
264.000 1.895630
265.000 1.895630
266.000 1.895630
267.000 2.170475
268.000 2.532081
269.000 2.552719
270.000 2.683289
271.000 2.683289
272.000 2.683289
273.000 2.683289
274.000 2.087407
275.000 1.844003
276.000 1.655746
277.000 1.655746
278.000 2.457954
279.000 2.457954
280.000 2.486973
281.000 2.525721
282.000 2.383194
283.000 2.637550
284.000 1.936646
285.000 1.936646
286.000 1.936646
287.000 1.936646
288.000 1.936646
289.000 2.159486
290.000 2.098396
291.000 2.098396
292.000 2.098396
293.000 2.114301
294.000 2.326626
295.000 2.339264
296.000 2.339264
297.000 2.694351
298.000 2.694351
299.000 2.662270
300.000 2.662270
301.000 2.201613
302.000 1.811638
303.000 1.811638
304.000 1.811638
305.000 2.666168
306.000 2.666168
307.000 2.515959
308.000 2.291064
309.000 2.183723
310.000 2.432365
311.000 2.395033
312.000 2.393219
313.000 2.393219
314.000 2.318047
315.000 2.274925
316.000 2.274925
317.000 2.695930
318.000 2.684135
319.000 2.691269
320.000 2.703819
321.000 2.387350
322.000 2.332039
323.000 2.060478
324.000 2.060478
325.000 2.168690
326.000 2.348030
327.000 2.348030
328.000 2.561981
329.000 2.654945
330.000 2.411728
331.000 2.411728
332.000 2.629341
333.000 2.335046
334.000 2.119019
335.000 2.119019
336.000 2.298595
337.000 2.317329
338.000 2.317329
339.000 2.687492
340.000 2.687492
341.000 2.686716
342.000 2.686508
343.000 2.627335
344.000 2.262665
345.000 2.262665
346.000 2.409081
347.000 2.409081
348.000 2.409081
349.000 2.421154
350.000 2.427414
351.000 2.427414
352.000 2.427414
353.000 2.429514
354.000 2.433289
355.000 2.433289
356.000 2.045319
357.000 2.045319
358.000 2.271687
359.000 2.609459
