0.000 0.175079
1.000 0.326262
2.000 1.558228
3.000 2.391533
4.000 2.171864
5.000 2.239874
6.000 2.440308
7.000 2.400005
8.000 2.353310
9.000 2.430580
10.000 2.430580
11.000 2.449826
12.000 2.513306
13.000 2.479791
14.000 2.431633
15.000 2.431633
16.000 2.431633
17.000 2.286585
18.000 2.248268
19.000 2.248268
20.000 2.248268
21.000 2.488083
22.000 2.488083
23.000 2.508595
24.000 2.520386
25.000 2.491974
26.000 2.497658
27.000 2.497658
28.000 2.497658
29.000 2.431122
30.000 2.443584
31.000 2.456046
32.000 2.468508
33.000 2.456215
34.000 2.456215
35.000 2.488266
36.000 2.488266
37.000 2.488266
38.000 2.450515
39.000 2.410870
40.000 2.374062
41.000 2.545320
42.000 2.651604
43.000 2.651604
44.000 2.651604
45.000 2.651604
46.000 2.651604
47.000 2.651604
48.000 2.651604
49.000 2.568977
50.000 2.521581
51.000 2.474185
52.000 2.426789
53.000 2.426605
54.000 2.426605
55.000 2.426605
56.000 2.426605
57.000 2.426605
58.000 2.426605
59.000 2.437192
60.000 2.446192
61.000 2.455192
62.000 2.464192
63.000 2.473192
64.000 2.478348
65.000 2.478348
66.000 2.521088
67.000 2.521088
68.000 2.432144
69.000 2.470016
70.000 2.470016
71.000 2.514030
72.000 2.514030
73.000 2.514030
74.000 2.514030
75.000 2.486032
76.000 2.488555
77.000 2.491079
78.000 2.493602
79.000 2.495079
80.000 2.332512
81.000 2.332512
82.000 2.332512
83.000 2.470047
84.000 2.484924
85.000 2.484924
86.000 2.484924
87.000 2.371325
88.000 2.491299
89.000 2.516228
90.000 2.516228
91.000 2.516228
92.000 2.432644
93.000 2.504284
94.000 2.560486
95.000 2.560486
96.000 2.393425
97.000 2.393425
98.000 2.393425
99.000 2.498238
100.000 2.498238
101.000 2.361293
102.000 2.136101
103.000 2.136101
104.000 2.136101
105.000 2.449364
106.000 2.449364
107.000 2.449364
108.000 2.449364
109.000 2.391388
110.000 2.359962
111.000 2.328535
112.000 2.315575
113.000 2.315575
114.000 2.507858
115.000 2.507858
116.000 2.507858
117.000 2.507858
118.000 2.361295
119.000 2.267815
120.000 2.174335
121.000 2.128197
122.000 2.128197
123.000 2.491562
124.000 2.491562
125.000 2.491562
126.000 2.510101
127.000 2.510101
128.000 2.510101
129.000 2.510101
130.000 2.418357
131.000 2.376821
132.000 2.349121
133.000 2.380409
134.000 2.380409
135.000 2.408897
136.000 2.552788
137.000 2.552788
138.000 2.552788
139.000 2.360161
140.000 2.399820
141.000 2.427605
142.000 2.427605
143.000 2.427605
144.000 2.427605
145.000 2.427605
146.000 2.276690
147.000 2.350603
148.000 2.424516
149.000 2.488266
150.000 2.488266
151.000 2.488266
152.000 2.496435
153.000 2.492729
154.000 2.486254
155.000 2.473381
156.000 2.370354
157.000 2.501587
158.000 2.501587
159.000 2.501587
160.000 2.501587
161.000 2.501587
162.000 2.423794
163.000 2.446130
164.000 2.468466
165.000 2.490802
166.000 2.513137
167.000 2.529007
168.000 2.529007
169.000 2.516617
170.000 2.513268
171.000 2.513268
172.000 2.512036
173.000 2.511192
174.000 2.511192
175.000 2.511192
176.000 2.511192
177.000 2.383509
178.000 2.314148
179.000 2.244788
180.000 2.241768
181.000 2.486115
182.000 2.486115
183.000 2.274452
184.000 2.274452
185.000 2.274452
186.000 2.274452
187.000 2.388400
188.000 2.417428
189.000 2.446455
190.000 2.475482
191.000 2.501846
192.000 2.355278
193.000 2.355278
194.000 2.377159
195.000 2.379927
196.000 2.403519
197.000 2.403519
198.000 2.210869
199.000 2.210869
200.000 2.478073
201.000 2.478073
202.000 2.478073
203.000 2.478073
204.000 2.358188
205.000 2.286927
206.000 2.215665
207.000 2.213509
208.000 2.533447
209.000 2.527252
210.000 2.507675
211.000 2.299789
212.000 2.299789
213.000 2.452759
214.000 2.452759
215.000 2.452759
216.000 2.452759
217.000 2.452759
218.000 2.388296
219.000 2.329235
220.000 2.270174
221.000 2.211113
222.000 2.201141
223.000 2.499031
224.000 2.443177
225.000 2.354973
226.000 2.354973
227.000 2.354973
228.000 2.510551
229.000 2.510551
230.000 2.281054
231.000 2.219437
232.000 2.183655
233.000 2.183655
234.000 2.501694
235.000 2.467720
236.000 2.504173
237.000 2.504173
238.000 2.365991
239.000 2.255241
240.000 2.479218
241.000 2.484802
242.000 2.488480
243.000 2.507164
244.000 2.507164
245.000 2.494598
246.000 2.474075
247.000 2.470825
248.000 2.447365
249.000 2.230194
250.000 2.230194
251.000 2.508949
252.000 2.508949
253.000 2.349220
254.000 2.349220
255.000 2.472359
256.000 2.472359
257.000 2.472359
258.000 2.457155
259.000 2.397122
260.000 2.337090
261.000 2.303627
262.000 2.303627
263.000 2.303627
264.000 2.317286
265.000 2.376097
266.000 2.408340
267.000 2.408340
268.000 2.414484
269.000 2.494179
270.000 2.494179
271.000 2.504967
272.000 2.473054
273.000 2.248718
274.000 2.126823
275.000 2.126823
276.000 2.126823
277.000 2.126823
278.000 2.126823
279.000 2.316456
280.000 2.371963
281.000 2.427470
282.000 2.482977
283.000 2.498512
284.000 2.479492
285.000 2.479492
286.000 2.479492
287.000 2.479492
288.000 2.479492
289.000 2.484211
290.000 2.484677
291.000 2.485143
292.000 2.485382
293.000 2.485382
294.000 2.485382
295.000 2.485382
296.000 2.490670
297.000 2.472610
298.000 2.472610
299.000 2.472610
300.000 2.472610
301.000 2.472610
302.000 2.611558
303.000 2.567276
304.000 2.522993
305.000 2.501198
306.000 2.501198
307.000 2.477431
308.000 2.439946
309.000 2.428368
310.000 2.514145
311.000 2.494690
312.000 2.507942
313.000 2.471485
314.000 2.391235
315.000 2.330963
316.000 2.373811
317.000 2.507111
318.000 2.484810
319.000 2.484810
320.000 2.355560
321.000 2.310135
322.000 2.353856
323.000 2.406509
324.000 1.675308
325.000 1.675308
326.000 2.512947
327.000 2.512947
328.000 2.512947
329.000 2.512947
330.000 2.474636
331.000 2.462654
332.000 2.462654
333.000 2.462654
334.000 2.440348
335.000 2.383189
336.000 2.379326
337.000 2.507492
338.000 2.507492
339.000 2.442683
340.000 2.325424
341.000 2.325424
342.000 2.325424
343.000 2.395045
344.000 2.507637
345.000 2.507637
346.000 2.507637
347.000 2.507637
348.000 2.439424
349.000 2.458085
350.000 2.476747
351.000 2.488968
352.000 2.479256
353.000 2.479256
354.000 2.557831
355.000 2.557831
356.000 2.046005
357.000 2.046005
358.000 2.503960
359.000 2.503960
