0.000 0.265816
1.000 0.392342
2.000 0.247337
3.000 0.136360
4.000 0.403523
5.000 0.355685
6.000 0.182571
7.000 0.182571
8.000 0.349342
9.000 0.358673
10.000 0.603218
11.000 0.598383
12.000 0.540292
13.000 0.482201
14.000 0.424110
15.000 0.413101
16.000 1.110170
17.000 0.393405
18.000 0.380913
19.000 0.484222
20.000 0.494438
21.000 0.466339
22.000 0.489619
23.000 0.524757
24.000 0.490396
25.000 0.437454
26.000 0.510283
27.000 0.551041
28.000 0.374840
29.000 0.374840
30.000 0.409920
31.000 0.409920
32.000 0.637390
33.000 0.858978
34.000 1.122340
35.000 1.558990
36.000 1.599537
37.000 1.629875
38.000 0.350464
39.000 0.350464
40.000 0.525314
41.000 0.525314
42.000 0.511041
43.000 0.486221
44.000 0.486221
45.000 0.490080
46.000 0.934700
47.000 0.684989
48.000 0.524094
49.000 0.524094
50.000 0.524353
51.000 0.524353
52.000 0.464444
53.000 0.296220
54.000 0.249702
55.000 0.249702
56.000 0.552551
57.000 0.547737
58.000 0.533416
59.000 0.525726
60.000 0.525726
61.000 0.525347
62.000 0.524925
63.000 0.524925
64.000 0.747498
65.000 0.579385
66.000 0.526550
67.000 0.409828
68.000 0.232803
69.000 0.232803
70.000 0.315079
71.000 0.315079
72.000 0.466484
73.000 0.466484
74.000 0.456337
75.000 0.456337
76.000 0.456337
77.000 0.456337
78.000 0.526009
79.000 0.526009
80.000 0.526009
81.000 0.531260
82.000 0.590469
83.000 0.590469
84.000 0.592852
85.000 0.635299
86.000 0.636726
87.000 0.196037
88.000 0.196037
89.000 0.196037
90.000 0.196037
91.000 0.196037
92.000 0.196037
93.000 0.196037
94.000 0.196037
95.000 0.242203
96.000 0.242203
97.000 0.242203
98.000 0.525017
99.000 0.525017
100.000 0.525101
101.000 0.591011
102.000 0.591011
103.000 0.545135
104.000 0.545135
105.000 0.537824
106.000 0.525070
107.000 0.477226
108.000 0.477226
109.000 0.524788
110.000 0.524788
111.000 0.511721
112.000 0.444862
113.000 0.444862
114.000 0.444862
115.000 0.533417
116.000 0.533417
117.000 0.568268
118.000 0.523865
119.000 0.523865
120.000 0.477821
121.000 0.525558
122.000 0.525558
123.000 0.467812
124.000 0.467812
125.000 0.467812
126.000 0.262741
127.000 0.262741
128.000 0.262741
129.000 0.262741
130.000 0.262741
131.000 0.262741
132.000 0.440762
133.000 0.487740
134.000 0.527779
135.000 0.527096
136.000 0.525456
137.000 0.540970
138.000 0.393509
139.000 0.393509
140.000 0.524895
141.000 0.524895
142.000 0.523925
143.000 0.523781
144.000 0.534717
145.000 0.592851
146.000 0.626244
147.000 0.626244
148.000 0.524948
149.000 0.524948
150.000 0.210480
151.000 0.210480
152.000 0.210480
153.000 0.210480
154.000 0.210480
155.000 0.210480
156.000 0.525833
157.000 0.525833
158.000 0.522561
159.000 0.477905
160.000 0.477905
161.000 0.477905
162.000 0.465987
163.000 0.415728
164.000 0.403236
165.000 0.536453
166.000 0.536453
167.000 0.576868
168.000 0.597168
169.000 0.525604
170.000 0.525604
171.000 0.525741
172.000 0.526054
173.000 0.526054
174.000 0.445160
175.000 0.445160
176.000 0.322784
177.000 0.322784
178.000 0.139282
179.000 0.139282
180.000 0.139282
181.000 0.139282
182.000 0.139282
183.000 0.494171
184.000 0.494171
185.000 0.525291
186.000 0.525291
187.000 0.564957
188.000 0.552907
189.000 0.352547
190.000 0.352547
191.000 0.375999
192.000 0.523575
193.000 0.524073
194.000 0.563095
195.000 0.563095
196.000 0.568836
197.000 0.593613
198.000 0.593613
199.000 0.547994
200.000 0.463690
201.000 0.438347
202.000 0.524284
203.000 0.467033
204.000 0.467033
205.000 0.463783
206.000 0.466446
207.000 0.466446
208.000 0.451167
209.000 0.437157
210.000 0.437157
211.000 0.477242
212.000 0.496027
213.000 0.524452
214.000 0.524452
215.000 0.524658
216.000 0.524658
217.000 0.606677
218.000 0.714249
219.000 0.412865
220.000 0.412865
221.000 0.466759
222.000 0.466759
223.000 0.466759
224.000 0.466759
225.000 0.528957
226.000 0.527900
227.000 0.526843
228.000 0.525787
229.000 0.524963
230.000 0.477257
231.000 0.477257
232.000 0.444832
233.000 0.444832
234.000 0.444832
235.000 0.419655
236.000 0.419655
237.000 0.407637
238.000 0.282616
239.000 0.249756
240.000 0.456299
241.000 0.456299
242.000 0.475669
243.000 0.484268
244.000 0.484268
245.000 0.248009
246.000 0.248009
247.000 0.248009
248.000 0.456001
249.000 0.456001
250.000 0.456001
251.000 0.137054
252.000 0.137054
253.000 0.137054
254.000 0.137054
255.000 0.451256
256.000 0.338585
257.000 0.527168
258.000 0.527168
259.000 0.445229
260.000 0.445229
261.000 0.403755
262.000 0.403755
263.000 0.444422
264.000 0.492340
265.000 0.492340
266.000 0.492643
267.000 0.492920
268.000 0.492920
269.000 0.492920
270.000 0.625035
271.000 0.526841
272.000 0.499588
273.000 0.668404
274.000 0.668404
275.000 0.480852
276.000 0.465942
277.000 0.465942
278.000 0.466469
279.000 0.466469
280.000 0.419777
281.000 0.876549
282.000 0.702082
283.000 0.523430
284.000 0.522149
285.000 0.505320
286.000 0.499619
287.000 0.512341
288.000 0.513847
289.000 0.674873
290.000 0.394005
291.000 0.394005
292.000 0.488373
293.000 0.534607
294.000 0.534607
295.000 0.534607
296.000 0.434835
297.000 0.371756
298.000 0.308676
299.000 0.274414
300.000 0.274414
301.000 0.274414
302.000 0.512677
303.000 0.509430
304.000 0.484109
305.000 0.477188
306.000 0.459816
307.000 1.022949
308.000 1.022949
309.000 0.395212
310.000 0.375145
311.000 0.375145
312.000 0.486168
313.000 0.556900
314.000 0.259674
315.000 0.259674
316.000 0.259674
317.000 0.259674
318.000 0.259674
319.000 0.476540
320.000 0.476540
321.000 0.458873
322.000 0.436401
323.000 0.418610
324.000 0.418610
325.000 0.393616
326.000 0.532738
327.000 0.532738
328.000 0.477356
329.000 0.477356
330.000 0.499947
331.000 0.499947
332.000 0.483493
333.000 0.466927
334.000 0.466927
335.000 0.524918
336.000 0.456291
337.000 0.456291
338.000 0.456291
339.000 0.438332
340.000 0.438332
341.000 0.466278
342.000 0.466278
343.000 0.510216
344.000 0.551392
345.000 0.551392
346.000 0.567390
347.000 0.567390
348.000 0.525314
349.000 0.525314
350.000 0.496391
351.000 0.496391
352.000 0.472504
353.000 0.472504
354.000 0.472504
355.000 0.541008
356.000 0.541008
357.000 0.393318
358.000 0.393318
359.000 0.393318
