0.000 0.175774
1.000 0.175774
2.000 0.175774
3.000 0.175774
4.000 0.454139
5.000 0.861745
6.000 1.269351
7.000 1.676957
8.000 2.431946
9.000 2.755966
10.000 2.597717
11.000 2.678261
12.000 2.541070
13.000 2.308762
14.000 2.486972
15.000 2.733467
16.000 2.490601
17.000 1.147576
18.000 0.243813
19.000 0.510278
20.000 1.381508
21.000 2.121880
22.000 2.344826
23.000 2.092617
24.000 1.840409
25.000 1.919152
26.000 2.130384
27.000 2.225006
28.000 2.333277
29.000 1.919921
30.000 1.201073
31.000 1.565624
32.000 2.223742
33.000 2.438652
34.000 2.577560
35.000 2.527213
36.000 2.434308
37.000 2.415865
38.000 2.400790
39.000 2.455774
40.000 2.525551
41.000 2.488759
42.000 2.473427
43.000 2.414596
44.000 2.399467
45.000 2.443542
46.000 2.516045
47.000 2.535561
48.000 2.564400
49.000 2.534265
50.000 2.490952
51.000 2.439316
52.000 2.364525
53.000 2.408614
54.000 2.466400
55.000 2.486948
56.000 2.515564
57.000 2.320595
58.000 2.320595
59.000 2.320595
60.000 2.320595
61.000 2.373178
62.000 2.414328
63.000 2.455478
64.000 2.464050
65.000 2.473476
66.000 2.497887
67.000 2.485909
68.000 2.654518
69.000 2.562344
70.000 2.411682
71.000 0.998685
72.000 0.492348
73.000 0.492348
74.000 0.492348
75.000 0.492348
76.000 0.492348
77.000 2.419099
78.000 2.387733
79.000 2.385185
80.000 2.380859
81.000 2.369329
82.000 2.344414
83.000 2.424020
84.000 2.508980
85.000 2.479014
86.000 2.416931
87.000 2.436389
88.000 2.500793
89.000 2.501271
90.000 2.502068
91.000 2.478421
92.000 2.405060
93.000 2.408896
94.000 2.421729
95.000 2.434304
96.000 2.472749
97.000 2.481463
98.000 2.509300
99.000 2.494116
100.000 2.442278
101.000 2.459109
102.000 2.526306
103.000 2.518656
104.000 2.492088
105.000 2.435293
106.000 2.253471
107.000 2.271257
108.000 2.333030
109.000 2.373587
110.000 2.496902
111.000 2.490830
112.000 2.471115
113.000 2.457328
114.000 2.423126
115.000 2.408369
116.000 2.360809
117.000 2.372192
118.000 2.410399
119.000 2.429602
120.000 2.485225
121.000 2.488921
122.000 2.491555
123.000 2.484663
124.000 2.461082
125.000 2.441263
126.000 2.373834
127.000 2.387940
128.000 2.448992
129.000 2.448682
130.000 2.437950
131.000 2.450594
132.000 2.494206
133.000 2.489623
134.000 2.429083
135.000 2.417399
136.000 2.455512
137.000 2.478008
138.000 2.514122
139.000 2.555733
140.000 2.655366
141.000 2.650389
142.000 2.512421
143.000 2.470443
144.000 2.489888
145.000 2.506072
146.000 2.534703
147.000 2.550329
148.000 2.566400
149.000 2.548457
150.000 2.468071
151.000 2.462728
152.000 2.511884
153.000 2.522053
154.000 2.498683
155.000 2.498939
156.000 2.525633
157.000 2.511295
158.000 2.433724
159.000 2.418133
160.000 2.440276
161.000 2.449820
162.000 2.458453
163.000 2.467472
164.000 2.488883
165.000 2.502433
166.000 2.519811
167.000 2.524996
168.000 2.520393
169.000 2.521015
170.000 2.527550
171.000 2.535565
172.000 2.551704
173.000 2.456809
174.000 2.450714
175.000 2.410475
176.000 2.330894
177.000 2.365784
178.000 2.482112
179.000 2.502959
180.000 2.490175
181.000 2.497408
182.000 2.515877
183.000 2.484463
184.000 2.377948
185.000 2.369458
186.000 2.390762
187.000 2.444559
188.000 2.622068
189.000 2.581327
190.000 2.307205
191.000 2.325400
192.000 2.382965
193.000 2.409416
194.000 2.499713
195.000 2.529078
196.000 2.571057
197.000 2.552455
198.000 2.463713
199.000 2.436159
200.000 2.377581
201.000 2.399134
202.000 2.490319
203.000 2.512940
204.000 2.510988
205.000 2.480684
206.000 2.402405
207.000 2.404409
208.000 2.408813
209.000 2.405460
210.000 2.393565
211.000 2.423521
212.000 2.529223
213.000 2.525910
214.000 2.482104
215.000 2.459052
216.000 2.393419
217.000 2.405696
218.000 2.475242
219.000 2.284286
220.000 2.284286
221.000 2.326897
222.000 2.472362
223.000 2.493351
224.000 2.515457
225.000 2.523293
226.000 2.526360
227.000 2.352509
228.000 2.352509
229.000 2.353768
230.000 2.357666
231.000 2.383576
232.000 2.471728
233.000 2.472804
234.000 2.286484
235.000 2.503525
236.000 2.503525
237.000 2.503525
238.000 2.503525
239.000 2.311648
240.000 2.278048
241.000 2.244448
242.000 2.240311
243.000 2.240311
244.000 2.314606
245.000 2.314606
246.000 2.327256
247.000 2.347031
248.000 2.347031
249.000 2.347031
250.000 2.195809
251.000 2.129143
252.000 2.129143
253.000 2.469604
254.000 2.469604
255.000 2.549362
256.000 2.549362
257.000 2.483549
258.000 2.467766
259.000 2.497810
260.000 2.497810
261.000 2.474248
262.000 2.443260
263.000 2.443260
264.000 2.374451
265.000 2.374451
266.000 2.482742
267.000 2.490976
268.000 2.504349
269.000 2.531502
270.000 2.489054
271.000 2.469086
272.000 2.517410
273.000 2.561317
274.000 2.413830
275.000 2.285866
276.000 2.320543
277.000 2.348892
278.000 2.401391
279.000 2.497731
280.000 2.493512
281.000 2.462986
282.000 2.419436
283.000 2.347774
284.000 2.341293
285.000 2.344639
286.000 2.374127
287.000 2.428014
288.000 2.378778
289.000 2.274626
290.000 2.293798
291.000 2.351974
292.000 2.449154
293.000 2.535873
294.000 2.506219
295.000 2.450989
296.000 2.415576
297.000 2.362465
298.000 2.377358
299.000 2.404588
300.000 2.420320
301.000 2.442913
302.000 2.495647
303.000 2.560173
304.000 2.539768
305.000 2.503883
306.000 2.426430
307.000 2.284816
308.000 2.334888
309.000 2.440798
310.000 2.493739
311.000 2.516495
312.000 2.511163
313.000 2.501141
314.000 2.501141
315.000 2.501465
316.000 2.445338
317.000 2.385849
318.000 2.402569
319.000 2.433252
320.000 2.459469
321.000 2.499128
322.000 0.694009
323.000 0.477600
324.000 0.477600
325.000 0.477600
326.000 2.505312
327.000 2.517288
328.000 2.477350
329.000 2.404328
330.000 2.393823
331.000 2.380730
332.000 2.468564
333.000 2.533600
334.000 2.483473
335.000 2.437546
336.000 2.407652
337.000 2.369766
338.000 2.369766
339.000 2.369766
340.000 2.472710
341.000 2.472710
342.000 2.472710
343.000 2.468632
344.000 2.459991
345.000 2.454826
346.000 2.454826
347.000 2.527443
348.000 2.527443
349.000 2.521365
350.000 2.502943
351.000 2.502274
352.000 2.339317
353.000 2.339317
354.000 2.339317
355.000 2.399673
356.000 2.440552
357.000 2.440552
358.000 2.387260
359.000 2.387260
