0.000 0.169411
1.000 0.169411
2.000 1.737625
3.000 2.659714
4.000 2.687094
5.000 2.690131
6.000 2.666790
7.000 2.663172
8.000 2.665563
9.000 2.674425
10.000 2.700295
11.000 2.544393
12.000 2.267670
13.000 2.470073
14.000 2.722565
15.000 2.722410
16.000 2.722252
17.000 2.728361
18.000 2.747709
19.000 2.746933
20.000 2.736674
21.000 2.725979
22.000 2.697897
23.000 2.701095
24.000 2.717175
25.000 2.704768
26.000 2.660164
27.000 2.646925
28.000 2.641140
29.000 2.649171
30.000 2.680005
31.000 2.698166
32.000 2.724294
33.000 2.704136
34.000 2.610814
35.000 2.611852
36.000 2.716701
37.000 2.728703
38.000 2.693830
39.000 2.702969
40.000 2.773062
41.000 2.772279
42.000 2.662398
43.000 2.648182
44.000 2.770749
45.000 2.817150
46.000 2.773631
47.000 2.726870
48.000 2.648448
49.000 2.608131
50.000 2.608131
51.000 2.622002
52.000 2.665383
53.000 2.687096
54.000 2.687096
55.000 2.697211
56.000 2.728751
57.000 2.694644
58.000 2.545052
59.000 2.590333
60.000 2.747353
61.000 2.741882
62.000 2.724773
63.000 2.645979
64.000 2.407125
65.000 2.400012
66.000 2.502080
67.000 2.584632
68.000 2.804756
69.000 2.701948
70.000 2.380400
71.000 2.413765
72.000 2.716622
73.000 2.798532
74.000 2.673725
75.000 2.667779
76.000 2.843119
77.000 2.844690
78.000 2.668192
79.000 2.650987
80.000 2.738971
81.000 2.753578
82.000 2.722272
83.000 2.702905
84.000 2.654612
85.000 2.647141
86.000 2.675465
87.000 2.684906
88.000 2.698461
89.000 2.707764
90.000 2.728765
91.000 2.731754
92.000 2.732649
93.000 2.731923
94.000 2.717213
95.000 2.710074
96.000 2.666394
97.000 2.656174
98.000 2.637802
99.000 2.634349
100.000 2.682462
101.000 2.709525
102.000 2.763990
103.000 2.761864
104.000 2.646653
105.000 2.623790
106.000 2.721455
107.000 2.758044
108.000 2.751465
109.000 2.746787
110.000 2.689537
111.000 2.692795
112.000 2.737984
113.000 2.744770
114.000 2.840709
115.000 2.848846
116.000 2.817364
117.000 2.801763
118.000 2.737715
119.000 2.711697
120.000 2.756829
121.000 2.765415
122.000 2.669293
123.000 2.631358
124.000 2.691248
125.000 2.720597
126.000 2.748863
127.000 2.756648
128.000 2.679343
129.000 2.630683
130.000 2.511371
131.000 2.469079
132.000 2.606292
133.000 2.660365
134.000 2.622684
135.000 2.612679
136.000 2.739219
137.000 2.784154
138.000 2.741664
139.000 2.710197
140.000 2.648194
141.000 2.628583
142.000 2.660605
143.000 2.680012
144.000 2.742211
145.000 2.748394
146.000 2.460150
147.000 2.385732
148.000 2.595274
149.000 2.666817
150.000 2.756320
151.000 2.776395
152.000 2.744514
153.000 2.727533
154.000 2.653781
155.000 2.630633
156.000 2.367745
157.000 2.341019
158.000 2.645960
159.000 2.772553
160.000 2.575699
161.000 2.509868
162.000 2.668831
163.000 2.665286
164.000 2.650374
165.000 2.650122
166.000 2.736967
167.000 2.765261
168.000 2.676443
169.000 2.653409
170.000 2.692107
171.000 2.709999
172.000 2.768964
173.000 2.784793
174.000 2.668551
175.000 2.658255
176.000 2.676718
177.000 2.684963
178.000 2.709298
179.000 2.724424
180.000 2.768490
181.000 2.791189
182.000 2.773433
183.000 2.762691
184.000 2.740086
185.000 2.735878
186.000 2.767533
187.000 2.782564
188.000 2.783359
189.000 2.778543
190.000 2.703181
191.000 2.701936
192.000 2.726673
193.000 2.730559
194.000 2.734423
195.000 2.735525
196.000 2.722916
197.000 2.722128
198.000 2.710396
199.000 2.707812
200.000 2.670761
201.000 2.618347
202.000 2.142176
203.000 2.004356
204.000 2.475268
205.000 2.738361
206.000 2.730532
207.000 2.733827
208.000 2.824104
209.000 2.813094
210.000 2.680595
211.000 2.681245
212.000 2.690697
213.000 2.676231
214.000 2.512291
215.000 2.520217
216.000 2.635543
217.000 2.672757
218.000 2.728053
219.000 2.715217
220.000 2.604904
221.000 2.575806
222.000 2.385529
223.000 2.420315
224.000 2.714890
225.000 2.691093
226.000 2.469887
227.000 2.488900
228.000 2.633873
229.000 2.593088
230.000 2.305061
231.000 2.329406
232.000 2.620781
233.000 2.622418
234.000 2.642021
235.000 2.653386
236.000 2.765991
237.000 2.753186
238.000 2.618584
239.000 2.631025
240.000 2.736267
241.000 2.737002
242.000 2.743423
243.000 2.734135
244.000 2.645546
245.000 2.642385
246.000 2.615356
247.000 2.619392
248.000 2.631340
249.000 2.629670
250.000 2.623184
251.000 2.636420
252.000 2.728668
253.000 2.693854
254.000 2.597183
255.000 2.606358
256.000 2.726608
257.000 2.726266
258.000 2.721357
259.000 2.714981
260.000 2.662621
261.000 2.667135
262.000 2.736881
263.000 2.755221
264.000 2.761391
265.000 2.708751
266.000 2.549561
267.000 2.559736
268.000 2.592949
269.000 2.606132
270.000 2.676476
271.000 2.669336
272.000 2.606934
273.000 2.553475
274.000 2.255943
275.000 2.303143
276.000 2.742065
277.000 2.721935
278.000 2.524582
279.000 2.635475
280.000 2.635475
281.000 2.635853
282.000 2.638802
283.000 2.640653
284.000 2.714195
285.000 2.719131
286.000 2.745132
287.000 2.734284
288.000 2.630791
289.000 2.625688
290.000 2.552506
291.000 2.545326
292.000 2.631721
293.000 2.641362
294.000 2.737724
295.000 2.738756
296.000 2.745399
297.000 2.750755
298.000 2.770233
299.000 2.765886
300.000 2.719589
301.000 2.721539
302.000 2.737030
303.000 2.743560
304.000 2.781212
305.000 2.771625
306.000 2.682007
307.000 2.690885
308.000 2.772644
309.000 2.766755
310.000 2.681069
311.000 2.678846
312.000 2.696795
313.000 2.451356
314.000 1.317085
315.000 1.384086
316.000 2.344945
317.000 2.744393
318.000 2.600296
319.000 1.575531
320.000 1.575531
321.000 1.650629
322.000 2.595467
323.000 2.597273
324.000 2.623563
325.000 2.635268
326.000 2.712829
327.000 2.728487
328.000 2.746572
329.000 2.749514
330.000 2.738444
331.000 2.712035
332.000 2.360688
333.000 2.341664
334.000 2.704272
335.000 2.761110
336.000 2.818687
337.000 2.781163
338.000 2.484200
339.000 2.491937
340.000 2.602905
341.000 2.650290
342.000 2.683158
343.000 2.716026
344.000 2.721642
345.000 2.721642
346.000 2.346664
347.000 2.346664
348.000 2.551583
349.000 2.645920
350.000 2.648604
351.000 2.702614
352.000 2.702614
353.000 2.702614
354.000 2.701996
355.000 2.701996
356.000 2.701996
357.000 2.682777
358.000 2.664429
359.000 2.664429
