0.000 0.177773
1.000 0.177773
2.000 0.177773
3.000 0.177773
4.000 0.177773
5.000 0.177773
6.000 0.177773
7.000 0.195413
8.000 0.213504
9.000 0.231594
10.000 0.249684
11.000 0.267774
12.000 0.285865
13.000 0.303955
14.000 0.322045
15.000 0.340136
16.000 0.342285
17.000 0.342285
18.000 0.176628
19.000 0.176628
20.000 0.176628
21.000 0.176628
22.000 0.176628
23.000 0.176628
24.000 0.176628
25.000 0.410475
26.000 0.387451
27.000 0.387451
28.000 0.387451
29.000 0.309929
30.000 0.309929
31.000 0.309929
32.000 0.398071
33.000 0.398071
34.000 0.398071
35.000 0.426534
36.000 0.453026
37.000 0.453026
38.000 0.453026
39.000 0.365387
40.000 0.365387
41.000 0.409144
42.000 0.412575
43.000 0.412575
44.000 0.365089
45.000 0.365089
46.000 0.365089
47.000 0.388567
48.000 0.743482
49.000 0.755287
50.000 0.410347
51.000 0.410347
52.000 0.437401
53.000 0.437401
54.000 0.437401
55.000 0.494823
56.000 0.530930
57.000 0.530930
58.000 0.530930
59.000 0.422829
60.000 0.422829
61.000 0.422829
62.000 0.451196
63.000 0.464897
64.000 0.464897
65.000 0.460526
66.000 0.460526
67.000 0.460533
68.000 0.460533
69.000 0.460533
70.000 0.408974
71.000 0.408974
72.000 0.408974
73.000 0.478838
74.000 0.599469
75.000 0.635857
76.000 0.423508
77.000 0.423508
78.000 0.457484
79.000 0.644958
80.000 0.644958
81.000 0.395287
82.000 0.395287
83.000 0.395287
84.000 0.402999
85.000 0.446782
86.000 0.468498
87.000 0.468498
88.000 0.469948
89.000 0.471405
90.000 0.327827
91.000 0.327827
92.000 0.464897
93.000 0.464897
94.000 0.354492
95.000 0.464897
96.000 0.464897
97.000 0.446785
98.000 0.446785
99.000 0.423052
100.000 0.422272
101.000 0.476523
102.000 0.985382
103.000 0.739772
104.000 0.465523
105.000 0.397644
106.000 0.465530
107.000 0.395752
108.000 0.352577
109.000 0.457405
110.000 0.456753
111.000 0.456223
112.000 0.413788
113.000 0.635292
114.000 0.458031
115.000 0.454369
116.000 0.432404
117.000 0.364052
118.000 0.363892
119.000 0.362595
120.000 0.362595
121.000 0.365829
122.000 0.422821
123.000 0.418775
124.000 0.392862
125.000 0.392265
126.000 0.364769
127.000 0.176735
128.000 0.176735
129.000 0.176735
130.000 0.356468
131.000 0.396484
132.000 0.396484
133.000 0.436273
134.000 0.447517
135.000 0.447517
136.000 0.423508
137.000 0.423508
138.000 0.417901
139.000 0.399902
140.000 0.399902
141.000 0.399902
142.000 0.412567
143.000 0.412567
144.000 0.403520
145.000 0.382278
146.000 0.382278
147.000 0.382278
148.000 0.391853
149.000 0.391853
150.000 0.411698
151.000 0.461159
152.000 0.461159
153.000 0.402973
154.000 0.396851
155.000 0.317360
156.000 0.464516
157.000 0.464516
158.000 0.458641
159.000 0.454643
160.000 0.454643
161.000 0.470528
162.000 0.413791
163.000 0.248428
164.000 0.248428
165.000 0.248428
166.000 0.432152
167.000 0.432152
168.000 0.311554
169.000 0.311554
170.000 0.425049
171.000 0.425049
172.000 0.411674
173.000 0.411674
174.000 0.327042
175.000 0.327042
176.000 0.327042
177.000 0.327042
178.000 0.361763
179.000 0.361763
180.000 0.363196
181.000 0.459900
182.000 0.459900
183.000 0.459900
184.000 0.459900
185.000 0.459900
186.000 0.459900
187.000 0.459900
188.000 0.459900
189.000 0.454381
190.000 0.424141
191.000 0.424141
192.000 0.468887
193.000 0.468887
194.000 0.464272
195.000 0.464272
196.000 0.481094
197.000 0.481094
198.000 0.481094
199.000 0.481094
200.000 0.468187
201.000 0.464897
202.000 0.464897
203.000 0.412819
204.000 0.412819
205.000 0.412819
206.000 0.441499
207.000 0.476776
208.000 0.476776
209.000 0.467760
210.000 0.462563
211.000 0.384644
212.000 0.384644
213.000 0.449898
214.000 0.449898
215.000 0.273849
216.000 0.273849
217.000 0.635071
218.000 0.396042
219.000 0.396042
220.000 0.364822
221.000 0.340831
222.000 0.466510
223.000 0.453827
224.000 0.474594
225.000 0.471130
226.000 0.473633
227.000 0.622978
228.000 0.353241
229.000 0.353241
230.000 0.422879
231.000 0.445534
232.000 0.687965
233.000 0.687965
234.000 0.486115
235.000 0.486115
236.000 0.441101
237.000 0.441101
238.000 0.441101
239.000 0.436262
240.000 0.412791
241.000 0.389320
242.000 0.365848
243.000 0.383842
244.000 0.422821
245.000 0.365936
246.000 0.365936
247.000 0.365936
248.000 0.397423
249.000 0.454697
250.000 0.454697
251.000 0.454697
252.000 0.457253
253.000 0.463211
254.000 0.463211
255.000 0.463211
256.000 0.437883
257.000 0.413383
258.000 0.361956
259.000 0.504906
260.000 0.427887
261.000 0.513824
262.000 0.513824
263.000 0.355865
264.000 0.355865
265.000 0.355865
266.000 0.412773
267.000 0.412773
268.000 0.318405
269.000 0.318405
270.000 0.318405
271.000 0.457397
272.000 0.457397
273.000 0.352882
274.000 0.352882
275.000 0.459335
276.000 0.459335
277.000 0.441673
278.000 0.441673
279.000 0.441673
280.000 0.460522
281.000 0.473648
282.000 0.473648
283.000 0.424522
284.000 0.424522
285.000 0.473656
286.000 0.476186
287.000 0.529877
288.000 0.458649
289.000 0.397072
290.000 0.423851
291.000 0.416733
292.000 0.377762
293.000 0.377762
294.000 0.360939
295.000 0.360939
296.000 0.526367
297.000 0.526367
298.000 0.392540
299.000 0.392540
300.000 0.392540
301.000 0.495689
302.000 0.529915
303.000 0.529915
304.000 0.361969
305.000 0.361969
306.000 0.361969
307.000 0.477547
308.000 0.477547
309.000 0.438034
310.000 0.438034
311.000 0.438034
312.000 0.419617
313.000 0.398209
314.000 0.398209
315.000 0.391596
316.000 0.206398
317.000 0.359810
318.000 0.422623
319.000 0.423027
320.000 0.360939
321.000 0.558182
322.000 0.447403
323.000 0.447403
324.000 0.396851
325.000 0.423096
326.000 0.423096
327.000 0.427321
328.000 0.439778
329.000 0.441040
330.000 0.423859
331.000 0.423859
332.000 0.396675
333.000 0.396675
334.000 0.396675
335.000 0.400780
336.000 0.400780
337.000 0.400780
338.000 0.420791
339.000 0.443553
340.000 0.461929
341.000 0.461777
342.000 0.356911
343.000 0.356911
344.000 0.310669
345.000 0.310669
346.000 0.459900
347.000 0.433451
348.000 0.397522
349.000 0.395004
350.000 0.440483
351.000 0.440483
352.000 0.382370
353.000 0.382370
354.000 0.382370
355.000 0.389259
356.000 0.397316
357.000 0.397316
358.000 0.378113
359.000 0.378113
