0.000 0.044991
1.000 0.044991
2.000 0.044991
3.000 0.044991
4.000 0.162981
5.000 0.209991
6.000 0.209991
7.000 0.538704
8.000 0.444952
9.000 0.248611
10.000 0.248611
11.000 0.221199
12.000 0.221199
13.000 0.219158
14.000 0.215050
15.000 0.215050
16.000 0.324387
17.000 0.365295
18.000 0.466949
19.000 0.466949
20.000 0.466949
21.000 0.466949
22.000 0.466949
23.000 0.466949
24.000 0.466949
25.000 0.466949
26.000 0.466949
27.000 0.380840
28.000 0.394001
29.000 0.407163
30.000 0.420325
31.000 0.433486
32.000 0.446648
33.000 0.459810
34.000 0.472971
35.000 0.486133
36.000 0.496284
37.000 0.522602
38.000 0.605789
39.000 0.442032
40.000 0.497475
41.000 0.510094
42.000 0.510094
43.000 0.510094
44.000 0.347283
45.000 0.326554
46.000 0.305825
47.000 0.285096
48.000 0.284348
49.000 0.417119
50.000 0.343887
51.000 0.343887
52.000 0.343887
53.000 0.343887
54.000 0.436104
55.000 0.402451
56.000 0.503014
57.000 0.446053
58.000 0.393745
59.000 0.393745
60.000 0.393745
61.000 0.393745
62.000 0.356760
63.000 0.307351
64.000 0.259956
65.000 0.259956
66.000 0.266397
67.000 0.279320
68.000 0.338631
69.000 0.345360
70.000 0.401511
71.000 0.401566
72.000 0.437317
73.000 0.428448
74.000 0.416847
75.000 0.416847
76.000 0.335738
77.000 0.293825
78.000 0.278580
79.000 0.278580
80.000 0.276679
81.000 0.273210
82.000 0.269740
83.000 0.269707
84.000 0.208222
85.000 0.125916
86.000 0.125916
87.000 0.142670
88.000 0.142670
89.000 0.142670
90.000 0.170322
91.000 0.197189
92.000 0.193069
93.000 0.209088
94.000 0.210144
95.000 0.220521
96.000 0.220955
97.000 0.203346
98.000 0.203346
99.000 0.231071
100.000 0.258301
101.000 0.258301
102.000 0.278490
103.000 0.293831
104.000 0.210007
105.000 0.318085
106.000 0.318085
107.000 0.363653
108.000 0.381111
109.000 0.371113
110.000 0.355553
111.000 0.282867
112.000 0.282867
113.000 0.282867
114.000 0.282867
115.000 0.282867
116.000 0.282867
117.000 0.282867
118.000 0.282867
119.000 0.374018
120.000 0.363911
121.000 0.353804
122.000 0.343696
123.000 0.333589
124.000 0.323482
125.000 0.320213
126.000 0.320213
127.000 0.320213
128.000 0.342484
129.000 0.342484
130.000 0.412361
131.000 0.412361
132.000 0.387504
133.000 0.251289
134.000 0.251289
135.000 0.252602
136.000 0.252602
137.000 0.259012
138.000 0.313403
139.000 0.314995
140.000 0.314995
141.000 0.402428
142.000 0.424400
143.000 0.217674
144.000 0.217674
145.000 0.377315
146.000 0.408813
147.000 0.393639
148.000 0.393639
149.000 0.393639
150.000 0.393639
151.000 0.393639
152.000 0.285451
153.000 0.294294
154.000 0.303137
155.000 0.311980
156.000 0.320824
157.000 0.329667
158.000 0.335922
159.000 0.342042
160.000 0.465904
161.000 0.629875
162.000 0.629875
163.000 0.629875
164.000 0.597961
165.000 0.597961
166.000 0.597961
167.000 0.583787
168.000 0.528817
169.000 0.506493
170.000 0.506493
171.000 0.506493
172.000 0.506493
173.000 0.506493
174.000 0.711758
175.000 0.638274
176.000 0.564790
177.000 0.514557
178.000 0.514557
179.000 0.514557
180.000 0.514557
181.000 0.514557
182.000 0.514557
183.000 0.514557
184.000 0.514557
185.000 0.352560
186.000 0.363473
187.000 0.374385
188.000 0.385297
189.000 0.396209
190.000 0.407121
191.000 0.418034
192.000 0.424370
193.000 0.424370
194.000 0.368431
195.000 0.385413
196.000 0.429169
197.000 0.591568
198.000 0.718155
199.000 0.415611
200.000 0.924255
201.000 0.565773
202.000 0.612137
203.000 0.691963
204.000 0.607994
205.000 0.607994
206.000 0.607994
207.000 0.558338
208.000 0.505334
209.000 0.478935
210.000 0.721687
211.000 0.536003
212.000 0.536003
213.000 0.466705
214.000 0.580078
215.000 0.580078
216.000 1.246910
217.000 1.246910
218.000 1.221867
219.000 1.132698
220.000 1.043529
221.000 0.954360
222.000 0.865191
223.000 0.776022
224.000 0.686853
225.000 0.621170
226.000 0.621170
227.000 0.621170
228.000 0.491882
229.000 0.491882
230.000 0.491882
231.000 0.489632
232.000 0.487320
233.000 0.487320
234.000 0.565567
235.000 0.645828
236.000 0.571214
237.000 0.514420
238.000 0.559784
239.000 0.465637
240.000 0.465637
241.000 0.344795
242.000 0.344795
243.000 0.344795
244.000 0.337930
245.000 0.327988
246.000 0.327988
247.000 0.327988
248.000 0.273636
249.000 0.273636
250.000 0.358879
251.000 0.358879
252.000 0.358879
253.000 0.253372
254.000 0.253372
255.000 0.253372
256.000 0.302422
257.000 0.302422
258.000 0.302422
259.000 0.302422
260.000 0.416894
261.000 0.454536
262.000 0.454536
263.000 0.455036
264.000 0.472957
265.000 0.490879
266.000 0.493225
267.000 0.530945
268.000 0.530945
269.000 0.651399
270.000 0.559570
271.000 0.559570
272.000 0.497886
273.000 0.473320
274.000 0.473320
275.000 0.473320
276.000 0.473320
277.000 0.473320
278.000 0.473320
279.000 0.529527
280.000 0.531368
281.000 0.533210
282.000 0.535051
283.000 0.536893
284.000 0.538322
285.000 0.538322
286.000 0.521497
287.000 0.521484
288.000 0.596725
289.000 0.531654
290.000 0.500214
291.000 0.494791
292.000 0.453349
293.000 0.444016
294.000 0.316933
295.000 0.516880
296.000 0.459190
297.000 0.354912
298.000 0.354912
299.000 0.354912
300.000 0.423278
301.000 0.421667
302.000 0.420746
303.000 0.420746
304.000 0.389847
305.000 0.389847
306.000 0.508949
307.000 0.456131
308.000 0.456131
309.000 0.359846
310.000 0.333321
311.000 0.361713
312.000 0.389473
313.000 0.372730
314.000 0.322876
315.000 0.322876
316.000 0.332771
317.000 0.332771
318.000 0.321460
319.000 0.307424
320.000 0.299850
321.000 0.403740
322.000 0.403740
323.000 0.306030
324.000 0.286179
325.000 0.286179
326.000 0.483063
327.000 0.458584
328.000 0.366508
329.000 0.295723
330.000 0.295723
331.000 0.376907
332.000 0.374906
333.000 0.372646
334.000 0.371872
335.000 0.357254
336.000 0.394749
337.000 0.406258
338.000 0.406258
339.000 0.417053
340.000 0.417053
341.000 0.362938
342.000 0.362938
343.000 0.515572
344.000 0.515572
345.000 0.655792
346.000 0.655792
347.000 0.474754
348.000 0.523552
349.000 0.523552
350.000 0.523552
351.000 0.500571
352.000 0.444225
353.000 0.396057
354.000 0.396057
355.000 0.396057
356.000 0.404918
357.000 0.414921
358.000 0.400993
359.000 0.305168
