0.000 0.097610
1.000 0.097610
2.000 0.097610
3.000 1.371151
4.000 1.064789
5.000 1.062645
6.000 1.057686
7.000 0.885712
8.000 0.885712
9.000 1.062889
10.000 1.062889
11.000 0.943214
12.000 0.943214
13.000 1.062218
14.000 1.062218
15.000 1.063910
16.000 1.074783
17.000 1.074783
18.000 1.099493
19.000 1.105614
20.000 1.002831
21.000 1.002831
22.000 1.053117
23.000 1.060555
24.000 1.060555
25.000 0.981743
26.000 0.981743
27.000 0.993695
28.000 1.031578
29.000 1.031082
30.000 1.030212
31.000 0.908699
32.000 1.029495
33.000 1.029495
34.000 1.053996
35.000 1.054230
36.000 1.049642
37.000 1.017807
38.000 1.021220
39.000 1.042953
40.000 1.019104
41.000 1.019104
42.000 1.019104
43.000 0.971420
44.000 0.971420
45.000 0.971420
46.000 0.976297
47.000 0.990317
48.000 1.004338
49.000 1.009888
50.000 1.009888
51.000 1.060410
52.000 1.060410
53.000 1.017914
54.000 1.025911
55.000 1.039116
56.000 1.039116
57.000 1.023170
58.000 0.914429
59.000 0.914429
60.000 1.006325
61.000 1.006325
62.000 1.058937
63.000 1.058937
64.000 0.955086
65.000 0.955086
66.000 0.976211
67.000 1.041840
68.000 1.041840
69.000 1.005005
70.000 0.856361
71.000 0.856361
72.000 0.856361
73.000 1.042480
74.000 1.042480
75.000 1.085228
76.000 1.085228
77.000 1.041728
78.000 0.951815
79.000 0.945892
80.000 1.019135
81.000 1.019135
82.000 1.019135
83.000 1.043652
84.000 1.047039
85.000 1.050011
86.000 1.017426
87.000 1.017426
88.000 0.232529
89.000 0.232529
90.000 0.232529
91.000 0.232529
92.000 0.232529
93.000 0.232529
94.000 0.232529
95.000 0.232529
96.000 0.232529
97.000 0.232529
98.000 0.232529
99.000 0.232529
100.000 0.232529
101.000 1.001645
102.000 1.002419
103.000 1.002419
104.000 0.985293
105.000 0.967293
106.000 0.954170
107.000 0.954170
108.000 0.954170
109.000 1.005615
110.000 1.005615
111.000 1.080093
112.000 1.080093
113.000 1.080093
114.000 1.073204
115.000 1.063995
116.000 1.063995
117.000 1.075741
118.000 1.089333
119.000 1.089333
120.000 1.002449
121.000 1.002449
122.000 1.054100
123.000 1.039639
124.000 1.021873
125.000 1.021873
126.000 1.016380
127.000 1.016380
128.000 1.004456
129.000 1.004456
130.000 1.049744
131.000 1.049744
132.000 1.006988
133.000 1.004387
134.000 1.004387
135.000 1.055374
136.000 1.055374
137.000 1.010486
138.000 1.003540
139.000 1.003540
140.000 1.004846
141.000 1.001877
142.000 1.001877
143.000 1.012594
144.000 1.036659
145.000 1.036659
146.000 0.949249
147.000 0.949249
148.000 0.989662
149.000 0.989662
150.000 1.003047
151.000 1.047253
152.000 1.049988
153.000 1.039513
154.000 1.039513
155.000 1.025200
156.000 1.034004
157.000 1.034004
158.000 1.034004
159.000 1.010033
160.000 1.010033
161.000 0.996456
162.000 0.980156
163.000 0.980156
164.000 1.105896
165.000 1.039017
166.000 1.039017
167.000 1.024319
168.000 0.998063
169.000 0.982643
170.000 1.055489
171.000 1.055489
172.000 0.834791
173.000 0.604127
174.000 0.437256
175.000 0.654686
176.000 0.722702
177.000 0.667210
178.000 0.616226
179.000 0.581726
180.000 0.583479
181.000 0.586853
182.000 0.871239
183.000 1.044678
184.000 0.942894
185.000 0.942894
186.000 1.056297
187.000 1.056297
188.000 1.029839
189.000 1.029839
190.000 1.016125
191.000 1.014038
192.000 1.039757
193.000 0.975090
194.000 0.910492
195.000 0.910492
196.000 0.980667
197.000 0.980667
198.000 1.050743
199.000 1.050743
200.000 1.050743
201.000 1.099030
202.000 1.099030
203.000 1.008774
204.000 0.788231
205.000 0.788231
206.000 0.788231
207.000 1.066269
208.000 1.066167
209.000 1.065048
210.000 1.064201
211.000 1.047409
212.000 1.087740
213.000 1.068085
214.000 0.996048
215.000 1.005910
216.000 1.013069
217.000 1.010239
218.000 1.005257
219.000 1.005257
220.000 1.009367
221.000 1.038572
222.000 1.058983
223.000 1.058983
224.000 0.910843
225.000 0.910843
226.000 1.049835
227.000 1.039427
228.000 1.016762
229.000 1.085457
230.000 1.084839
231.000 1.055450
232.000 1.055450
233.000 1.060875
234.000 1.060875
235.000 1.049080
236.000 1.033597
237.000 1.018113
238.000 1.006004
239.000 1.095406
240.000 1.095406
241.000 1.095406
242.000 1.095406
243.000 1.034284
244.000 1.020603
245.000 1.010277
246.000 1.010277
247.000 1.068016
248.000 1.068016
249.000 1.032417
250.000 1.032417
251.000 1.032417
252.000 1.032417
253.000 1.032417
254.000 1.032417
255.000 0.988960
256.000 0.988642
257.000 0.988325
258.000 0.988007
259.000 0.987690
260.000 0.987372
261.000 0.987055
262.000 0.986839
263.000 0.986839
264.000 1.028494
265.000 1.076218
266.000 1.019661
267.000 1.022405
268.000 1.065426
269.000 1.090637
270.000 1.100466
271.000 1.067799
272.000 1.025681
273.000 1.068886
274.000 1.068886
275.000 1.068886
276.000 1.079133
277.000 1.082390
278.000 1.082390
279.000 1.028023
280.000 1.028023
281.000 1.041893
282.000 1.041893
283.000 1.041893
284.000 0.966751
285.000 0.966751
286.000 1.065392
287.000 1.065392
288.000 1.046699
289.000 1.003342
290.000 1.003342
291.000 1.003342
292.000 1.007731
293.000 1.011299
294.000 1.011299
295.000 1.020828
296.000 1.077415
297.000 1.077415
298.000 1.000771
299.000 1.000771
300.000 0.889847
301.000 0.889847
302.000 0.951505
303.000 1.035698
304.000 1.035698
305.000 1.056534
306.000 0.718506
307.000 0.718506
308.000 0.590271
309.000 0.535484
310.000 0.762088
311.000 1.039047
312.000 0.807411
313.000 0.940628
314.000 0.940628
315.000 0.940628
316.000 0.950341
317.000 0.999565
318.000 0.999565
319.000 0.999565
320.000 0.986358
321.000 0.956664
322.000 0.926971
323.000 0.909081
324.000 1.027077
325.000 1.023743
326.000 1.023743
327.000 0.986450
328.000 0.986450
329.000 0.993011
330.000 0.993011
331.000 0.993011
332.000 1.024666
333.000 1.061867
334.000 1.061867
335.000 0.890541
336.000 0.890541
337.000 1.042664
338.000 1.042664
339.000 1.074258
340.000 1.091736
341.000 1.091736
342.000 0.991272
343.000 0.991272
344.000 1.135147
345.000 1.135147
346.000 1.010437
347.000 1.026443
348.000 1.026443
349.000 1.025024
350.000 1.025024
351.000 1.026330
352.000 1.053648
353.000 1.073997
354.000 1.073997
355.000 1.064030
356.000 1.057747
357.000 1.025917
358.000 1.010460
359.000 1.010460
