0.000 0.174889
1.000 0.174889
2.000 0.174889
3.000 0.174889
4.000 2.029083
5.000 2.148305
6.000 2.490829
7.000 2.488571
8.000 2.488571
9.000 2.509789
10.000 2.504204
11.000 2.492116
12.000 2.479202
13.000 2.506874
14.000 2.367735
15.000 1.736908
16.000 1.736908
17.000 1.799724
18.000 2.428500
19.000 2.022827
20.000 2.202253
21.000 1.961891
22.000 1.961891
23.000 1.911705
24.000 1.911705
25.000 1.413506
26.000 1.485065
27.000 2.282288
28.000 2.282288
29.000 2.467056
30.000 2.467056
31.000 2.474906
32.000 2.503998
33.000 2.503998
34.000 2.386853
35.000 2.494095
36.000 2.527817
37.000 2.458481
38.000 2.435333
39.000 2.429665
40.000 2.539054
41.000 2.554939
42.000 2.516708
43.000 2.516708
44.000 2.442486
45.000 2.431938
46.000 2.369921
47.000 2.368874
48.000 2.391980
49.000 2.406685
50.000 2.388076
51.000 2.381721
52.000 2.391889
53.000 2.397575
54.000 2.453589
55.000 2.485138
56.000 2.474786
57.000 2.469185
58.000 2.294808
59.000 2.206833
60.000 2.393905
61.000 2.513992
62.000 2.496478
63.000 2.485039
64.000 2.083193
65.000 2.057030
66.000 2.280046
67.000 2.412056
68.000 2.501072
69.000 2.509346
70.000 2.430435
71.000 2.430435
72.000 2.534569
73.000 2.538643
74.000 2.501183
75.000 2.501183
76.000 2.513168
77.000 2.513168
78.000 2.276352
79.000 2.276352
80.000 2.429049
81.000 2.494827
82.000 2.425357
83.000 2.408127
84.000 2.451269
85.000 2.479652
86.000 2.427247
87.000 2.400024
88.000 2.471207
89.000 2.471207
90.000 2.247696
91.000 2.247696
92.000 2.409882
93.000 2.409882
94.000 2.463913
95.000 2.463913
96.000 2.414325
97.000 2.411491
98.000 2.478260
99.000 2.516869
100.000 2.487215
101.000 2.466644
102.000 2.497675
103.000 2.521187
104.000 2.470082
105.000 2.435600
106.000 2.440702
107.000 2.443321
108.000 2.486134
109.000 2.500900
110.000 2.482424
111.000 2.476372
112.000 2.408233
113.000 2.394829
114.000 2.407839
115.000 2.410713
116.000 2.402702
117.000 2.399765
118.000 2.359802
119.000 2.336533
120.000 2.381384
121.000 2.412605
122.000 2.491861
123.000 2.543396
124.000 2.492909
125.000 2.487679
126.000 2.418514
127.000 2.406723
128.000 2.473240
129.000 2.510056
130.000 2.407613
131.000 2.355881
132.000 2.433916
133.000 2.475151
134.000 2.326493
135.000 2.233688
136.000 2.378418
137.000 2.460579
138.000 2.273117
139.000 2.273117
140.000 2.494125
141.000 2.494125
142.000 2.369484
143.000 2.369484
144.000 2.383499
145.000 2.383499
146.000 2.506294
147.000 2.506294
148.000 2.344193
149.000 2.344193
150.000 2.509026
151.000 2.509026
152.000 2.266592
153.000 2.233368
154.000 2.377875
155.000 2.470444
156.000 2.261284
157.000 2.261284
158.000 2.214264
159.000 2.214264
160.000 2.493424
161.000 2.532158
162.000 2.442739
163.000 2.431747
164.000 2.255615
165.000 2.255615
166.000 2.503838
167.000 2.503838
168.000 2.497406
169.000 2.497406
170.000 2.375206
171.000 2.375206
172.000 2.420052
173.000 2.420052
174.000 2.450810
175.000 2.452026
176.000 2.393692
177.000 2.387543
178.000 2.526566
179.000 2.526566
180.000 2.437105
181.000 2.411156
182.000 2.368378
183.000 2.357964
184.000 2.404403
185.000 2.424988
186.000 2.487218
187.000 2.500595
188.000 2.487457
189.000 2.487457
190.000 2.357208
191.000 2.357208
192.000 2.502111
193.000 2.514030
194.000 2.513705
195.000 2.513611
196.000 2.438821
197.000 2.421692
198.000 2.480675
199.000 2.507416
200.000 2.469048
201.000 2.451988
202.000 2.466003
203.000 2.472145
204.000 2.451149
205.000 2.451149
206.000 2.430107
207.000 2.430107
208.000 2.512695
209.000 2.514175
210.000 2.352669
211.000 2.352669
212.000 2.397102
213.000 2.397102
214.000 2.469738
215.000 2.507294
216.000 2.509511
217.000 2.516172
218.000 2.509616
219.000 2.491020
220.000 2.473316
221.000 2.426933
222.000 0.909966
223.000 0.909966
224.000 0.805288
225.000 0.596336
226.000 0.596336
227.000 0.596336
228.000 2.499778
229.000 2.496880
230.000 2.509286
231.000 2.546666
232.000 1.827519
233.000 1.202904
234.000 1.524732
235.000 2.487480
236.000 2.431975
237.000 2.284813
238.000 2.336602
239.000 2.466949
240.000 2.452935
241.000 2.411980
242.000 2.433988
243.000 2.500901
244.000 2.508284
245.000 2.515725
246.000 2.492214
247.000 2.431290
248.000 2.447944
249.000 2.498428
250.000 2.508696
251.000 2.526901
252.000 2.521710
253.000 2.506021
254.000 2.490212
255.000 2.456743
256.000 2.438537
257.000 2.424783
258.000 2.455224
259.000 2.567110
260.000 2.580192
261.000 2.466205
262.000 2.418960
263.000 2.424825
264.000 2.459431
265.000 2.558374
266.000 2.571778
267.000 2.479923
268.000 2.466892
269.000 2.562470
270.000 2.574124
271.000 2.474172
272.000 2.422632
273.000 2.405013
274.000 2.444174
275.000 2.585138
276.000 2.615190
277.000 2.501749
278.000 2.442126
279.000 2.417759
280.000 2.442655
281.000 2.516724
282.000 2.515589
283.000 2.513351
284.000 2.449136
285.000 2.392601
286.000 2.350914
287.000 2.260223
288.000 2.297145
289.000 2.410784
290.000 2.427887
291.000 2.427887
292.000 2.395753
293.000 2.396302
294.000 2.396400
295.000 2.396400
296.000 2.458376
297.000 2.466690
298.000 2.466690
299.000 2.481636
300.000 2.481636
301.000 2.473128
302.000 2.472862
303.000 2.516808
304.000 2.461227
305.000 2.461227
306.000 2.414499
307.000 2.366310
308.000 2.366310
309.000 2.320328
310.000 2.362029
311.000 2.464684
312.000 2.440836
313.000 2.255814
314.000 2.282287
315.000 2.504211
316.000 2.470284
317.000 2.407158
318.000 1.328644
319.000 1.328644
320.000 0.945114
321.000 0.945114
322.000 0.945114
323.000 0.945114
324.000 0.731979
325.000 0.731979
326.000 0.731979
327.000 0.791495
328.000 1.264213
329.000 1.736930
330.000 1.968971
331.000 0.373901
332.000 0.373901
333.000 0.373901
334.000 0.305862
335.000 0.305862
336.000 0.402573
337.000 0.402573
338.000 0.402573
339.000 0.512489
340.000 0.512489
341.000 0.512489
342.000 0.512489
343.000 0.512483
344.000 0.512482
345.000 0.327563
346.000 0.235832
347.000 0.235832
348.000 0.235832
349.000 0.235832
350.000 0.539322
351.000 2.012001
352.000 2.158363
353.000 2.158363
354.000 2.190091
355.000 2.068703
356.000 2.068703
357.000 2.068703
358.000 2.379959
359.000 2.467812
