0.000 0.212494
1.000 0.212494
2.000 3.121468
3.000 2.455360
4.000 2.730392
5.000 2.774879
6.000 2.774879
7.000 2.774879
8.000 2.774879
9.000 2.486492
10.000 2.448491
11.000 2.433372
12.000 2.528664
13.000 2.528664
14.000 2.723167
15.000 2.723167
16.000 2.821915
17.000 2.821915
18.000 2.705940
19.000 2.705940
20.000 2.705940
21.000 2.714227
22.000 2.729380
23.000 2.729729
24.000 2.729729
25.000 2.740570
26.000 2.740570
27.000 2.712938
28.000 2.679878
29.000 2.679878
30.000 2.390465
31.000 2.536301
32.000 2.536301
33.000 2.536301
34.000 2.536301
35.000 2.536301
36.000 2.569300
37.000 2.600721
38.000 2.632143
39.000 2.663564
40.000 2.694985
41.000 2.713280
42.000 2.782127
43.000 2.782127
44.000 2.785533
45.000 2.828969
46.000 2.837471
47.000 2.832092
48.000 2.754539
49.000 2.754539
50.000 2.635435
51.000 2.723802
52.000 2.748749
53.000 2.748749
54.000 2.748749
55.000 2.830430
56.000 2.817283
57.000 2.804135
58.000 2.790988
59.000 2.777841
60.000 2.764693
61.000 2.751546
62.000 2.738399
63.000 2.725251
64.000 2.712104
65.000 2.698957
66.000 2.685809
67.000 2.672662
68.000 2.659514
69.000 2.646367
70.000 2.633220
71.000 2.620072
72.000 2.606925
73.000 2.593778
74.000 2.580630
75.000 2.567483
76.000 2.554336
77.000 2.541188
78.000 2.528041
79.000 2.514894
80.000 2.501746
81.000 2.488599
82.000 2.475451
83.000 2.462304
84.000 2.449157
85.000 2.436009
86.000 2.422862
87.000 2.409715
88.000 2.396567
89.000 2.383420
90.000 2.370273
91.000 2.357125
92.000 2.343978
93.000 2.330831
94.000 2.317683
95.000 2.767891
96.000 2.754397
97.000 2.613617
98.000 2.743347
99.000 2.743347
100.000 2.679955
101.000 2.416161
102.000 2.416161
103.000 2.695435
104.000 2.695435
105.000 2.770332
106.000 2.770332
107.000 2.766584
108.000 2.755810
109.000 2.745035
110.000 2.734261
111.000 2.723487
112.000 2.712713
113.000 2.701938
114.000 2.691164
115.000 2.680390
116.000 2.669615
117.000 2.658841
118.000 2.648067
119.000 2.637293
120.000 2.626518
121.000 2.615744
122.000 2.604970
123.000 2.594195
124.000 2.583421
125.000 2.572647
126.000 2.561873
127.000 2.551098
128.000 2.540324
129.000 2.529550
130.000 2.518775
131.000 2.508001
132.000 2.497227
133.000 2.486453
134.000 2.475678
135.000 2.464904
136.000 2.454130
137.000 2.443356
138.000 2.432581
139.000 2.421807
140.000 2.411033
141.000 2.400258
142.000 2.389484
143.000 2.378710
144.000 2.367936
145.000 2.359428
146.000 2.717926
147.000 2.634191
148.000 2.604393
149.000 2.574595
150.000 2.544797
151.000 2.514999
152.000 2.485200
153.000 2.455402
154.000 2.425604
155.000 2.395806
156.000 2.366008
157.000 2.336210
158.000 2.311684
159.000 2.763557
160.000 2.778557
161.000 2.724525
162.000 2.724525
163.000 2.340439
164.000 2.592651
165.000 2.592651
166.000 2.726097
167.000 2.732561
168.000 2.765022
169.000 2.765022
170.000 2.748154
171.000 2.748154
172.000 2.568280
173.000 2.510574
174.000 2.738510
175.000 2.671745
176.000 2.719307
177.000 2.719307
178.000 2.766388
179.000 2.766388
180.000 2.766388
181.000 2.729020
182.000 2.684296
183.000 2.684296
184.000 2.729958
185.000 2.729958
186.000 2.801773
187.000 2.677872
188.000 2.677872
189.000 2.677872
190.000 2.804619
191.000 2.804619
192.000 2.775902
193.000 2.664108
194.000 2.664108
195.000 2.646114
196.000 2.393982
197.000 2.393982
198.000 2.651199
199.000 2.674744
200.000 2.674744
201.000 2.727859
202.000 2.587296
203.000 2.568634
204.000 2.739418
205.000 2.735599
206.000 2.647987
207.000 2.763817
208.000 2.635529
209.000 2.635529
210.000 2.371033
211.000 2.371033
212.000 2.371033
213.000 2.643196
214.000 2.643196
215.000 2.626427
216.000 2.624039
217.000 2.624039
218.000 2.701653
219.000 2.701653
220.000 2.705719
221.000 2.705719
222.000 2.768776
223.000 2.681505
224.000 2.663795
225.000 2.663452
226.000 2.663452
227.000 2.720805
228.000 2.761017
229.000 2.634338
230.000 2.634338
231.000 2.528137
232.000 2.528137
233.000 2.528137
234.000 2.544701
235.000 2.544701
236.000 2.751839
237.000 2.718034
238.000 2.687042
239.000 2.687042
240.000 2.572319
241.000 2.572319
242.000 2.727478
243.000 2.727478
244.000 2.727478
245.000 2.580170
246.000 2.580170
247.000 2.574353
248.000 2.565292
249.000 2.556231
250.000 2.547170
251.000 2.538108
252.000 2.529047
253.000 2.519986
254.000 2.510925
255.000 2.501864
256.000 2.492802
257.000 2.483741
258.000 2.474680
259.000 2.465619
260.000 2.456557
261.000 2.447496
262.000 2.438435
263.000 2.429374
264.000 2.420313
265.000 2.411251
266.000 2.402190
267.000 2.393129
268.000 2.384068
269.000 2.375006
270.000 2.365945
271.000 2.356884
272.000 2.347823
273.000 2.338761
274.000 2.329700
275.000 2.321625
276.000 2.714996
277.000 2.735237
278.000 2.638786
279.000 2.638786
280.000 2.760867
281.000 2.669022
282.000 2.754196
283.000 2.713280
284.000 2.639984
285.000 2.732895
286.000 2.732895
287.000 2.819183
288.000 2.819183
289.000 2.791585
290.000 2.763893
291.000 2.781708
292.000 2.781708
293.000 2.746086
294.000 2.746086
295.000 2.728569
296.000 2.728569
297.000 2.650078
298.000 2.650078
299.000 2.710655
300.000 2.665222
301.000 2.711191
302.000 2.772728
303.000 2.444649
304.000 2.444649
305.000 2.439623
306.000 2.432243
307.000 2.424863
308.000 2.417482
309.000 2.410102
310.000 2.402721
311.000 2.395341
312.000 2.387960
313.000 2.380580
314.000 2.373200
315.000 2.365819
316.000 2.358439
317.000 2.351058
318.000 2.343678
319.000 2.336297
320.000 2.328917
321.000 2.321537
322.000 2.751254
323.000 2.611443
324.000 2.650787
325.000 2.740494
326.000 2.740494
327.000 2.767838
328.000 2.767838
329.000 2.700686
330.000 2.682041
331.000 2.794846
332.000 2.775452
333.000 2.733833
334.000 2.685432
335.000 2.685432
336.000 2.761253
337.000 2.772637
338.000 2.774506
339.000 2.735649
340.000 2.735649
341.000 2.705208
342.000 2.730446
343.000 2.730446
344.000 2.728561
345.000 2.728561
346.000 2.665512
347.000 2.665512
348.000 2.726112
349.000 2.726112
350.000 2.731525
351.000 2.741096
352.000 2.741096
353.000 2.749931
354.000 2.749931
355.000 2.666763
356.000 2.666763
357.000 2.666763
358.000 2.634526
359.000 2.610397
