0.000 0.089874
1.000 0.089874
2.000 0.089874
3.000 0.089874
4.000 0.089874
5.000 0.089874
6.000 0.673225
7.000 0.907881
8.000 1.198560
9.000 0.882057
10.000 0.882057
11.000 0.727140
12.000 0.141685
13.000 0.141685
14.000 0.221639
15.000 0.462702
16.000 0.488876
17.000 0.488876
18.000 0.488876
19.000 0.488876
20.000 0.873762
21.000 0.959414
22.000 0.631836
23.000 0.552906
24.000 0.696266
25.000 0.696266
26.000 0.241096
27.000 0.241096
28.000 0.241096
29.000 0.241096
30.000 0.241096
31.000 0.241096
32.000 2.461960
33.000 3.418533
34.000 3.371823
35.000 2.850907
36.000 2.456039
37.000 3.543701
38.000 3.485697
39.000 2.380958
40.000 1.760353
41.000 2.405693
42.000 0.858887
43.000 0.858887
44.000 1.615929
45.000 1.450194
46.000 1.356560
47.000 1.356560
48.000 3.125175
49.000 0.154800
50.000 0.154800
51.000 0.154800
52.000 0.154800
53.000 0.154800
54.000 0.154800
55.000 0.154800
56.000 1.160751
57.000 1.160751
58.000 1.160751
59.000 1.160751
60.000 2.837215
61.000 2.813316
62.000 2.813316
63.000 0.437935
64.000 0.437935
65.000 0.437935
66.000 2.222672
67.000 0.429840
68.000 0.429840
69.000 0.429840
70.000 0.429840
71.000 0.429840
72.000 0.429840
73.000 0.429840
74.000 0.429840
75.000 0.429771
76.000 0.429771
77.000 0.312675
78.000 0.312675
79.000 0.312675
80.000 0.312675
81.000 0.312675
82.000 0.539192
83.000 0.539192
84.000 0.553612
85.000 0.553612
86.000 0.756790
87.000 0.756790
88.000 0.756790
89.000 0.756790
90.000 0.755814
91.000 0.755814
92.000 0.755814
93.000 0.939829
94.000 1.081413
95.000 1.081413
96.000 1.153748
97.000 1.153748
98.000 1.153748
99.000 0.946162
100.000 0.890549
101.000 0.890549
102.000 0.846989
103.000 0.396383
104.000 0.204636
105.000 0.204636
106.000 0.204636
107.000 0.204636
108.000 0.204636
109.000 1.213745
110.000 1.130096
111.000 1.226730
112.000 1.225906
113.000 0.657478
114.000 0.585091
115.000 0.585091
116.000 0.569908
117.000 0.569908
118.000 0.569908
119.000 0.569908
120.000 1.584800
121.000 1.567451
122.000 1.474598
123.000 1.181808
124.000 0.554825
125.000 0.554825
126.000 0.554825
127.000 0.243454
128.000 0.243454
129.000 0.243454
130.000 0.243454
131.000 1.711426
132.000 1.711426
133.000 0.859375
134.000 0.866776
135.000 0.866776
136.000 0.866776
137.000 0.866776
138.000 0.866776
139.000 0.866776
140.000 0.866776
141.000 0.866776
142.000 0.866776
143.000 0.866776
144.000 0.866776
145.000 0.866776
146.000 0.866776
147.000 0.734238
148.000 0.734238
149.000 0.734238
150.000 0.734238
151.000 0.734238
152.000 0.943538
153.000 0.888625
154.000 0.833712
155.000 0.778799
156.000 0.723886
157.000 0.668973
158.000 0.644440
159.000 0.644440
160.000 0.644440
161.000 0.644440
162.000 0.644440
163.000 0.644440
164.000 1.926048
165.000 1.926048
166.000 0.490372
167.000 0.490372
168.000 0.490372
169.000 0.490372
170.000 0.490372
171.000 0.490372
172.000 0.490372
173.000 0.490372
174.000 0.425606
175.000 0.425606
176.000 0.425606
177.000 2.401459
178.000 2.401459
179.000 0.229324
180.000 0.229324
181.000 0.229324
182.000 0.229324
183.000 0.229324
184.000 0.229324
185.000 0.229324
186.000 0.229324
187.000 1.353004
188.000 1.353004
189.000 1.473233
190.000 1.547272
191.000 1.547462
192.000 1.547462
193.000 1.203896
194.000 1.203896
195.000 1.059929
196.000 1.059929
197.000 1.254349
198.000 1.254349
199.000 1.254349
200.000 1.254349
201.000 1.425334
202.000 1.486637
203.000 1.535507
204.000 1.535507
205.000 1.924873
206.000 1.924873
207.000 1.421654
208.000 1.421654
209.000 1.332695
210.000 1.332695
211.000 1.332695
212.000 0.760139
213.000 0.760139
214.000 0.627853
215.000 0.627853
216.000 0.521004
217.000 0.521004
218.000 0.521004
219.000 0.347649
220.000 0.347649
221.000 0.347649
222.000 0.347649
223.000 1.451180
224.000 0.472038
225.000 0.472038
226.000 0.472038
227.000 0.472038
228.000 0.319313
229.000 0.319313
230.000 0.319313
231.000 0.319313
232.000 0.319313
233.000 0.319313
234.000 0.561028
235.000 0.561028
236.000 1.907082
237.000 1.907082
238.000 1.672028
239.000 1.672028
240.000 1.578896
241.000 1.578896
242.000 1.863243
243.000 0.721657
244.000 0.721657
245.000 0.721657
246.000 0.616882
247.000 0.616882
248.000 0.616882
249.000 0.616882
250.000 0.308754
251.000 0.308754
252.000 0.308754
253.000 0.308754
254.000 0.308754
255.000 0.308754
256.000 0.308754
257.000 0.308754
258.000 0.308754
259.000 1.816505
260.000 1.816505
261.000 1.816505
262.000 1.928286
263.000 2.206575
264.000 2.235649
265.000 1.991804
266.000 1.596184
267.000 1.596184
268.000 2.103104
269.000 2.556771
270.000 2.778267
271.000 2.848267
272.000 3.042658
273.000 3.410698
274.000 0.746506
275.000 0.746506
276.000 3.545921
277.000 3.349373
278.000 3.349373
279.000 2.703506
280.000 2.703506
281.000 2.703506
282.000 2.551094
283.000 2.551094
284.000 2.551094
285.000 3.015001
286.000 3.695679
287.000 3.695679
288.000 3.602524
289.000 3.589294
290.000 3.508460
291.000 3.500458
292.000 3.227188
293.000 3.227188
294.000 1.800240
295.000 1.800240
296.000 1.800240
297.000 3.538086
298.000 3.538086
299.000 3.184046
300.000 3.071838
301.000 2.106865
302.000 2.106865
303.000 0.205948
304.000 0.205948
305.000 1.410698
306.000 1.410698
307.000 0.875038
308.000 0.875038
309.000 0.875038
310.000 0.875038
311.000 0.442345
312.000 0.442345
313.000 0.442345
314.000 0.442345
315.000 0.442345
316.000 1.562889
317.000 1.562889
318.000 1.481733
319.000 1.367375
320.000 1.253017
321.000 1.138658
322.000 1.119339
323.000 1.119339
324.000 1.118494
325.000 1.030235
326.000 1.030235
327.000 1.841443
328.000 2.199364
329.000 0.682045
330.000 0.682045
331.000 0.682045
332.000 0.864647
333.000 1.039871
334.000 1.039871
335.000 1.531445
336.000 1.821564
337.000 1.669144
338.000 1.540123
339.000 0.191277
340.000 0.191277
341.000 0.191277
342.000 0.642754
343.000 0.642754
344.000 0.642754
345.000 0.642754
346.000 0.642754
347.000 0.642754
348.000 0.642754
349.000 0.642754
350.000 0.642754
351.000 0.642754
352.000 0.642754
353.000 1.054588
354.000 1.054588
355.000 1.054588
356.000 3.424629
357.000 3.424629
358.000 3.408650
359.000 3.336240
