0.000 3.867195
1.000 3.867195
2.000 1.666306
3.000 3.186607
4.000 3.121216
5.000 2.849208
6.000 2.050331
7.000 2.579147
8.000 1.857292
9.000 1.752785
10.000 2.784001
11.000 2.792885
12.000 2.792885
13.000 2.792885
14.000 1.583878
15.000 1.583878
16.000 1.583878
17.000 1.189362
18.000 1.189362
19.000 1.189362
20.000 2.878448
21.000 2.878448
22.000 2.878448
23.000 1.650986
24.000 1.650986
25.000 1.650986
26.000 0.841949
27.000 0.841949
28.000 0.841949
29.000 2.335823
30.000 1.767326
31.000 1.767326
32.000 1.767326
33.000 1.565598
34.000 1.565598
35.000 1.565598
36.000 1.775375
37.000 1.775375
38.000 2.218941
39.000 2.713188
40.000 2.713188
41.000 3.753830
42.000 3.753830
43.000 1.479515
44.000 1.499727
45.000 2.567360
46.000 2.567360
47.000 4.671500
48.000 5.743034
49.000 3.972114
50.000 3.113533
51.000 3.851938
52.000 4.314529
53.000 2.658081
54.000 2.658081
55.000 3.970452
56.000 4.340744
57.000 5.748487
58.000 6.069824
59.000 2.532616
60.000 2.532616
61.000 3.095673
62.000 3.095673
63.000 2.165138
64.000 2.165138
65.000 2.998767
66.000 3.086525
67.000 2.894333
68.000 2.894333
69.000 3.531209
70.000 3.556862
71.000 1.973579
72.000 1.973579
73.000 2.001076
74.000 2.001076
75.000 1.684623
76.000 0.941772
77.000 0.941772
78.000 0.941772
79.000 0.941772
80.000 2.336647
81.000 2.336647
82.000 2.336647
83.000 3.898874
84.000 3.652211
85.000 3.405548
86.000 3.158885
87.000 3.036942
88.000 3.036942
89.000 3.746506
90.000 3.746506
91.000 3.746506
92.000 3.746506
93.000 2.019094
94.000 1.971657
95.000 1.971657
96.000 1.971657
97.000 3.395706
98.000 3.395706
99.000 3.395706
100.000 2.738968
101.000 2.738968
102.000 1.267601
103.000 1.267601
104.000 1.267601
105.000 1.267601
106.000 4.688695
107.000 4.957832
108.000 2.353600
109.000 2.353600
110.000 3.364105
111.000 4.999649
112.000 4.999649
113.000 2.897499
114.000 2.897499
115.000 1.327621
116.000 1.327621
117.000 1.327621
118.000 1.100418
119.000 1.100418
120.000 1.100418
121.000 1.100418
122.000 1.100418
123.000 3.458008
124.000 2.007713
125.000 2.007713
126.000 2.920807
127.000 2.920807
128.000 3.517578
129.000 3.517578
130.000 3.893170
131.000 4.185516
132.000 2.116982
133.000 2.116982
134.000 2.116982
135.000 3.497116
136.000 3.397923
137.000 2.677986
138.000 3.797173
139.000 3.128418
140.000 3.291389
141.000 3.291389
142.000 3.148705
143.000 2.081619
144.000 1.225967
145.000 1.225967
146.000 1.225967
147.000 3.417023
148.000 3.417023
149.000 2.606531
150.000 1.642120
151.000 1.631218
152.000 2.255937
153.000 2.667938
154.000 0.907021
155.000 4.331551
156.000 1.474899
157.000 1.474899
158.000 4.535339
159.000 6.062698
160.000 4.739192
161.000 4.395760
162.000 3.911201
163.000 3.911201
164.000 2.051521
165.000 2.051521
166.000 2.051521
167.000 2.498314
168.000 2.498314
169.000 2.458761
170.000 1.814574
171.000 1.669006
172.000 1.669006
173.000 4.122223
174.000 3.638527
175.000 3.049539
176.000 1.798073
177.000 1.798073
178.000 1.729454
179.000 1.729454
180.000 1.096397
181.000 1.096397
182.000 1.096397
183.000 1.096397
184.000 1.096397
185.000 2.159271
186.000 2.159271
187.000 2.321800
188.000 2.321800
189.000 0.640213
190.000 0.640213
191.000 0.640213
192.000 0.640213
193.000 0.640213
194.000 2.771614
195.000 2.771614
196.000 2.771614
197.000 5.563133
198.000 3.138130
199.000 3.138130
200.000 3.953369
201.000 3.953369
202.000 0.950813
203.000 0.950813
204.000 0.950813
205.000 0.950813
206.000 3.586487
207.000 3.586487
208.000 2.388016
209.000 2.388016
210.000 2.388016
211.000 1.551765
212.000 1.551765
213.000 1.551765
214.000 1.551765
215.000 1.551765
216.000 1.058296
217.000 1.058296
218.000 1.058296
219.000 1.557854
220.000 1.557854
221.000 2.616997
222.000 1.807442
223.000 1.807442
224.000 1.897822
225.000 3.785522
226.000 3.785522
227.000 1.924355
228.000 1.924355
229.000 0.558777
230.000 0.558777
231.000 0.558777
232.000 0.729935
233.000 0.729935
234.000 0.729935
235.000 0.729935
236.000 0.669136
237.000 0.669136
238.000 0.669136
239.000 0.669136
240.000 2.536919
241.000 3.455276
242.000 3.455276
243.000 2.335876
244.000 2.335876
245.000 2.338745
246.000 2.338745
247.000 3.080129
248.000 2.952499
249.000 2.952499
250.000 3.934421
251.000 4.009628
252.000 4.141167
253.000 4.141167
254.000 1.501129
255.000 1.501129
256.000 1.501129
257.000 1.643570
258.000 1.643570
259.000 1.643570
260.000 1.643570
261.000 1.193077
262.000 1.193077
263.000 1.193077
264.000 1.193077
265.000 1.193077
266.000 2.689685
267.000 2.724953
268.000 2.724953
269.000 4.141579
270.000 4.141579
271.000 4.943390
272.000 4.943390
273.000 3.489629
274.000 2.867131
275.000 2.244632
276.000 1.814835
277.000 1.814835
278.000 2.545944
279.000 1.239716
280.000 1.239716
281.000 3.592613
282.000 1.769218
283.000 1.769218
284.000 5.327133
285.000 3.719846
286.000 3.483932
287.000 3.626894
288.000 3.384958
289.000 1.346321
290.000 2.308571
291.000 4.453133
292.000 3.413048
293.000 3.413048
294.000 1.411057
295.000 1.411057
296.000 1.119141
297.000 1.119141
298.000 1.119141
299.000 1.119141
300.000 1.119141
301.000 2.438347
302.000 2.438347
303.000 1.669800
304.000 1.669800
305.000 1.669800
306.000 1.669800
307.000 1.471359
308.000 1.471359
309.000 2.857278
310.000 3.440025
311.000 2.598190
312.000 2.598190
313.000 2.533142
314.000 2.533142
315.000 2.421638
316.000 2.421638
317.000 2.421638
318.000 2.225732
319.000 2.070351
320.000 2.070351
321.000 2.992203
322.000 4.253197
323.000 4.253197
324.000 1.732239
325.000 1.732239
326.000 5.894669
327.000 5.760205
328.000 4.916649
329.000 4.073092
330.000 3.387299
331.000 3.387299
332.000 2.329674
333.000 1.453300
334.000 2.329735
335.000 2.329735
336.000 4.141357
337.000 3.471001
338.000 3.471001
339.000 1.636063
340.000 1.636063
341.000 1.636063
342.000 2.724762
343.000 2.724762
344.000 2.724762
345.000 2.708107
346.000 1.489151
347.000 1.489151
348.000 1.489151
349.000 1.489151
350.000 2.054298
351.000 2.054298
352.000 2.054298
353.000 2.054298
354.000 2.223988
355.000 2.438080
356.000 2.438080
357.000 2.438080
358.000 3.735039
359.000 3.459700
