0.000 1.645836
1.000 0.332496
2.000 0.374634
3.000 0.416773
4.000 0.451530
5.000 0.537506
6.000 0.500854
7.000 0.453621
8.000 0.329269
9.000 0.329269
10.000 0.457542
11.000 0.237297
12.000 0.237297
13.000 0.443779
14.000 0.456299
15.000 0.456299
16.000 0.456299
17.000 0.369382
18.000 0.328193
19.000 0.469109
20.000 0.469109
21.000 0.453926
22.000 0.453926
23.000 0.453938
24.000 0.453945
25.000 0.453949
26.000 0.446513
27.000 0.431480
28.000 0.431480
29.000 0.355148
30.000 0.355148
31.000 0.355148
32.000 0.355148
33.000 0.237473
34.000 0.237473
35.000 0.237473
36.000 0.237473
37.000 0.344353
38.000 0.482307
39.000 0.513649
40.000 0.513649
41.000 0.452118
42.000 0.480026
43.000 0.480026
44.000 0.532356
45.000 0.532356
46.000 0.373833
47.000 0.373833
48.000 0.373833
49.000 0.373833
50.000 0.373833
51.000 0.258086
52.000 0.155075
53.000 0.155075
54.000 0.155075
55.000 0.155075
56.000 0.507301
57.000 0.507301
58.000 0.306003
59.000 0.349142
60.000 0.384933
61.000 0.457115
62.000 0.412542
63.000 0.323792
64.000 0.323792
65.000 0.459396
66.000 0.456291
67.000 0.549588
68.000 0.635689
69.000 0.445236
70.000 0.433357
71.000 0.428108
72.000 0.428108
73.000 0.416954
74.000 0.416954
75.000 0.441124
76.000 0.441124
77.000 0.436433
78.000 0.411644
79.000 0.411644
80.000 0.411644
81.000 0.485671
82.000 0.490976
83.000 0.493156
84.000 0.362480
85.000 0.362480
86.000 0.325363
87.000 0.325363
88.000 0.357658
89.000 0.400975
90.000 0.416611
91.000 0.483673
92.000 0.483673
93.000 0.405144
94.000 0.405144
95.000 0.493370
96.000 0.493370
97.000 0.362488
98.000 0.362488
99.000 0.362488
100.000 0.442531
101.000 0.457146
102.000 0.326080
103.000 0.326080
104.000 0.447868
105.000 0.447868
106.000 0.359132
107.000 0.317848
108.000 0.317848
109.000 0.445419
110.000 0.342705
111.000 0.342705
112.000 0.475166
113.000 0.405144
114.000 0.405144
115.000 0.428703
116.000 0.428703
117.000 0.465462
118.000 0.465462
119.000 0.355649
120.000 0.294258
121.000 0.294258
122.000 0.329185
123.000 0.329185
124.000 0.329185
125.000 0.460609
126.000 0.411606
127.000 0.411606
128.000 0.411606
129.000 0.340668
130.000 0.340668
131.000 0.411049
132.000 0.411049
133.000 0.411049
134.000 0.472235
135.000 0.574287
136.000 0.574287
137.000 0.574287
138.000 0.411415
139.000 0.411415
140.000 0.411415
141.000 0.467316
142.000 0.467316
143.000 0.467316
144.000 0.412025
145.000 0.412025
146.000 0.412025
147.000 0.425774
148.000 0.425774
149.000 0.425774
150.000 0.425774
151.000 0.428280
152.000 0.466072
153.000 0.466072
154.000 0.466072
155.000 0.466072
156.000 0.293633
157.000 0.293633
158.000 0.293633
159.000 0.293633
160.000 0.343357
161.000 0.393600
162.000 0.393600
163.000 0.393600
164.000 0.419553
165.000 0.473351
166.000 0.473351
167.000 0.473354
168.000 0.473358
169.000 0.471806
170.000 0.468628
171.000 0.468628
172.000 0.458786
173.000 0.355507
174.000 0.362900
175.000 0.362900
176.000 0.434101
177.000 0.478775
178.000 0.520622
179.000 0.450287
180.000 0.450287
181.000 0.450294
182.000 0.450294
183.000 0.443397
184.000 0.437866
185.000 0.458969
186.000 0.428543
187.000 0.428543
188.000 0.153267
189.000 0.153267
190.000 0.153267
191.000 0.153267
192.000 0.153267
193.000 0.153267
194.000 0.447258
195.000 0.447258
196.000 0.447258
197.000 0.272586
198.000 0.271072
199.000 0.271072
200.000 0.271072
201.000 0.271072
202.000 0.474782
203.000 0.483063
204.000 0.483063
205.000 0.483055
206.000 0.483055
207.000 0.481537
208.000 0.466254
209.000 0.439972
210.000 0.439972
211.000 0.439972
212.000 0.439972
213.000 0.429192
214.000 0.385719
215.000 0.385719
216.000 0.404648
217.000 0.472748
218.000 0.472748
219.000 0.472748
220.000 0.472748
221.000 0.469866
222.000 0.458191
223.000 0.458191
224.000 0.458191
225.000 0.458191
226.000 0.324821
227.000 0.324821
228.000 0.324821
229.000 0.333950
230.000 0.415873
231.000 0.455132
232.000 0.574824
233.000 0.605537
234.000 0.441086
235.000 0.487152
236.000 0.399849
237.000 0.399849
238.000 0.480874
239.000 0.483673
240.000 0.483665
241.000 0.468742
242.000 0.468742
243.000 0.275276
244.000 0.275276
245.000 0.275276
246.000 0.400955
247.000 0.457008
248.000 0.457008
249.000 0.412186
250.000 0.412186
251.000 0.412801
252.000 0.441503
253.000 0.457741
254.000 0.457794
255.000 0.457794
256.000 0.440590
257.000 0.332527
258.000 0.332527
259.000 0.332527
260.000 0.354668
261.000 0.354668
262.000 0.436633
263.000 0.447113
264.000 0.469109
265.000 0.469109
266.000 0.469109
267.000 0.485632
268.000 0.495028
269.000 0.504424
270.000 0.513820
271.000 0.514305
272.000 0.447868
273.000 0.447868
274.000 0.447868
275.000 0.447868
276.000 0.395439
277.000 0.395439
278.000 0.395439
279.000 0.514067
280.000 0.504492
281.000 0.500282
282.000 0.500282
283.000 0.381065
284.000 0.381065
285.000 0.381065
286.000 0.388809
287.000 0.391121
288.000 0.391121
289.000 0.391121
290.000 0.391121
291.000 0.419473
292.000 0.450960
293.000 0.456642
294.000 0.484040
295.000 0.513802
296.000 0.411079
297.000 0.411079
298.000 0.457718
299.000 0.324974
300.000 0.324974
301.000 0.328132
302.000 0.390757
303.000 0.453381
304.000 0.453926
305.000 0.453926
306.000 0.357460
307.000 0.357460
308.000 0.357460
309.000 0.478210
310.000 0.478210
311.000 0.478210
312.000 0.478210
313.000 0.479833
314.000 0.492177
315.000 0.504522
316.000 0.508545
317.000 0.508545
318.000 0.507794
319.000 0.505127
320.000 0.503716
321.000 0.503716
322.000 0.363487
323.000 0.363487
324.000 0.442398
325.000 0.685081
326.000 0.685081
327.000 0.685081
328.000 0.393600
329.000 0.393600
330.000 0.393600
331.000 0.468628
332.000 0.468628
333.000 0.443611
334.000 0.443611
335.000 0.324821
336.000 0.324821
337.000 0.250191
338.000 0.250191
339.000 0.250191
340.000 0.250191
341.000 0.405457
342.000 0.424127
343.000 0.440521
344.000 0.440521
345.000 0.401062
346.000 0.401062
347.000 0.381035
348.000 0.381035
349.000 0.362686
350.000 0.362686
351.000 0.467040
352.000 0.472748
353.000 0.380684
354.000 0.387499
355.000 0.498448
356.000 0.500946
357.000 0.437508
358.000 0.415229
359.000 0.410164
