0.000 2.218842
1.000 2.218842
2.000 2.218842
3.000 2.133011
4.000 2.133011
5.000 2.133011
6.000 2.552269
7.000 2.552269
8.000 2.854927
9.000 2.854927
10.000 2.518204
11.000 2.518204
12.000 2.518204
13.000 2.074745
14.000 2.074745
15.000 2.074745
16.000 2.528633
17.000 2.528633
18.000 1.752037
19.000 1.752037
20.000 1.752037
21.000 1.752037
22.000 1.752037
23.000 2.024748
24.000 1.963783
25.000 1.963783
26.000 1.963783
27.000 1.963783
28.000 2.735713
29.000 2.813324
30.000 2.813324
31.000 2.509949
32.000 2.509949
33.000 3.249527
34.000 3.249527
35.000 2.858109
36.000 2.858109
37.000 2.549850
38.000 2.549850
39.000 2.549850
40.000 2.640107
41.000 2.783524
42.000 2.783524
43.000 2.493376
44.000 2.271660
45.000 1.571037
46.000 1.571037
47.000 2.066795
48.000 2.066795
49.000 2.115840
50.000 2.151161
51.000 2.750397
52.000 2.932755
53.000 2.343964
54.000 2.527222
55.000 2.527222
56.000 2.712636
57.000 3.015686
58.000 3.015686
59.000 2.589584
60.000 2.589584
61.000 2.325607
62.000 2.325607
63.000 2.598312
64.000 2.598312
65.000 2.303567
66.000 1.973846
67.000 1.973846
68.000 1.973846
69.000 2.095409
70.000 2.092575
71.000 2.162361
72.000 2.906631
73.000 1.762878
74.000 1.762878
75.000 1.762878
76.000 1.778740
77.000 1.778740
78.000 1.778740
79.000 1.778740
80.000 2.270126
81.000 2.270126
82.000 2.402617
83.000 2.651117
84.000 2.690727
85.000 2.480339
86.000 2.621056
87.000 2.621056
88.000 2.562523
89.000 2.562523
90.000 2.526028
91.000 2.521446
92.000 2.389778
93.000 2.616478
94.000 2.616478
95.000 2.616478
96.000 2.074181
97.000 2.074181
98.000 2.074181
99.000 2.074181
100.000 1.588089
101.000 1.588089
102.000 1.588089
103.000 1.689697
104.000 2.328098
105.000 2.591064
106.000 2.591064
107.000 2.507782
108.000 2.422945
109.000 2.355682
110.000 2.355682
111.000 1.381477
112.000 2.016095
113.000 2.211578
114.000 2.166420
115.000 3.045853
116.000 3.045853
117.000 2.279808
118.000 2.533875
119.000 2.951874
120.000 2.951874
121.000 2.951874
122.000 2.327576
123.000 2.327576
124.000 3.196114
125.000 3.196114
126.000 2.925049
127.000 2.430328
128.000 2.430328
129.000 1.998405
130.000 1.998405
131.000 2.845375
132.000 2.845375
133.000 2.329887
134.000 2.817680
135.000 2.817680
136.000 2.726858
137.000 2.627502
138.000 2.627502
139.000 2.509705
140.000 2.159698
141.000 2.976433
142.000 2.976433
143.000 2.565033
144.000 2.565033
145.000 2.565033
146.000 1.437271
147.000 1.437271
148.000 1.437271
149.000 1.830299
150.000 1.830299
151.000 1.930771
152.000 1.930771
153.000 2.153427
154.000 1.861900
155.000 1.861900
156.000 1.861900
157.000 1.861900
158.000 2.548898
159.000 2.522766
160.000 2.522766
161.000 2.741852
162.000 2.746729
163.000 2.844048
164.000 2.007729
165.000 2.007729
166.000 2.007729
167.000 2.548939
168.000 2.377625
169.000 2.377625
170.000 2.377625
171.000 2.435779
172.000 2.466278
173.000 2.501389
174.000 2.477571
175.000 2.263878
176.000 2.708092
177.000 2.708092
178.000 2.539124
179.000 2.000572
180.000 2.000572
181.000 2.067780
182.000 2.543594
183.000 2.543594
184.000 2.543594
185.000 2.713108
186.000 2.807788
187.000 2.807892
188.000 2.807892
189.000 2.807892
190.000 2.679398
191.000 2.478989
192.000 2.326828
193.000 2.326828
194.000 2.034126
195.000 2.807205
196.000 2.807205
197.000 2.807205
198.000 1.932526
199.000 1.932526
200.000 1.932526
201.000 1.932526
202.000 1.802858
203.000 1.746284
204.000 1.746284
205.000 2.425797
206.000 2.425797
207.000 2.274811
208.000 2.382038
209.000 2.668968
210.000 2.668968
211.000 2.668968
212.000 2.044137
213.000 1.978333
214.000 1.978333
215.000 2.453753
216.000 2.812950
217.000 2.539757
218.000 2.734344
219.000 2.207047
220.000 2.207047
221.000 2.207047
222.000 2.543688
223.000 2.618423
224.000 2.622063
225.000 2.660408
226.000 2.660408
227.000 2.862221
228.000 2.862221
229.000 2.774605
230.000 2.057014
231.000 2.057014
232.000 2.057014
233.000 2.057014
234.000 1.872256
235.000 1.698593
236.000 1.698593
237.000 1.698593
238.000 2.255026
239.000 2.541153
240.000 2.557640
241.000 2.557640
242.000 2.647092
243.000 2.826469
244.000 2.826469
245.000 2.258263
246.000 2.496191
247.000 2.798546
248.000 2.580902
249.000 2.580902
250.000 2.046989
251.000 2.046989
252.000 2.512375
253.000 2.059044
254.000 2.059044
255.000 2.410835
256.000 2.197037
257.000 2.197037
258.000 2.099701
259.000 2.099701
260.000 2.336021
261.000 2.460098
262.000 2.724890
263.000 2.892494
264.000 2.560448
265.000 2.640625
266.000 2.671248
267.000 2.797760
268.000 1.864395
269.000 1.864395
270.000 2.149596
271.000 2.684380
272.000 2.567666
273.000 2.462631
274.000 2.403570
275.000 2.223808
276.000 2.193683
277.000 2.092804
278.000 2.155517
279.000 2.521866
280.000 2.573058
281.000 2.894696
282.000 1.493164
283.000 1.493164
284.000 0.875900
285.000 0.875900
286.000 0.875900
287.000 0.759463
288.000 0.524313
289.000 0.514725
290.000 0.514725
291.000 0.514725
292.000 0.605690
293.000 0.605690
294.000 0.605690
295.000 0.759544
296.000 0.759544
297.000 0.750561
298.000 0.599655
299.000 0.599655
300.000 0.771774
301.000 0.743064
302.000 0.656067
303.000 0.662378
304.000 0.664368
305.000 0.513290
306.000 0.624702
307.000 1.722954
308.000 2.404961
309.000 1.962799
310.000 2.827415
311.000 2.827415
312.000 3.227325
313.000 3.227325
314.000 3.227325
315.000 3.209180
316.000 3.169831
317.000 3.151924
318.000 3.151924
319.000 3.151924
320.000 1.803688
321.000 1.803688
322.000 3.226602
323.000 3.274353
324.000 3.092033
325.000 3.092033
326.000 2.373955
327.000 2.082314
328.000 1.610550
329.000 1.610550
330.000 2.308556
331.000 2.226814
332.000 2.728569
333.000 2.728569
334.000 2.728569
335.000 2.129089
336.000 2.129089
337.000 2.129089
338.000 2.252678
339.000 2.252678
340.000 2.252678
341.000 2.252678
342.000 2.252678
343.000 2.652688
344.000 2.692101
345.000 2.692101
346.000 2.692101
347.000 2.191513
348.000 2.191513
349.000 2.174375
350.000 1.994789
351.000 1.994789
352.000 1.994789
353.000 2.291447
354.000 2.480560
355.000 1.833725
356.000 1.723457
357.000 1.723457
358.000 1.978455
359.000 2.107401
