0.000 0.124802
1.000 0.124802
2.000 0.124802
3.000 0.266335
4.000 0.122574
5.000 0.122574
6.000 0.194776
7.000 0.234390
8.000 0.234390
9.000 0.234322
10.000 0.231823
11.000 0.227005
12.000 0.225475
13.000 0.224953
14.000 0.219805
15.000 0.168625
16.000 0.619003
17.000 0.619003
18.000 0.287738
19.000 0.247445
20.000 0.207152
21.000 0.193390
22.000 0.193390
23.000 0.204594
24.000 0.205904
25.000 0.218105
26.000 0.219498
27.000 0.233078
28.000 0.286077
29.000 0.301056
30.000 0.184091
31.000 0.181648
32.000 0.181648
33.000 0.181648
34.000 0.230444
35.000 0.230530
36.000 0.226245
37.000 0.208432
38.000 0.205132
39.000 0.189743
40.000 0.189743
41.000 0.335999
42.000 0.364220
43.000 0.364220
44.000 0.220169
45.000 0.220169
46.000 0.184212
47.000 0.131836
48.000 0.131836
49.000 0.131836
50.000 0.131836
51.000 0.176769
52.000 0.168594
53.000 0.167091
54.000 0.249184
55.000 0.333839
56.000 0.161591
57.000 0.236824
58.000 0.236824
59.000 0.231172
60.000 0.224582
61.000 0.219444
62.000 0.219444
63.000 0.172623
64.000 0.172623
65.000 0.185787
66.000 0.252428
67.000 0.264259
68.000 0.207695
69.000 0.207695
70.000 0.189026
71.000 0.189026
72.000 0.189026
73.000 0.204807
74.000 0.198050
75.000 0.191689
76.000 0.226250
77.000 0.185005
78.000 0.185005
79.000 0.154037
80.000 0.154037
81.000 0.154037
82.000 0.316257
83.000 0.225389
84.000 0.168457
85.000 0.168457
86.000 0.117683
87.000 0.117683
88.000 0.221273
89.000 0.230576
90.000 0.230576
91.000 0.433846
92.000 0.352309
93.000 0.219826
94.000 0.219826
95.000 0.175529
96.000 0.175529
97.000 0.175529
98.000 0.200053
99.000 0.225037
100.000 0.225037
101.000 0.182022
102.000 0.223315
103.000 0.367836
104.000 0.187622
105.000 0.187622
106.000 0.187622
107.000 0.222117
108.000 0.225089
109.000 0.227402
110.000 0.227402
111.000 0.218756
112.000 0.200844
113.000 0.227516
114.000 0.202743
115.000 0.180710
116.000 0.224915
117.000 0.224915
118.000 0.242439
119.000 0.242439
120.000 0.239024
121.000 0.234922
122.000 0.230820
123.000 0.226718
124.000 0.223511
125.000 0.223511
126.000 0.212440
127.000 0.288248
128.000 0.316292
129.000 0.260287
130.000 0.236931
131.000 0.230553
132.000 0.218057
133.000 0.200790
134.000 0.187347
135.000 0.190186
136.000 0.190186
137.000 0.208216
138.000 0.242867
139.000 0.242867
140.000 0.224838
141.000 0.207802
142.000 0.207802
143.000 0.207802
144.000 0.207802
145.000 0.178208
146.000 0.164266
147.000 0.150324
148.000 0.140343
149.000 0.140343
150.000 0.140343
151.000 0.140343
152.000 0.140343
153.000 0.167122
154.000 0.167122
155.000 0.170305
156.000 0.179412
157.000 0.188393
158.000 0.188393
159.000 0.167000
160.000 0.167000
161.000 0.192368
162.000 0.297485
163.000 0.325081
164.000 0.231819
165.000 0.175835
166.000 0.175835
167.000 0.188310
168.000 0.205391
169.000 0.196366
170.000 0.195000
171.000 0.195000
172.000 0.195000
173.000 0.195000
174.000 0.230444
175.000 0.230741
176.000 0.231039
177.000 0.231201
178.000 0.217972
179.000 0.197304
180.000 0.220679
181.000 0.231262
182.000 0.197784
183.000 0.247416
184.000 0.269993
185.000 0.272278
186.000 0.235451
187.000 0.235451
188.000 0.234215
189.000 0.234215
190.000 0.234215
191.000 0.198982
192.000 0.198982
193.000 0.157178
194.000 0.073994
195.000 0.069023
196.000 0.069023
197.000 0.069023
198.000 0.069023
199.000 0.069023
200.000 0.069023
201.000 0.198380
202.000 0.198380
203.000 0.203407
204.000 0.203407
205.000 0.203407
206.000 0.187035
207.000 0.187035
208.000 0.187035
209.000 0.383305
210.000 0.536151
211.000 0.571999
212.000 0.245050
213.000 0.204895
214.000 0.199903
215.000 0.198639
216.000 0.198639
217.000 0.210655
218.000 0.210472
219.000 0.205172
220.000 0.199872
221.000 0.198898
222.000 0.241997
223.000 0.326496
224.000 0.286524
225.000 0.286186
226.000 0.267073
227.000 0.225517
228.000 0.225517
229.000 0.225019
230.000 0.223205
231.000 0.222153
232.000 0.225578
233.000 0.197772
234.000 0.181534
235.000 0.181534
236.000 0.366745
237.000 0.304911
238.000 0.228065
239.000 0.225152
240.000 0.211746
241.000 0.175224
242.000 0.175224
243.000 0.175224
244.000 0.228073
245.000 0.228073
246.000 0.228065
247.000 0.228065
248.000 0.166458
249.000 0.166458
250.000 0.216682
251.000 0.216682
252.000 0.207240
253.000 0.145743
254.000 0.099945
255.000 0.099945
256.000 0.169838
257.000 0.193123
258.000 0.193123
259.000 0.193123
260.000 0.182999
261.000 0.182999
262.000 0.182999
263.000 0.186132
264.000 0.190323
265.000 0.190323
266.000 0.204543
267.000 0.222669
268.000 0.229317
269.000 0.217308
270.000 0.229324
271.000 0.206427
272.000 0.201500
273.000 0.237083
274.000 0.237083
275.000 0.237083
276.000 0.221657
277.000 0.223236
278.000 0.224815
279.000 0.225174
280.000 0.168808
281.000 0.221268
282.000 0.242447
283.000 0.242363
284.000 0.242378
285.000 0.242447
286.000 0.242447
287.000 0.241447
288.000 0.241447
289.000 0.212471
290.000 0.212471
291.000 0.212471
292.000 0.214409
293.000 0.214409
294.000 0.214409
295.000 0.180420
296.000 0.180420
297.000 0.207375
298.000 0.207375
299.000 0.207375
300.000 0.260674
301.000 0.257920
302.000 0.213170
303.000 0.189659
304.000 0.189659
305.000 0.165855
306.000 0.165855
307.000 0.199374
308.000 0.210457
309.000 0.210457
310.000 0.233200
311.000 0.380859
312.000 0.380859
313.000 0.226762
314.000 0.199638
315.000 0.199638
316.000 0.199638
317.000 0.224116
318.000 0.237457
319.000 0.238422
320.000 0.245033
321.000 0.245033
322.000 0.245033
323.000 0.245033
324.000 0.245033
325.000 0.228596
326.000 0.226151
327.000 0.226151
328.000 0.226151
329.000 0.226151
330.000 0.226151
331.000 0.208794
332.000 0.208794
333.000 0.208794
334.000 0.208794
335.000 0.213402
336.000 0.213402
337.000 0.213402
338.000 0.213402
339.000 0.195343
340.000 0.195343
341.000 0.195343
342.000 0.234322
343.000 0.234322
344.000 0.234322
345.000 0.234322
346.000 0.229816
347.000 0.222174
348.000 0.221771
349.000 0.221771
350.000 0.281396
351.000 0.322609
352.000 0.179688
353.000 0.227051
354.000 0.189217
355.000 0.189217
356.000 0.163346
357.000 0.136208
358.000 0.162125
359.000 0.158653
