0.000 0.227936
1.000 0.227936
2.000 0.227936
3.000 0.227936
4.000 0.227936
5.000 0.227936
6.000 0.227936
7.000 0.496415
8.000 0.474294
9.000 0.458817
10.000 0.458817
11.000 0.401299
12.000 0.401299
13.000 0.446465
14.000 0.446465
15.000 0.446477
16.000 0.446503
17.000 0.446503
18.000 0.433464
19.000 0.444376
20.000 0.453865
21.000 0.445869
22.000 0.445869
23.000 0.443338
24.000 0.443253
25.000 0.386559
26.000 0.386559
27.000 0.403923
28.000 0.403923
29.000 0.520866
30.000 0.520866
31.000 0.447037
32.000 0.447037
33.000 0.401604
34.000 0.401604
35.000 0.464355
36.000 0.464355
37.000 0.439064
38.000 0.439238
39.000 0.450866
40.000 0.458817
41.000 0.458817
42.000 0.458824
43.000 0.458824
44.000 0.458817
45.000 0.522209
46.000 0.522209
47.000 0.434998
48.000 0.434998
49.000 0.444633
50.000 0.453888
51.000 0.451340
52.000 0.451340
53.000 0.336174
54.000 0.336174
55.000 0.336174
56.000 0.336174
57.000 0.411469
58.000 0.404640
59.000 0.404640
60.000 0.404640
61.000 0.447182
62.000 0.447182
63.000 0.432495
64.000 0.432495
65.000 0.437360
66.000 0.453278
67.000 0.379303
68.000 0.379303
69.000 0.379303
70.000 0.389639
71.000 0.401321
72.000 0.401321
73.000 0.460052
74.000 0.460052
75.000 0.453522
76.000 0.453522
77.000 0.211990
78.000 0.211990
79.000 0.883072
80.000 0.823117
81.000 0.654218
82.000 0.485318
83.000 0.460045
84.000 0.460045
85.000 0.460045
86.000 0.460045
87.000 0.094765
88.000 0.094765
89.000 0.094765
90.000 0.479698
91.000 0.454147
92.000 0.454147
93.000 0.402015
94.000 0.401276
95.000 0.401276
96.000 0.578148
97.000 0.578148
98.000 0.578148
99.000 0.393129
100.000 0.368347
101.000 0.368347
102.000 0.434296
103.000 0.434296
104.000 0.208168
105.000 0.208168
106.000 0.208168
107.000 0.401680
108.000 0.401680
109.000 0.382017
110.000 0.343908
111.000 0.336937
112.000 0.336937
113.000 0.336937
114.000 0.469921
115.000 0.489128
116.000 0.489128
117.000 0.512529
118.000 0.464355
119.000 0.464355
120.000 0.464355
121.000 0.464355
122.000 0.396492
123.000 0.396492
124.000 0.574287
125.000 0.429443
126.000 0.429443
127.000 0.449600
128.000 0.449600
129.000 0.424450
130.000 0.374347
131.000 0.369667
132.000 0.781540
133.000 0.687472
134.000 0.520971
135.000 0.445892
136.000 0.445892
137.000 0.417572
138.000 0.417572
139.000 0.481102
140.000 0.481102
141.000 0.456978
142.000 0.456978
143.000 0.428281
144.000 0.392183
145.000 0.387268
146.000 0.387268
147.000 0.426781
148.000 0.426781
149.000 0.435705
150.000 0.449955
151.000 0.464206
152.000 0.466820
153.000 0.425423
154.000 0.466827
155.000 0.466827
156.000 0.257591
157.000 0.257591
158.000 0.257591
159.000 0.373199
160.000 0.373199
161.000 0.446777
162.000 0.446777
163.000 0.435051
164.000 0.435051
165.000 0.553244
166.000 0.594215
167.000 0.456978
168.000 0.456978
169.000 0.434364
170.000 0.434364
171.000 0.372169
172.000 0.372169
173.000 0.372169
174.000 0.160385
175.000 0.160385
176.000 0.438240
177.000 0.446395
178.000 0.462517
179.000 0.462517
180.000 0.378105
181.000 0.378105
182.000 0.481961
183.000 0.656517
184.000 0.665977
185.000 0.458221
186.000 0.443847
187.000 0.357498
188.000 0.357498
189.000 0.458199
190.000 0.458199
191.000 0.430633
192.000 0.398735
193.000 0.398735
194.000 0.446571
195.000 0.446571
196.000 0.377922
197.000 0.417351
198.000 0.417351
199.000 0.643682
200.000 0.868477
201.000 0.458824
202.000 0.458824
203.000 0.452255
204.000 0.431183
205.000 0.431183
206.000 0.208611
207.000 0.208611
208.000 0.208611
209.000 0.463745
210.000 0.463745
211.000 0.432663
212.000 0.432663
213.000 0.427227
214.000 0.419235
215.000 0.633728
216.000 0.633728
217.000 0.415764
218.000 0.415764
219.000 0.415764
220.000 0.415764
221.000 0.603459
222.000 0.755286
223.000 0.907112
224.000 1.037376
225.000 0.587090
226.000 0.489757
227.000 0.392424
228.000 0.403809
229.000 0.458199
230.000 0.458199
231.000 0.424533
232.000 0.396378
233.000 0.522591
234.000 0.522591
235.000 0.424960
236.000 0.348259
237.000 0.348259
238.000 0.450249
239.000 0.442902
240.000 0.442902
241.000 0.310074
242.000 0.310074
243.000 0.347122
244.000 0.347122
245.000 0.429520
246.000 0.429520
247.000 0.429520
248.000 0.414444
249.000 0.421135
250.000 0.421135
251.000 0.421135
252.000 0.458804
253.000 0.439155
254.000 0.419506
255.000 0.418304
256.000 0.409904
257.000 0.409904
258.000 0.569595
259.000 0.524437
260.000 0.411613
261.000 0.411613
262.000 0.458206
263.000 0.458206
264.000 0.446793
265.000 0.446793
266.000 0.568764
267.000 0.397675
268.000 0.397675
269.000 0.344917
270.000 0.344917
271.000 0.369591
272.000 0.369591
273.000 0.369591
274.000 0.417496
275.000 0.417496
276.000 0.490822
277.000 0.490822
278.000 0.417358
279.000 0.413405
280.000 0.386635
281.000 0.386635
282.000 0.432335
283.000 0.432335
284.000 0.448519
285.000 0.453270
286.000 0.453270
287.000 0.373154
288.000 0.373154
289.000 0.373154
290.000 0.373154
291.000 0.650627
292.000 0.850789
293.000 1.019981
294.000 0.453896
295.000 0.453896
296.000 0.359589
297.000 0.359589
298.000 0.359589
299.000 0.616417
300.000 0.764504
301.000 0.858444
302.000 0.467784
303.000 0.453499
304.000 0.453499
305.000 0.427794
306.000 0.397540
307.000 0.386391
308.000 0.386391
309.000 0.439072
310.000 0.439072
311.000 0.399055
312.000 0.399055
313.000 0.401396
314.000 0.451431
315.000 0.451431
316.000 0.447166
317.000 0.447166
318.000 0.670959
319.000 0.378838
320.000 0.372169
321.000 0.373278
322.000 0.401283
323.000 0.389076
324.000 0.389076
325.000 0.208420
326.000 0.208420
327.000 0.361626
328.000 0.361626
329.000 0.423055
330.000 0.428596
331.000 0.447412
332.000 0.452049
333.000 0.434692
334.000 0.434692
335.000 0.412840
336.000 0.403908
337.000 0.432014
338.000 0.432014
339.000 0.386337
340.000 0.386337
341.000 0.386337
342.000 0.465234
343.000 0.516014
344.000 0.516014
345.000 0.349228
346.000 0.349228
347.000 0.373855
348.000 0.458199
349.000 0.458199
350.000 0.458199
351.000 0.458199
352.000 0.453278
353.000 0.418327
354.000 0.431030
355.000 0.431030
356.000 0.431030
357.000 0.361176
358.000 0.361176
359.000 0.357500
