0.000 0.432159
1.000 1.512016
2.000 1.586117
3.000 1.680479
4.000 1.603233
5.000 1.738981
6.000 1.835300
7.000 1.870972
8.000 1.867425
9.000 1.848470
10.000 1.832306
11.000 1.831307
12.000 1.830208
13.000 1.816787
14.000 1.811073
15.000 1.802326
16.000 1.793304
17.000 1.799902
18.000 1.805450
19.000 1.804991
20.000 1.804512
21.000 1.824311
22.000 1.841248
23.000 1.820374
24.000 1.800697
25.000 1.565171
26.000 1.389694
27.000 1.253352
28.000 1.164490
29.000 1.702031
30.000 1.838005
31.000 1.832827
32.000 1.829536
33.000 1.817079
34.000 1.805847
35.000 1.818748
36.000 1.825851
37.000 1.827514
38.000 1.829010
39.000 1.822395
40.000 1.816284
41.000 1.816524
42.000 1.816673
43.000 1.789054
44.000 1.773918
45.000 1.753190
46.000 1.749947
47.000 1.783936
48.000 1.812706
49.000 1.805098
50.000 1.796373
51.000 1.796125
52.000 1.796257
53.000 1.802906
54.000 1.812477
55.000 1.818153
56.000 1.827445
57.000 1.824776
58.000 1.818583
59.000 1.811382
60.000 1.806824
61.000 1.814140
62.000 1.823807
63.000 1.817705
64.000 1.807798
65.000 1.806115
66.000 1.805435
67.000 1.855088
68.000 1.892738
69.000 1.867124
70.000 1.829399
71.000 1.762707
72.000 1.715500
73.000 1.701817
74.000 1.681686
75.000 1.733801
76.000 1.811539
77.000 1.830556
78.000 1.853241
79.000 1.836381
80.000 1.821938
81.000 1.823091
82.000 1.824814
83.000 1.425133
84.000 1.425133
85.000 1.418693
86.000 1.410591
87.000 1.845100
88.000 1.845100
89.000 1.803467
90.000 1.769417
91.000 1.799126
92.000 1.799126
93.000 1.817734
94.000 1.817734
95.000 1.799372
96.000 1.781898
97.000 1.781898
98.000 1.668861
99.000 1.668861
100.000 1.668861
101.000 1.820604
102.000 1.821373
103.000 1.821373
104.000 1.821373
105.000 1.821373
106.000 1.642646
107.000 1.636872
108.000 1.631098
109.000 1.629128
110.000 1.832962
111.000 1.811058
112.000 1.811058
113.000 1.808925
114.000 1.792991
115.000 1.779076
116.000 1.779076
117.000 1.665253
118.000 1.665253
119.000 1.665253
120.000 1.604569
121.000 1.573883
122.000 1.573883
123.000 1.573883
124.000 0.279663
125.000 0.279663
126.000 0.279663
127.000 0.279663
128.000 0.279663
129.000 0.279663
130.000 0.279663
131.000 0.279663
132.000 0.279663
133.000 0.279663
134.000 0.279663
135.000 0.279663
136.000 0.279663
137.000 0.279663
138.000 1.325668
139.000 1.325668
140.000 1.325668
141.000 1.387009
142.000 1.387009
143.000 1.381751
144.000 1.376625
145.000 1.377708
146.000 1.377708
147.000 1.304035
148.000 1.274120
149.000 1.244204
150.000 1.214289
151.000 1.417961
152.000 1.392250
153.000 1.304207
154.000 1.306310
155.000 1.310364
156.000 1.665199
157.000 1.829193
158.000 1.829193
159.000 1.811356
160.000 1.801704
161.000 1.801704
162.000 1.804131
163.000 1.804131
164.000 1.804131
165.000 1.801910
166.000 1.801910
167.000 1.787750
168.000 1.635918
169.000 1.635918
170.000 1.629547
171.000 1.629547
172.000 1.700480
173.000 1.829015
174.000 1.831795
175.000 1.831795
176.000 1.831924
177.000 1.831924
178.000 1.825011
179.000 1.808929
180.000 1.808929
181.000 1.805848
182.000 1.792782
183.000 1.792755
184.000 1.805901
185.000 1.805901
186.000 1.729088
187.000 1.729088
188.000 1.738832
189.000 1.791542
190.000 1.791542
191.000 1.827614
192.000 1.827614
193.000 1.827614
194.000 1.784904
195.000 1.784904
196.000 1.778572
197.000 1.778572
198.000 1.793137
199.000 1.793137
200.000 1.774376
201.000 1.774376
202.000 1.810349
203.000 1.810349
204.000 1.810349
205.000 1.802353
206.000 1.777198
207.000 1.752043
208.000 1.734138
209.000 1.760513
210.000 1.784932
211.000 1.822594
212.000 1.716713
213.000 1.728905
214.000 1.728905
215.000 1.616341
216.000 1.616341
217.000 1.632006
218.000 1.822975
219.000 1.795101
220.000 1.708359
221.000 1.790321
222.000 1.763387
223.000 1.744576
224.000 1.744576
225.000 1.793152
226.000 1.793152
227.000 1.653526
228.000 1.762367
229.000 1.762367
230.000 1.744348
231.000 1.696648
232.000 1.696648
233.000 1.799408
234.000 1.799408
235.000 1.789345
236.000 1.823273
237.000 1.823273
238.000 1.833008
239.000 1.809403
240.000 1.766693
241.000 1.766693
242.000 1.757577
243.000 1.751274
244.000 1.753091
245.000 1.755234
246.000 1.259987
247.000 1.301384
248.000 1.301384
249.000 1.326536
250.000 1.353043
251.000 1.353043
252.000 1.836662
253.000 1.836662
254.000 1.208916
255.000 1.208916
256.000 1.251577
257.000 1.350449
258.000 1.351717
259.000 1.361565
260.000 1.378128
261.000 1.736938
262.000 1.736938
263.000 1.700714
264.000 1.700714
265.000 1.700714
266.000 1.824631
267.000 1.824631
268.000 1.843376
269.000 1.843376
270.000 1.843376
271.000 1.843376
272.000 1.816737
273.000 1.805496
274.000 1.794255
275.000 1.788177
276.000 1.750968
277.000 1.699211
278.000 1.782097
279.000 1.819351
280.000 1.751884
281.000 1.751884
282.000 1.362358
283.000 1.362358
284.000 1.362358
285.000 1.362358
286.000 1.740602
287.000 1.716501
288.000 1.692400
289.000 1.668299
290.000 1.647346
291.000 1.273003
292.000 1.335747
293.000 1.335747
294.000 1.806274
295.000 1.806274
296.000 1.757156
297.000 1.757156
298.000 1.699753
299.000 1.699753
300.000 1.699753
301.000 1.710461
302.000 1.763248
303.000 1.787659
304.000 1.742500
305.000 1.742500
306.000 1.778671
307.000 1.780670
308.000 1.781921
309.000 1.781921
310.000 1.818947
311.000 1.818947
312.000 1.783114
313.000 1.496315
314.000 1.496315
315.000 1.861275
316.000 1.861275
317.000 1.802039
318.000 1.789467
319.000 1.787453
320.000 1.792922
321.000 1.830063
322.000 1.697571
323.000 1.697571
324.000 1.717739
325.000 1.718124
326.000 1.810493
327.000 1.810493
328.000 1.810493
329.000 1.641138
330.000 1.587029
331.000 1.587029
332.000 1.699440
333.000 1.699440
334.000 1.821587
335.000 1.821587
336.000 1.815729
337.000 1.665909
338.000 1.665909
339.000 1.790390
340.000 1.790390
341.000 1.786316
342.000 1.786316
343.000 1.764016
344.000 1.706814
345.000 1.700638
346.000 1.700638
347.000 1.786156
348.000 1.786156
349.000 1.794907
350.000 1.794907
351.000 1.800278
352.000 1.800278
353.000 1.803925
354.000 1.799446
355.000 1.799446
356.000 1.811203
357.000 1.811203
358.000 1.734344
359.000 1.734344
