0.000 0.664017
1.000 2.871277
2.000 2.694473
3.000 2.924564
4.000 2.284012
5.000 2.507689
6.000 2.599915
7.000 2.835520
8.000 2.972282
9.000 2.855518
10.000 2.591263
11.000 2.591263
12.000 2.591263
13.000 3.047249
14.000 3.047249
15.000 2.743034
16.000 2.743034
17.000 2.743034
18.000 2.961479
19.000 2.961479
20.000 2.961479
21.000 2.481667
22.000 2.481667
23.000 2.481667
24.000 2.371086
25.000 2.371086
26.000 2.371086
27.000 2.408165
28.000 2.408165
29.000 2.408165
30.000 3.246165
31.000 3.409110
32.000 3.487198
33.000 3.487198
34.000 3.487198
35.000 3.029707
36.000 3.135047
37.000 3.173096
38.000 3.173096
39.000 3.173096
40.000 3.020950
41.000 3.020950
42.000 2.972218
43.000 2.783676
44.000 2.783676
45.000 2.783676
46.000 2.783676
47.000 2.783676
48.000 2.387500
49.000 2.246135
50.000 2.104769
51.000 2.003387
52.000 2.309029
53.000 2.309029
54.000 3.197060
55.000 3.197060
56.000 1.840111
57.000 1.840111
58.000 1.840111
59.000 1.840111
60.000 2.882584
61.000 2.882584
62.000 2.848412
63.000 2.848412
64.000 3.309425
65.000 3.309425
66.000 2.628479
67.000 2.628479
68.000 1.857468
69.000 1.857468
70.000 1.857468
71.000 1.857468
72.000 1.857468
73.000 2.345906
74.000 2.323395
75.000 2.323395
76.000 2.323395
77.000 2.323395
78.000 2.474364
79.000 2.498833
80.000 2.498833
81.000 2.783455
82.000 2.783455
83.000 2.394325
84.000 2.394325
85.000 2.394325
86.000 3.334267
87.000 3.334267
88.000 3.334267
89.000 2.042274
90.000 2.042274
91.000 2.042274
92.000 2.042274
93.000 3.257473
94.000 3.397885
95.000 3.400650
96.000 3.400650
97.000 1.381798
98.000 1.381798
99.000 1.381798
100.000 2.675262
101.000 2.442745
102.000 1.311523
103.000 1.311523
104.000 1.523781
105.000 2.613968
106.000 2.618477
107.000 2.618477
108.000 2.587747
109.000 2.383530
110.000 2.383530
111.000 2.383530
112.000 1.665993
113.000 1.665993
114.000 1.678914
115.000 2.557556
116.000 2.632240
117.000 2.698502
118.000 3.268951
119.000 3.268951
120.000 2.651772
121.000 2.651772
122.000 2.082489
123.000 2.082489
124.000 2.082489
125.000 2.613185
126.000 2.782837
127.000 2.782837
128.000 2.241241
129.000 2.241241
130.000 2.241241
131.000 2.927727
132.000 2.927727
133.000 2.529259
134.000 2.529259
135.000 2.919725
136.000 3.190186
137.000 3.190186
138.000 3.190186
139.000 3.070652
140.000 3.219864
141.000 3.219864
142.000 3.219864
143.000 2.580940
144.000 2.580940
145.000 2.951836
146.000 2.951836
147.000 3.015518
148.000 3.015518
149.000 3.015518
150.000 2.807750
151.000 2.490189
152.000 2.490189
153.000 2.490189
154.000 2.490189
155.000 2.931496
156.000 2.931496
157.000 2.855735
158.000 2.592407
159.000 2.536446
160.000 2.536446
161.000 3.215508
162.000 3.215508
163.000 2.570068
164.000 2.570068
165.000 2.570068
166.000 2.545788
167.000 2.057307
168.000 1.662460
169.000 1.662460
170.000 1.662460
171.000 1.662460
172.000 1.662460
173.000 2.460526
174.000 2.460526
175.000 2.618515
176.000 2.618515
177.000 2.618515
178.000 3.076050
179.000 3.076050
180.000 3.263519
181.000 3.263519
182.000 3.263519
183.000 2.808578
184.000 2.808578
185.000 2.808578
186.000 2.612811
187.000 2.290139
188.000 2.242340
189.000 3.102814
190.000 3.102814
191.000 1.797371
192.000 1.797371
193.000 2.791519
194.000 2.791519
195.000 2.985130
196.000 2.985130
197.000 2.381042
198.000 2.381042
199.000 3.164696
200.000 3.154282
201.000 3.086388
202.000 3.086388
203.000 3.438377
204.000 2.944992
205.000 2.944992
206.000 2.615585
207.000 2.615585
208.000 2.624695
209.000 2.624695
210.000 2.888661
211.000 3.099380
212.000 3.099380
213.000 3.190765
214.000 3.190765
215.000 3.141748
216.000 3.092827
217.000 3.486320
218.000 3.183090
219.000 3.183090
220.000 3.183090
221.000 3.221138
222.000 3.221138
223.000 3.221138
224.000 2.488715
225.000 1.819733
226.000 1.819733
227.000 1.819733
228.000 2.542282
229.000 3.216652
230.000 3.216652
231.000 3.189006
232.000 2.701473
233.000 2.434364
234.000 3.120102
235.000 3.120102
236.000 3.368279
237.000 2.001610
238.000 2.001610
239.000 2.001610
240.000 3.620622
241.000 3.555962
242.000 3.555962
243.000 2.419769
244.000 2.419769
245.000 2.653198
246.000 3.241859
247.000 3.180969
248.000 3.180969
249.000 2.467087
250.000 2.467087
251.000 2.091133
252.000 2.091133
253.000 2.374289
254.000 2.668022
255.000 2.814301
256.000 2.814301
257.000 2.577927
258.000 2.211128
259.000 3.339851
260.000 2.954430
261.000 2.954430
262.000 2.894272
263.000 2.894272
264.000 3.128493
265.000 3.148735
266.000 3.148735
267.000 2.689656
268.000 2.571388
269.000 2.571388
270.000 3.258728
271.000 3.258728
272.000 2.450272
273.000 2.450272
274.000 3.155684
275.000 3.388123
276.000 1.817062
277.000 1.817062
278.000 1.817062
279.000 3.173096
280.000 3.155415
281.000 3.136932
282.000 3.136932
283.000 2.330055
284.000 1.986763
285.000 1.986763
286.000 2.007036
287.000 2.289760
288.000 2.572484
289.000 2.578583
290.000 2.578583
291.000 3.275040
292.000 3.275040
293.000 2.188881
294.000 2.188881
295.000 3.028786
296.000 3.028786
297.000 2.473145
298.000 2.473145
299.000 2.519520
300.000 2.544998
301.000 2.544998
302.000 2.544998
303.000 2.904056
304.000 2.886581
305.000 2.886581
306.000 3.273567
307.000 3.273567
308.000 3.177297
309.000 3.033821
310.000 3.246857
311.000 2.132202
312.000 2.132202
313.000 2.624773
314.000 3.425888
315.000 2.660370
316.000 3.193230
317.000 3.193230
318.000 2.931824
319.000 2.931824
320.000 2.425446
321.000 2.425446
322.000 2.809517
323.000 3.106117
324.000 3.106117
325.000 2.344406
326.000 2.344406
327.000 2.344406
328.000 2.783241
329.000 2.783241
330.000 2.790591
331.000 2.911377
332.000 2.911377
333.000 2.911377
334.000 2.052841
335.000 2.052841
336.000 2.052841
337.000 2.052841
338.000 2.079330
339.000 2.079330
340.000 2.613731
341.000 2.613731
342.000 2.613731
343.000 2.662833
344.000 2.769643
345.000 2.876454
346.000 2.968636
347.000 2.529083
348.000 2.529083
349.000 2.364990
350.000 2.364990
351.000 2.490532
352.000 2.490532
353.000 3.042938
354.000 3.042938
355.000 3.042938
356.000 3.042938
357.000 3.042938
358.000 2.523628
359.000 2.523628
