0.000 0.234146
1.000 0.639456
2.000 1.570252
3.000 2.740363
4.000 3.643975
5.000 3.883133
6.000 3.883133
7.000 3.883133
8.000 1.012253
9.000 2.877061
10.000 2.871696
11.000 2.875013
12.000 2.879940
13.000 3.032790
14.000 3.259029
15.000 2.976954
16.000 2.636063
17.000 2.636063
18.000 2.008866
19.000 2.731360
20.000 3.230614
21.000 3.230211
22.000 2.194435
23.000 2.194435
24.000 2.538909
25.000 2.090149
26.000 2.090149
27.000 1.696218
28.000 1.614332
29.000 2.696732
30.000 2.778395
31.000 2.655176
32.000 2.279813
33.000 1.823421
34.000 1.277428
35.000 1.583731
36.000 2.289230
37.000 1.841651
38.000 0.432518
39.000 0.465204
40.000 0.527283
41.000 0.049171
42.000 0.049171
43.000 0.049171
44.000 0.049171
45.000 0.384007
46.000 0.379848
47.000 0.392438
48.000 0.424526
49.000 0.448619
50.000 0.494887
51.000 0.436549
52.000 0.271240
53.000 0.221530
54.000 0.192924
55.000 0.214391
56.000 0.225601
57.000 0.142868
58.000 0.082367
59.000 0.082367
60.000 0.082367
61.000 0.355351
62.000 0.389490
63.000 0.422943
64.000 0.556834
65.000 0.686767
66.000 0.689508
67.000 0.227257
68.000 0.227257
69.000 0.219699
70.000 0.202410
71.000 0.188751
72.000 0.188751
73.000 0.310944
74.000 0.285652
75.000 0.023209
76.000 0.023209
77.000 0.023209
78.000 0.023209
79.000 0.023209
80.000 0.023209
81.000 0.171379
82.000 0.255558
83.000 0.441315
84.000 0.222687
85.000 0.242998
86.000 0.289248
87.000 0.377385
88.000 0.583079
89.000 0.523870
90.000 0.259361
91.000 0.112579
92.000 0.081169
93.000 0.193078
94.000 0.452629
95.000 0.495904
96.000 0.469032
97.000 0.410725
98.000 0.285656
99.000 0.268672
100.000 0.276148
101.000 0.243618
102.000 0.163729
103.000 0.145981
104.000 0.167852
105.000 0.195707
106.000 0.223562
107.000 0.251418
108.000 0.279273
109.000 0.307128
110.000 0.334983
111.000 0.362839
112.000 0.390694
113.000 0.407570
114.000 1.287613
115.000 1.582556
116.000 1.706102
117.000 1.829648
118.000 1.828699
119.000 1.802917
120.000 1.802917
121.000 1.722900
122.000 1.523438
123.000 1.389152
124.000 1.300220
125.000 1.102675
126.000 0.726819
127.000 0.609179
128.000 0.602698
129.000 0.413525
130.000 0.189743
131.000 0.334903
132.000 0.682039
133.000 0.744927
134.000 0.684962
135.000 0.507280
136.000 0.269569
137.000 0.361421
138.000 0.572495
139.000 0.600983
140.000 0.541627
141.000 0.525164
142.000 0.621837
143.000 0.720189
144.000 0.936299
145.000 0.941207
146.000 0.510327
147.000 0.455509
148.000 0.215858
149.000 0.298561
150.000 0.784578
151.000 1.077222
152.000 0.929505
153.000 0.861525
154.000 0.955637
155.000 0.994476
156.000 0.837237
157.000 0.679404
158.000 0.285797
159.000 0.291016
160.000 0.313805
161.000 0.330459
162.000 0.425537
163.000 0.444439
164.000 0.360694
165.000 0.365971
166.000 0.507477
167.000 0.576977
168.000 0.570173
169.000 0.507150
170.000 0.246254
171.000 0.240468
172.000 0.207870
173.000 0.199480
174.000 0.162323
175.000 0.162323
176.000 0.266363
177.000 0.297574
178.000 0.079346
179.000 0.079346
180.000 0.216795
181.000 0.299449
182.000 0.434529
183.000 0.051918
184.000 0.051918
185.000 0.093455
186.000 0.410131
187.000 0.572210
188.000 0.499544
189.000 0.438665
190.000 0.319116
191.000 0.285745
192.000 0.303583
193.000 0.319477
194.000 0.415490
195.000 0.424577
196.000 0.460397
197.000 0.448147
198.000 0.197983
199.000 0.201467
200.000 0.393281
201.000 0.387277
202.000 0.352190
203.000 0.317102
204.000 0.282015
205.000 0.246927
206.000 0.219170
207.000 0.222506
208.000 0.082031
209.000 0.082031
210.000 0.082031
211.000 0.360847
212.000 0.464657
213.000 0.388900
214.000 0.274863
215.000 0.242993
216.000 0.228317
217.000 0.228317
218.000 0.291954
219.000 0.283352
220.000 0.226445
221.000 0.208138
222.000 0.253077
223.000 0.320640
224.000 0.366079
225.000 0.514463
226.000 0.200582
227.000 0.163239
228.000 0.238877
229.000 0.252748
230.000 0.229919
231.000 0.208405
232.000 0.116966
233.000 0.139857
234.000 0.370694
235.000 0.482808
236.000 0.642489
237.000 0.652991
238.000 0.260925
239.000 0.262631
240.000 0.271698
241.000 0.276466
242.000 0.330365
243.000 0.331366
244.000 0.248878
245.000 0.235016
246.000 0.183296
247.000 0.224563
248.000 0.492239
249.000 0.553378
250.000 0.422966
251.000 0.360706
252.000 0.214256
253.000 0.184559
254.000 0.060860
255.000 0.060860
256.000 0.060860
257.000 0.060860
258.000 0.056634
259.000 0.030045
260.000 0.030045
261.000 0.030045
262.000 0.030045
263.000 0.030045
264.000 0.030045
265.000 0.702965
266.000 0.128777
267.000 0.128777
268.000 0.434904
269.000 0.352913
270.000 0.503901
271.000 0.718687
272.000 1.061390
273.000 1.125777
274.000 0.164558
275.000 0.170096
276.000 0.209600
277.000 0.215065
278.000 0.195329
279.000 0.175593
280.000 0.155857
281.000 0.136122
282.000 0.130516
283.000 0.209526
284.000 0.783443
285.000 0.770966
286.000 0.906264
287.000 0.975843
288.000 0.912722
289.000 0.849601
290.000 0.786480
291.000 0.723359
292.000 0.660239
293.000 0.597118
294.000 0.533997
295.000 0.470876
296.000 0.407755
297.000 0.344634
298.000 0.281514
299.000 0.218393
300.000 0.155272
301.000 0.100670
302.000 0.100670
303.000 0.101592
304.000 0.112420
305.000 0.115723
306.000 0.115723
307.000 0.116120
308.000 0.124016
309.000 0.124016
310.000 0.122583
311.000 0.107684
312.000 0.103180
313.000 0.103180
314.000 0.130508
315.000 0.130508
316.000 0.130508
317.000 0.074289
318.000 0.049957
319.000 0.049957
320.000 0.049957
321.000 0.082275
322.000 0.082275
323.000 0.082275
324.000 0.139564
325.000 0.198242
326.000 0.152512
327.000 0.181870
328.000 0.183172
329.000 0.190414
330.000 0.172119
331.000 0.120368
332.000 0.111420
333.000 0.111420
334.000 0.172455
335.000 0.303894
336.000 0.280141
337.000 0.276985
338.000 0.228523
339.000 0.300056
340.000 0.433418
341.000 0.432807
342.000 0.432365
343.000 0.091560
344.000 0.091560
345.000 0.156403
346.000 0.424831
347.000 0.448430
348.000 0.146255
349.000 0.146255
350.000 0.288504
351.000 0.627866
352.000 0.583860
353.000 0.285229
354.000 0.329039
355.000 0.440563
356.000 0.480701
357.000 0.492218
358.000 0.471655
359.000 0.422205
