0.000 0.188667
1.000 0.188667
2.000 0.188667
3.000 0.451095
4.000 0.729264
5.000 0.583458
6.000 0.571102
7.000 0.418480
8.000 0.286988
9.000 0.737648
10.000 0.634865
11.000 0.746658
12.000 0.713730
13.000 0.762856
14.000 0.697739
15.000 0.697739
16.000 0.676157
17.000 0.649428
18.000 0.639679
19.000 0.724129
20.000 0.715279
21.000 0.681481
22.000 0.679726
23.000 0.719658
24.000 0.719658
25.000 0.711794
26.000 0.694019
27.000 0.683289
28.000 0.683289
29.000 0.683289
30.000 0.708130
31.000 0.713794
32.000 0.715260
33.000 0.723030
34.000 0.723030
35.000 0.723685
36.000 0.723663
37.000 0.723663
38.000 0.723663
39.000 0.716767
40.000 0.725496
41.000 0.734226
42.000 0.736511
43.000 0.688477
44.000 0.719467
45.000 0.719467
46.000 0.714880
47.000 0.705929
48.000 0.696977
49.000 0.691406
50.000 0.682144
51.000 0.297150
52.000 0.297150
53.000 0.297150
54.000 0.718887
55.000 0.717702
56.000 0.716438
57.000 0.718781
58.000 0.718781
59.000 0.722529
60.000 0.738251
61.000 0.745728
62.000 0.726341
63.000 0.726341
64.000 0.743116
65.000 0.746635
66.000 0.746635
67.000 0.746635
68.000 0.708973
69.000 0.710245
70.000 0.711128
71.000 0.704976
72.000 0.699127
73.000 0.714142
74.000 0.697839
75.000 0.696434
76.000 0.738419
77.000 0.738419
78.000 0.726633
79.000 0.716835
80.000 0.716835
81.000 0.700117
82.000 0.694351
83.000 0.716721
84.000 0.707573
85.000 0.712372
86.000 0.712372
87.000 0.711565
88.000 0.710079
89.000 0.708725
90.000 0.708725
91.000 0.688248
92.000 0.664889
93.000 0.632874
94.000 0.692642
95.000 0.719475
96.000 0.719475
97.000 0.719475
98.000 0.657092
99.000 0.664367
100.000 0.671641
101.000 0.674988
102.000 0.719055
103.000 0.712494
104.000 0.670242
105.000 0.670242
106.000 0.670242
107.000 0.619972
108.000 0.585743
109.000 0.551514
110.000 0.523369
111.000 0.723442
112.000 0.729343
113.000 0.743248
114.000 0.700974
115.000 0.700974
116.000 0.719925
117.000 0.719925
118.000 0.702650
119.000 0.689468
120.000 0.707901
121.000 0.717692
122.000 0.750284
123.000 0.752686
124.000 0.752686
125.000 0.712006
126.000 0.712006
127.000 0.706522
128.000 0.686094
129.000 0.665665
130.000 0.645630
131.000 0.703880
132.000 0.709938
133.000 0.709938
134.000 0.696526
135.000 0.664849
136.000 0.633173
137.000 0.628937
138.000 0.644127
139.000 0.735535
140.000 0.703575
141.000 0.703575
142.000 0.711939
143.000 0.719872
144.000 0.719872
145.000 0.692665
146.000 0.691436
147.000 0.690834
148.000 0.635422
149.000 0.635422
150.000 0.635422
151.000 0.722333
152.000 0.723346
153.000 0.724359
154.000 0.724632
155.000 0.722404
156.000 0.721604
157.000 0.713737
158.000 0.713737
159.000 0.649651
160.000 0.666245
161.000 0.729874
162.000 0.729874
163.000 0.703349
164.000 0.691086
165.000 0.660324
166.000 0.660324
167.000 0.730520
168.000 0.684181
169.000 0.678175
170.000 0.677612
171.000 0.677612
172.000 0.730850
173.000 0.730850
174.000 0.713249
175.000 0.714607
176.000 0.714607
177.000 0.714607
178.000 0.714607
179.000 0.714607
180.000 0.713993
181.000 0.715342
182.000 0.716692
183.000 0.718041
184.000 0.718407
185.000 0.688454
186.000 0.688454
187.000 0.688454
188.000 0.698424
189.000 0.690248
190.000 0.686989
191.000 0.698372
192.000 0.698372
193.000 0.698372
194.000 0.698372
195.000 0.698372
196.000 0.698372
197.000 0.713634
198.000 0.713259
199.000 0.712884
200.000 0.712509
201.000 0.712143
202.000 0.714490
203.000 0.718369
204.000 0.718369
205.000 0.717937
206.000 0.720383
207.000 0.720383
208.000 0.720383
209.000 0.720383
210.000 0.710940
211.000 0.709204
212.000 0.707469
213.000 0.706139
214.000 0.716934
215.000 0.515633
216.000 0.515633
217.000 0.601220
218.000 0.718407
219.000 0.719489
220.000 0.722572
221.000 0.718727
222.000 0.718727
223.000 0.724091
224.000 0.724091
225.000 0.724091
226.000 0.724091
227.000 0.724091
228.000 0.724091
229.000 0.724091
230.000 0.724091
231.000 0.724091
232.000 0.724091
233.000 0.724091
234.000 0.724091
235.000 0.724091
236.000 0.686364
237.000 0.679615
238.000 0.672866
239.000 0.666117
240.000 0.659368
241.000 0.652620
242.000 0.645871
243.000 0.639122
244.000 0.632373
245.000 0.625625
246.000 0.618876
247.000 0.612127
248.000 0.607643
249.000 0.698811
250.000 0.724480
251.000 0.724480
252.000 0.729137
253.000 0.721104
254.000 0.725291
255.000 0.743645
256.000 0.710149
257.000 0.720306
258.000 0.675049
259.000 0.748619
260.000 0.748619
261.000 0.705668
262.000 0.692986
263.000 0.689850
264.000 0.689850
265.000 0.741913
266.000 0.741913
267.000 0.741913
268.000 0.741913
269.000 0.741913
270.000 0.741913
271.000 0.741913
272.000 0.741913
273.000 0.733513
274.000 0.733513
275.000 0.733513
276.000 0.733513
277.000 0.733513
278.000 0.733513
279.000 0.733513
280.000 0.733513
281.000 0.733513
282.000 0.733513
283.000 0.733513
284.000 0.733513
285.000 0.733513
286.000 0.733513
287.000 0.706873
288.000 0.707036
289.000 0.707200
290.000 0.707363
291.000 0.707527
292.000 0.707690
293.000 0.707853
294.000 0.708017
295.000 0.708180
296.000 0.708344
297.000 0.708507
298.000 0.708670
299.000 0.708834
300.000 0.708997
301.000 0.709161
302.000 0.709324
303.000 0.709487
304.000 0.709651
305.000 0.709814
306.000 0.699959
307.000 0.650642
308.000 0.778717
309.000 0.649374
310.000 0.316856
311.000 0.316856
312.000 0.686371
313.000 0.738297
314.000 0.734660
315.000 0.713318
316.000 0.711998
317.000 0.709427
318.000 0.709427
319.000 0.713646
320.000 0.713646
321.000 0.695480
322.000 0.700456
323.000 0.726234
324.000 0.679703
325.000 0.692014
326.000 0.727242
327.000 0.705986
328.000 0.705986
329.000 0.705738
330.000 0.705338
331.000 0.705338
332.000 0.723236
333.000 0.706781
334.000 0.692894
335.000 0.722168
336.000 0.722168
337.000 0.719810
338.000 0.719810
339.000 0.718188
340.000 0.714031
341.000 0.712265
342.000 0.717331
343.000 0.554962
344.000 0.554962
345.000 0.554962
346.000 0.554962
347.000 0.661371
348.000 0.636218
349.000 0.611065
350.000 0.585913
351.000 0.560760
352.000 0.523878
353.000 0.400017
354.000 0.303093
355.000 0.303093
356.000 0.220291
357.000 0.220291
358.000 0.220291
359.000 0.461006
