0.000 0.821236
1.000 0.821236
2.000 0.821236
3.000 0.821236
4.000 0.821236
5.000 0.821236
6.000 1.859355
7.000 1.666829
8.000 1.627083
9.000 1.690201
10.000 1.057358
11.000 2.190910
12.000 1.725739
13.000 1.506653
14.000 2.828964
15.000 2.828964
16.000 0.775467
17.000 0.775467
18.000 0.775467
19.000 1.723503
20.000 1.698219
21.000 1.698219
22.000 2.368439
23.000 2.368439
24.000 2.119576
25.000 2.119576
26.000 2.119576
27.000 1.007736
28.000 1.007736
29.000 1.007736
30.000 1.007736
31.000 1.037117
32.000 1.037117
33.000 1.037117
34.000 1.037117
35.000 2.011017
36.000 2.011017
37.000 1.919319
38.000 1.919319
39.000 1.919319
40.000 1.304169
41.000 1.304169
42.000 2.316173
43.000 2.281708
44.000 2.281708
45.000 2.358429
46.000 2.358429
47.000 2.358429
48.000 2.358429
49.000 2.358429
50.000 2.358429
51.000 2.358429
52.000 2.358429
53.000 2.358429
54.000 1.964810
55.000 1.727049
56.000 1.489288
57.000 1.251526
58.000 1.023384
59.000 1.023384
60.000 1.023384
61.000 1.023384
62.000 1.023384
63.000 1.023384
64.000 1.114728
65.000 1.484739
66.000 1.854751
67.000 1.936172
68.000 1.902130
69.000 1.677597
70.000 1.677597
71.000 0.966255
72.000 2.021294
73.000 2.089776
74.000 1.594681
75.000 1.821449
76.000 1.821449
77.000 1.821449
78.000 1.821449
79.000 1.784395
80.000 1.832340
81.000 1.880285
82.000 1.908546
83.000 1.908546
84.000 1.735761
85.000 1.669090
86.000 1.105247
87.000 1.137375
88.000 1.137375
89.000 1.334389
90.000 2.053032
91.000 2.161707
92.000 2.448814
93.000 2.067551
94.000 2.067551
95.000 1.792829
96.000 1.734146
97.000 1.734146
98.000 1.741760
99.000 1.741760
100.000 1.741760
101.000 1.104111
102.000 1.104111
103.000 1.104111
104.000 1.104111
105.000 1.104111
106.000 1.104111
107.000 1.104111
108.000 1.104111
109.000 1.104111
110.000 1.104111
111.000 1.562594
112.000 1.575317
113.000 1.575317
114.000 1.575317
115.000 2.715324
116.000 2.716293
117.000 2.716293
118.000 2.716293
119.000 2.716293
120.000 2.716293
121.000 2.716293
122.000 4.648303
123.000 4.742142
124.000 4.742142
125.000 4.742142
126.000 4.742142
127.000 4.173249
128.000 3.004773
129.000 1.836297
130.000 1.613091
131.000 1.613091
132.000 1.613091
133.000 1.613091
134.000 3.428126
135.000 3.743851
136.000 4.688271
137.000 4.573158
138.000 2.795441
139.000 2.906860
140.000 2.920830
141.000 3.053650
142.000 3.132939
143.000 4.355279
144.000 5.122337
145.000 3.864061
146.000 3.411507
147.000 4.106570
148.000 5.321999
149.000 5.491330
150.000 3.926875
151.000 2.915977
152.000 5.184746
153.000 5.184746
154.000 2.636223
155.000 2.636223
156.000 2.751708
157.000 3.271263
158.000 3.271263
159.000 3.992706
160.000 3.992706
161.000 3.996838
162.000 4.012695
163.000 4.012695
164.000 0.694908
165.000 0.694908
166.000 0.694908
167.000 0.694908
168.000 0.694908
169.000 0.694908
170.000 0.694908
171.000 0.694908
172.000 1.031639
173.000 1.031639
174.000 1.031639
175.000 1.031639
176.000 2.428162
177.000 2.428162
178.000 2.316956
179.000 2.316956
180.000 1.359810
181.000 1.359810
182.000 4.389999
183.000 2.359024
184.000 2.359024
185.000 2.392296
186.000 2.392296
187.000 2.392296
188.000 2.392296
189.000 2.392296
190.000 1.973661
191.000 1.840509
192.000 1.707357
193.000 1.574206
194.000 1.441054
195.000 1.307903
196.000 1.260460
197.000 1.260460
198.000 1.272728
199.000 1.272728
200.000 1.272728
201.000 1.505494
202.000 2.065207
203.000 2.575600
204.000 3.977531
205.000 2.404732
206.000 2.404732
207.000 2.404732
208.000 2.404732
209.000 2.646210
210.000 2.646210
211.000 2.646210
212.000 2.646210
213.000 2.544202
214.000 2.380167
215.000 2.216132
216.000 2.052098
217.000 1.991447
218.000 1.991447
219.000 1.991447
220.000 2.349098
221.000 2.349098
222.000 1.960304
223.000 1.960304
224.000 1.960304
225.000 1.865339
226.000 1.746314
227.000 1.698334
228.000 1.698334
229.000 1.119789
230.000 1.119789
231.000 2.248985
232.000 2.649788
233.000 2.649788
234.000 2.649788
235.000 1.913311
236.000 1.686112
237.000 1.466377
238.000 1.466377
239.000 1.466377
240.000 1.658043
241.000 1.658043
242.000 1.535530
243.000 1.535530
244.000 1.535530
245.000 1.827209
246.000 1.827209
247.000 1.827209
248.000 1.818210
249.000 1.809025
250.000 1.808334
251.000 1.808334
252.000 1.808334
253.000 2.552535
254.000 2.402070
255.000 2.328529
256.000 2.328529
257.000 1.708878
258.000 1.708878
259.000 1.708878
260.000 1.708878
261.000 1.708878
262.000 1.971498
263.000 2.031792
264.000 2.031792
265.000 2.031792
266.000 2.172642
267.000 2.263046
268.000 2.263046
269.000 1.937569
270.000 1.937569
271.000 1.408928
272.000 1.408928
273.000 1.408928
274.000 1.512505
275.000 1.512505
276.000 1.512505
277.000 1.512505
278.000 1.512505
279.000 1.532024
280.000 1.561876
281.000 1.591728
282.000 1.621580
283.000 1.651432
284.000 1.666092
285.000 1.118752
286.000 0.526794
287.000 0.526794
288.000 0.526794
289.000 0.526794
290.000 0.526794
291.000 0.944908
292.000 0.944908
293.000 0.944908
294.000 0.944908
295.000 1.765991
296.000 1.550853
297.000 1.335716
298.000 1.277740
299.000 1.277740
300.000 0.728935
301.000 0.728935
302.000 1.435776
303.000 1.468491
304.000 1.468491
305.000 1.468491
306.000 1.003365
307.000 1.003365
308.000 1.003365
309.000 0.724678
310.000 0.724678
311.000 0.724678
312.000 1.065878
313.000 1.869621
314.000 1.869621
315.000 1.012810
316.000 1.012810
317.000 1.123993
318.000 1.123993
319.000 1.123993
320.000 1.123993
321.000 1.044625
322.000 1.037331
323.000 1.037331
324.000 1.037331
325.000 1.295630
326.000 1.688354
327.000 1.683296
328.000 2.014562
329.000 1.733154
330.000 1.733154
331.000 1.728790
332.000 2.112617
333.000 2.112617
334.000 2.635628
335.000 1.868607
336.000 1.868607
337.000 2.639351
338.000 2.639351
339.000 2.291504
340.000 2.291504
341.000 1.966568
342.000 1.966568
343.000 1.966568
344.000 1.966568
345.000 1.966568
346.000 1.966568
347.000 1.966568
348.000 1.966568
349.000 2.255474
350.000 2.385318
351.000 2.515162
352.000 2.645006
353.000 2.774850
354.000 2.895287
355.000 2.895287
356.000 2.518875
357.000 2.518875
358.000 2.518875
359.000 1.990538
