0.000 2.207161
1.000 3.988846
2.000 4.110893
3.000 4.015091
4.000 3.776863
5.000 4.025284
6.000 4.045784
7.000 4.035652
8.000 3.867302
9.000 4.081543
10.000 3.859297
11.000 3.787666
12.000 4.015299
13.000 4.156952
14.000 3.601566
15.000 3.345634
16.000 3.622157
17.000 3.706078
18.000 3.791047
19.000 3.897113
20.000 4.003179
21.000 4.033554
22.000 3.852041
23.000 3.765411
24.000 2.735389
25.000 0.824730
26.000 0.806435
27.000 0.806435
28.000 0.806435
29.000 0.806435
30.000 0.806435
31.000 0.794334
32.000 0.794334
33.000 0.794334
34.000 2.755722
35.000 3.269730
36.000 3.607613
37.000 3.758133
38.000 4.172165
39.000 4.068835
40.000 3.875465
41.000 3.875295
42.000 3.874924
43.000 3.931420
44.000 4.077202
45.000 1.645409
46.000 1.645409
47.000 0.434265
48.000 0.434265
49.000 0.434265
50.000 0.434265
51.000 0.434265
52.000 0.434265
53.000 0.434265
54.000 0.434265
55.000 3.891514
56.000 3.786328
57.000 3.681141
58.000 3.581894
59.000 3.581894
60.000 3.195706
61.000 2.778247
62.000 2.360789
63.000 1.943330
64.000 1.525872
65.000 1.108413
66.000 0.690955
67.000 0.546211
68.000 3.194687
69.000 3.600290
70.000 2.522202
71.000 2.522202
72.000 2.206109
73.000 1.928230
74.000 1.931087
75.000 2.475891
76.000 2.830269
77.000 2.723054
78.000 2.503844
79.000 2.471581
80.000 3.164981
81.000 3.826546
82.000 3.209000
83.000 3.578674
84.000 3.555149
85.000 3.526909
86.000 2.572553
87.000 1.452240
88.000 1.452240
89.000 4.054588
90.000 3.348133
91.000 3.264181
92.000 3.792351
93.000 1.322212
94.000 1.322212
95.000 1.322212
96.000 3.657898
97.000 3.702935
98.000 3.871553
99.000 3.887924
100.000 3.603850
101.000 3.559395
102.000 3.433540
103.000 3.449868
104.000 3.487892
105.000 3.458995
106.000 3.366135
107.000 3.389639
108.000 3.910873
109.000 3.924245
110.000 4.053952
111.000 4.060290
112.000 3.858025
113.000 3.866630
114.000 3.951750
115.000 3.972833
116.000 4.019584
117.000 4.034943
118.000 4.054246
119.000 4.060276
120.000 4.068853
121.000 4.054444
122.000 3.757301
123.000 3.765603
124.000 3.902061
125.000 3.911439
126.000 4.111763
127.000 4.098195
128.000 3.790487
129.000 3.784876
130.000 4.138702
131.000 4.127295
132.000 3.878716
133.000 3.889025
134.000 4.079605
135.000 4.090725
136.000 3.825214
137.000 3.823279
138.000 3.988412
139.000 4.052960
140.000 3.979492
141.000 3.985617
142.000 4.127740
143.000 4.127092
144.000 3.877010
145.000 3.843838
146.000 3.737358
147.000 3.739273
148.000 3.777962
149.000 3.786883
150.000 4.009392
151.000 4.023546
152.000 4.079543
153.000 4.092453
154.000 3.948021
155.000 3.858344
156.000 3.903311
157.000 3.900452
158.000 3.659874
159.000 3.676450
160.000 4.052381
161.000 4.095461
162.000 4.096749
163.000 4.029057
164.000 3.655533
165.000 2.696533
166.000 2.696533
167.000 2.696533
168.000 0.199234
169.000 0.199234
170.000 0.199234
171.000 0.199234
172.000 0.199234
173.000 0.199234
174.000 0.199234
175.000 0.199234
176.000 0.199234
177.000 0.199234
178.000 0.199234
179.000 0.199234
180.000 0.199234
181.000 0.199234
182.000 0.543701
183.000 0.543701
184.000 1.708900
185.000 1.773071
186.000 1.773071
187.000 2.595619
188.000 2.610107
189.000 2.039391
190.000 2.039391
191.000 1.883553
192.000 1.883553
193.000 2.265105
194.000 2.409233
195.000 2.013512
196.000 2.322624
197.000 2.322624
198.000 2.579270
199.000 2.832474
200.000 2.667763
201.000 2.616508
202.000 2.443573
203.000 2.455090
204.000 2.652313
205.000 2.623481
206.000 2.352753
207.000 2.384190
208.000 2.682014
209.000 2.675049
210.000 2.577171
211.000 2.577171
212.000 3.154968
213.000 3.154968
214.000 4.181758
215.000 4.124387
216.000 3.106819
217.000 3.155751
218.000 4.291242
219.000 3.287313
220.000 1.921783
221.000 2.013005
222.000 3.992064
223.000 4.020414
224.000 3.814102
225.000 3.784590
226.000 3.082222
227.000 3.134050
228.000 4.253807
229.000 4.215626
230.000 3.654160
231.000 3.672746
232.000 4.075982
233.000 4.102404
234.000 4.149815
235.000 4.151424
236.000 3.793045
237.000 3.789803
238.000 3.714638
239.000 3.689226
240.000 3.322235
241.000 3.287526
242.000 2.971031
243.000 2.989340
244.000 3.452881
245.000 3.451533
246.000 3.418730
247.000 3.404060
248.000 1.072739
249.000 1.072739
250.000 1.072739
251.000 1.072739
252.000 1.467506
253.000 1.467506
254.000 2.038574
255.000 2.038574
256.000 2.118620
257.000 2.806572
258.000 2.723019
259.000 2.140327
260.000 2.140327
261.000 1.405594
262.000 1.405594
263.000 1.405594
264.000 1.548246
265.000 1.195049
266.000 0.841851
267.000 0.488654
268.000 0.435692
269.000 0.435692
270.000 0.435692
271.000 0.435692
272.000 1.082878
273.000 1.163413
274.000 3.565857
275.000 0.846458
276.000 0.846458
277.000 0.846458
278.000 0.846458
279.000 1.309837
280.000 1.309837
281.000 2.057381
282.000 2.057381
283.000 2.403717
284.000 2.672440
285.000 2.672440
286.000 2.890368
287.000 3.168660
288.000 3.446952
289.000 3.725244
290.000 3.739388
291.000 4.004837
292.000 3.462236
293.000 1.667969
294.000 1.667969
295.000 3.030722
296.000 3.910706
297.000 3.915014
298.000 3.924317
299.000 3.930916
300.000 3.915977
301.000 3.841896
302.000 3.965591
303.000 4.159203
304.000 3.179031
305.000 3.006180
306.000 3.459438
307.000 4.115532
308.000 4.069925
309.000 3.773952
310.000 3.531502
311.000 3.626404
312.000 3.801262
313.000 3.801559
314.000 3.806145
315.000 3.816886
316.000 4.066155
317.000 4.070315
318.000 3.801539
319.000 3.809701
320.000 4.120827
321.000 4.109841
322.000 3.854918
323.000 3.793269
324.000 3.950584
325.000 3.949519
326.000 3.929474
327.000 3.918485
328.000 3.663486
329.000 3.670322
330.000 4.055111
331.000 4.174066
332.000 4.194389
333.000 4.182386
334.000 3.940750
335.000 3.947863
336.000 4.079349
337.000 4.068947
338.000 3.698967
339.000 3.696982
340.000 3.662865
341.000 3.672134
342.000 3.808006
343.000 3.812739
344.000 3.920078
345.000 3.925208
346.000 3.869637
347.000 3.878541
348.000 4.043155
349.000 4.051377
350.000 3.936700
351.000 3.908014
352.000 3.864943
353.000 3.853600
354.000 4.138466
355.000 4.127166
356.000 3.864941
357.000 3.827392
358.000 3.961048
359.000 4.094704
