0.000 1.239372
1.000 4.458572
2.000 4.064087
3.000 4.430847
4.000 2.937019
5.000 2.613654
6.000 2.392914
7.000 2.393719
8.000 2.394737
9.000 3.240359
10.000 4.283226
11.000 3.945778
12.000 3.945778
13.000 4.866518
14.000 6.287209
15.000 6.191885
16.000 5.577417
17.000 3.128801
18.000 3.102524
19.000 3.102524
20.000 3.102524
21.000 2.095825
22.000 2.095825
23.000 2.095825
24.000 4.193985
25.000 4.193985
26.000 3.970697
27.000 3.473238
28.000 2.945480
29.000 3.251579
30.000 2.328476
31.000 2.328476
32.000 3.715931
33.000 4.858604
34.000 1.899040
35.000 5.310982
36.000 5.310982
37.000 5.177185
38.000 3.304512
39.000 3.304512
40.000 3.116903
41.000 2.742752
42.000 1.784576
43.000 2.171844
44.000 1.584160
45.000 1.584160
46.000 1.584160
47.000 1.584160
48.000 1.584160
49.000 3.189663
50.000 3.172663
51.000 3.155663
52.000 3.147720
53.000 1.185539
54.000 1.185539
55.000 1.185539
56.000 3.138062
57.000 3.117111
58.000 3.086304
59.000 2.717613
60.000 2.397598
61.000 4.964920
62.000 5.312485
63.000 5.035505
64.000 4.748962
65.000 2.109802
66.000 2.109802
67.000 2.932811
68.000 3.578545
69.000 3.769288
70.000 3.951599
71.000 3.714133
72.000 3.439980
73.000 3.544724
74.000 3.743362
75.000 3.652189
76.000 3.516777
77.000 3.636637
78.000 3.788788
79.000 3.754296
80.000 3.715721
81.000 3.247550
82.000 2.963577
83.000 2.068939
84.000 2.068939
85.000 2.751457
86.000 2.751457
87.000 2.855172
88.000 2.937286
89.000 1.265068
90.000 1.265068
91.000 2.314621
92.000 2.314621
93.000 2.560783
94.000 2.644615
95.000 3.042701
96.000 3.370506
97.000 1.744835
98.000 1.744835
99.000 1.436264
100.000 1.436264
101.000 1.259682
102.000 1.259682
103.000 1.259682
104.000 2.674477
105.000 2.244030
106.000 2.125565
107.000 2.039566
108.000 2.039566
109.000 2.405451
110.000 2.937775
111.000 1.862869
112.000 1.862869
113.000 2.027488
114.000 2.049721
115.000 2.122927
116.000 2.161057
117.000 2.564335
118.000 2.806641
119.000 1.537804
120.000 1.537804
121.000 2.469536
122.000 2.469536
123.000 2.983991
124.000 3.374611
125.000 1.461121
126.000 1.461121
127.000 1.461121
128.000 1.461121
129.000 1.461121
130.000 3.205109
131.000 3.205109
132.000 3.205109
133.000 2.044632
134.000 2.044632
135.000 2.044632
136.000 2.044632
137.000 2.150087
138.000 2.570072
139.000 2.990057
140.000 3.193253
141.000 3.494781
142.000 3.494781
143.000 3.198029
144.000 3.198067
145.000 3.198067
146.000 4.088615
147.000 3.439249
148.000 2.599838
149.000 2.599838
150.000 2.599838
151.000 2.549252
152.000 2.432719
153.000 2.316185
154.000 2.199652
155.000 2.158493
156.000 2.158493
157.000 1.482483
158.000 1.482483
159.000 1.482483
160.000 2.052856
161.000 2.052856
162.000 2.052856
163.000 2.492949
164.000 2.698288
165.000 2.698288
166.000 1.772041
167.000 1.772041
168.000 1.723761
169.000 1.626242
170.000 1.614212
171.000 1.614212
172.000 1.614212
173.000 1.614212
174.000 1.866098
175.000 2.098862
176.000 2.098862
177.000 2.098862
178.000 3.339256
179.000 2.996758
180.000 2.996758
181.000 2.779915
182.000 2.779915
183.000 2.428544
184.000 2.354767
185.000 3.190910
186.000 1.776871
187.000 1.776871
188.000 1.776871
189.000 1.776871
190.000 2.644988
191.000 2.649498
192.000 2.649498
193.000 2.703445
194.000 2.703445
195.000 2.703445
196.000 1.779022
197.000 1.779022
198.000 1.779022
199.000 1.993029
200.000 2.383163
201.000 2.383163
202.000 2.581052
203.000 3.299301
204.000 3.299301
205.000 3.279564
206.000 2.299835
207.000 2.299835
208.000 2.362787
209.000 2.464455
210.000 2.464455
211.000 2.021996
212.000 2.021996
213.000 2.021996
214.000 1.580009
215.000 1.580009
216.000 2.068268
217.000 2.068268
218.000 3.025459
219.000 2.849510
220.000 2.466301
221.000 2.466301
222.000 2.647423
223.000 2.742034
224.000 2.961365
225.000 4.089119
226.000 2.865074
227.000 2.963409
228.000 3.299822
229.000 3.452286
230.000 1.748604
231.000 1.748604
232.000 1.748604
233.000 1.520477
234.000 1.520477
235.000 2.245872
236.000 2.245872
237.000 2.198505
238.000 1.975169
239.000 1.914574
240.000 1.914574
241.000 1.981209
242.000 3.198746
243.000 3.157677
244.000 3.157677
245.000 3.157677
246.000 2.364746
247.000 2.364746
248.000 2.364746
249.000 2.410034
250.000 2.965401
251.000 2.965401
252.000 2.965401
253.000 4.367004
254.000 5.699501
255.000 3.076950
256.000 2.697311
257.000 2.839539
258.000 2.839539
259.000 0.212479
260.000 0.212479
261.000 0.212479
262.000 0.212479
263.000 0.212479
264.000 0.212479
265.000 0.212479
266.000 0.212479
267.000 1.691376
268.000 1.809120
269.000 1.809120
270.000 1.809120
271.000 2.483760
272.000 2.765732
273.000 2.765732
274.000 3.112683
275.000 3.198151
276.000 3.642036
277.000 3.997971
278.000 4.911962
279.000 5.087120
280.000 3.972900
281.000 1.755737
282.000 1.755737
283.000 1.755737
284.000 3.211708
285.000 3.211708
286.000 3.413910
287.000 3.557289
288.000 3.557289
289.000 3.557289
290.000 2.893425
291.000 2.893425
292.000 2.893425
293.000 3.763100
294.000 3.763100
295.000 3.763100
296.000 2.843823
297.000 2.982910
298.000 3.254723
299.000 3.455429
300.000 3.455429
301.000 2.562986
302.000 2.597619
303.000 2.805367
304.000 2.079247
305.000 2.079247
306.000 2.079247
307.000 1.800509
308.000 1.501587
309.000 1.224098
310.000 1.950139
311.000 2.762253
312.000 2.486879
313.000 2.427841
314.000 3.132294
315.000 2.351823
316.000 1.615707
317.000 2.238174
318.000 2.159042
319.000 2.144350
320.000 1.524557
321.000 1.868315
322.000 1.125862
323.000 1.956360
324.000 2.709480
325.000 2.709480
326.000 2.602198
327.000 2.520920
328.000 2.591660
329.000 2.591660
330.000 1.444420
331.000 1.444420
332.000 1.444420
333.000 1.505725
334.000 1.646952
335.000 1.788179
336.000 1.842773
337.000 1.949706
338.000 2.015694
339.000 2.611786
340.000 2.611786
341.000 2.179207
342.000 2.179207
343.000 2.179207
344.000 2.179207
345.000 2.199089
346.000 2.199089
347.000 2.199089
348.000 2.398239
349.000 2.719918
350.000 2.993042
351.000 2.491623
352.000 3.665031
353.000 3.665031
354.000 3.349152
355.000 3.394478
356.000 3.394478
357.000 3.217238
358.000 2.919815
359.000 2.919815
