0.000 0.722069
1.000 2.145119
2.000 1.921722
3.000 2.471832
4.000 3.595329
5.000 3.487437
6.000 2.787247
7.000 3.039864
8.000 2.941841
9.000 3.605492
10.000 3.233763
11.000 2.354988
12.000 2.807177
13.000 3.080963
14.000 3.135521
15.000 3.267143
16.000 2.884200
17.000 2.177162
18.000 2.177162
19.000 2.333702
20.000 2.333702
21.000 3.497473
22.000 3.769142
23.000 3.154152
24.000 3.154152
25.000 2.893616
26.000 2.893616
27.000 2.168027
28.000 1.374307
29.000 1.173523
30.000 1.607544
31.000 1.607544
32.000 2.380333
33.000 2.380333
34.000 2.752762
35.000 3.086121
36.000 3.086121
37.000 2.946678
38.000 2.946678
39.000 2.101181
40.000 2.101181
41.000 3.161232
42.000 3.161232
43.000 2.413239
44.000 1.715385
45.000 1.715385
46.000 1.715385
47.000 1.044060
48.000 1.044060
49.000 1.044060
50.000 1.380753
51.000 1.895447
52.000 1.920685
53.000 1.651466
54.000 1.651466
55.000 1.098282
56.000 1.098282
57.000 1.098282
58.000 2.313850
59.000 3.116722
60.000 2.937965
61.000 1.265572
62.000 1.265572
63.000 2.557510
64.000 2.557510
65.000 2.710724
66.000 2.710724
67.000 2.978333
68.000 2.978333
69.000 1.827942
70.000 1.827942
71.000 2.734283
72.000 2.734283
73.000 2.438034
74.000 2.438034
75.000 1.937607
76.000 1.937607
77.000 1.162628
78.000 1.162628
79.000 1.162628
80.000 1.162628
81.000 2.121696
82.000 2.121696
83.000 2.955055
84.000 2.955055
85.000 2.448051
86.000 2.448051
87.000 2.591266
88.000 2.783096
89.000 3.100929
90.000 3.100929
91.000 1.520699
92.000 1.520699
93.000 2.910927
94.000 2.910927
95.000 2.565254
96.000 2.565254
97.000 3.192299
98.000 3.192299
99.000 3.495905
100.000 3.520424
101.000 1.934792
102.000 1.934792
103.000 2.149033
104.000 2.149033
105.000 1.665718
106.000 1.665718
107.000 2.271805
108.000 2.271805
109.000 2.313906
110.000 2.314095
111.000 1.985130
112.000 1.985130
113.000 2.055222
114.000 2.181084
115.000 2.486694
116.000 2.486694
117.000 1.836609
118.000 1.836609
119.000 1.934578
120.000 1.934578
121.000 2.173363
122.000 2.173363
123.000 1.682610
124.000 1.682610
125.000 2.394257
126.000 2.394257
127.000 1.812988
128.000 1.812988
129.000 1.991592
130.000 1.991592
131.000 2.013397
132.000 2.013397
133.000 3.238106
134.000 3.238106
135.000 2.876709
136.000 2.876709
137.000 2.435883
138.000 2.435883
139.000 2.394348
140.000 2.394348
141.000 2.450577
142.000 2.450577
143.000 2.321594
144.000 2.321594
145.000 2.251976
146.000 2.251976
147.000 2.083443
148.000 2.083443
149.000 2.975372
150.000 2.975372
151.000 2.488785
152.000 2.488785
153.000 2.495026
154.000 2.495026
155.000 2.088570
156.000 2.088570
157.000 3.182686
158.000 3.182686
159.000 2.330780
160.000 2.330780
161.000 2.988584
162.000 3.123840
163.000 1.802040
164.000 1.802040
165.000 2.905487
166.000 3.322235
167.000 3.324935
168.000 3.325264
169.000 2.481842
170.000 2.481842
171.000 2.657852
172.000 2.657852
173.000 1.923798
174.000 1.923798
175.000 2.744125
176.000 2.744125
177.000 2.765320
178.000 2.765320
179.000 3.000084
180.000 3.000084
181.000 2.022804
182.000 2.022804
183.000 3.035400
184.000 3.035400
185.000 2.851464
186.000 2.622032
187.000 2.762773
188.000 3.220161
189.000 2.917696
190.000 2.703148
191.000 2.488546
192.000 2.377968
193.000 2.653579
194.000 2.840446
195.000 3.665848
196.000 3.665848
197.000 2.481277
198.000 2.481277
199.000 1.511253
200.000 1.511253
201.000 2.346695
202.000 2.346695
203.000 2.452217
204.000 2.452217
205.000 2.579880
206.000 2.579880
207.000 2.629486
208.000 2.629486
209.000 1.763916
210.000 1.763916
211.000 1.880283
212.000 3.211044
213.000 3.211044
214.000 3.058037
215.000 2.645248
216.000 2.645248
217.000 2.688031
218.000 2.950238
219.000 3.211220
220.000 2.666344
221.000 2.700974
222.000 2.700974
223.000 1.534859
224.000 1.534859
225.000 1.392937
226.000 1.392937
227.000 2.241356
228.000 2.241356
229.000 2.959579
230.000 2.959579
231.000 1.633636
232.000 1.633636
233.000 2.713869
234.000 3.264023
235.000 2.788734
236.000 2.788734
237.000 2.370496
238.000 2.157738
239.000 2.257492
240.000 2.257492
241.000 2.257492
242.000 2.257492
243.000 2.257492
244.000 2.257492
245.000 2.375045
246.000 2.335312
247.000 2.335312
248.000 2.335312
249.000 2.335312
250.000 2.635745
251.000 3.179260
252.000 3.179260
253.000 3.179260
254.000 2.975788
255.000 1.750519
256.000 3.095211
257.000 2.976021
258.000 2.222969
259.000 2.772057
260.000 2.489120
261.000 2.225632
262.000 1.287376
263.000 1.287376
264.000 1.287376
265.000 1.287376
266.000 3.316460
267.000 3.316460
268.000 2.626167
269.000 2.626167
270.000 1.717369
271.000 1.717369
272.000 0.630547
273.000 0.630547
274.000 0.630547
275.000 0.630547
276.000 0.630547
277.000 0.630547
278.000 0.630547
279.000 0.630547
280.000 0.630547
281.000 0.630547
282.000 2.662186
283.000 2.662186
284.000 2.662186
285.000 3.387978
286.000 3.387978
287.000 3.156007
288.000 2.616516
289.000 2.616516
290.000 2.504173
291.000 2.504173
292.000 2.875443
293.000 2.829623
294.000 2.589934
295.000 2.497917
296.000 3.291949
297.000 3.020805
298.000 2.479446
299.000 2.479446
300.000 2.479735
301.000 2.479950
302.000 2.683804
303.000 3.001808
304.000 3.004620
305.000 3.008949
306.000 2.985707
307.000 2.963104
308.000 2.482424
309.000 2.187294
310.000 2.215801
311.000 2.242645
312.000 2.475774
313.000 2.645790
314.000 1.546272
315.000 1.546272
316.000 2.454063
317.000 2.454063
318.000 2.392960
319.000 2.392960
320.000 3.080087
321.000 3.427208
322.000 3.204348
323.000 2.725246
324.000 2.679428
325.000 2.415512
326.000 2.686716
327.000 3.032036
328.000 1.431915
329.000 1.431915
330.000 1.966879
331.000 2.350761
332.000 2.557014
333.000 2.557014
334.000 2.548329
335.000 2.531067
336.000 2.414744
337.000 2.172432
338.000 2.192457
339.000 2.315647
340.000 2.466020
341.000 2.739335
342.000 2.767401
343.000 2.678557
344.000 2.634590
345.000 2.616890
346.000 2.616890
347.000 2.616890
348.000 2.826397
349.000 2.629158
350.000 2.629158
351.000 2.629158
352.000 2.627907
353.000 2.627907
354.000 3.196777
355.000 2.232742
356.000 2.232742
357.000 2.232742
358.000 2.232742
359.000 2.989807
