0.000 0.126045
1.000 0.126045
2.000 0.291102
3.000 0.474139
4.000 0.733032
5.000 2.510948
6.000 2.231200
7.000 2.223108
8.000 2.215016
9.000 2.206924
10.000 2.198832
11.000 2.190740
12.000 2.182647
13.000 2.174555
14.000 2.166463
15.000 2.158371
16.000 2.150279
17.000 2.142187
18.000 2.134095
19.000 2.126003
20.000 2.117911
21.000 2.109819
22.000 2.101726
23.000 2.093634
24.000 2.085542
25.000 2.077450
26.000 2.069358
27.000 2.061266
28.000 2.053174
29.000 2.045082
30.000 2.036990
31.000 2.028898
32.000 2.020805
33.000 2.012713
34.000 2.004621
35.000 1.996529
36.000 2.118004
37.000 2.443672
38.000 2.379845
39.000 2.379845
40.000 2.379845
41.000 2.379845
42.000 2.379845
43.000 2.545571
44.000 2.528272
45.000 2.510973
46.000 2.500725
47.000 2.500725
48.000 2.500725
49.000 2.369217
50.000 2.369217
51.000 2.393003
52.000 2.485657
53.000 2.485657
54.000 2.485657
55.000 2.395508
56.000 2.384155
57.000 2.384155
58.000 2.384155
59.000 2.503265
60.000 2.516216
61.000 2.529167
62.000 2.564125
63.000 2.366234
64.000 2.356117
65.000 2.491562
66.000 2.329918
67.000 1.542831
68.000 1.786820
69.000 2.369462
70.000 2.463750
71.000 2.304261
72.000 2.347771
73.000 2.479095
74.000 2.436385
75.000 2.223618
76.000 2.333032
77.000 2.513725
78.000 2.225723
79.000 2.225723
80.000 2.266149
81.000 2.319267
82.000 2.319267
83.000 2.277924
84.000 2.281307
85.000 2.366400
86.000 2.426041
87.000 2.426041
88.000 2.352796
89.000 2.353119
90.000 2.353119
91.000 2.419936
92.000 2.498024
93.000 2.436996
94.000 2.432251
95.000 2.416097
96.000 2.503990
97.000 2.503990
98.000 2.349449
99.000 2.349449
100.000 2.464971
101.000 2.500557
102.000 2.500557
103.000 2.500587
104.000 2.500587
105.000 2.504395
106.000 2.504395
107.000 2.491349
108.000 2.440543
109.000 2.398804
110.000 2.398804
111.000 2.505226
112.000 2.505226
113.000 2.513311
114.000 2.537209
115.000 2.537209
116.000 2.537209
117.000 2.439476
118.000 2.439476
119.000 2.439476
120.000 2.439476
121.000 2.439476
122.000 2.492978
123.000 2.476123
124.000 2.459269
125.000 2.442414
126.000 2.439644
127.000 2.322533
128.000 2.284981
129.000 2.284981
130.000 2.510475
131.000 2.510475
132.000 2.484596
133.000 2.484596
134.000 2.390419
135.000 2.213440
136.000 2.382172
137.000 2.342285
138.000 2.342285
139.000 2.356147
140.000 2.466374
141.000 2.509590
142.000 2.502222
143.000 2.485626
144.000 2.202080
145.000 1.384781
146.000 2.544159
147.000 2.544159
148.000 2.520668
149.000 2.520668
150.000 2.316971
151.000 2.316971
152.000 2.516716
153.000 2.516716
154.000 2.515515
155.000 2.263863
156.000 2.263863
157.000 2.263863
158.000 2.263863
159.000 0.380157
160.000 0.380157
161.000 0.380157
162.000 0.380157
163.000 0.380157
164.000 0.157707
165.000 0.157707
166.000 0.157707
167.000 0.157707
168.000 0.157707
169.000 0.157707
170.000 0.157707
171.000 0.157707
172.000 0.157707
173.000 0.157707
174.000 0.157707
175.000 0.157707
176.000 0.157707
177.000 0.157707
178.000 2.420967
179.000 2.396019
180.000 2.432612
181.000 2.517876
182.000 2.486278
183.000 2.470367
184.000 2.484223
185.000 2.506714
186.000 2.499023
187.000 2.485588
188.000 2.485398
189.000 2.485092
190.000 2.397041
191.000 2.331940
192.000 2.429042
193.000 2.659035
194.000 2.347081
195.000 2.204208
196.000 2.283548
197.000 2.532265
198.000 2.512330
199.000 2.448456
200.000 2.464094
201.000 2.523712
202.000 2.493740
203.000 2.401031
204.000 2.435383
205.000 2.513214
206.000 2.504520
207.000 2.492546
208.000 2.525154
209.000 2.525154
210.000 2.517012
211.000 2.509537
212.000 2.509718
213.000 2.516251
214.000 2.516251
215.000 2.517924
216.000 2.518661
217.000 2.371040
218.000 2.387737
219.000 2.411850
220.000 2.470604
221.000 2.470604
222.000 2.474146
223.000 2.492911
224.000 2.510277
225.000 2.517179
226.000 2.521801
227.000 2.534955
228.000 2.402588
229.000 2.402588
230.000 2.396653
231.000 2.383873
232.000 2.383873
233.000 2.461021
234.000 2.461021
235.000 2.386688
236.000 2.330910
237.000 2.330910
238.000 2.330910
239.000 2.332805
240.000 2.334175
241.000 2.334175
242.000 2.525314
243.000 2.525314
244.000 2.326889
245.000 2.326889
246.000 2.326889
247.000 2.501282
248.000 2.501282
249.000 2.501282
250.000 2.450088
251.000 2.444229
252.000 2.444229
253.000 2.508362
254.000 2.508362
255.000 2.511272
256.000 2.523995
257.000 2.532074
258.000 2.532074
259.000 2.532074
260.000 2.322118
261.000 2.265832
262.000 2.244667
263.000 2.244667
264.000 2.244667
265.000 2.244667
266.000 2.442708
267.000 2.399941
268.000 2.357174
269.000 2.314407
270.000 2.309532
271.000 2.509842
272.000 2.347351
273.000 2.533058
274.000 2.533058
275.000 2.510061
276.000 2.509949
277.000 2.479103
278.000 2.479103
279.000 2.353912
280.000 2.353912
281.000 2.362968
282.000 2.362968
283.000 2.373596
284.000 2.374237
285.000 2.374237
286.000 2.374237
287.000 2.400709
288.000 2.502519
289.000 2.545502
290.000 2.526962
291.000 2.526962
292.000 2.488884
293.000 2.367150
294.000 2.302002
295.000 2.302002
296.000 2.302002
297.000 2.279262
298.000 2.268999
299.000 2.267029
300.000 2.334328
301.000 2.352715
302.000 2.352715
303.000 2.345071
304.000 2.399826
305.000 2.399826
306.000 2.482529
307.000 2.482529
308.000 2.482529
309.000 2.488492
310.000 2.496709
311.000 2.504926
312.000 2.505737
313.000 2.505737
314.000 2.516502
315.000 2.516502
316.000 2.483925
317.000 2.469711
318.000 2.335716
319.000 2.335716
320.000 2.334785
321.000 2.334785
322.000 2.410376
323.000 2.512177
324.000 2.488579
325.000 2.488579
326.000 2.333191
327.000 2.333191
328.000 2.268801
329.000 2.174133
330.000 2.174133
331.000 2.490463
332.000 2.475277
333.000 2.461441
334.000 2.468735
335.000 2.468735
336.000 2.368642
337.000 2.331947
338.000 2.331947
339.000 2.388672
340.000 2.273192
341.000 2.187904
342.000 2.187904
343.000 2.557686
344.000 2.340775
345.000 2.340775
346.000 2.387226
347.000 2.507301
348.000 2.507301
349.000 2.488739
350.000 2.489144
351.000 2.491882
352.000 2.491882
353.000 2.484886
354.000 2.323128
355.000 2.323128
356.000 2.359955
357.000 2.449944
358.000 2.449944
359.000 2.449944
