0.000 0.089523
1.000 0.089523
2.000 0.089523
3.000 0.089523
4.000 0.089523
5.000 0.089523
6.000 0.898213
7.000 0.929229
8.000 0.960246
9.000 0.991262
10.000 1.099541
11.000 0.778252
12.000 1.064262
13.000 0.986244
14.000 1.262527
15.000 0.461990
16.000 0.461990
17.000 0.461990
18.000 0.461990
19.000 0.461990
20.000 0.461990
21.000 0.792246
22.000 0.764473
23.000 0.758209
24.000 1.031464
25.000 1.031464
26.000 1.329300
27.000 1.329300
28.000 1.402673
29.000 1.610641
30.000 1.610641
31.000 1.181738
32.000 0.951889
33.000 0.951889
34.000 0.951889
35.000 1.779854
36.000 1.779854
37.000 1.737450
38.000 1.433471
39.000 1.129492
40.000 1.057320
41.000 1.057320
42.000 1.048451
43.000 0.885703
44.000 0.780380
45.000 0.780380
46.000 0.780380
47.000 1.086418
48.000 1.086418
49.000 1.127629
50.000 1.198378
51.000 1.256836
52.000 1.256836
53.000 0.774078
54.000 0.774078
55.000 0.774078
56.000 0.828690
57.000 0.696732
58.000 0.696732
59.000 0.696732
60.000 0.696732
61.000 0.688944
62.000 0.668150
63.000 0.653709
64.000 0.653709
65.000 0.653709
66.000 1.157829
67.000 1.153211
68.000 1.055977
69.000 0.964302
70.000 0.964302
71.000 0.964302
72.000 0.998833
73.000 0.998833
74.000 0.998833
75.000 0.998833
76.000 1.380595
77.000 1.447212
78.000 1.447212
79.000 1.447212
80.000 1.213735
81.000 0.854261
82.000 0.710312
83.000 0.710312
84.000 0.723282
85.000 0.798836
86.000 0.798836
87.000 0.798836
88.000 0.836234
89.000 1.098682
90.000 1.178810
91.000 1.496544
92.000 1.496544
93.000 1.496544
94.000 1.496544
95.000 1.696058
96.000 1.758163
97.000 1.820268
98.000 1.840569
99.000 1.840569
100.000 1.800835
101.000 1.800835
102.000 1.938458
103.000 2.386020
104.000 2.613510
105.000 2.010109
106.000 2.010109
107.000 1.269104
108.000 1.269104
109.000 1.787704
110.000 2.517616
111.000 3.247529
112.000 2.585223
113.000 1.424721
114.000 1.424721
115.000 1.424721
116.000 1.424721
117.000 1.424721
118.000 1.424721
119.000 1.565948
120.000 1.565948
121.000 1.617346
122.000 1.855240
123.000 1.855240
124.000 1.855240
125.000 1.442444
126.000 1.442444
127.000 1.442444
128.000 1.442444
129.000 1.442444
130.000 1.165937
131.000 1.016548
132.000 1.016548
133.000 1.016548
134.000 1.016548
135.000 1.016548
136.000 1.016548
137.000 1.016548
138.000 1.277374
139.000 1.277374
140.000 1.277374
141.000 1.277374
142.000 1.466553
143.000 1.466553
144.000 1.466553
145.000 1.466553
146.000 1.470042
147.000 1.486010
148.000 1.501979
149.000 1.513115
150.000 1.513115
151.000 1.708522
152.000 1.739906
153.000 1.739906
154.000 1.614938
155.000 1.648651
156.000 1.648651
157.000 1.648651
158.000 0.848740
159.000 0.848740
160.000 0.848740
161.000 0.848740
162.000 0.848740
163.000 1.267837
164.000 1.141554
165.000 1.068275
166.000 1.068275
167.000 1.068275
168.000 1.063322
169.000 1.014033
170.000 1.009483
171.000 1.009483
172.000 0.760651
173.000 0.760651
174.000 0.760651
175.000 0.760651
176.000 0.760651
177.000 1.552320
178.000 1.526024
179.000 1.509323
180.000 1.509323
181.000 1.780289
182.000 2.143608
183.000 2.143608
184.000 1.554346
185.000 1.436256
186.000 2.271729
187.000 2.254161
188.000 2.130478
189.000 2.130478
190.000 2.164506
191.000 3.499148
192.000 3.495208
193.000 2.919556
194.000 2.919556
195.000 2.919556
196.000 1.652855
197.000 1.652855
198.000 1.652855
199.000 1.652855
200.000 1.642961
201.000 1.624061
202.000 1.605161
203.000 1.586261
204.000 1.567362
205.000 1.564514
206.000 1.564514
207.000 1.595508
208.000 1.697517
209.000 1.697517
210.000 1.697517
211.000 1.970795
212.000 1.970795
213.000 1.381580
214.000 1.351677
215.000 1.351677
216.000 0.813705
217.000 0.813705
218.000 0.813705
219.000 0.813705
220.000 0.951759
221.000 0.951759
222.000 0.951759
223.000 0.951759
224.000 1.021288
225.000 1.169380
226.000 1.238396
227.000 1.238396
228.000 1.206544
229.000 1.111771
230.000 1.111771
231.000 1.155385
232.000 1.583466
233.000 1.583466
234.000 1.157227
235.000 1.157227
236.000 0.979912
237.000 0.979912
238.000 0.771767
239.000 0.771767
240.000 0.771767
241.000 0.569321
242.000 0.569321
243.000 0.569321
244.000 1.619667
245.000 1.619667
246.000 0.989326
247.000 0.989326
248.000 0.989326
249.000 0.989326
250.000 0.829964
251.000 0.829964
252.000 0.829964
253.000 1.299446
254.000 1.299446
255.000 1.299446
256.000 1.279018
257.000 1.184222
258.000 1.089426
259.000 1.085541
260.000 1.447594
261.000 1.173895
262.000 1.143913
263.000 1.143913
264.000 0.827377
265.000 0.827377
266.000 1.105394
267.000 1.420448
268.000 1.420448
269.000 1.298632
270.000 1.076431
271.000 0.994102
272.000 1.839020
273.000 1.839020
274.000 0.782722
275.000 0.782722
276.000 0.782722
277.000 0.782722
278.000 0.955971
279.000 0.955971
280.000 0.955971
281.000 0.955971
282.000 0.955971
283.000 0.789635
284.000 0.789635
285.000 0.789635
286.000 0.789635
287.000 0.789635
288.000 0.789635
289.000 0.880553
290.000 0.985118
291.000 1.089682
292.000 1.117165
293.000 1.117165
294.000 1.994774
295.000 2.351357
296.000 2.351357
297.000 3.118652
298.000 3.118652
299.000 1.901245
300.000 1.901245
301.000 1.738495
302.000 1.738495
303.000 4.523422
304.000 4.523422
305.000 3.602158
306.000 3.602158
307.000 3.602158
308.000 3.123777
309.000 2.315910
310.000 2.315910
311.000 2.315910
312.000 1.429368
313.000 0.981598
314.000 0.981598
315.000 0.981598
316.000 0.981598
317.000 2.057006
318.000 1.978699
319.000 1.854965
320.000 1.854965
321.000 1.854965
322.000 1.381912
323.000 1.381912
324.000 1.381912
325.000 1.381912
326.000 1.381912
327.000 1.464100
328.000 1.510704
329.000 1.510704
330.000 2.636284
331.000 2.636284
332.000 1.330963
333.000 1.330963
334.000 1.330963
335.000 1.330963
336.000 1.330963
337.000 1.365527
338.000 1.456366
339.000 1.547205
340.000 1.573517
341.000 2.040230
342.000 2.040230
343.000 1.366302
344.000 1.366302
345.000 1.366302
346.000 1.449715
347.000 1.449715
348.000 1.449715
349.000 1.941027
350.000 2.029156
351.000 2.117285
352.000 2.205414
353.000 2.293544
354.000 2.338654
355.000 2.338654
356.000 2.338654
357.000 1.855645
358.000 1.616025
359.000 1.540474
