0.000 0.951866
1.000 2.396805
2.000 3.070656
3.000 2.858749
4.000 2.858749
5.000 2.858749
6.000 2.589875
7.000 2.575760
8.000 2.642349
9.000 2.676262
10.000 3.481094
11.000 3.012428
12.000 3.012428
13.000 2.900108
14.000 2.883766
15.000 2.883766
16.000 3.856476
17.000 3.856476
18.000 3.114865
19.000 2.522438
20.000 3.017212
21.000 3.034263
22.000 3.348646
23.000 3.397068
24.000 3.589195
25.000 2.878526
26.000 2.503761
27.000 2.394417
28.000 2.394417
29.000 2.433495
30.000 2.433495
31.000 2.433495
32.000 2.433495
33.000 2.433495
34.000 2.433495
35.000 2.967179
36.000 3.017248
37.000 3.067317
38.000 3.117385
39.000 3.167454
40.000 3.217523
41.000 3.242798
42.000 3.238716
43.000 3.238716
44.000 2.995065
45.000 3.020070
46.000 2.234825
47.000 2.250584
48.000 2.367783
49.000 2.534310
50.000 2.644852
51.000 2.644852
52.000 2.644852
53.000 2.664243
54.000 2.796098
55.000 2.883118
56.000 2.883118
57.000 2.874306
58.000 2.949104
59.000 3.004608
60.000 3.387825
61.000 3.387825
62.000 2.821213
63.000 3.177574
64.000 3.177574
65.000 3.094093
66.000 3.094093
67.000 3.094093
68.000 3.281433
69.000 3.281433
70.000 3.153084
71.000 2.796440
72.000 2.796440
73.000 2.828692
74.000 2.907502
75.000 2.979347
76.000 2.979347
77.000 1.118622
78.000 1.118622
79.000 1.118622
80.000 1.118622
81.000 1.118622
82.000 0.766975
83.000 0.766975
84.000 0.766975
85.000 0.763717
86.000 0.711358
87.000 0.658999
88.000 0.606641
89.000 0.554282
90.000 0.501923
91.000 0.449565
92.000 0.397206
93.000 0.358047
94.000 0.358047
95.000 0.358047
96.000 0.399799
97.000 0.489350
98.000 0.578901
99.000 0.601089
100.000 0.601089
101.000 0.601089
102.000 0.601089
103.000 0.601089
104.000 0.601089
105.000 0.601089
106.000 0.601089
107.000 0.601089
108.000 0.601089
109.000 0.601089
110.000 2.846626
111.000 3.258649
112.000 3.268044
113.000 2.765695
114.000 2.750244
115.000 2.771637
116.000 2.842765
117.000 2.894714
118.000 3.319763
119.000 3.319763
120.000 3.614380
121.000 3.614380
122.000 2.255867
123.000 2.255867
124.000 2.255867
125.000 2.756477
126.000 2.756477
127.000 2.756477
128.000 2.940125
129.000 2.940125
130.000 1.898369
131.000 1.898369
132.000 1.898369
133.000 2.479491
134.000 2.811523
135.000 2.046776
136.000 2.410034
137.000 2.410034
138.000 3.243263
139.000 3.243263
140.000 3.151089
141.000 2.955284
142.000 2.955284
143.000 2.313583
144.000 2.006958
145.000 2.419266
146.000 2.694977
147.000 2.694977
148.000 2.693024
149.000 2.692848
150.000 3.301048
151.000 3.301048
152.000 2.483162
153.000 2.483162
154.000 2.750076
155.000 2.750076
156.000 2.193893
157.000 2.193893
158.000 2.556046
159.000 2.556046
160.000 2.438774
161.000 2.438774
162.000 2.456978
163.000 2.456978
164.000 2.913998
165.000 3.250946
166.000 2.783691
167.000 2.783691
168.000 3.135002
169.000 3.135002
170.000 3.131558
171.000 3.007568
172.000 3.007568
173.000 3.007568
174.000 2.891396
175.000 2.891396
176.000 3.415031
177.000 3.415031
178.000 3.620788
179.000 3.661293
180.000 2.918991
181.000 2.918991
182.000 2.918991
183.000 2.424767
184.000 2.424767
185.000 2.754433
186.000 2.754433
187.000 2.827766
188.000 2.827766
189.000 1.925392
190.000 1.925392
191.000 1.925392
192.000 1.925392
193.000 2.058134
194.000 2.261574
195.000 2.321244
196.000 2.879036
197.000 2.894836
198.000 2.894836
199.000 3.163750
200.000 3.163750
201.000 3.074463
202.000 3.074463
203.000 2.317848
204.000 2.317848
205.000 2.317848
206.000 2.317848
207.000 2.317848
208.000 3.099309
209.000 3.004463
210.000 2.971939
211.000 2.971939
212.000 2.971939
213.000 3.062377
214.000 3.219345
215.000 3.219345
216.000 3.232275
217.000 3.241722
218.000 3.241722
219.000 3.069679
220.000 3.069679
221.000 2.581451
222.000 3.006660
223.000 3.006660
224.000 2.114349
225.000 2.114349
226.000 2.114349
227.000 2.610438
228.000 2.972488
229.000 3.242081
230.000 2.888718
231.000 2.888718
232.000 3.237601
233.000 3.591423
234.000 2.244644
235.000 2.244644
236.000 3.235443
237.000 3.000099
238.000 3.248192
239.000 3.054883
240.000 2.443169
241.000 2.729188
242.000 2.856398
243.000 2.961502
244.000 2.891257
245.000 2.556777
246.000 2.511740
247.000 2.699058
248.000 3.257538
249.000 3.257538
250.000 3.146370
251.000 3.146370
252.000 2.994904
253.000 2.994904
254.000 2.994904
255.000 2.994904
256.000 2.694369
257.000 2.836927
258.000 2.921883
259.000 2.921883
260.000 2.921883
261.000 2.124977
262.000 2.124977
263.000 2.124977
264.000 2.318893
265.000 2.318893
266.000 3.226212
267.000 3.226212
268.000 3.150181
269.000 3.100700
270.000 3.100700
271.000 2.582275
272.000 2.582275
273.000 2.590530
274.000 2.590530
275.000 2.880976
276.000 3.499809
277.000 3.292595
278.000 3.292595
279.000 1.073776
280.000 1.073776
281.000 1.073776
282.000 1.073776
283.000 1.073776
284.000 3.170029
285.000 3.163780
286.000 2.313499
287.000 2.313499
288.000 2.313499
289.000 2.359398
290.000 2.359398
291.000 2.359398
292.000 2.533211
293.000 2.533211
294.000 2.533211
295.000 3.241478
296.000 3.241478
297.000 3.241478
298.000 2.829126
299.000 2.789131
300.000 2.789131
301.000 2.267067
302.000 2.267067
303.000 2.267067
304.000 2.957618
305.000 3.142494
306.000 3.142494
307.000 3.034079
308.000 2.956856
309.000 3.093399
310.000 3.093399
311.000 2.862541
312.000 2.862541
313.000 2.862541
314.000 3.082748
315.000 3.082748
316.000 3.082748
317.000 3.082748
318.000 3.082748
319.000 3.028523
320.000 2.898095
321.000 2.767666
322.000 2.637237
323.000 2.509377
324.000 2.509377
325.000 2.509377
326.000 2.509377
327.000 2.994125
328.000 2.994125
329.000 2.348643
330.000 2.325447
331.000 2.682022
332.000 2.682022
333.000 2.709641
334.000 3.194580
335.000 3.033460
336.000 2.722557
337.000 2.816162
338.000 3.086975
339.000 3.086975
340.000 2.264008
341.000 2.264008
342.000 2.264008
343.000 2.330429
344.000 2.533136
345.000 2.920891
346.000 2.377922
347.000 2.377922
348.000 2.782380
349.000 3.017769
350.000 2.734734
351.000 2.837975
352.000 2.837975
353.000 2.442749
354.000 2.442749
355.000 2.572237
356.000 3.399269
357.000 3.399269
358.000 2.269440
359.000 2.933922
