0.000 0.219002
1.000 2.510262
2.000 2.705424
3.000 2.976707
4.000 2.594444
5.000 2.867805
6.000 2.860901
7.000 2.722504
8.000 2.866905
9.000 2.869145
10.000 2.878342
11.000 2.858051
12.000 2.768707
13.000 2.747359
14.000 2.668350
15.000 2.705867
16.000 2.853493
17.000 2.845043
18.000 2.815964
19.000 2.815348
20.000 2.813217
21.000 2.794651
22.000 2.722427
23.000 2.723814
24.000 2.728111
25.000 2.755652
26.000 2.850143
27.000 2.814339
28.000 2.706070
29.000 2.734029
30.000 2.834503
31.000 2.855911
32.000 2.951271
33.000 2.902189
34.000 2.679634
35.000 2.715843
36.000 2.877130
37.000 2.753798
38.000 2.750771
39.000 2.808171
40.000 2.915459
41.000 2.841014
42.000 2.714821
43.000 2.759551
44.000 2.861885
45.000 2.897793
46.000 2.936020
47.000 2.826014
48.000 2.689896
49.000 2.765511
50.000 2.765511
51.000 2.777812
52.000 2.834372
53.000 2.786131
54.000 2.742508
55.000 2.734482
56.000 2.483385
57.000 1.820747
58.000 2.612022
59.000 2.664041
60.000 2.801033
61.000 2.909692
62.000 2.895633
63.000 2.915054
64.000 2.954247
65.000 2.696411
66.000 2.699914
67.000 2.859238
68.000 2.858849
69.000 2.913391
70.000 2.895531
71.000 2.895531
72.000 2.731903
73.000 2.868398
74.000 2.945435
75.000 2.767540
76.000 2.767540
77.000 2.693863
78.000 2.850426
79.000 2.850426
80.000 2.912819
81.000 2.912819
82.000 2.959648
83.000 2.959648
84.000 2.845383
85.000 2.845383
86.000 2.865891
87.000 2.865891
88.000 2.886810
89.000 2.886810
90.000 2.878779
91.000 2.859678
92.000 2.858833
93.000 2.858833
94.000 2.858833
95.000 2.848435
96.000 2.835823
97.000 2.835823
98.000 2.701935
99.000 2.701935
100.000 2.775144
101.000 2.889938
102.000 2.853561
103.000 2.853561
104.000 2.855987
105.000 2.874021
106.000 2.878551
107.000 2.877510
108.000 2.799214
109.000 2.875877
110.000 2.827695
111.000 2.734886
112.000 2.788200
113.000 2.771683
114.000 2.879005
115.000 2.885674
116.000 2.885674
117.000 2.688614
118.000 2.688614
119.000 2.893616
120.000 2.893616
121.000 2.895485
122.000 2.895485
123.000 2.782120
124.000 2.782120
125.000 2.812637
126.000 2.812637
127.000 2.728760
128.000 2.728760
129.000 2.958656
130.000 2.958656
131.000 2.963768
132.000 2.963768
133.000 2.859909
134.000 2.859909
135.000 2.810127
136.000 2.810127
137.000 2.874649
138.000 2.874649
139.000 2.765793
140.000 2.765793
141.000 2.932869
142.000 2.932869
143.000 2.888054
144.000 2.888054
145.000 2.901741
146.000 2.901741
147.000 2.679321
148.000 2.679321
149.000 2.720497
150.000 2.720497
151.000 2.890720
152.000 2.892395
153.000 2.741811
154.000 2.707489
155.000 2.760513
156.000 2.771484
157.000 2.804367
158.000 2.804367
159.000 2.709396
160.000 2.709396
161.000 2.849716
162.000 2.849716
163.000 2.888848
164.000 2.900414
165.000 2.876076
166.000 2.876076
167.000 2.933311
168.000 2.933311
169.000 2.896237
170.000 2.894142
171.000 2.917629
172.000 2.918709
173.000 2.772342
174.000 2.746124
175.000 2.732125
176.000 2.729149
177.000 2.816261
178.000 2.816261
179.000 2.816261
180.000 2.816261
181.000 2.904514
182.000 2.924973
183.000 2.924973
184.000 2.813736
185.000 2.813736
186.000 2.608568
187.000 2.593437
188.000 2.593437
189.000 2.593437
190.000 2.869812
191.000 2.869812
192.000 2.869812
193.000 2.869114
194.000 2.868378
195.000 2.895523
196.000 2.506584
197.000 2.895592
198.000 2.860695
199.000 2.860695
200.000 2.740433
201.000 2.740433
202.000 2.860214
203.000 2.860214
204.000 2.418861
205.000 2.467407
206.000 2.669868
207.000 2.709365
208.000 2.721291
209.000 2.877709
210.000 2.910385
211.000 2.838757
212.000 2.822678
213.000 2.886649
214.000 2.906029
215.000 2.766731
216.000 2.766731
217.000 2.608543
218.000 2.608543
219.000 2.549393
220.000 2.549393
221.000 2.820770
222.000 2.820770
223.000 2.769829
224.000 2.769829
225.000 2.872999
226.000 2.931801
227.000 2.917406
228.000 2.906860
229.000 2.901163
230.000 2.897118
231.000 2.931654
232.000 2.946129
233.000 2.909652
234.000 2.906914
235.000 2.876112
236.000 2.873558
237.000 2.543892
238.000 2.500946
239.000 2.847336
240.000 2.847336
241.000 2.847336
242.000 2.847336
243.000 2.655651
244.000 2.633499
245.000 2.633499
246.000 2.633499
247.000 2.838882
248.000 2.838882
249.000 2.838882
250.000 2.835876
251.000 2.834267
252.000 2.834267
253.000 2.829646
254.000 2.813289
255.000 2.800964
256.000 2.967361
257.000 2.863403
258.000 2.725716
259.000 2.859210
260.000 2.929276
261.000 2.804302
262.000 2.720840
263.000 2.793540
264.000 2.799377
265.000 2.802964
266.000 2.805328
267.000 2.732428
268.000 2.678246
269.000 2.862912
270.000 2.931572
271.000 2.751443
272.000 2.684555
273.000 2.826406
274.000 2.874435
275.000 2.888029
276.000 2.893227
277.000 2.552803
278.000 2.518639
279.000 2.637230
280.000 2.637230
281.000 2.637405
282.000 2.637405
283.000 2.729139
284.000 2.794884
285.000 2.773438
286.000 2.773438
287.000 2.838632
288.000 2.863068
289.000 2.769470
290.000 2.769470
291.000 2.879822
292.000 2.879822
293.000 2.735001
294.000 2.735001
295.000 2.864624
296.000 2.864624
297.000 2.873132
298.000 2.877426
299.000 2.725114
300.000 2.645126
301.000 2.665815
302.000 2.676529
303.000 2.727895
304.000 2.764099
305.000 2.862183
306.000 2.913513
307.000 2.843118
308.000 2.808182
309.000 2.859380
310.000 2.870712
311.000 2.823212
312.000 2.823212
313.000 2.784041
314.000 2.771034
315.000 2.683023
316.000 2.632530
317.000 2.660022
318.000 2.667961
319.000 2.571768
320.000 2.534439
321.000 2.798434
322.000 2.880562
323.000 2.905334
324.000 2.905334
325.000 2.554065
326.000 2.411407
327.000 2.784797
328.000 2.913544
329.000 2.894605
330.000 2.890045
331.000 2.736263
332.000 2.644333
333.000 2.641109
334.000 2.640167
335.000 2.582929
336.000 2.557899
337.000 2.770810
338.000 2.916092
339.000 2.774044
340.000 2.632042
341.000 2.826609
342.000 2.887207
343.000 2.752929
344.000 2.666939
345.000 2.664497
346.000 2.663406
347.000 2.800376
348.000 2.804504
349.000 2.534134
350.000 2.534134
351.000 2.781563
352.000 2.866928
353.000 2.767110
354.000 2.754723
355.000 2.719216
356.000 2.705421
357.000 2.738796
358.000 2.769287
359.000 2.758074
