0.000 0.172684
1.000 0.172684
2.000 2.571251
3.000 2.734505
4.000 2.653799
5.000 2.457535
6.000 2.665321
7.000 2.772957
8.000 2.572319
9.000 2.570614
10.000 2.554260
11.000 2.552208
12.000 2.475891
13.000 2.661606
14.000 2.661606
15.000 2.668158
16.000 2.731804
17.000 2.731804
18.000 2.724396
19.000 2.730859
20.000 2.764969
21.000 2.755896
22.000 2.613670
23.000 2.617905
24.000 2.673157
25.000 2.668438
26.000 2.539444
27.000 2.539004
28.000 2.532364
29.000 2.534178
30.000 2.580002
31.000 2.578392
32.000 2.553703
33.000 2.560560
34.000 2.698715
35.000 2.671293
36.000 2.565583
37.000 2.552090
38.000 2.419662
39.000 2.430261
40.000 2.654266
41.000 2.658321
42.000 2.754677
43.000 2.751524
44.000 2.710480
45.000 2.710028
46.000 2.708244
47.000 2.691544
48.000 2.637642
49.000 2.629400
50.000 2.451347
51.000 2.453396
52.000 2.514707
53.000 2.521927
54.000 2.560547
55.000 2.560669
56.000 2.562706
57.000 2.682617
58.000 2.682617
59.000 2.682617
60.000 2.682617
61.000 2.709819
62.000 2.708984
63.000 2.708148
64.000 2.707947
65.000 2.707947
66.000 2.456795
67.000 2.456795
68.000 2.456795
69.000 2.553148
70.000 2.659515
71.000 2.659515
72.000 2.564387
73.000 2.364204
74.000 2.364204
75.000 2.758507
76.000 2.501228
77.000 2.501228
78.000 2.745705
79.000 2.745705
80.000 2.427414
81.000 2.427414
82.000 2.427414
83.000 2.674051
84.000 2.690886
85.000 2.698959
86.000 2.698959
87.000 2.518944
88.000 2.518944
89.000 2.726021
90.000 2.568710
91.000 2.568710
92.000 2.626860
93.000 2.761719
94.000 2.693352
95.000 2.671661
96.000 2.671661
97.000 2.661026
98.000 2.661026
99.000 2.661026
100.000 2.564073
101.000 2.458900
102.000 2.458900
103.000 2.447821
104.000 2.442268
105.000 2.442268
106.000 2.442036
107.000 2.437630
108.000 2.713440
109.000 2.405434
110.000 2.611374
111.000 2.611374
112.000 2.611374
113.000 2.680970
114.000 2.708107
115.000 2.708107
116.000 2.618240
117.000 2.699684
118.000 2.699684
119.000 2.718178
120.000 2.733055
121.000 2.733055
122.000 2.579178
123.000 2.585771
124.000 2.768600
125.000 2.756733
126.000 2.520866
127.000 2.533980
128.000 2.803833
129.000 2.801401
130.000 2.753189
131.000 2.732216
132.000 2.553291
133.000 2.521736
134.000 2.521736
135.000 2.567105
136.000 2.786789
137.000 2.786789
138.000 2.738808
139.000 2.738808
140.000 2.713142
141.000 2.713142
142.000 2.642227
143.000 2.642227
144.000 2.642227
145.000 2.569389
146.000 2.569389
147.000 2.568527
148.000 2.452136
149.000 2.406876
150.000 2.406876
151.000 2.448662
152.000 2.448662
153.000 2.516380
154.000 2.353676
155.000 2.353676
156.000 2.583458
157.000 2.646584
158.000 2.685196
159.000 2.685196
160.000 2.449394
161.000 2.449394
162.000 2.646118
163.000 2.646118
164.000 2.646960
165.000 2.736498
166.000 2.768906
167.000 2.585739
168.000 2.585739
169.000 2.554520
170.000 2.751038
171.000 2.751038
172.000 2.248466
173.000 2.248466
174.000 2.619194
175.000 2.619194
176.000 2.722336
177.000 2.722336
178.000 2.701466
179.000 2.650505
180.000 2.650505
181.000 2.615494
182.000 2.772133
183.000 2.772133
184.000 2.724998
185.000 2.724998
186.000 2.717727
187.000 2.736115
188.000 2.736115
189.000 2.734615
190.000 2.629875
191.000 2.629875
192.000 2.748520
193.000 2.748520
194.000 2.751018
195.000 2.751511
196.000 2.713246
197.000 2.703186
198.000 2.322441
199.000 2.257042
200.000 2.435503
201.000 2.747742
202.000 2.745850
203.000 2.733424
204.000 2.525894
205.000 2.527242
206.000 2.557838
207.000 2.559712
208.000 2.693092
209.000 2.699979
210.000 2.732613
211.000 2.728805
212.000 2.667534
213.000 2.614083
214.000 2.540848
215.000 2.553140
216.000 2.718323
217.000 2.703179
218.000 2.555641
219.000 2.558394
220.000 2.601006
221.000 2.608131
222.000 2.776810
223.000 2.712881
224.000 2.580673
225.000 2.555664
226.000 2.555664
227.000 2.556297
228.000 2.572563
229.000 2.572563
230.000 2.541969
231.000 2.541969
232.000 2.559357
233.000 2.586387
234.000 2.588287
235.000 2.588287
236.000 2.588287
237.000 2.704615
238.000 2.709807
239.000 2.714999
240.000 2.715164
241.000 2.711603
242.000 2.696945
243.000 2.665688
244.000 2.486847
245.000 2.669586
246.000 2.688423
247.000 2.729729
248.000 2.499962
249.000 2.499962
250.000 2.630145
251.000 2.733490
252.000 2.322113
253.000 2.322113
254.000 2.747635
255.000 2.732822
256.000 2.480293
257.000 2.480293
258.000 2.614594
259.000 2.374313
260.000 2.374313
261.000 2.710075
262.000 2.710075
263.000 2.702447
264.000 2.459575
265.000 2.321938
266.000 2.306115
267.000 2.219841
268.000 2.516594
269.000 2.516594
270.000 2.479057
271.000 2.479057
272.000 2.721146
273.000 2.721146
274.000 2.702774
275.000 2.702774
276.000 2.632729
277.000 2.632729
278.000 2.730743
279.000 2.730743
280.000 2.730743
281.000 2.625069
282.000 2.489044
283.000 2.489044
284.000 2.489044
285.000 2.350554
286.000 2.204575
287.000 2.643097
288.000 2.643097
289.000 2.643097
290.000 2.695869
291.000 2.695869
292.000 2.585953
293.000 2.614685
294.000 2.614685
295.000 2.612206
296.000 2.608383
297.000 2.608383
298.000 2.766541
299.000 2.766541
300.000 2.766541
301.000 2.450386
302.000 2.450386
303.000 2.450386
304.000 2.509102
305.000 2.509102
306.000 2.509102
307.000 2.561821
308.000 2.561821
309.000 2.685570
310.000 2.685570
311.000 2.658989
312.000 2.621712
313.000 2.621712
314.000 2.738464
315.000 2.738464
316.000 2.573555
317.000 2.573555
318.000 2.550369
319.000 2.550369
320.000 2.593918
321.000 2.678040
322.000 2.678040
323.000 2.534027
324.000 2.534027
325.000 2.670225
326.000 2.723045
327.000 2.723045
328.000 2.725014
329.000 2.720486
330.000 2.710091
331.000 2.710091
332.000 2.483902
333.000 2.483902
334.000 2.757073
335.000 2.731812
336.000 2.731812
337.000 2.580627
338.000 2.591920
339.000 2.602547
340.000 2.683167
341.000 2.683167
342.000 2.663200
343.000 2.653966
344.000 2.618462
345.000 2.618462
346.000 2.505325
347.000 2.505325
348.000 2.505325
349.000 2.554028
350.000 2.616918
351.000 2.674042
352.000 2.674042
353.000 2.693825
354.000 2.672203
355.000 2.672203
356.000 2.714935
357.000 2.714935
358.000 2.638512
359.000 2.615383
