0.000 0.433891
1.000 0.433891
2.000 0.433891
3.000 0.433891
4.000 0.433891
5.000 0.433891
6.000 0.433891
7.000 0.433891
8.000 0.433891
9.000 0.433891
10.000 0.496260
11.000 0.518265
12.000 0.518265
13.000 0.518265
14.000 1.845734
15.000 1.887238
16.000 1.848549
17.000 1.808678
18.000 1.870750
19.000 1.677843
20.000 1.356057
21.000 1.034270
22.000 0.999619
23.000 1.005630
24.000 1.095993
25.000 1.095993
26.000 0.807899
27.000 0.807899
28.000 0.944725
29.000 0.899681
30.000 0.899681
31.000 0.924300
32.000 0.951065
33.000 0.951065
34.000 0.995247
35.000 0.995247
36.000 0.935251
37.000 0.949333
38.000 0.887421
39.000 0.782158
40.000 0.926308
41.000 0.926308
42.000 0.926308
43.000 1.840530
44.000 1.840530
45.000 1.853514
46.000 1.871288
47.000 1.874718
48.000 1.874326
49.000 1.868370
50.000 1.868370
51.000 1.868370
52.000 1.808762
53.000 1.808762
54.000 1.808762
55.000 1.677895
56.000 1.677895
57.000 1.877892
58.000 1.877892
59.000 1.900703
60.000 1.900703
61.000 1.900703
62.000 1.899414
63.000 1.877740
64.000 1.856066
65.000 1.850159
66.000 1.453423
67.000 1.453423
68.000 1.453423
69.000 1.194809
70.000 1.194809
71.000 1.665253
72.000 1.665253
73.000 1.665091
74.000 1.332947
75.000 1.057243
76.000 1.057243
77.000 1.057243
78.000 1.841385
79.000 1.841385
80.000 1.710266
81.000 1.710266
82.000 1.881714
83.000 1.881714
84.000 1.881714
85.000 1.818641
86.000 1.654597
87.000 1.524933
88.000 1.524933
89.000 1.885429
90.000 1.653473
91.000 1.865303
92.000 1.623292
93.000 1.591248
94.000 1.931259
95.000 1.868095
96.000 1.804558
97.000 1.888283
98.000 1.888283
99.000 1.903572
100.000 1.679986
101.000 1.659187
102.000 1.103035
103.000 1.103035
104.000 1.473824
105.000 1.861641
106.000 1.393219
107.000 1.393219
108.000 1.393219
109.000 1.033806
110.000 1.033806
111.000 1.033806
112.000 1.013773
113.000 0.983350
114.000 0.965889
115.000 0.955238
116.000 0.955238
117.000 0.955238
118.000 0.761688
119.000 0.761688
120.000 0.761688
121.000 0.761688
122.000 0.761688
123.000 0.761688
124.000 0.761688
125.000 0.944191
126.000 0.927605
127.000 0.911018
128.000 0.894432
129.000 0.884811
130.000 0.884811
131.000 0.798393
132.000 0.831432
133.000 1.047836
134.000 1.047836
135.000 1.047836
136.000 0.919350
137.000 0.919350
138.000 0.824837
139.000 0.824837
140.000 0.824837
141.000 0.974449
142.000 0.974449
143.000 1.025940
144.000 0.984495
145.000 0.921593
146.000 0.865799
147.000 0.865799
148.000 0.887085
149.000 0.887085
150.000 0.935936
151.000 0.971474
152.000 0.971474
153.000 0.957153
154.000 0.957153
155.000 0.914169
156.000 0.914169
157.000 0.914169
158.000 1.876198
159.000 1.718277
160.000 1.718277
161.000 1.764076
162.000 1.764076
163.000 1.018723
164.000 1.018723
165.000 1.018723
166.000 1.197444
167.000 1.423592
168.000 1.423592
169.000 0.973907
170.000 0.973907
171.000 1.087977
172.000 1.411590
173.000 1.735204
174.000 1.766240
175.000 1.185032
176.000 1.007210
177.000 1.007210
178.000 1.042397
179.000 1.042397
180.000 1.110329
181.000 1.103569
182.000 1.040291
183.000 1.040291
184.000 0.995346
185.000 0.995346
186.000 1.918152
187.000 1.918152
188.000 1.918152
189.000 1.805318
190.000 1.844231
191.000 1.844231
192.000 1.515732
193.000 1.900983
194.000 2.320648
195.000 1.400444
196.000 2.005737
197.000 2.005737
198.000 1.776352
199.000 1.776352
200.000 1.823502
201.000 1.680367
202.000 1.680367
203.000 1.119133
204.000 1.119133
205.000 1.883492
206.000 1.883492
207.000 1.620125
208.000 1.620125
209.000 1.620125
210.000 1.755600
211.000 1.755600
212.000 1.928572
213.000 2.006645
214.000 2.006645
215.000 1.816879
216.000 1.816879
217.000 1.816879
218.000 1.816879
219.000 1.816879
220.000 1.838387
221.000 1.849082
222.000 1.856636
223.000 1.856636
224.000 1.856636
225.000 1.856636
226.000 1.856636
227.000 1.703832
228.000 1.690074
229.000 1.676758
230.000 1.676758
231.000 1.676758
232.000 1.676758
233.000 1.841064
234.000 1.841064
235.000 1.841064
236.000 1.863968
237.000 1.863968
238.000 1.862286
239.000 1.854922
240.000 1.847559
241.000 1.845085
242.000 1.525856
243.000 1.525856
244.000 1.525856
245.000 1.785675
246.000 1.785675
247.000 1.691582
248.000 1.691582
249.000 1.691582
250.000 1.733705
251.000 1.817451
252.000 1.817451
253.000 1.634094
254.000 1.634094
255.000 1.634094
256.000 1.860496
257.000 1.874851
258.000 1.889206
259.000 1.891823
260.000 1.840157
261.000 1.820379
262.000 1.691010
263.000 1.691010
264.000 1.792984
265.000 1.792984
266.000 1.792984
267.000 1.673264
268.000 1.673264
269.000 1.848579
270.000 1.848579
271.000 1.848579
272.000 1.721119
273.000 1.625725
274.000 1.625725
275.000 1.625725
276.000 1.844874
277.000 1.894157
278.000 1.903061
279.000 1.583275
280.000 1.583275
281.000 1.583275
282.000 1.354648
283.000 1.124856
284.000 1.102142
285.000 1.102142
286.000 1.786224
287.000 1.786224
288.000 1.498047
289.000 1.498047
290.000 1.814575
291.000 1.909027
292.000 1.847580
293.000 1.847580
294.000 1.774689
295.000 1.916672
296.000 1.916672
297.000 1.916672
298.000 1.873652
299.000 1.870872
300.000 1.870872
301.000 1.926025
302.000 1.926025
303.000 1.900101
304.000 1.900101
305.000 1.806974
306.000 1.640114
307.000 1.640114
308.000 1.901703
309.000 1.875893
310.000 1.875893
311.000 1.764816
312.000 2.331383
313.000 1.695877
314.000 1.695877
315.000 1.695877
316.000 1.510193
317.000 1.475212
318.000 1.475212
319.000 1.730499
320.000 1.730499
321.000 1.758346
322.000 1.819887
323.000 1.863327
324.000 1.748619
325.000 1.748619
326.000 1.820404
327.000 1.912576
328.000 1.938210
329.000 1.622902
330.000 1.622902
331.000 1.740425
332.000 1.740000
333.000 1.662478
334.000 1.629578
335.000 1.629578
336.000 1.754829
337.000 1.903328
338.000 1.892862
339.000 1.843544
340.000 1.843544
341.000 1.921837
342.000 1.921837
343.000 1.792160
344.000 1.792160
345.000 1.921327
346.000 1.922913
347.000 1.933232
348.000 1.941704
349.000 1.815948
350.000 1.386757
351.000 1.386757
352.000 1.756989
353.000 1.756989
354.000 1.891151
355.000 1.891151
356.000 1.875954
357.000 1.875954
358.000 1.819626
359.000 1.819626
