1.00000 83.20000
2.00000 70.60000
3.00000 77.90000
4.00000 60.10000
5.00000 83.20000
6.00000 60.10000
7.00000 83.20000
8.00000 60.10000
9.00000 60.10000
10.00000 59.10000
11.00000 84.20000
12.00000 62.60000
13.00000 79.00000
14.00000 83.20000
15.00000 85.30000
16.00000 61.10000
17.00000 86.30000
18.00000 85.30000
19.00000 61.10000
20.00000 83.20000
21.00000 83.20000
22.00000 61.10000
23.00000 81.90000
24.00000 82.10000
25.00000 61.10000
26.00000 60.10000
27.00000 82.10000
28.00000 61.10000
29.00000 82.10000
30.00000 60.10000
31.00000 84.20000
32.00000 59.00000
33.00000 85.30000
34.00000 61.10000
35.00000 61.10000
36.00000 85.30000
37.00000 61.10000
38.00000 84.20000
39.00000 82.10000
40.00000 59.00000
41.00000 85.30000
42.00000 60.10000
43.00000 84.20000
44.00000 85.30000
45.00000 83.20000
46.00000 86.30000
47.00000 83.20000
48.00000 82.10000
49.00000 84.20000
50.00000 83.20000
51.00000 84.20000
52.00000 61.10000
53.00000 85.30000
54.00000 105.20000
55.00000 61.10000
56.00000 84.20000
57.00000 84.20000
58.00000 82.10000
59.00000 84.20000
60.00000 61.10000
61.00000 83.20000
62.00000 84.20000
63.00000 82.10000
64.00000 83.20000
65.00000 85.30000
66.00000 83.20000
67.00000 59.00000
68.00000 85.30000
69.00000 84.20000
70.00000 84.20000
71.00000 88.40000
72.00000 60.10000
73.00000 85.30000
74.00000 85.30000
75.00000 84.20000
76.00000 85.30000
77.00000 85.30000
78.00000 83.20000
79.00000 61.10000
80.00000 82.10000
81.00000 83.20000
82.00000 84.20000
83.00000 73.90000
84.00000 82.20000
85.00000 11.78000
86.00000 58.40000
87.00000 105.20000
88.00000 84.20000
89.00000 84.20000
90.00000 85.30000
91.00000 83.20000
92.00000 83.20000
93.00000 84.20000
94.00000 106.20000
95.00000 83.20000
96.00000 60.10000
97.00000 83.20000
98.00000 60.10000
99.00000 60.10000
100.00000 60.10000
101.00000 84.20000
102.00000 86.30000
103.00000 87.40000
104.00000 82.10000
105.00000 83.20000
106.00000 86.30000
107.00000 107.30000
108.00000 84.20000
109.00000 84.20000
110.00000 85.30000
111.00000 80.20000
112.00000 10.74000
113.00000 35.30000
114.00000 40.60000
115.00000 13.87000
116.00000 85.30000
117.00000 82.10000
118.00000 82.10000
119.00000 84.20000
120.00000 83.20000
121.00000 84.20000
122.00000 61.10000
123.00000 84.20000
124.00000 74.80000
125.00000 69.50000
126.00000 60.10000
127.00000 84.20000
128.00000 64.30000
129.00000 61.10000
130.00000 84.20000
131.00000 60.10000
132.00000 60.40000
133.00000 62.20000
134.00000 60.10000
135.00000 60.10000
136.00000 60.10000
137.00000 67.40000
138.00000 74.20000
139.00000 29.90000
140.00000 59.20000
141.00000 59.40000
142.00000 60.20000
143.00000 58.80000
144.00000 83.20000
145.00000 60.10000
146.00000 83.20000
147.00000 83.20000
148.00000 83.20000
149.00000 60.10000
150.00000 83.20000
151.00000 60.10000
152.00000 84.20000
153.00000 61.10000
154.00000 83.20000
155.00000 60.10000
156.00000 61.10000
157.00000 83.20000
158.00000 61.10000
159.00000 82.10000
160.00000 60.10000
161.00000 60.10000
162.00000 83.20000
163.00000 59.70000
164.00000 55.20000
165.00000 29.30000
166.00000 47.90000
167.00000 54.10000
168.00000 52.00000
169.00000 44.20000
170.00000 43.70000
171.00000 37.40000
172.00000 41.10000
173.00000 41.10000
174.00000 36.40000
175.00000 39.50000
176.00000 42.60000
177.00000 43.70000
178.00000 40.00000
179.00000 29.80000
180.00000 50.50000
181.00000 37.90000
182.00000 45.80000
183.00000 41.60000
184.00000 45.80000
185.00000 40.60000
186.00000 27.70000
187.00000 10.21000
188.00000 22.50000
189.00000 2.61000
190.00000 1.56000
191.00000 41.10000
192.00000 14.91000
193.00000 14.91000
194.00000 21.50000
195.00000 23.60000
196.00000 23.60000
197.00000 22.00000
198.00000 14.39000
199.00000 12.82000
200.00000 21.50000
201.00000 28.80000
202.00000 41.10000
203.00000 42.60000
204.00000 41.60000
205.00000 44.70000
206.00000 43.20000
207.00000 37.90000
208.00000 10.21000
209.00000 22.50000
210.00000 35.90000
211.00000 39.00000
212.00000 42.60000
213.00000 43.20000
214.00000 43.20000
215.00000 42.60000
216.00000 43.20000
217.00000 43.20000
218.00000 44.70000
219.00000 45.20000
220.00000 45.80000
221.00000 42.10000
222.00000 42.10000
223.00000 41.60000
224.00000 42.60000
225.00000 38.50000
226.00000 39.50000
227.00000 37.90000
228.00000 36.90000
229.00000 14.39000
230.00000 41.60000
231.00000 37.40000
232.00000 36.90000
233.00000 37.90000
234.00000 37.40000
235.00000 35.90000
236.00000 39.00000
237.00000 27.70000
238.00000 40.60000
239.00000 27.70000
240.00000 29.80000
241.00000 26.70000
242.00000 40.00000
243.00000 26.20000
244.00000 29.30000
245.00000 25.60000
246.00000 28.80000
247.00000 42.10000
248.00000 42.10000
249.00000 27.70000
250.00000 40.00000
251.00000 14.91000
252.00000 37.90000
253.00000 39.00000
254.00000 40.00000
255.00000 38.50000
256.00000 35.30000
257.00000 4.69000
258.00000 3.13000
259.00000 1.56000
260.00000 13.87000
261.00000 2.61000
262.00000 29.30000
263.00000 22.50000
264.00000 14.91000
265.00000 21.50000
266.00000 13.34000
267.00000 21.00000
268.00000 12.82000
269.00000 23.00000
270.00000 12.30000
271.00000 20.40000
272.00000 4.17000
273.00000 13.34000
274.00000 13.87000
275.00000 11.78000
276.00000 4.17000
277.00000 13.87000
278.00000 4.17000
279.00000 11.26000
280.00000 12.30000
281.00000 11.26000
282.00000 20.40000
283.00000 12.82000
284.00000 13.34000
285.00000 21.50000
286.00000 12.82000
287.00000 20.40000
288.00000 21.50000
289.00000 22.00000
290.00000 21.00000
291.00000 21.00000
292.00000 11.78000
293.00000 21.50000
294.00000 23.00000
295.00000 13.34000
296.00000 21.00000
297.00000 13.87000
298.00000 28.10000
299.00000 12.30000
