1.00000 4.69000
2.00000 4.17000
3.00000 4.69000
4.00000 4.17000
5.00000 4.69000
6.00000 2.61000
7.00000 10.21000
8.00000 4.69000
9.00000 4.17000
10.00000 2.61000
11.00000 10.74000
12.00000 3.65000
13.00000 3.65000
14.00000 4.17000
15.00000 4.17000
16.00000 3.65000
17.00000 3.13000
18.00000 1.56000
19.00000 1.04000
20.00000 4.17000
21.00000 3.13000
22.00000 4.69000
23.00000 4.69000
24.00000 10.21000
25.00000 10.21000
26.00000 4.17000
27.00000 4.69000
28.00000 4.17000
29.00000 4.17000
30.00000 4.17000
31.00000 2.61000
32.00000 4.17000
33.00000 3.13000
34.00000 1.56000
35.00000 3.65000
36.00000 2.09000
37.00000 2.61000
38.00000 10.21000
39.00000 2.09000
40.00000 4.69000
41.00000 4.69000
42.00000 4.17000
43.00000 4.17000
44.00000 4.17000
45.00000 4.17000
46.00000 2.61000
47.00000 11.26000
48.00000 4.17000
49.00000 4.17000
50.00000 3.13000
51.00000 10.74000
52.00000 4.17000
53.00000 4.69000
54.00000 4.17000
55.00000 4.17000
56.00000 4.69000
57.00000 4.17000
58.00000 4.69000
59.00000 4.17000
60.00000 4.69000
61.00000 2.61000
62.00000 4.17000
63.00000 4.69000
64.00000 4.17000
65.00000 4.69000
66.00000 4.17000
67.00000 4.17000
68.00000 4.69000
69.00000 4.17000
70.00000 3.13000
71.00000 4.69000
72.00000 4.17000
73.00000 4.17000
74.00000 2.09000
75.00000 10.74000
76.00000 4.17000
77.00000 3.65000
78.00000 4.17000
79.00000 4.17000
80.00000 4.17000
81.00000 4.17000
82.00000 1.56000
83.00000 4.69000
84.00000 4.17000
85.00000 4.17000
86.00000 4.17000
87.00000 4.17000
88.00000 4.17000
89.00000 4.69000
90.00000 4.17000
91.00000 4.17000
92.00000 4.17000
93.00000 2.09000
94.00000 11.26000
95.00000 3.65000
96.00000 4.69000
97.00000 2.09000
98.00000 11.26000
99.00000 3.65000
100.00000 4.17000
101.00000 4.69000
102.00000 4.17000
103.00000 2.61000
104.00000 4.69000
105.00000 4.69000
106.00000 4.69000
107.00000 4.69000
108.00000 4.69000
109.00000 3.13000
110.00000 12.82000
111.00000 4.69000
112.00000 4.69000
113.00000 4.17000
114.00000 4.17000
115.00000 4.17000
116.00000 4.69000
117.00000 4.69000
118.00000 2.09000
119.00000 11.78000
120.00000 4.69000
121.00000 4.69000
122.00000 4.17000
123.00000 3.65000
124.00000 4.17000
125.00000 0.00000
126.00000 10.74000
127.00000 3.65000
128.00000 4.17000
129.00000 4.69000
130.00000 4.17000
131.00000 4.17000
132.00000 4.17000
133.00000 3.65000
134.00000 4.17000
135.00000 4.17000
136.00000 2.61000
137.00000 11.26000
138.00000 4.17000
139.00000 4.69000
140.00000 4.69000
141.00000 4.69000
142.00000 4.17000
143.00000 4.69000
144.00000 10.21000
145.00000 4.17000
146.00000 3.13000
147.00000 4.69000
148.00000 4.69000
149.00000 2.61000
150.00000 10.21000
151.00000 3.13000
152.00000 12.30000
153.00000 13.34000
154.00000 13.34000
155.00000 12.82000
156.00000 13.34000
157.00000 13.87000
158.00000 11.78000
159.00000 13.34000
160.00000 12.30000
161.00000 14.91000
162.00000 12.82000
163.00000 22.50000
164.00000 27.20000
165.00000 27.70000
166.00000 26.70000
167.00000 13.87000
168.00000 29.80000
169.00000 29.80000
170.00000 21.00000
171.00000 14.91000
172.00000 20.40000
173.00000 21.00000
174.00000 21.00000
175.00000 21.50000
176.00000 14.91000
177.00000 20.40000
178.00000 20.40000
179.00000 21.50000
180.00000 20.40000
181.00000 20.40000
182.00000 13.87000
183.00000 14.39000
184.00000 14.39000
185.00000 20.40000
186.00000 21.50000
187.00000 21.50000
188.00000 14.39000
189.00000 10.21000
190.00000 21.50000
191.00000 12.30000
192.00000 13.34000
193.00000 12.82000
194.00000 20.40000
195.00000 11.78000
196.00000 28.30000
197.00000 20.40000
198.00000 22.00000
199.00000 21.50000
200.00000 21.00000
201.00000 21.50000
202.00000 14.91000
203.00000 14.91000
204.00000 13.87000
205.00000 14.39000
206.00000 14.39000
207.00000 12.30000
208.00000 12.82000
209.00000 12.82000
210.00000 3.65000
211.00000 13.87000
212.00000 13.34000
213.00000 13.34000
214.00000 13.34000
215.00000 11.78000
216.00000 12.82000
217.00000 12.30000
218.00000 12.82000
219.00000 12.82000
220.00000 12.82000
221.00000 12.30000
222.00000 11.78000
223.00000 11.78000
224.00000 12.82000
225.00000 12.30000
226.00000 11.78000
227.00000 11.78000
228.00000 11.26000
229.00000 11.26000
230.00000 13.34000
231.00000 4.17000
232.00000 11.26000
233.00000 12.30000
234.00000 10.74000
235.00000 12.82000
236.00000 12.30000
237.00000 12.30000
238.00000 12.30000
239.00000 12.82000
240.00000 13.34000
241.00000 12.30000
242.00000 12.82000
243.00000 12.30000
244.00000 12.82000
245.00000 12.82000
246.00000 12.82000
247.00000 12.82000
248.00000 11.78000
249.00000 12.82000
250.00000 12.30000
251.00000 13.87000
252.00000 13.87000
253.00000 4.17000
254.00000 12.82000
255.00000 12.82000
256.00000 12.30000
257.00000 13.34000
258.00000 10.21000
259.00000 11.78000
260.00000 11.26000
261.00000 3.13000
262.00000 0.00000
263.00000 0.00000
264.00000 29.30000
265.00000 11.78000
266.00000 13.34000
267.00000 12.30000
268.00000 12.82000
269.00000 12.82000
270.00000 12.30000
271.00000 13.34000
272.00000 13.87000
273.00000 13.87000
274.00000 4.17000
275.00000 14.39000
276.00000 13.87000
277.00000 14.91000
278.00000 14.39000
279.00000 13.34000
280.00000 13.87000
281.00000 13.34000
282.00000 12.82000
283.00000 12.30000
284.00000 12.82000
285.00000 11.26000
286.00000 10.74000
287.00000 0.00000
288.00000 0.52000
289.00000 28.30000
290.00000 12.30000
291.00000 12.82000
292.00000 11.26000
293.00000 12.30000
294.00000 11.78000
295.00000 3.65000
296.00000 12.30000
297.00000 11.78000
298.00000 28.60000
299.00000 12.30000
