1.00000 28.70000
2.00000 25.70000
3.00000 24.50000
4.00000 23.60000
5.00000 13.34000
6.00000 27.20000
7.00000 27.70000
8.00000 26.70000
9.00000 26.20000
10.00000 25.60000
11.00000 35.30000
12.00000 28.30000
13.00000 22.50000
14.00000 22.50000
15.00000 22.50000
16.00000 23.60000
17.00000 24.60000
18.00000 24.10000
19.00000 23.60000
20.00000 24.10000
21.00000 24.60000
22.00000 24.10000
23.00000 23.00000
24.00000 21.00000
25.00000 22.50000
26.00000 4.69000
27.00000 22.50000
28.00000 23.00000
29.00000 23.00000
30.00000 22.00000
31.00000 21.50000
32.00000 22.00000
33.00000 21.50000
34.00000 22.50000
35.00000 23.00000
36.00000 21.50000
37.00000 22.00000
38.00000 22.00000
39.00000 21.00000
40.00000 21.50000
41.00000 20.40000
42.00000 23.00000
43.00000 23.60000
44.00000 21.50000
45.00000 21.50000
46.00000 23.00000
47.00000 10.74000
48.00000 23.00000
49.00000 22.50000
50.00000 21.50000
51.00000 23.60000
52.00000 22.50000
53.00000 21.50000
54.00000 14.39000
55.00000 22.00000
56.00000 14.39000
57.00000 35.90000
58.00000 24.10000
59.00000 23.00000
60.00000 24.10000
61.00000 27.20000
62.00000 24.10000
63.00000 25.10000
64.00000 22.50000
65.00000 24.10000
66.00000 23.00000
67.00000 11.78000
68.00000 24.60000
69.00000 25.10000
70.00000 22.50000
71.00000 23.60000
72.00000 21.00000
73.00000 23.60000
74.00000 25.60000
75.00000 23.00000
76.00000 22.00000
77.00000 23.60000
78.00000 21.50000
79.00000 22.50000
80.00000 22.50000
81.00000 23.60000
82.00000 22.50000
83.00000 23.60000
84.00000 22.00000
85.00000 22.50000
86.00000 21.00000
87.00000 21.00000
88.00000 21.50000
89.00000 11.78000
90.00000 22.50000
91.00000 21.50000
92.00000 23.60000
93.00000 22.50000
94.00000 22.00000
95.00000 22.00000
96.00000 22.50000
97.00000 23.00000
98.00000 21.50000
99.00000 22.50000
100.00000 14.39000
101.00000 22.00000
102.00000 22.50000
103.00000 21.00000
104.00000 22.00000
105.00000 20.40000
106.00000 21.50000
107.00000 20.40000
108.00000 21.50000
109.00000 21.50000
110.00000 10.21000
111.00000 20.40000
112.00000 20.40000
113.00000 21.00000
114.00000 13.87000
115.00000 2.09000
116.00000 40.00000
117.00000 22.00000
118.00000 20.40000
119.00000 22.00000
120.00000 21.50000
121.00000 20.40000
122.00000 14.91000
123.00000 22.50000
124.00000 23.00000
125.00000 24.10000
126.00000 24.10000
127.00000 25.10000
128.00000 25.10000
129.00000 25.10000
130.00000 23.60000
131.00000 11.78000
132.00000 22.50000
133.00000 23.60000
134.00000 22.50000
135.00000 23.60000
136.00000 24.10000
137.00000 23.00000
138.00000 22.00000
139.00000 22.00000
140.00000 21.50000
141.00000 22.50000
142.00000 23.00000
143.00000 22.50000
144.00000 21.50000
145.00000 24.10000
146.00000 23.00000
147.00000 23.00000
148.00000 22.00000
149.00000 22.50000
150.00000 23.00000
151.00000 11.26000
152.00000 21.00000
153.00000 22.50000
154.00000 24.10000
155.00000 24.10000
156.00000 23.00000
157.00000 23.00000
158.00000 21.00000
159.00000 20.40000
160.00000 21.00000
161.00000 21.50000
162.00000 13.87000
163.00000 21.00000
164.00000 14.39000
165.00000 14.39000
166.00000 13.87000
167.00000 14.91000
168.00000 14.91000
169.00000 14.39000
170.00000 21.00000
171.00000 21.00000
172.00000 14.39000
173.00000 4.69000
174.00000 21.50000
175.00000 10.74000
176.00000 28.80000
177.00000 14.39000
178.00000 14.91000
179.00000 20.40000
180.00000 14.91000
181.00000 14.39000
182.00000 14.91000
183.00000 21.00000
184.00000 22.00000
185.00000 22.00000
186.00000 22.50000
187.00000 23.00000
188.00000 22.00000
189.00000 23.60000
190.00000 21.50000
191.00000 21.00000
192.00000 21.00000
193.00000 20.40000
194.00000 10.21000
195.00000 14.91000
196.00000 14.91000
197.00000 14.39000
198.00000 14.39000
199.00000 14.39000
200.00000 14.39000
201.00000 21.00000
202.00000 22.00000
203.00000 22.50000
204.00000 23.00000
205.00000 22.50000
206.00000 23.60000
207.00000 24.10000
208.00000 23.60000
209.00000 24.10000
210.00000 22.50000
211.00000 21.50000
212.00000 23.60000
213.00000 23.00000
214.00000 23.60000
215.00000 10.74000
216.00000 22.50000
217.00000 21.50000
218.00000 22.00000
219.00000 21.00000
220.00000 23.60000
221.00000 22.00000
222.00000 22.50000
223.00000 22.50000
224.00000 23.00000
225.00000 25.10000
226.00000 22.00000
227.00000 22.50000
228.00000 22.00000
229.00000 14.39000
230.00000 21.00000
231.00000 14.39000
232.00000 22.00000
233.00000 21.00000
234.00000 21.50000
235.00000 21.50000
236.00000 21.00000
237.00000 4.69000
238.00000 2.61000
239.00000 37.40000
240.00000 23.00000
241.00000 23.00000
242.00000 22.50000
243.00000 23.00000
244.00000 24.10000
245.00000 24.60000
246.00000 22.00000
247.00000 24.10000
248.00000 23.00000
249.00000 21.50000
250.00000 22.50000
251.00000 22.00000
252.00000 23.00000
253.00000 23.00000
254.00000 23.00000
255.00000 22.00000
256.00000 22.00000
257.00000 21.50000
258.00000 10.74000
259.00000 20.40000
260.00000 21.00000
261.00000 20.40000
262.00000 20.40000
263.00000 21.00000
264.00000 21.50000
265.00000 20.40000
266.00000 20.40000
267.00000 21.50000
268.00000 21.00000
269.00000 22.00000
270.00000 21.50000
271.00000 22.50000
272.00000 21.00000
273.00000 14.39000
274.00000 21.00000
275.00000 22.00000
276.00000 14.91000
277.00000 21.00000
278.00000 14.39000
279.00000 4.69000
280.00000 21.00000
281.00000 21.50000
282.00000 20.40000
283.00000 21.00000
284.00000 22.00000
285.00000 22.50000
286.00000 22.50000
287.00000 24.10000
288.00000 21.50000
289.00000 23.60000
290.00000 24.10000
291.00000 23.60000
292.00000 21.50000
293.00000 23.60000
294.00000 22.00000
295.00000 22.50000
296.00000 21.50000
297.00000 21.00000
298.00000 40.70000
299.00000 22.60000
