1.00000 26.80000
2.00000 29.90000
3.00000 44.40000
4.00000 41.80000
5.00000 28.80000
6.00000 3.65000
7.00000 23.60000
8.00000 4.69000
9.00000 14.91000
10.00000 14.91000
11.00000 12.30000
12.00000 22.50000
13.00000 23.00000
14.00000 28.30000
15.00000 25.60000
16.00000 28.30000
17.00000 29.40000
18.00000 38.10000
19.00000 50.70000
20.00000 42.30000
21.00000 43.30000
22.00000 44.70000
23.00000 44.40000
24.00000 41.40000
25.00000 38.40000
26.00000 54.60000
27.00000 43.30000
28.00000 43.50000
29.00000 43.30000
30.00000 45.10000
31.00000 45.80000
32.00000 48.40000
33.00000 45.20000
34.00000 39.00000
35.00000 43.70000
36.00000 36.40000
37.00000 41.10000
38.00000 23.00000
39.00000 2.61000
40.00000 14.39000
41.00000 4.69000
42.00000 14.91000
43.00000 22.00000
44.00000 10.21000
45.00000 12.30000
46.00000 27.70000
47.00000 23.60000
48.00000 12.82000
49.00000 10.21000
50.00000 2.09000
51.00000 1.56000
52.00000 0.52000
53.00000 14.39000
54.00000 22.00000
55.00000 22.00000
56.00000 10.74000
57.00000 3.65000
58.00000 4.69000
59.00000 3.13000
60.00000 11.26000
61.00000 11.26000
62.00000 11.78000
63.00000 10.21000
64.00000 3.65000
65.00000 12.30000
66.00000 11.78000
67.00000 13.34000
68.00000 14.91000
69.00000 22.00000
70.00000 12.30000
71.00000 2.09000
72.00000 4.17000
73.00000 1.56000
74.00000 1.56000
75.00000 2.61000
76.00000 1.04000
77.00000 10.21000
78.00000 11.78000
79.00000 11.78000
80.00000 12.30000
81.00000 13.87000
82.00000 22.00000
83.00000 22.50000
84.00000 24.10000
85.00000 25.60000
86.00000 35.30000
87.00000 35.90000
88.00000 29.30000
89.00000 27.70000
90.00000 28.30000
91.00000 35.30000
92.00000 23.00000
93.00000 41.60000
94.00000 42.10000
95.00000 46.80000
96.00000 44.70000
97.00000 51.00000
98.00000 45.80000
99.00000 42.10000
100.00000 37.90000
101.00000 36.40000
102.00000 36.40000
103.00000 36.40000
104.00000 39.50000
105.00000 39.00000
106.00000 37.90000
107.00000 41.10000
108.00000 40.60000
109.00000 37.90000
110.00000 37.40000
111.00000 24.60000
112.00000 35.30000
113.00000 25.60000
114.00000 12.82000
115.00000 22.50000
116.00000 29.80000
117.00000 40.00000
118.00000 28.30000
119.00000 29.80000
120.00000 29.80000
121.00000 26.20000
122.00000 26.20000
123.00000 24.10000
124.00000 25.10000
125.00000 4.69000
126.00000 24.10000
127.00000 37.90000
128.00000 36.90000
129.00000 27.20000
130.00000 22.50000
131.00000 21.00000
132.00000 4.17000
133.00000 23.00000
134.00000 23.00000
135.00000 22.50000
136.00000 21.50000
137.00000 21.50000
138.00000 14.39000
139.00000 13.87000
140.00000 14.39000
141.00000 14.91000
142.00000 23.60000
143.00000 24.10000
144.00000 24.10000
145.00000 25.10000
146.00000 21.50000
147.00000 38.50000
148.00000 24.10000
149.00000 28.30000
150.00000 26.70000
151.00000 14.39000
152.00000 13.34000
153.00000 20.40000
154.00000 22.00000
155.00000 23.00000
156.00000 11.26000
157.00000 23.00000
158.00000 28.30000
159.00000 28.80000
160.00000 29.80000
161.00000 23.60000
162.00000 44.20000
163.00000 37.40000
164.00000 36.40000
165.00000 36.90000
166.00000 29.80000
167.00000 35.90000
168.00000 27.20000
169.00000 36.90000
170.00000 35.90000
171.00000 24.60000
172.00000 25.10000
173.00000 37.90000
174.00000 39.00000
175.00000 38.50000
176.00000 27.20000
177.00000 22.50000
178.00000 10.21000
179.00000 22.00000
180.00000 22.00000
181.00000 22.00000
182.00000 14.91000
183.00000 20.40000
184.00000 22.00000
185.00000 23.60000
186.00000 22.00000
187.00000 24.10000
188.00000 23.60000
189.00000 24.60000
190.00000 37.40000
191.00000 28.80000
192.00000 27.20000
193.00000 28.30000
194.00000 26.20000
195.00000 26.70000
196.00000 27.20000
197.00000 29.30000
198.00000 27.70000
199.00000 22.50000
200.00000 36.90000
201.00000 29.30000
202.00000 38.50000
203.00000 35.90000
204.00000 25.60000
205.00000 27.20000
206.00000 28.80000
207.00000 28.80000
208.00000 37.40000
209.00000 37.40000
210.00000 35.90000
211.00000 28.80000
212.00000 24.60000
213.00000 23.00000
214.00000 27.70000
215.00000 29.30000
216.00000 24.60000
217.00000 29.80000
218.00000 26.70000
219.00000 27.20000
220.00000 20.40000
221.00000 37.40000
222.00000 24.10000
223.00000 21.00000
224.00000 14.39000
225.00000 12.82000
226.00000 4.17000
227.00000 13.87000
228.00000 0.00000
229.00000 4.69000
230.00000 20.40000
231.00000 13.87000
232.00000 3.13000
233.00000 12.30000
234.00000 11.78000
235.00000 1.04000
236.00000 0.00000
237.00000 0.00000
238.00000 0.00000
239.00000 0.00000
240.00000 0.00000
241.00000 2.09000
242.00000 11.26000
243.00000 24.60000
244.00000 22.00000
245.00000 23.00000
246.00000 25.10000
247.00000 24.10000
248.00000 14.91000
249.00000 24.10000
250.00000 24.10000
251.00000 14.91000
252.00000 23.60000
253.00000 21.50000
254.00000 22.00000
255.00000 20.40000
256.00000 20.40000
257.00000 21.50000
258.00000 3.65000
259.00000 0.00000
260.00000 0.00000
261.00000 0.52000
262.00000 2.61000
263.00000 2.09000
264.00000 2.09000
265.00000 0.00000
266.00000 11.78000
267.00000 0.52000
268.00000 0.52000
269.00000 10.74000
270.00000 3.65000
271.00000 10.21000
272.00000 10.21000
273.00000 3.13000
274.00000 11.26000
275.00000 14.39000
276.00000 22.50000
277.00000 2.61000
278.00000 2.09000
279.00000 3.13000
280.00000 3.65000
281.00000 0.52000
282.00000 1.56000
283.00000 2.61000
284.00000 1.04000
285.00000 0.00000
286.00000 0.00000
287.00000 0.00000
288.00000 2.61000
289.00000 2.61000
290.00000 1.04000
291.00000 0.52000
292.00000 1.04000
293.00000 2.09000
294.00000 2.09000
295.00000 2.61000
296.00000 0.52000
297.00000 0.52000
298.00000 0.52000
299.00000 0.00000
