1.00000 27.80000
2.00000 37.00000
3.00000 39.10000
4.00000 44.40000
5.00000 28.90000
6.00000 36.30000
7.00000 37.00000
8.00000 39.40000
9.00000 39.00000
10.00000 41.60000
11.00000 35.90000
12.00000 47.30000
13.00000 38.50000
14.00000 38.50000
15.00000 39.00000
16.00000 39.50000
17.00000 39.50000
18.00000 37.90000
19.00000 35.30000
20.00000 36.40000
21.00000 44.20000
22.00000 40.60000
23.00000 40.60000
24.00000 39.50000
25.00000 40.60000
26.00000 37.40000
27.00000 37.40000
28.00000 29.80000
29.00000 35.30000
30.00000 21.00000
31.00000 37.90000
32.00000 37.90000
33.00000 37.40000
34.00000 35.30000
35.00000 37.40000
36.00000 36.40000
37.00000 27.70000
38.00000 28.30000
39.00000 27.70000
40.00000 35.90000
41.00000 36.90000
42.00000 36.40000
43.00000 35.30000
44.00000 28.80000
45.00000 29.80000
46.00000 24.60000
47.00000 27.70000
48.00000 36.40000
49.00000 36.40000
50.00000 37.40000
51.00000 21.50000
52.00000 37.90000
53.00000 37.90000
54.00000 38.50000
55.00000 36.90000
56.00000 29.30000
57.00000 37.90000
58.00000 39.00000
59.00000 40.00000
60.00000 39.50000
61.00000 38.50000
62.00000 39.00000
63.00000 39.50000
64.00000 37.40000
65.00000 35.90000
66.00000 38.50000
67.00000 39.50000
68.00000 39.00000
69.00000 38.50000
70.00000 39.50000
71.00000 39.50000
72.00000 39.50000
73.00000 14.91000
74.00000 35.90000
75.00000 29.80000
76.00000 36.90000
77.00000 27.70000
78.00000 27.70000
79.00000 35.30000
80.00000 36.40000
81.00000 37.90000
82.00000 28.30000
83.00000 29.30000
84.00000 35.30000
85.00000 37.40000
86.00000 35.90000
87.00000 36.90000
88.00000 28.80000
89.00000 28.80000
90.00000 35.90000
91.00000 29.80000
92.00000 27.20000
93.00000 28.80000
94.00000 14.91000
95.00000 29.80000
96.00000 39.50000
97.00000 40.00000
98.00000 39.00000
99.00000 39.00000
100.00000 39.00000
101.00000 29.80000
102.00000 36.90000
103.00000 39.50000
104.00000 39.00000
105.00000 39.00000
106.00000 38.50000
107.00000 40.00000
108.00000 40.60000
109.00000 37.90000
110.00000 36.40000
111.00000 36.90000
112.00000 38.50000
113.00000 39.00000
114.00000 38.50000
115.00000 22.00000
116.00000 38.50000
117.00000 39.50000
118.00000 40.00000
119.00000 35.90000
120.00000 36.90000
121.00000 39.50000
122.00000 40.00000
123.00000 41.60000
124.00000 41.10000
125.00000 40.60000
126.00000 40.60000
127.00000 40.00000
128.00000 37.90000
129.00000 37.90000
130.00000 40.60000
131.00000 40.60000
132.00000 41.10000
133.00000 39.50000
134.00000 39.50000
135.00000 28.30000
136.00000 29.30000
137.00000 20.40000
138.00000 26.70000
139.00000 37.90000
140.00000 37.90000
141.00000 39.00000
142.00000 38.50000
143.00000 39.50000
144.00000 40.00000
145.00000 37.40000
146.00000 36.40000
147.00000 28.80000
148.00000 36.90000
149.00000 39.00000
150.00000 36.40000
151.00000 37.40000
152.00000 38.50000
153.00000 35.30000
154.00000 37.40000
155.00000 27.70000
156.00000 26.70000
157.00000 39.50000
158.00000 12.82000
159.00000 28.30000
160.00000 21.00000
161.00000 35.30000
162.00000 35.90000
163.00000 39.00000
164.00000 35.30000
165.00000 28.80000
166.00000 26.70000
167.00000 21.00000
168.00000 25.60000
169.00000 29.80000
170.00000 23.60000
171.00000 24.10000
172.00000 22.50000
173.00000 25.10000
174.00000 26.20000
175.00000 21.50000
176.00000 21.00000
177.00000 25.10000
178.00000 27.70000
179.00000 13.87000
180.00000 25.60000
181.00000 40.00000
182.00000 39.50000
183.00000 39.00000
184.00000 38.50000
185.00000 38.50000
186.00000 37.40000
187.00000 25.10000
188.00000 29.30000
189.00000 35.30000
190.00000 28.30000
191.00000 38.50000
192.00000 39.00000
193.00000 38.50000
194.00000 38.50000
195.00000 37.90000
196.00000 39.00000
197.00000 29.30000
198.00000 35.30000
199.00000 37.90000
200.00000 37.90000
201.00000 20.40000
202.00000 36.40000
203.00000 36.90000
204.00000 38.50000
205.00000 28.30000
206.00000 27.20000
207.00000 26.20000
208.00000 25.10000
209.00000 22.00000
210.00000 22.00000
211.00000 14.39000
212.00000 11.78000
213.00000 12.30000
214.00000 11.78000
215.00000 2.61000
216.00000 13.87000
217.00000 12.30000
218.00000 13.34000
219.00000 21.00000
220.00000 20.40000
221.00000 14.39000
222.00000 2.61000
223.00000 11.78000
224.00000 11.26000
225.00000 11.78000
226.00000 1.04000
227.00000 21.50000
228.00000 13.87000
229.00000 21.50000
230.00000 22.00000
231.00000 22.00000
232.00000 23.00000
233.00000 23.60000
234.00000 24.10000
235.00000 24.10000
236.00000 21.50000
237.00000 21.00000
238.00000 23.00000
239.00000 26.20000
240.00000 23.00000
241.00000 25.60000
242.00000 26.20000
243.00000 13.87000
244.00000 28.30000
245.00000 35.30000
246.00000 28.80000
247.00000 27.20000
248.00000 29.80000
249.00000 27.70000
250.00000 29.80000
251.00000 29.80000
252.00000 23.00000
253.00000 24.60000
254.00000 23.00000
255.00000 23.00000
256.00000 22.50000
257.00000 22.50000
258.00000 22.00000
259.00000 14.39000
260.00000 3.13000
261.00000 0.00000
262.00000 22.50000
263.00000 2.09000
264.00000 12.82000
265.00000 2.61000
266.00000 12.82000
267.00000 12.30000
268.00000 11.78000
269.00000 12.30000
270.00000 2.09000
271.00000 11.78000
272.00000 12.30000
273.00000 13.34000
274.00000 11.78000
275.00000 4.17000
276.00000 10.74000
277.00000 11.78000
278.00000 11.78000
279.00000 10.21000
280.00000 4.69000
281.00000 14.39000
282.00000 10.21000
283.00000 13.87000
284.00000 14.39000
285.00000 10.74000
286.00000 3.65000
287.00000 4.69000
288.00000 4.69000
289.00000 10.74000
290.00000 1.56000
291.00000 2.61000
292.00000 1.04000
293.00000 3.13000
294.00000 2.09000
295.00000 4.17000
296.00000 3.65000
297.00000 3.65000
298.00000 28.10000
299.00000 11.26000
