1.00000 4.17000
2.00000 2.61000
3.00000 4.69000
4.00000 11.26000
5.00000 14.39000
6.00000 13.34000
7.00000 12.30000
8.00000 13.34000
9.00000 10.74000
10.00000 12.82000
11.00000 13.34000
12.00000 3.65000
13.00000 11.78000
14.00000 10.21000
15.00000 11.78000
16.00000 3.13000
17.00000 10.74000
18.00000 2.61000
19.00000 13.87000
20.00000 12.82000
21.00000 13.87000
22.00000 12.30000
23.00000 12.82000
24.00000 3.65000
25.00000 14.91000
26.00000 14.39000
27.00000 10.21000
28.00000 10.21000
29.00000 10.21000
30.00000 4.69000
31.00000 10.74000
32.00000 3.65000
33.00000 3.13000
34.00000 10.74000
35.00000 13.34000
36.00000 10.74000
37.00000 13.34000
38.00000 11.26000
39.00000 3.13000
40.00000 20.40000
41.00000 13.34000
42.00000 12.30000
43.00000 2.09000
44.00000 2.61000
45.00000 2.09000
46.00000 2.09000
47.00000 3.13000
48.00000 3.65000
49.00000 3.13000
50.00000 3.65000
51.00000 4.17000
52.00000 10.21000
53.00000 4.69000
54.00000 12.30000
55.00000 12.30000
56.00000 4.69000
57.00000 3.65000
58.00000 4.17000
59.00000 3.65000
60.00000 3.65000
61.00000 2.61000
62.00000 4.17000
63.00000 0.52000
64.00000 4.69000
65.00000 2.61000
66.00000 2.09000
67.00000 2.09000
68.00000 1.56000
69.00000 2.09000
70.00000 2.09000
71.00000 0.52000
72.00000 1.56000
73.00000 0.52000
74.00000 1.04000
75.00000 0.52000
76.00000 1.04000
77.00000 2.09000
78.00000 2.09000
79.00000 2.61000
80.00000 2.61000
81.00000 2.09000
82.00000 0.00000
83.00000 2.09000
84.00000 1.04000
85.00000 1.56000
86.00000 0.52000
87.00000 1.04000
88.00000 1.56000
89.00000 0.52000
90.00000 1.04000
91.00000 1.56000
92.00000 2.09000
93.00000 1.56000
94.00000 1.56000
95.00000 2.61000
96.00000 2.61000
97.00000 2.09000
98.00000 3.65000
99.00000 11.26000
100.00000 2.09000
101.00000 10.21000
102.00000 2.61000
103.00000 1.04000
104.00000 3.13000
105.00000 3.65000
106.00000 1.04000
107.00000 3.13000
108.00000 2.09000
109.00000 3.13000
110.00000 4.69000
111.00000 4.17000
112.00000 3.65000
113.00000 4.69000
114.00000 10.74000
115.00000 11.26000
116.00000 22.50000
117.00000 21.00000
118.00000 22.00000
119.00000 25.10000
120.00000 22.60000
121.00000 23.00000
122.00000 23.10000
123.00000 23.00000
124.00000 22.50000
125.00000 10.74000
126.00000 14.39000
127.00000 20.40000
128.00000 20.40000
129.00000 14.41000
130.00000 24.10000
131.00000 14.91000
132.00000 23.00000
133.00000 23.60000
134.00000 23.00000
135.00000 22.00000
136.00000 20.40000
137.00000 20.40000
138.00000 13.87000
139.00000 13.87000
140.00000 13.87000
141.00000 12.32000
142.00000 20.40000
143.00000 21.00000
144.00000 11.78000
145.00000 14.91000
146.00000 10.74000
147.00000 26.20000
148.00000 26.20000
149.00000 23.10000
150.00000 22.00000
151.00000 38.00000
152.00000 23.50000
153.00000 23.50000
154.00000 21.00000
155.00000 2.09000
156.00000 2.09000
157.00000 11.78000
158.00000 3.13000
159.00000 3.65000
160.00000 4.17000
161.00000 4.69000
162.00000 3.13000
163.00000 1.56000
164.00000 3.65000
165.00000 2.09000
166.00000 11.78000
167.00000 10.74000
168.00000 4.69000
169.00000 11.78000
170.00000 10.74000
171.00000 10.21000
172.00000 4.17000
173.00000 11.78000
174.00000 3.13000
175.00000 4.17000
176.00000 4.69000
177.00000 10.21000
178.00000 10.74000
179.00000 10.21000
180.00000 13.87000
181.00000 11.26000
182.00000 21.50000
183.00000 13.87000
184.00000 14.91000
185.00000 13.34000
186.00000 3.65000
187.00000 12.82000
188.00000 13.34000
189.00000 20.40000
190.00000 22.00000
191.00000 4.69000
192.00000 4.17000
193.00000 4.17000
194.00000 22.50000
195.00000 14.39000
196.00000 4.17000
197.00000 28.30000
198.00000 27.70000
199.00000 26.70000
200.00000 14.91000
201.00000 10.21000
202.00000 23.60000
203.00000 25.10000
204.00000 25.60000
205.00000 25.10000
206.00000 13.87000
207.00000 26.20000
208.00000 20.40000
209.00000 23.00000
210.00000 12.30000
211.00000 25.10000
212.00000 20.40000
213.00000 13.87000
214.00000 14.91000
215.00000 10.74000
216.00000 14.39000
217.00000 13.34000
218.00000 3.13000
219.00000 10.21000
220.00000 1.56000
221.00000 2.61000
222.00000 3.13000
223.00000 1.04000
224.00000 3.65000
225.00000 2.61000
226.00000 3.13000
227.00000 2.09000
228.00000 3.65000
229.00000 4.69000
230.00000 4.69000
231.00000 1.56000
232.00000 4.69000
233.00000 11.26000
234.00000 26.20000
235.00000 24.10000
236.00000 27.20000
237.00000 23.10000
238.00000 20.90000
239.00000 25.60000
240.00000 23.00000
241.00000 22.50000
242.00000 22.50000
243.00000 12.30000
244.00000 10.74000
245.00000 12.30000
246.00000 20.40000
247.00000 14.91000
248.00000 21.50000
249.00000 24.10000
250.00000 22.50000
251.00000 27.70000
252.00000 11.78000
253.00000 22.00000
254.00000 13.34000
255.00000 23.00000
256.00000 26.20000
257.00000 27.20000
258.00000 25.10000
259.00000 25.10000
260.00000 37.90000
261.00000 35.90000
262.00000 26.20000
263.00000 27.70000
264.00000 23.00000
265.00000 22.50000
266.00000 25.10000
267.00000 24.10000
268.00000 27.70000
269.00000 26.70000
270.00000 27.20000
271.00000 27.20000
272.00000 26.20000
273.00000 24.10000
274.00000 36.90000
275.00000 12.82000
276.00000 21.00000
277.00000 36.40000
278.00000 22.50000
279.00000 28.80000
280.00000 23.00000
281.00000 25.10000
282.00000 24.10000
283.00000 24.10000
284.00000 24.10000
285.00000 24.60000
286.00000 23.60000
287.00000 25.60000
288.00000 21.00000
289.00000 21.50000
290.00000 26.70000
291.00000 26.20000
292.00000 26.20000
293.00000 27.70000
294.00000 23.60000
295.00000 21.00000
296.00000 27.70000
297.00000 13.87000
298.00000 26.30000
299.00000 2.36000
