1.00000 21.50000
2.00000 36.00000
3.00000 26.40000
4.00000 27.70000
5.00000 27.70000
6.00000 28.80000
7.00000 27.20000
8.00000 27.70000
9.00000 29.30000
10.00000 35.30000
11.00000 22.00000
12.00000 28.30000
13.00000 23.00000
14.00000 14.91000
15.00000 29.30000
16.00000 23.00000
17.00000 23.00000
18.00000 24.10000
19.00000 23.60000
20.00000 24.10000
21.00000 23.60000
22.00000 23.60000
23.00000 22.50000
24.00000 21.50000
25.00000 23.00000
26.00000 24.60000
27.00000 23.60000
28.00000 24.10000
29.00000 22.50000
30.00000 24.60000
31.00000 24.60000
32.00000 24.60000
33.00000 12.30000
34.00000 24.60000
35.00000 22.50000
36.00000 24.10000
37.00000 23.00000
38.00000 24.60000
39.00000 24.10000
40.00000 25.60000
41.00000 24.60000
42.00000 23.00000
43.00000 25.10000
44.00000 23.00000
45.00000 23.00000
46.00000 22.50000
47.00000 21.50000
48.00000 23.60000
49.00000 23.60000
50.00000 23.60000
51.00000 24.60000
52.00000 21.50000
53.00000 23.00000
54.00000 11.78000
55.00000 24.10000
56.00000 24.60000
57.00000 23.60000
58.00000 23.60000
59.00000 24.10000
60.00000 23.00000
61.00000 24.60000
62.00000 23.60000
63.00000 21.50000
64.00000 21.00000
65.00000 22.00000
66.00000 22.50000
67.00000 21.00000
68.00000 12.82000
69.00000 2.61000
70.00000 41.60000
71.00000 21.00000
72.00000 23.00000
73.00000 24.10000
74.00000 24.60000
75.00000 10.74000
76.00000 23.60000
77.00000 21.50000
78.00000 25.10000
79.00000 24.60000
80.00000 23.00000
81.00000 22.50000
82.00000 25.10000
83.00000 24.10000
84.00000 25.10000
85.00000 23.60000
86.00000 23.60000
87.00000 21.00000
88.00000 22.00000
89.00000 22.00000
90.00000 23.60000
91.00000 24.60000
92.00000 22.50000
93.00000 22.50000
94.00000 24.60000
95.00000 23.60000
96.00000 24.10000
97.00000 11.78000
98.00000 22.00000
99.00000 25.10000
100.00000 21.50000
101.00000 25.10000
102.00000 24.60000
103.00000 24.10000
104.00000 23.60000
105.00000 23.00000
106.00000 22.50000
107.00000 21.50000
108.00000 22.50000
109.00000 21.50000
110.00000 24.10000
111.00000 24.10000
112.00000 24.10000
113.00000 26.20000
114.00000 25.60000
115.00000 25.60000
116.00000 23.00000
117.00000 23.00000
118.00000 11.78000
119.00000 24.10000
120.00000 24.10000
121.00000 23.60000
122.00000 22.50000
123.00000 2.61000
124.00000 41.60000
125.00000 21.50000
126.00000 23.60000
127.00000 24.10000
128.00000 22.50000
129.00000 23.00000
130.00000 22.50000
131.00000 22.00000
132.00000 23.00000
133.00000 23.00000
134.00000 22.00000
135.00000 22.50000
136.00000 23.00000
137.00000 23.00000
138.00000 22.00000
139.00000 12.30000
140.00000 23.00000
141.00000 22.00000
142.00000 22.50000
143.00000 23.00000
144.00000 23.00000
145.00000 22.50000
146.00000 21.50000
147.00000 22.50000
148.00000 23.60000
149.00000 24.60000
150.00000 24.10000
151.00000 24.10000
152.00000 24.60000
153.00000 25.60000
154.00000 25.60000
155.00000 24.10000
156.00000 24.10000
157.00000 24.60000
158.00000 2.62000
159.00000 43.70000
160.00000 23.60000
161.00000 24.10000
162.00000 12.82000
163.00000 24.60000
164.00000 24.10000
165.00000 23.60000
166.00000 24.10000
167.00000 24.10000
168.00000 22.00000
169.00000 21.50000
170.00000 23.00000
171.00000 21.50000
172.00000 21.00000
173.00000 24.10000
174.00000 21.50000
175.00000 24.10000
176.00000 25.60000
177.00000 3.65000
178.00000 40.60000
179.00000 22.00000
180.00000 22.50000
181.00000 23.60000
182.00000 22.50000
183.00000 11.26000
184.00000 24.10000
185.00000 24.60000
186.00000 23.00000
187.00000 23.60000
188.00000 23.00000
189.00000 21.50000
190.00000 22.50000
191.00000 22.50000
192.00000 23.60000
193.00000 21.00000
194.00000 23.00000
195.00000 21.50000
196.00000 22.00000
197.00000 21.00000
198.00000 21.00000
199.00000 21.50000
200.00000 20.40000
201.00000 22.50000
202.00000 21.00000
203.00000 23.60000
204.00000 22.50000
205.00000 10.74000
206.00000 23.00000
207.00000 23.00000
208.00000 24.60000
209.00000 23.00000
210.00000 24.60000
211.00000 23.60000
212.00000 22.50000
213.00000 22.50000
214.00000 21.00000
215.00000 22.50000
216.00000 22.00000
217.00000 24.10000
218.00000 23.60000
219.00000 24.60000
220.00000 24.60000
221.00000 25.10000
222.00000 23.00000
223.00000 25.60000
224.00000 22.00000
225.00000 23.60000
226.00000 13.34000
227.00000 24.60000
228.00000 23.60000
229.00000 23.60000
230.00000 24.10000
231.00000 23.60000
232.00000 23.00000
233.00000 10.74000
234.00000 41.10000
235.00000 25.60000
236.00000 22.50000
237.00000 21.50000
238.00000 22.50000
239.00000 24.10000
240.00000 22.50000
241.00000 23.00000
242.00000 24.10000
243.00000 25.60000
244.00000 25.60000
245.00000 25.60000
246.00000 22.50000
247.00000 11.26000
248.00000 22.00000
249.00000 24.10000
250.00000 23.60000
251.00000 24.60000
252.00000 22.50000
253.00000 24.60000
254.00000 23.60000
255.00000 25.10000
256.00000 23.60000
257.00000 21.50000
258.00000 23.00000
259.00000 23.00000
260.00000 22.50000
261.00000 23.00000
262.00000 22.00000
263.00000 21.00000
264.00000 21.50000
265.00000 1.56000
266.00000 0.00000
267.00000 0.00000
268.00000 0.00000
269.00000 0.00000
270.00000 0.00000
271.00000 0.00000
272.00000 0.00000
273.00000 0.00000
274.00000 0.00000
275.00000 0.00000
276.00000 0.00000
277.00000 0.00000
278.00000 0.00000
279.00000 0.00000
280.00000 0.00000
281.00000 0.00000
282.00000 0.00000
283.00000 0.00000
284.00000 0.00000
285.00000 0.00000
286.00000 0.00000
287.00000 0.00000
288.00000 0.00000
289.00000 0.00000
290.00000 40.90000
291.00000 21.50000
