1.00000 12.82000
2.00000 14.44000
3.00000 21.50000
4.00000 23.50000
5.00000 23.60000
6.00000 24.60000
7.00000 25.10000
8.00000 25.10000
9.00000 26.70000
10.00000 35.90000
11.00000 35.90000
12.00000 27.20000
13.00000 14.39000
14.00000 13.87000
15.00000 20.40000
16.00000 14.39000
17.00000 21.00000
18.00000 11.26000
19.00000 12.30000
20.00000 12.30000
21.00000 10.74000
22.00000 11.78000
23.00000 11.26000
24.00000 12.30000
25.00000 2.61000
26.00000 11.26000
27.00000 11.78000
28.00000 13.34000
29.00000 12.30000
30.00000 11.26000
31.00000 11.78000
32.00000 12.30000
33.00000 13.87000
34.00000 12.82000
35.00000 12.30000
36.00000 10.21000
37.00000 11.78000
38.00000 11.26000
39.00000 12.30000
40.00000 11.26000
41.00000 10.74000
42.00000 10.74000
43.00000 1.04000
44.00000 0.52000
45.00000 1.56000
46.00000 27.70000
47.00000 23.60000
48.00000 23.00000
49.00000 21.50000
50.00000 23.00000
51.00000 21.50000
52.00000 23.60000
53.00000 21.50000
54.00000 14.39000
55.00000 13.87000
56.00000 22.50000
57.00000 11.78000
58.00000 11.26000
59.00000 11.78000
60.00000 21.00000
61.00000 14.91000
62.00000 13.87000
63.00000 21.00000
64.00000 23.60000
65.00000 23.60000
66.00000 24.10000
67.00000 11.78000
68.00000 24.60000
69.00000 23.60000
70.00000 22.00000
71.00000 11.26000
72.00000 1.04000
73.00000 35.30000
74.00000 11.78000
75.00000 11.78000
76.00000 11.26000
77.00000 11.78000
78.00000 24.10000
79.00000 22.00000
80.00000 24.10000
81.00000 22.50000
82.00000 22.50000
83.00000 21.50000
84.00000 13.87000
85.00000 13.87000
86.00000 12.30000
87.00000 13.34000
88.00000 3.65000
89.00000 12.30000
90.00000 11.78000
91.00000 11.78000
92.00000 21.00000
93.00000 24.10000
94.00000 22.50000
95.00000 24.60000
96.00000 23.00000
97.00000 23.00000
98.00000 23.00000
99.00000 22.50000
100.00000 22.50000
101.00000 22.00000
102.00000 21.00000
103.00000 21.00000
104.00000 21.00000
105.00000 21.50000
106.00000 20.40000
107.00000 21.50000
108.00000 22.00000
109.00000 22.50000
110.00000 11.26000
111.00000 20.40000
112.00000 21.50000
113.00000 21.00000
114.00000 21.50000
115.00000 21.00000
116.00000 21.00000
117.00000 22.00000
118.00000 21.50000
119.00000 20.40000
120.00000 13.34000
121.00000 14.39000
122.00000 14.39000
123.00000 13.87000
124.00000 20.40000
125.00000 21.00000
126.00000 21.50000
127.00000 21.50000
128.00000 23.00000
129.00000 22.00000
130.00000 20.40000
131.00000 10.21000
132.00000 21.00000
133.00000 21.00000
134.00000 20.40000
135.00000 22.00000
136.00000 13.34000
137.00000 13.87000
138.00000 13.87000
139.00000 22.50000
140.00000 1.04000
141.00000 40.60000
142.00000 14.91000
143.00000 14.91000
144.00000 23.00000
145.00000 24.10000
146.00000 23.00000
147.00000 22.00000
148.00000 21.50000
149.00000 21.00000
150.00000 20.40000
151.00000 10.21000
152.00000 21.00000
153.00000 14.91000
154.00000 20.40000
155.00000 21.00000
156.00000 22.00000
157.00000 23.00000
158.00000 22.00000
159.00000 21.50000
160.00000 22.00000
161.00000 23.00000
162.00000 22.00000
163.00000 23.00000
164.00000 21.50000
165.00000 21.00000
166.00000 22.00000
167.00000 22.00000
168.00000 22.50000
169.00000 22.00000
170.00000 24.60000
171.00000 23.00000
172.00000 21.00000
173.00000 11.26000
174.00000 22.00000
175.00000 22.50000
176.00000 22.50000
177.00000 14.91000
178.00000 21.00000
179.00000 22.50000
180.00000 21.00000
181.00000 21.50000
182.00000 21.50000
183.00000 21.00000
184.00000 21.50000
185.00000 14.91000
186.00000 20.40000
187.00000 21.00000
188.00000 22.00000
189.00000 21.50000
190.00000 21.50000
191.00000 22.50000
192.00000 21.50000
193.00000 21.00000
194.00000 4.69000
195.00000 21.00000
196.00000 20.40000
197.00000 22.00000
198.00000 14.39000
199.00000 20.40000
200.00000 20.40000
201.00000 21.50000
202.00000 20.40000
203.00000 1.04000
204.00000 35.30000
205.00000 20.40000
206.00000 20.40000
207.00000 20.40000
208.00000 14.91000
209.00000 14.91000
210.00000 20.40000
211.00000 21.00000
212.00000 22.00000
213.00000 24.10000
214.00000 23.00000
215.00000 11.78000
216.00000 24.10000
217.00000 23.60000
218.00000 23.00000
219.00000 21.50000
220.00000 21.50000
221.00000 23.00000
222.00000 23.00000
223.00000 23.00000
224.00000 23.60000
225.00000 23.00000
226.00000 22.50000
227.00000 22.50000
228.00000 22.00000
229.00000 21.50000
230.00000 23.00000
231.00000 23.00000
232.00000 23.00000
233.00000 23.60000
234.00000 22.50000
235.00000 23.00000
236.00000 23.00000
237.00000 11.26000
238.00000 23.00000
239.00000 21.00000
240.00000 22.50000
241.00000 22.50000
242.00000 22.50000
243.00000 22.00000
244.00000 23.00000
245.00000 24.10000
246.00000 23.00000
247.00000 23.00000
248.00000 23.60000
249.00000 23.60000
250.00000 24.10000
251.00000 23.60000
252.00000 23.00000
253.00000 25.10000
254.00000 23.60000
255.00000 24.10000
256.00000 23.60000
257.00000 23.60000
258.00000 12.30000
259.00000 23.60000
260.00000 22.00000
261.00000 2.61000
262.00000 41.60000
263.00000 24.10000
264.00000 23.60000
265.00000 23.60000
266.00000 23.00000
267.00000 22.50000
268.00000 22.50000
269.00000 23.00000
270.00000 23.00000
271.00000 22.50000
272.00000 23.00000
273.00000 22.00000
274.00000 22.00000
275.00000 23.00000
276.00000 23.60000
277.00000 23.00000
278.00000 22.00000
279.00000 10.74000
280.00000 23.60000
281.00000 21.50000
282.00000 22.50000
283.00000 22.00000
284.00000 21.50000
285.00000 21.50000
286.00000 20.40000
287.00000 22.00000
288.00000 22.00000
289.00000 22.50000
290.00000 22.00000
291.00000 22.00000
292.00000 22.00000
293.00000 23.00000
294.00000 22.00000
295.00000 22.50000
296.00000 22.50000
297.00000 21.50000
298.00000 28.60000
299.00000 21.50000
