1.00000 0.00000
2.00000 0.00000
3.00000 0.00000
4.00000 0.25000
5.00000 0.00000
6.00000 0.00000
7.00000 0.00000
8.00000 0.00000
9.00000 0.25000
10.00000 0.00000
11.00000 0.00000
12.00000 0.00000
13.00000 0.00000
14.00000 0.00000
15.00000 0.25000
16.00000 0.00000
17.00000 0.00000
18.00000 0.00000
19.00000 0.00000
20.00000 0.00000
21.00000 0.00000
22.00000 0.25000
23.00000 0.00000
24.00000 0.00000
25.00000 0.00000
26.00000 0.00000
27.00000 0.00000
28.00000 0.00000
29.00000 0.00000
30.00000 0.25000
31.00000 0.00000
32.00000 0.00000
33.00000 0.00000
34.00000 0.00000
35.00000 0.00000
36.00000 0.00000
37.00000 0.00000
38.00000 0.00000
39.00000 0.25000
40.00000 0.00000
41.00000 0.00000
42.00000 0.00000
43.00000 0.00000
44.00000 0.00000
45.00000 0.00000
46.00000 0.00000
47.00000 0.00000
48.00000 0.25000
49.00000 0.00000
50.00000 0.25000
51.00000 0.25000
52.00000 0.00000
53.00000 0.25000
54.00000 0.25000
55.00000 0.00000
56.00000 0.00000
57.00000 0.00000
58.00000 0.00000
59.00000 0.25000
60.00000 0.00000
61.00000 0.00000
62.00000 0.00000
63.00000 0.00000
64.00000 0.00000
65.00000 0.00000
66.00000 0.00000
67.00000 0.00000
68.00000 0.00000
69.00000 0.00000
70.00000 0.00000
71.00000 0.00000
72.00000 0.00000
73.00000 0.00000
74.00000 0.00000
75.00000 0.00000
76.00000 0.00000
77.00000 0.00000
78.00000 0.00000
79.00000 0.00000
80.00000 0.00000
81.00000 0.00000
82.00000 0.25000
83.00000 0.05000
84.00000 0.08000
85.00000 0.38000
86.00000 0.00000
87.00000 0.00000
88.00000 0.00000
89.00000 0.38000
90.00000 0.00000
91.00000 0.38000
92.00000 0.00000
93.00000 0.00000
94.00000 0.38000
95.00000 0.00000
96.00000 0.00000
97.00000 0.38000
98.00000 0.00000
99.00000 0.00000
100.00000 0.00000
101.00000 0.00000
102.00000 0.38000
103.00000 0.00000
104.00000 0.00000
105.00000 0.38000
106.00000 0.00000
107.00000 0.38000
108.00000 0.38000
109.00000 0.66000
110.00000 0.00000
111.00000 0.52000
112.00000 0.52000
113.00000 0.00000
114.00000 0.52000
115.00000 0.00000
116.00000 0.00000
117.00000 0.00000
118.00000 0.00000
119.00000 0.52000
120.00000 0.52000
121.00000 0.52000
122.00000 0.00000
123.00000 0.00000
124.00000 0.52000
125.00000 0.00000
126.00000 0.00000
127.00000 0.52000
128.00000 0.00000
129.00000 0.52000
130.00000 0.00000
131.00000 0.00000
132.00000 0.00000
133.00000 0.52000
134.00000 0.00000
135.00000 0.52000
136.00000 0.52000
137.00000 0.00000
138.00000 0.00000
139.00000 0.52000
140.00000 0.52000
141.00000 0.52000
142.00000 0.52000
143.00000 0.52000
144.00000 0.52000
145.00000 1.04000
146.00000 0.52000
147.00000 0.52000
148.00000 1.04000
149.00000 0.52000
150.00000 0.52000
151.00000 0.52000
152.00000 0.52000
153.00000 0.00000
154.00000 0.52000
155.00000 0.52000
156.00000 0.00000
157.00000 0.52000
158.00000 0.00000
159.00000 0.00000
160.00000 0.52000
161.00000 1.04000
162.00000 1.56000
163.00000 3.13000
164.00000 2.61000
165.00000 1.56000
166.00000 1.56000
167.00000 2.09000
168.00000 3.13000
169.00000 3.13000
170.00000 2.61000
171.00000 2.09000
172.00000 3.65000
173.00000 3.65000
174.00000 3.65000
175.00000 4.69000
176.00000 4.17000
177.00000 4.69000
178.00000 4.69000
179.00000 2.09000
180.00000 2.61000
181.00000 10.74000
182.00000 2.61000
183.00000 4.69000
184.00000 2.61000
185.00000 3.65000
186.00000 4.17000
187.00000 3.65000
188.00000 3.65000
189.00000 3.13000
190.00000 4.17000
191.00000 3.13000
192.00000 1.56000
193.00000 4.69000
194.00000 3.13000
195.00000 4.17000
196.00000 4.17000
197.00000 3.65000
198.00000 10.21000
199.00000 10.74000
200.00000 3.66000
201.00000 4.17000
202.00000 3.13000
203.00000 2.61000
204.00000 4.69000
205.00000 3.13000
206.00000 3.65000
207.00000 3.13000
208.00000 1.04000
209.00000 3.13000
210.00000 2.61000
211.00000 2.61000
212.00000 2.09000
213.00000 1.56000
214.00000 1.56000
215.00000 1.56000
216.00000 1.04000
217.00000 1.04000
218.00000 1.56000
219.00000 1.04000
220.00000 1.04000
221.00000 1.04000
222.00000 0.52000
223.00000 0.52000
224.00000 0.52000
225.00000 1.56000
226.00000 1.04000
227.00000 1.04000
228.00000 1.04000
229.00000 1.56000
230.00000 1.56000
231.00000 1.56000
232.00000 1.04000
233.00000 4.17000
234.00000 3.65000
235.00000 3.65000
236.00000 3.65000
237.00000 4.69000
238.00000 4.69000
239.00000 2.09000
240.00000 10.74000
241.00000 10.74000
242.00000 10.74000
243.00000 11.26000
244.00000 12.82000
245.00000 21.00000
246.00000 4.69000
247.00000 13.34000
248.00000 11.26000
249.00000 12.30000
250.00000 11.78000
251.00000 12.30000
252.00000 12.30000
253.00000 10.74000
254.00000 4.69000
255.00000 10.74000
256.00000 4.17000
257.00000 3.65000
258.00000 2.09000
259.00000 4.17000
260.00000 2.09000
261.00000 3.13000
262.00000 3.65000
263.00000 4.17000
264.00000 2.09000
265.00000 3.13000
266.00000 1.56000
267.00000 1.56000
268.00000 1.56000
269.00000 1.56000
270.00000 2.09000
271.00000 2.09000
272.00000 2.09000
273.00000 2.09000
274.00000 2.61000
275.00000 2.61000
276.00000 2.09000
277.00000 2.09000
278.00000 1.56000
279.00000 2.09000
280.00000 1.04000
281.00000 1.56000
282.00000 0.52000
283.00000 0.52000
284.00000 0.52000
285.00000 1.04000
286.00000 1.04000
287.00000 2.09000
288.00000 1.04000
289.00000 2.09000
290.00000 2.09000
291.00000 1.04000
292.00000 1.04000
293.00000 1.56000
294.00000 1.04000
295.00000 0.00000
296.00000 1.56000
297.00000 1.04000
298.00000 43.90000
299.00000 38.10000
