0.000 1.350334
1.000 1.350334
2.000 1.350334
3.000 1.350334
4.000 1.350334
5.000 1.350334
6.000 1.350334
7.000 1.350334
8.000 3.563025
9.000 5.391731
10.000 5.549065
11.000 4.513428
12.000 4.513428
13.000 5.515178
14.000 5.679910
15.000 5.710190
16.000 4.937859
17.000 5.606186
18.000 4.632301
19.000 5.446899
20.000 2.374260
21.000 2.374260
22.000 2.374260
23.000 2.374260
24.000 2.374260
25.000 2.374260
26.000 3.713494
27.000 3.555939
28.000 3.555939
29.000 3.555939
30.000 3.555939
31.000 3.319931
32.000 3.319931
33.000 4.181786
34.000 5.447395
35.000 5.447395
36.000 5.440956
37.000 5.435654
38.000 5.435654
39.000 5.373947
40.000 5.373947
41.000 5.372205
42.000 3.946754
43.000 3.946754
44.000 4.414886
45.000 4.414886
46.000 4.898018
47.000 4.898018
48.000 4.898018
49.000 5.233983
50.000 5.504005
51.000 4.930901
52.000 4.930901
53.000 3.596069
54.000 4.941422
55.000 4.941422
56.000 3.718987
57.000 3.718987
58.000 4.923608
59.000 5.405449
60.000 5.405449
61.000 5.167442
62.000 5.167442
63.000 5.518066
64.000 5.518066
65.000 5.491959
66.000 5.491959
67.000 5.491959
68.000 4.948006
69.000 4.948006
70.000 5.392036
71.000 5.392036
72.000 4.892746
73.000 4.892746
74.000 4.892746
75.000 5.170647
76.000 5.170647
77.000 5.170647
78.000 5.170647
79.000 5.323780
80.000 5.474388
81.000 5.474388
82.000 5.474388
83.000 5.474388
84.000 5.466006
85.000 4.632574
86.000 3.799141
87.000 3.496529
88.000 3.496529
89.000 4.783187
90.000 5.536880
91.000 4.712341
92.000 5.082085
93.000 4.574875
94.000 4.828476
95.000 3.785820
96.000 3.785820
97.000 4.119027
98.000 5.467155
99.000 5.467155
100.000 5.217606
101.000 5.217606
102.000 5.245997
103.000 5.358376
104.000 5.388502
105.000 5.498825
106.000 5.266064
107.000 4.831223
108.000 4.507816
109.000 4.215378
110.000 4.387207
111.000 4.784904
112.000 4.143602
113.000 3.376480
114.000 3.376480
115.000 4.625793
116.000 4.625793
117.000 5.230462
118.000 5.517952
119.000 6.023743
120.000 6.023743
121.000 4.432838
122.000 4.432838
123.000 4.432838
124.000 5.009831
125.000 5.362549
126.000 4.950732
127.000 4.550209
128.000 4.609598
129.000 4.655907
130.000 4.997251
131.000 5.495270
132.000 5.554796
133.000 5.672234
134.000 5.436327
135.000 5.318962
136.000 5.342850
137.000 5.380852
138.000 5.280546
139.000 4.857417
140.000 4.740105
141.000 4.715210
142.000 4.698608
143.000 2.433220
144.000 2.433220
145.000 3.685917
146.000 5.519531
147.000 5.162692
148.000 4.535530
149.000 4.226159
150.000 3.912254
151.000 4.284365
152.000 5.588913
153.000 5.588913
154.000 5.471955
155.000 5.460999
156.000 3.962662
157.000 3.962662
158.000 5.310706
159.000 5.606712
160.000 4.623795
161.000 4.623795
162.000 5.290892
163.000 5.559982
164.000 5.471153
165.000 5.471153
166.000 5.098515
167.000 4.859909
168.000 3.591888
169.000 3.591888
170.000 4.367385
171.000 5.342102
172.000 5.382324
173.000 5.519356
174.000 5.286497
175.000 4.304212
176.000 4.186600
177.000 3.884134
178.000 3.656639
179.000 4.381206
180.000 5.476807
181.000 5.449739
182.000 5.407761
183.000 4.999980
184.000 3.920105
185.000 3.920105
186.000 5.150665
187.000 5.449722
188.000 5.154151
189.000 5.056915
190.000 4.919217
191.000 4.657928
192.000 4.657928
193.000 3.387924
194.000 3.387924
195.000 5.475258
196.000 5.475258
197.000 5.124214
198.000 5.124214
199.000 3.146584
200.000 3.146584
201.000 3.641930
202.000 3.641930
203.000 4.441795
204.000 4.792183
205.000 4.679131
206.000 4.310905
207.000 4.310905
208.000 4.228842
209.000 4.201393
210.000 4.573344
211.000 5.220604
212.000 5.085864
213.000 4.522236
214.000 4.398903
215.000 5.291992
216.000 5.374886
217.000 4.444792
218.000 4.187561
219.000 4.495457
220.000 5.554375
221.000 5.554375
222.000 5.229170
223.000 5.187042
224.000 2.096931
225.000 2.096931
226.000 3.876770
227.000 5.471283
228.000 2.932922
229.000 2.932922
230.000 4.366486
231.000 4.366486
232.000 4.527649
233.000 5.038185
234.000 5.038185
235.000 5.550720
236.000 5.550720
237.000 4.613762
238.000 4.613762
239.000 5.327354
240.000 5.327354
241.000 5.198880
242.000 4.197708
243.000 4.197708
244.000 5.539207
245.000 5.539207
246.000 5.418633
247.000 5.418633
248.000 5.543547
249.000 5.550819
250.000 5.694270
251.000 5.790207
252.000 4.402023
253.000 4.402023
254.000 4.660011
255.000 5.205185
256.000 5.205185
257.000 1.826370
258.000 1.826370
259.000 1.826370
260.000 1.826370
261.000 1.826370
262.000 3.846497
263.000 3.846497
264.000 3.846497
265.000 4.966942
266.000 4.966942
267.000 4.700726
268.000 4.597672
269.000 4.290558
270.000 4.290558
271.000 4.712019
272.000 5.291389
273.000 5.291389
274.000 5.271698
275.000 5.271698
276.000 5.477384
277.000 5.494331
278.000 4.788376
279.000 4.788376
280.000 4.788376
281.000 5.280205
282.000 5.280205
283.000 5.446254
284.000 5.665054
285.000 5.391347
286.000 4.719376
287.000 4.719376
288.000 5.113022
289.000 5.113022
290.000 5.391869
291.000 5.391869
292.000 5.070412
293.000 5.070412
294.000 4.533777
295.000 4.426521
296.000 4.804186
297.000 5.540413
298.000 5.540413
299.000 5.602570
300.000 5.602570
301.000 4.589050
302.000 4.589050
303.000 4.152008
304.000 4.152008
305.000 4.725064
306.000 5.436264
307.000 1.419128
308.000 1.419128
309.000 1.419242
310.000 3.375869
311.000 4.696472
312.000 5.172539
313.000 5.467430
314.000 5.460839
315.000 5.456429
316.000 3.676559
317.000 3.676559
318.000 4.952288
319.000 5.208397
320.000 5.200481
321.000 5.171669
322.000 5.171669
323.000 5.473763
324.000 5.473763
325.000 5.540623
326.000 5.549339
327.000 3.050888
328.000 3.050888
329.000 4.012093
330.000 4.012093
331.000 4.502182
332.000 4.790565
333.000 3.606293
334.000 3.606293
335.000 4.209139
336.000 5.494431
337.000 5.495865
338.000 5.500893
339.000 5.500893
340.000 4.500061
341.000 4.500061
342.000 4.810112
343.000 4.838409
344.000 5.020827
345.000 5.186577
346.000 4.251940
347.000 4.160446
348.000 4.447308
349.000 5.296570
350.000 5.228884
351.000 4.982071
352.000 4.982071
353.000 3.398964
354.000 3.398964
355.000 5.402313
356.000 5.402313
357.000 4.863480
358.000 4.863480
359.000 5.453018
