0.000 0.204094
1.000 0.204094
2.000 0.204094
3.000 0.204094
4.000 0.204094
5.000 0.204094
6.000 4.918274
7.000 4.656815
8.000 3.112297
9.000 5.385277
10.000 4.221741
11.000 5.074066
12.000 5.074066
13.000 3.965866
14.000 3.965866
15.000 5.239605
16.000 5.319534
17.000 2.670273
18.000 2.670273
19.000 5.123955
20.000 5.511673
21.000 5.379914
22.000 5.098160
23.000 4.890040
24.000 5.477455
25.000 5.439442
26.000 5.392730
27.000 5.288983
28.000 4.456329
29.000 4.456329
30.000 4.633541
31.000 4.787781
32.000 4.835241
33.000 4.924658
34.000 4.956169
35.000 3.196457
36.000 3.196457
37.000 3.535023
38.000 4.780808
39.000 5.077156
40.000 4.932219
41.000 4.717392
42.000 5.606142
43.000 6.074745
44.000 5.461695
45.000 5.292778
46.000 5.465767
47.000 5.465767
48.000 5.371810
49.000 5.353729
50.000 5.241270
51.000 4.854508
52.000 4.742523
53.000 5.004546
54.000 5.248131
55.000 5.290134
56.000 5.366955
57.000 5.424706
58.000 5.161168
59.000 4.832062
60.000 4.767746
61.000 4.767746
62.000 5.117257
63.000 5.540511
64.000 5.007248
65.000 4.264183
66.000 4.618264
67.000 5.259983
68.000 5.846786
69.000 5.755334
70.000 5.479050
71.000 5.440073
72.000 5.389343
73.000 4.594704
74.000 2.717110
75.000 3.050257
76.000 4.324173
77.000 2.787628
78.000 2.787628
79.000 3.496513
80.000 4.301231
81.000 4.535272
82.000 5.485458
83.000 5.474145
84.000 5.396759
85.000 5.382298
86.000 5.310020
87.000 5.310020
88.000 3.594124
89.000 3.594124
90.000 4.171111
91.000 5.078873
92.000 5.078873
93.000 5.443741
94.000 5.443741
95.000 1.469315
96.000 1.469315
97.000 1.768106
98.000 5.428673
99.000 5.425401
100.000 5.360947
101.000 5.296493
102.000 5.274101
103.000 5.255667
104.000 5.233043
105.000 5.210418
106.000 3.880361
107.000 1.410577
108.000 0.731636
109.000 0.731636
110.000 0.731636
111.000 0.731636
112.000 0.731636
113.000 0.731636
114.000 3.689631
115.000 3.663620
116.000 2.647987
117.000 2.647987
118.000 3.688163
119.000 4.821129
120.000 4.863990
121.000 5.266899
122.000 5.266899
123.000 5.526062
124.000 5.526062
125.000 5.109606
126.000 5.060196
127.000 2.232048
128.000 2.232048
129.000 4.504272
130.000 4.504272
131.000 4.504272
132.000 4.504272
133.000 5.492561
134.000 5.492561
135.000 5.492561
136.000 5.492561
137.000 5.492561
138.000 5.498748
139.000 5.594273
140.000 5.689797
141.000 5.785322
142.000 5.789757
143.000 5.789757
144.000 5.789757
145.000 5.495605
146.000 5.495605
147.000 5.495605
148.000 5.392403
149.000 5.392403
150.000 5.392403
151.000 5.392403
152.000 5.392403
153.000 5.392403
154.000 5.403582
155.000 5.420125
156.000 5.436669
157.000 5.453212
158.000 5.469755
159.000 5.486298
160.000 5.114769
161.000 5.114769
162.000 5.114769
163.000 5.114769
164.000 5.523477
165.000 5.395826
166.000 5.268175
167.000 5.227188
168.000 4.276861
169.000 4.366371
170.000 4.366371
171.000 4.432569
172.000 5.262427
173.000 5.615654
174.000 5.615654
175.000 5.388504
176.000 5.388504
177.000 5.388504
178.000 5.194954
179.000 5.194954
180.000 5.398407
181.000 3.845642
182.000 3.845642
183.000 2.460510
184.000 2.460510
185.000 2.460510
186.000 5.087509
187.000 5.087509
188.000 5.404541
189.000 5.404541
190.000 5.405795
191.000 5.415922
192.000 5.421944
193.000 5.352041
194.000 5.282138
195.000 5.248578
196.000 5.363392
197.000 5.466095
198.000 5.519882
199.000 5.612656
200.000 4.488098
201.000 2.515507
202.000 2.090941
203.000 2.395050
204.000 2.510382
205.000 4.280014
206.000 4.280014
207.000 5.149841
208.000 5.149841
209.000 4.961372
210.000 4.873100
211.000 3.370590
212.000 3.370590
213.000 3.524022
214.000 5.471878
215.000 5.420810
216.000 4.365570
217.000 4.476136
218.000 5.856422
219.000 5.643597
220.000 3.897446
221.000 3.905796
222.000 4.016541
223.000 4.063163
224.000 4.782983
225.000 4.804330
226.000 5.063265
227.000 5.278297
228.000 5.352281
229.000 5.492729
230.000 5.526093
231.000 5.510285
232.000 5.581587
233.000 5.811518
234.000 4.036761
235.000 0.512154
236.000 0.512154
237.000 0.512154
238.000 3.106626
239.000 3.836243
240.000 4.367816
241.000 5.617790
242.000 5.557282
243.000 5.347534
244.000 5.484039
245.000 5.484039
246.000 5.294579
247.000 5.294579
248.000 5.266238
249.000 5.209442
250.000 5.209442
251.000 5.209442
252.000 5.630547
253.000 5.630547
254.000 5.630547
255.000 5.515221
256.000 5.515221
257.000 5.515221
258.000 5.289505
259.000 5.289505
260.000 5.289505
261.000 5.174179
262.000 4.961578
263.000 4.961578
264.000 4.963667
265.000 4.975212
266.000 4.975212
267.000 5.057144
268.000 3.814445
269.000 3.814445
270.000 5.190994
271.000 5.190994
272.000 4.263443
273.000 4.263443
274.000 5.503312
275.000 5.536789
276.000 5.536789
277.000 5.438344
278.000 4.856728
279.000 4.856728
280.000 4.861226
281.000 5.002818
282.000 5.113503
283.000 5.645836
284.000 5.645836
285.000 4.657104
286.000 4.657104
287.000 4.657104
288.000 4.657104
289.000 4.657104
290.000 4.657104
291.000 4.657104
292.000 4.657104
293.000 4.657104
294.000 4.657104
295.000 3.542389
296.000 3.542389
297.000 3.542389
298.000 3.542389
299.000 3.542389
300.000 3.542389
301.000 3.542389
302.000 3.542389
303.000 3.542389
304.000 4.078460
305.000 4.684348
306.000 5.201752
307.000 5.201752
308.000 5.201752
309.000 5.201752
310.000 3.750567
311.000 1.995321
312.000 1.161850
313.000 1.161850
314.000 1.161850
315.000 1.161850
316.000 1.161850
317.000 1.161850
318.000 1.161850
319.000 1.161850
320.000 5.067856
321.000 5.016319
322.000 5.016319
323.000 5.016319
324.000 5.371597
325.000 5.371597
326.000 5.371597
327.000 5.525742
328.000 5.525742
329.000 5.302039
330.000 4.455299
331.000 4.455299
332.000 4.638940
333.000 4.934181
334.000 5.123469
335.000 5.742493
336.000 5.675842
337.000 5.552591
338.000 3.966421
339.000 2.371513
340.000 3.372355
341.000 5.192828
342.000 5.424347
343.000 5.373083
344.000 5.321820
345.000 5.270556
346.000 5.318614
347.000 5.499136
348.000 5.486419
349.000 5.351712
350.000 5.217005
351.000 5.082298
352.000 4.997116
353.000 4.705464
354.000 4.334768
355.000 4.264100
356.000 4.964654
357.000 5.137983
358.000 2.823410
359.000 2.915743
