0.000 0.298584
1.000 0.298584
2.000 0.298584
3.000 0.298584
4.000 0.298584
5.000 0.298584
6.000 0.298584
7.000 0.298584
8.000 0.298584
9.000 1.897293
10.000 1.897293
11.000 4.641286
12.000 4.663086
13.000 4.638161
14.000 4.282906
15.000 4.647308
16.000 4.647308
17.000 4.644218
18.000 4.005585
19.000 4.205782
20.000 4.614410
21.000 4.496567
22.000 4.508103
23.000 4.503555
24.000 4.414047
25.000 4.291969
26.000 4.096771
27.000 4.620705
28.000 4.678144
29.000 4.684814
30.000 4.406960
31.000 4.260735
32.000 4.260735
33.000 4.657074
34.000 4.657074
35.000 4.587607
36.000 4.369438
37.000 4.369438
38.000 4.261289
39.000 4.011795
40.000 4.011795
41.000 4.048828
42.000 4.660522
43.000 4.660522
44.000 4.528854
45.000 4.528854
46.000 4.367905
47.000 4.367905
48.000 4.544296
49.000 4.667542
50.000 4.667542
51.000 4.667542
52.000 4.577651
53.000 4.718216
54.000 4.717475
55.000 4.711365
56.000 4.464592
57.000 4.464592
58.000 3.850174
59.000 3.850174
60.000 4.534874
61.000 4.674942
62.000 4.649902
63.000 4.649902
64.000 4.593452
65.000 4.735931
66.000 4.735931
67.000 4.294197
68.000 4.294197
69.000 4.323101
70.000 4.578252
71.000 4.642456
72.000 4.642456
73.000 4.682953
74.000 4.682953
75.000 4.660866
76.000 4.660866
77.000 4.660866
78.000 4.679291
79.000 4.679291
80.000 4.330268
81.000 4.055176
82.000 4.055176
83.000 4.621101
84.000 4.323215
85.000 3.952209
86.000 4.629601
87.000 4.629601
88.000 4.765244
89.000 4.709787
90.000 4.626305
91.000 4.626305
92.000 4.706268
93.000 4.706268
94.000 4.272095
95.000 4.272095
96.000 4.587112
97.000 4.587112
98.000 3.982994
99.000 3.982994
100.000 3.982994
101.000 4.282141
102.000 4.573891
103.000 4.573891
104.000 4.697990
105.000 4.292656
106.000 4.292656
107.000 4.584488
108.000 4.215790
109.000 4.215790
110.000 4.507126
111.000 4.432143
112.000 4.136551
113.000 4.637337
114.000 4.637337
115.000 4.705222
116.000 4.711472
117.000 4.411964
118.000 4.411964
119.000 3.749138
120.000 3.749138
121.000 4.235977
122.000 4.235977
123.000 4.308399
124.000 4.629753
125.000 4.629753
126.000 4.404070
127.000 4.158920
128.000 4.158920
129.000 4.440979
130.000 4.427115
131.000 4.334900
132.000 4.352708
133.000 4.712799
134.000 4.682167
135.000 4.682167
136.000 4.194138
137.000 4.607407
138.000 4.607407
139.000 4.388390
140.000 4.747337
141.000 4.747337
142.000 4.743049
143.000 4.740791
144.000 4.740791
145.000 4.772385
146.000 4.772385
147.000 4.642654
148.000 4.642654
149.000 4.642654
150.000 4.144264
151.000 4.144264
152.000 4.144264
153.000 4.276577
154.000 4.613868
155.000 4.630592
156.000 4.641056
157.000 4.702354
158.000 4.139282
159.000 3.713318
160.000 4.473412
161.000 4.473412
162.000 4.556700
163.000 4.603668
164.000 4.603668
165.000 4.312378
166.000 4.312378
167.000 4.460228
168.000 4.149574
169.000 4.149574
170.000 4.418114
171.000 3.756699
172.000 3.939264
173.000 4.673828
174.000 4.673828
175.000 4.522827
176.000 4.522827
177.000 4.527182
178.000 4.646645
179.000 3.999725
180.000 3.999725
181.000 4.614532
182.000 4.513831
183.000 4.420242
184.000 4.660530
185.000 4.090553
186.000 4.090553
187.000 4.138140
188.000 4.147324
189.000 4.646751
190.000 4.319962
191.000 4.392624
192.000 4.460030
193.000 4.734047
194.000 4.734047
195.000 4.674675
196.000 4.481949
197.000 4.481949
198.000 4.619599
199.000 4.612262
200.000 4.630958
201.000 4.186333
202.000 4.595245
203.000 4.716759
204.000 4.673164
205.000 4.730801
206.000 4.736343
207.000 4.696381
208.000 4.703743
209.000 4.488154
210.000 4.360264
211.000 4.483230
212.000 4.525942
213.000 4.311643
214.000 4.214451
215.000 4.404222
216.000 4.496531
217.000 4.753929
218.000 4.746185
219.000 4.638710
220.000 4.604501
221.000 4.112038
222.000 4.157378
223.000 4.447830
224.000 4.447830
225.000 4.576889
226.000 4.576889
227.000 4.010674
228.000 4.010674
229.000 4.596054
230.000 4.596054
231.000 4.115852
232.000 4.115852
233.000 4.649910
234.000 4.649910
235.000 4.646355
236.000 4.646355
237.000 4.686340
238.000 4.686340
239.000 4.518730
240.000 4.518730
241.000 4.279564
242.000 4.279564
243.000 4.676826
244.000 4.676826
245.000 4.720116
246.000 4.720116
247.000 4.606682
248.000 4.606682
249.000 4.112762
250.000 4.112762
251.000 4.265303
252.000 4.373978
253.000 4.373978
254.000 4.412224
255.000 4.412224
256.000 4.736862
257.000 4.736862
258.000 4.371396
259.000 3.920036
260.000 3.920036
261.000 4.704964
262.000 4.704964
263.000 4.199867
264.000 4.199867
265.000 4.644318
266.000 4.644318
267.000 4.644318
268.000 4.013123
269.000 4.013123
270.000 4.013123
271.000 4.287458
272.000 4.576451
273.000 4.692307
274.000 4.692307
275.000 4.712570
276.000 4.124199
277.000 4.124199
278.000 4.626831
279.000 4.626831
280.000 4.364426
281.000 4.364426
282.000 4.616562
283.000 4.616562
284.000 4.624031
285.000 4.566718
286.000 4.264998
287.000 4.675079
288.000 4.711067
289.000 4.643166
290.000 4.716576
291.000 4.715836
292.000 4.716802
293.000 4.762200
294.000 4.766074
295.000 4.688705
296.000 4.279182
297.000 4.279182
298.000 4.682884
299.000 4.682884
300.000 4.722618
301.000 4.679810
302.000 4.679810
303.000 4.635468
304.000 4.257912
305.000 4.257912
306.000 4.482391
307.000 4.482391
308.000 4.291723
309.000 4.072777
310.000 4.072777
311.000 4.072777
312.000 4.072777
313.000 4.705841
314.000 4.705841
315.000 4.705841
316.000 4.704225
317.000 4.701402
318.000 4.700851
319.000 4.464195
320.000 4.085091
321.000 4.085091
322.000 4.763176
323.000 4.763176
324.000 4.679235
325.000 4.634109
326.000 4.180855
327.000 4.180855
328.000 4.507362
329.000 4.507362
330.000 4.324704
331.000 4.270027
332.000 4.667391
333.000 4.667725
334.000 4.402878
335.000 4.402878
336.000 4.564125
337.000 4.564125
338.000 4.582672
339.000 4.582672
340.000 4.596054
341.000 4.596054
342.000 4.189429
343.000 3.960632
344.000 3.960632
345.000 3.954196
346.000 3.933067
347.000 3.933067
348.000 4.651367
349.000 4.695884
350.000 4.746216
351.000 4.729843
352.000 4.687881
353.000 4.664692
354.000 4.614967
355.000 4.322197
356.000 4.505203
357.000 4.624077
358.000 4.624077
359.000 5.110100
