0.000 0.655670
1.000 0.655670
2.000 0.655670
3.000 0.655670
4.000 0.655670
5.000 0.655670
6.000 0.655670
7.000 0.655670
8.000 0.655670
9.000 5.955521
10.000 6.413574
11.000 6.388420
12.000 7.810829
13.000 5.532875
14.000 4.058594
15.000 2.451302
16.000 2.361221
17.000 2.361221
18.000 4.332321
19.000 6.879454
20.000 3.807816
21.000 3.807816
22.000 3.323616
23.000 3.323616
24.000 7.703423
25.000 9.220243
26.000 3.650688
27.000 3.650688
28.000 10.119286
29.000 7.425735
30.000 8.908372
31.000 11.624123
32.000 4.795105
33.000 4.795105
34.000 4.895027
35.000 4.895027
36.000 6.206233
37.000 7.249664
38.000 7.026393
39.000 6.677399
40.000 9.437165
41.000 13.169121
42.000 8.712557
43.000 6.176537
44.000 2.110955
45.000 1.438614
46.000 1.438614
47.000 1.438614
48.000 3.288414
49.000 3.288414
50.000 3.829790
51.000 4.340195
52.000 5.344574
53.000 5.344574
54.000 4.583984
55.000 4.583984
56.000 6.441571
57.000 8.251106
58.000 8.634890
59.000 9.087326
60.000 10.016160
61.000 13.003893
62.000 7.575624
63.000 5.375923
64.000 4.988937
65.000 4.988937
66.000 5.054083
67.000 5.179169
68.000 5.179169
69.000 7.217851
70.000 9.246765
71.000 9.452636
72.000 9.573496
73.000 10.567311
74.000 9.993925
75.000 7.927567
76.000 7.554185
77.000 6.386938
78.000 6.609516
79.000 7.767048
80.000 5.969680
81.000 3.581566
82.000 5.077295
83.000 10.132442
84.000 9.423113
85.000 5.505913
86.000 6.037357
87.000 7.686005
88.000 7.835117
89.000 8.302724
90.000 8.111538
91.000 7.313820
92.000 7.815409
93.000 9.658170
94.000 8.760508
95.000 5.907341
96.000 1.109413
97.000 1.109413
98.000 1.109413
99.000 1.109413
100.000 8.670424
101.000 8.202127
102.000 7.995350
103.000 7.535690
104.000 7.047172
105.000 5.660072
106.000 6.727630
107.000 10.085972
108.000 9.646418
109.000 7.024269
110.000 6.103001
111.000 4.445145
112.000 4.425589
113.000 4.367767
114.000 5.383741
115.000 7.094704
116.000 4.762709
117.000 4.154655
118.000 5.003046
119.000 7.586922
120.000 5.704670
121.000 4.353577
122.000 5.233596
123.000 7.195259
124.000 5.578671
125.000 2.652832
126.000 2.652832
127.000 2.652832
128.000 9.033816
129.000 9.815643
130.000 6.312521
131.000 6.136276
132.000 6.937309
133.000 8.644493
134.000 9.170466
135.000 9.539879
136.000 4.904610
137.000 4.904610
138.000 3.260376
139.000 3.260376
140.000 3.260376
141.000 3.260376
142.000 3.260376
143.000 3.260376
144.000 7.967115
145.000 8.520035
146.000 8.520035
147.000 6.092903
148.000 6.081541
149.000 6.069351
150.000 6.757404
151.000 8.894993
152.000 9.867504
153.000 11.367975
154.000 6.482445
155.000 6.482445
156.000 3.417686
157.000 3.417686
158.000 3.832967
159.000 5.491707
160.000 0.952568
161.000 0.952568
162.000 0.952568
163.000 0.952568
164.000 7.106799
165.000 6.092133
166.000 5.844819
167.000 5.428400
168.000 5.241041
169.000 4.896111
170.000 6.573278
171.000 8.825050
172.000 8.741822
173.000 8.709740
174.000 8.220229
175.000 6.990219
176.000 6.990219
177.000 5.258339
178.000 6.321708
179.000 7.495628
180.000 5.011353
181.000 5.011353
182.000 5.107099
183.000 5.409251
184.000 6.762231
185.000 10.886668
186.000 12.045614
187.000 9.945698
188.000 3.056915
189.000 3.056915
190.000 4.190401
191.000 7.848193
192.000 7.526040
193.000 5.678246
194.000 5.703197
195.000 5.767471
196.000 6.162253
197.000 7.033623
198.000 6.109278
199.000 4.798492
200.000 4.798492
201.000 4.798492
202.000 4.798492
203.000 4.798492
204.000 2.937653
205.000 2.937653
206.000 2.937653
207.000 3.401276
208.000 3.401276
209.000 3.401276
210.000 5.503530
211.000 5.613564
212.000 6.714935
213.000 6.714935
214.000 10.643402
215.000 7.395905
216.000 7.600664
217.000 8.062309
218.000 8.732855
219.000 10.829081
220.000 9.941031
221.000 6.115736
222.000 7.219870
223.000 11.425940
224.000 11.503562
225.000 9.858716
226.000 3.064194
227.000 3.064194
228.000 4.612114
229.000 4.612114
230.000 6.634392
231.000 12.897595
232.000 7.317532
233.000 6.143387
234.000 9.563782
235.000 9.563782
236.000 6.677193
237.000 6.677193
238.000 4.040253
239.000 4.040253
240.000 5.242759
241.000 7.950447
242.000 8.423393
243.000 8.793945
244.000 8.193392
245.000 6.289795
246.000 3.504646
247.000 6.822922
248.000 4.593597
249.000 5.728691
250.000 4.070465
251.000 9.979477
252.000 3.521072
253.000 3.521072
254.000 3.521072
255.000 12.647783
256.000 7.586212
257.000 0.494293
258.000 0.494293
259.000 0.494293
260.000 0.494293
261.000 0.494293
262.000 0.494293
263.000 3.235657
264.000 4.100990
265.000 6.966965
266.000 4.360443
267.000 6.852215
268.000 6.050049
269.000 6.050049
270.000 15.196167
271.000 10.856055
272.000 4.022026
273.000 5.130066
274.000 8.952634
275.000 10.257523
276.000 9.072853
277.000 4.771187
278.000 6.682137
279.000 7.634857
280.000 5.984657
281.000 6.872810
282.000 5.430550
283.000 3.944923
284.000 7.679276
285.000 7.679276
286.000 10.815604
287.000 11.022209
288.000 5.975098
289.000 5.975098
290.000 8.176254
291.000 8.223900
292.000 8.223900
293.000 12.072868
294.000 12.072868
295.000 4.210670
296.000 4.210670
297.000 4.210670
298.000 4.322202
299.000 4.602513
300.000 4.882825
301.000 5.049782
302.000 8.040878
303.000 6.298996
304.000 2.256111
305.000 2.256111
306.000 3.657860
307.000 3.657860
308.000 3.154243
309.000 4.085869
310.000 11.965355
311.000 11.317518
312.000 10.713417
313.000 8.406655
314.000 2.959259
315.000 2.959259
316.000 2.959259
317.000 0.969757
318.000 0.969757
319.000 0.969757
320.000 0.969757
321.000 0.969757
322.000 0.969757
323.000 0.969757
324.000 0.969757
325.000 0.969757
326.000 0.969757
327.000 0.969757
328.000 0.969757
329.000 0.969757
330.000 0.969757
331.000 9.413826
332.000 9.413826
333.000 5.580330
334.000 5.580330
335.000 5.365416
336.000 4.660510
337.000 4.184219
338.000 6.815674
339.000 6.815674
340.000 6.815674
341.000 11.018364
342.000 11.018364
343.000 4.461227
344.000 4.461227
345.000 4.461227
346.000 7.058244
347.000 9.692970
348.000 5.875542
349.000 5.875542
350.000 2.770264
351.000 2.770264
352.000 2.770264
353.000 2.356918
354.000 5.277176
355.000 5.277176
356.000 7.554123
357.000 7.554123
358.000 7.624932
359.000 7.802109
