0.000 4.499985
1.000 4.499985
2.000 4.499985
3.000 4.499985
4.000 4.499985
5.000 4.499985
6.000 4.937981
7.000 4.937981
8.000 4.937981
9.000 4.937981
10.000 4.978991
11.000 5.059145
12.000 5.139299
13.000 5.214935
14.000 5.214935
15.000 5.214935
16.000 5.214935
17.000 5.214935
18.000 4.960037
19.000 4.960037
20.000 4.960037
21.000 4.960037
22.000 4.810299
23.000 4.782829
24.000 4.782829
25.000 4.782829
26.000 4.489493
27.000 3.957344
28.000 3.957344
29.000 3.867302
30.000 3.867302
31.000 5.092072
32.000 5.092072
33.000 5.092072
34.000 3.674408
35.000 3.674408
36.000 3.674408
37.000 3.674408
38.000 3.674408
39.000 3.674408
40.000 3.947255
41.000 3.911092
42.000 3.874929
43.000 3.838765
44.000 3.802602
45.000 3.766438
46.000 3.765747
47.000 3.765747
48.000 3.765747
49.000 4.995117
50.000 4.995117
51.000 5.237798
52.000 5.249137
53.000 5.257576
54.000 5.257576
55.000 5.257576
56.000 4.932327
57.000 4.932327
58.000 4.932327
59.000 4.735336
60.000 4.735336
61.000 5.097290
62.000 5.097290
63.000 5.097290
64.000 4.574188
65.000 4.574188
66.000 4.770958
67.000 4.671572
68.000 4.485886
69.000 4.485886
70.000 4.910034
71.000 4.910034
72.000 5.037989
73.000 5.565895
74.000 5.565895
75.000 4.668442
76.000 4.668442
77.000 4.076693
78.000 3.840645
79.000 3.840645
80.000 5.050392
81.000 5.181145
82.000 4.259735
83.000 4.259735
84.000 4.431865
85.000 4.612701
86.000 4.612701
87.000 5.289794
88.000 5.644135
89.000 5.381031
90.000 4.918480
91.000 4.918480
92.000 5.448578
93.000 5.448578
94.000 5.109867
95.000 4.315957
96.000 3.875023
97.000 4.474195
98.000 4.763229
99.000 4.947466
100.000 5.302391
101.000 5.302391
102.000 5.284639
103.000 5.265272
104.000 5.317409
105.000 5.468210
106.000 5.533180
107.000 5.533180
108.000 3.860212
109.000 3.753197
110.000 3.753197
111.000 4.592606
112.000 4.592606
113.000 4.814570
114.000 5.152771
115.000 5.152771
116.000 5.515572
117.000 5.515572
118.000 5.376442
119.000 5.376442
120.000 3.878875
121.000 3.594467
122.000 3.859704
123.000 5.378495
124.000 5.240250
125.000 4.031510
126.000 3.577301
127.000 3.812614
128.000 4.046211
129.000 4.169000
130.000 4.456133
131.000 4.635094
132.000 5.149646
133.000 5.705498
134.000 5.663443
135.000 5.565101
136.000 5.324803
137.000 4.076854
138.000 3.458679
139.000 3.690930
140.000 3.803947
141.000 4.373085
142.000 4.518280
143.000 5.250008
144.000 5.499184
145.000 5.426204
146.000 5.402092
147.000 5.394443
148.000 5.386665
149.000 4.296646
150.000 3.869209
151.000 2.309853
152.000 0.879204
153.000 0.879204
154.000 0.879204
155.000 0.879204
156.000 0.879204
157.000 0.879204
158.000 0.879204
159.000 0.879204
160.000 0.879204
161.000 0.879204
162.000 0.879204
163.000 0.879204
164.000 5.564306
165.000 5.571340
166.000 5.578117
167.000 5.428978
168.000 5.428978
169.000 5.407135
170.000 5.407135
171.000 5.393795
172.000 5.362455
173.000 5.361580
174.000 5.547870
175.000 5.076976
176.000 3.883650
177.000 4.173889
178.000 5.574409
179.000 5.566016
180.000 5.538986
181.000 5.494615
182.000 5.251666
183.000 5.061523
184.000 4.433675
185.000 3.812080
186.000 5.282333
187.000 5.282333
188.000 5.282333
189.000 5.282333
190.000 5.282333
191.000 5.282333
192.000 5.282333
193.000 5.282333
194.000 5.282333
195.000 4.395381
196.000 4.090312
197.000 3.785244
198.000 3.480176
199.000 3.269775
200.000 3.269775
201.000 3.269775
202.000 3.269775
203.000 3.269775
204.000 3.269775
205.000 3.269775
206.000 3.037877
207.000 2.757545
208.000 2.757545
209.000 2.757545
210.000 4.208328
211.000 4.208328
212.000 4.208328
213.000 4.208328
214.000 4.274691
215.000 3.996975
216.000 3.719259
217.000 3.696037
218.000 3.696037
219.000 5.420090
220.000 5.420090
221.000 5.127000
222.000 4.313339
223.000 4.313339
224.000 5.449669
225.000 5.449669
226.000 5.156144
227.000 4.956047
228.000 4.956047
229.000 5.250763
230.000 5.250763
231.000 5.250763
232.000 5.250763
233.000 3.289955
234.000 3.289955
235.000 3.289955
236.000 4.764778
237.000 4.764778
238.000 4.433010
239.000 3.960968
240.000 4.402293
241.000 5.557060
242.000 5.557060
243.000 5.476257
244.000 5.476257
245.000 5.476257
246.000 3.341805
247.000 3.341805
248.000 3.341805
249.000 4.284341
250.000 5.462929
251.000 5.462929
252.000 5.181740
253.000 5.074723
254.000 4.910728
255.000 3.890274
256.000 3.959793
257.000 3.959793
258.000 3.959793
259.000 3.959793
260.000 3.959793
261.000 3.959793
262.000 1.900040
263.000 1.900040
264.000 1.900040
265.000 1.900040
266.000 1.900040
267.000 1.900040
268.000 1.900040
269.000 1.900040
270.000 1.900040
271.000 1.900040
272.000 1.900040
273.000 1.900040
274.000 1.900040
275.000 5.058692
276.000 5.063405
277.000 5.068118
278.000 5.072831
279.000 5.077545
280.000 5.082258
281.000 5.574333
282.000 5.574333
283.000 5.574333
284.000 5.463501
285.000 5.463501
286.000 5.463501
287.000 4.485512
288.000 4.485512
289.000 4.485512
290.000 4.485512
291.000 5.599281
292.000 5.599281
293.000 5.599281
294.000 5.599281
295.000 4.965919
296.000 4.965919
297.000 4.965919
298.000 4.965919
299.000 4.965919
300.000 4.965919
301.000 4.965919
302.000 4.965919
303.000 4.965919
304.000 4.965919
305.000 5.314862
306.000 5.338382
307.000 5.361902
308.000 5.385422
309.000 5.408942
310.000 5.432462
311.000 5.455982
312.000 5.463852
313.000 5.463852
314.000 5.463852
315.000 5.076226
316.000 4.475849
317.000 3.875472
318.000 5.411652
319.000 5.411652
320.000 5.322472
321.000 5.322472
322.000 5.322472
323.000 5.190914
324.000 5.052452
325.000 5.052452
326.000 5.167605
327.000 5.214394
328.000 5.349527
329.000 5.411018
330.000 4.326861
331.000 4.144211
332.000 4.444489
333.000 4.444489
334.000 4.444489
335.000 4.444489
336.000 3.474960
337.000 3.474960
338.000 3.474960
339.000 3.959221
340.000 3.959221
341.000 3.959221
342.000 4.973618
343.000 4.973618
344.000 4.973618
345.000 4.681046
346.000 4.681046
347.000 4.681046
348.000 5.019539
349.000 5.019539
350.000 5.019539
351.000 5.021986
352.000 5.060326
353.000 5.060326
354.000 5.060326
355.000 5.060326
356.000 5.060326
357.000 5.451673
358.000 5.473465
359.000 5.473465
