0.000 0.207191
1.000 0.207191
2.000 2.979126
3.000 3.025993
4.000 0.375397
5.000 0.375397
6.000 0.695806
7.000 0.962218
8.000 1.999339
9.000 2.766479
10.000 2.766479
11.000 2.766479
12.000 2.766479
13.000 2.766479
14.000 2.766479
15.000 2.792621
16.000 3.004133
17.000 3.171707
18.000 3.171707
19.000 3.220845
20.000 3.714218
21.000 2.041496
22.000 0.275772
23.000 0.275772
24.000 0.275772
25.000 2.755712
26.000 2.120116
27.000 1.601997
28.000 2.147599
29.000 2.632037
30.000 2.882194
31.000 3.132351
32.000 3.146645
33.000 3.146645
34.000 3.146645
35.000 3.146645
36.000 2.426451
37.000 1.644661
38.000 2.405883
39.000 3.241959
40.000 3.226074
41.000 3.209244
42.000 2.486240
43.000 1.912506
44.000 2.550772
45.000 3.122482
46.000 3.151995
47.000 3.167892
48.000 3.195800
49.000 3.217316
50.000 2.868956
51.000 2.755653
52.000 2.327079
53.000 2.056190
54.000 1.425232
55.000 1.259209
56.000 1.234080
57.000 1.226715
58.000 1.165199
59.000 1.124626
60.000 1.835471
61.000 2.166145
62.000 2.535459
63.000 2.707153
64.000 2.113491
65.000 1.957175
66.000 3.147559
67.000 3.977486
68.000 2.012777
69.000 1.695557
70.000 1.014984
71.000 1.014984
72.000 0.863190
73.000 0.863190
74.000 0.466064
75.000 0.466064
76.000 1.677938
77.000 3.720413
78.000 3.964516
79.000 4.240669
80.000 3.281346
81.000 2.269493
82.000 2.269493
83.000 2.269493
84.000 2.344589
85.000 2.430458
86.000 2.430458
87.000 2.430458
88.000 3.010380
89.000 3.606758
90.000 3.563285
91.000 3.515564
92.000 3.515564
93.000 3.515564
94.000 3.475338
95.000 3.431946
96.000 3.431946
97.000 3.431946
98.000 2.889406
99.000 2.537056
100.000 2.787112
101.000 2.999115
102.000 3.374006
103.000 3.626854
104.000 1.712723
105.000 1.712723
106.000 1.712723
107.000 1.712723
108.000 4.042991
109.000 4.138184
110.000 2.673163
111.000 1.011139
112.000 1.861887
113.000 2.728584
114.000 2.902443
115.000 3.092491
116.000 3.035146
117.000 2.968512
118.000 2.962097
119.000 2.962097
120.000 3.469793
121.000 3.854431
122.000 2.919639
123.000 2.309029
124.000 3.391974
125.000 3.742477
126.000 2.780162
127.000 2.517914
128.000 4.161644
129.000 4.161644
130.000 5.185318
131.000 5.185318
132.000 3.978121
133.000 3.512093
134.000 2.935121
135.000 2.766136
136.000 0.164207
137.000 0.164207
138.000 0.164207
139.000 0.164207
140.000 5.256173
141.000 5.281181
142.000 4.140130
143.000 2.844357
144.000 2.761192
145.000 2.761192
146.000 2.761192
147.000 2.761192
148.000 3.268816
149.000 3.646858
150.000 3.090249
151.000 2.949242
152.000 3.052425
153.000 3.099670
154.000 1.160873
155.000 1.160873
156.000 3.171378
157.000 4.485603
158.000 4.428085
159.000 4.391373
160.000 0.403557
161.000 0.403557
162.000 0.403557
163.000 0.403557
164.000 0.403557
165.000 0.403557
166.000 3.698229
167.000 3.912910
168.000 2.449360
169.000 0.734788
170.000 0.652297
171.000 2.688276
172.000 2.747124
173.000 2.747124
174.000 2.747124
175.000 2.747124
176.000 3.127255
177.000 3.541992
178.000 3.258890
179.000 2.936302
180.000 2.813026
181.000 3.774208
182.000 3.774208
183.000 3.774208
184.000 4.066288
185.000 4.397644
186.000 3.762703
187.000 3.410683
188.000 1.702435
189.000 0.817101
190.000 2.033235
191.000 3.589767
192.000 3.589767
193.000 3.589767
194.000 3.956034
195.000 4.333893
196.000 3.522883
197.000 2.702278
198.000 2.702278
199.000 2.702278
200.000 3.494115
201.000 4.390472
202.000 3.280212
203.000 2.169144
204.000 3.044823
205.000 4.041504
206.000 4.110069
207.000 4.110069
208.000 4.340007
209.000 4.545670
210.000 2.046065
211.000 0.884712
212.000 1.727184
213.000 2.620094
214.000 2.620094
215.000 2.620094
216.000 2.620094
217.000 2.620094
218.000 3.639077
219.000 4.728889
220.000 4.504446
221.000 4.259239
222.000 4.259239
223.000 4.259239
224.000 4.051441
225.000 3.824203
226.000 3.662936
227.000 3.484505
228.000 2.056536
229.000 1.151917
230.000 1.585690
231.000 1.987488
232.000 2.376683
233.000 2.666580
234.000 3.567928
235.000 4.578552
236.000 4.578552
237.000 4.578552
238.000 4.652659
239.000 4.726723
240.000 4.227662
241.000 3.727242
242.000 4.198775
243.000 4.644577
244.000 4.176514
245.000 3.789337
246.000 3.598936
247.000 3.418793
248.000 3.553281
249.000 3.689026
250.000 3.689026
251.000 3.689026
252.000 2.479472
253.000 1.911995
254.000 3.468011
255.000 4.852669
256.000 4.852669
257.000 4.852669
258.000 4.852669
259.000 4.852669
260.000 4.852669
261.000 4.852669
262.000 3.732891
263.000 2.750282
264.000 3.407823
265.000 3.757797
266.000 0.934448
267.000 0.934448
268.000 2.198156
269.000 3.407806
270.000 3.768307
271.000 4.051956
272.000 4.162171
273.000 4.274529
274.000 1.859913
275.000 1.693825
276.000 3.069980
277.000 4.630963
278.000 4.129436
279.000 3.508648
280.000 3.323488
281.000 3.114952
282.000 3.381631
283.000 3.764801
284.000 2.781070
285.000 2.018745
286.000 2.439405
287.000 3.106422
288.000 3.341349
289.000 3.716874
290.000 3.031481
291.000 2.362366
292.000 3.149066
293.000 4.367477
294.000 4.941603
295.000 5.817848
296.000 4.496453
297.000 3.347595
298.000 4.540210
299.000 5.884697
300.000 5.708963
301.000 5.457161
302.000 4.135004
303.000 3.169090
304.000 1.334404
305.000 1.334404
306.000 0.891701
307.000 0.891701
308.000 1.102912
309.000 3.425354
310.000 3.214966
311.000 2.618391
312.000 2.932198
313.000 3.307061
314.000 2.800686
315.000 2.536005
316.000 2.535469
317.000 3.137953
318.000 3.151398
319.000 2.491743
320.000 2.651994
321.000 2.854076
322.000 3.182218
323.000 0.794640
324.000 0.794640
325.000 0.794640
326.000 0.794640
327.000 3.136157
328.000 2.928635
329.000 1.871082
330.000 0.672272
331.000 1.182772
332.000 2.527627
333.000 2.610528
334.000 2.619164
335.000 3.038028
336.000 4.150269
337.000 4.265958
338.000 4.356999
339.000 4.419144
340.000 4.554412
341.000 4.062713
342.000 2.767876
343.000 2.575142
344.000 2.040653
345.000 2.049837
346.000 2.361191
347.000 2.686034
348.000 3.574565
349.000 4.127734
350.000 5.304867
351.000 5.788395
352.000 6.412607
353.000 6.694090
354.000 6.807529
355.000 6.483166
356.000 5.408910
357.000 4.696681
358.000 3.591711
359.000 4.113964
