0.000 2.039902
1.000 2.039902
2.000 2.039902
3.000 2.039902
4.000 4.360819
5.000 5.552887
6.000 5.657126
7.000 5.884125
8.000 5.871719
9.000 5.844877
10.000 5.879938
11.000 5.956374
12.000 5.979090
13.000 6.019858
14.000 5.939171
15.000 5.783379
16.000 5.742409
17.000 5.742409
18.000 5.824234
19.000 5.824234
20.000 5.982397
21.000 6.035759
22.000 5.867063
23.000 5.554237
24.000 5.635253
25.000 6.241837
26.000 5.824426
27.000 5.616928
28.000 5.823327
29.000 5.988907
30.000 6.025492
31.000 6.065926
32.000 5.657883
33.000 5.343338
34.000 6.448300
35.000 6.720894
36.000 6.257265
37.000 6.134491
38.000 6.088603
39.000 6.028656
40.000 5.950932
41.000 5.862793
42.000 5.846307
43.000 5.827049
44.000 6.203882
45.000 6.706009
46.000 6.354454
47.000 6.354454
48.000 6.022143
49.000 5.821632
50.000 5.821632
51.000 5.440903
52.000 5.440903
53.000 6.163498
54.000 6.163498
55.000 5.491631
56.000 5.491631
57.000 1.361336
58.000 1.361336
59.000 1.361336
60.000 1.361336
61.000 1.361336
62.000 6.082891
63.000 6.111176
64.000 6.149313
65.000 6.170242
66.000 6.049689
67.000 5.988480
68.000 5.861049
69.000 5.623291
70.000 5.623291
71.000 5.781052
72.000 5.824964
73.000 5.858162
74.000 6.299049
75.000 6.299049
76.000 5.804085
77.000 5.804085
78.000 5.434967
79.000 5.434967
80.000 5.724613
81.000 6.275719
82.000 5.444321
83.000 5.080147
84.000 5.080147
85.000 5.080147
86.000 4.684227
87.000 4.684227
88.000 4.684227
89.000 4.684227
90.000 4.884333
91.000 5.198393
92.000 5.284149
93.000 5.171898
94.000 5.171898
95.000 5.157524
96.000 5.131999
97.000 5.121361
98.000 6.273369
99.000 6.273369
100.000 6.066025
101.000 6.066025
102.000 6.091676
103.000 6.250839
104.000 6.290779
105.000 6.473106
106.000 6.473106
107.000 5.766281
108.000 5.766281
109.000 5.503242
110.000 5.503242
111.000 5.503242
112.000 5.656249
113.000 5.784157
114.000 5.707176
115.000 5.178459
116.000 3.343773
117.000 3.343773
118.000 5.724628
119.000 5.798920
120.000 5.157245
121.000 4.412521
122.000 4.787039
123.000 5.633347
124.000 5.451906
125.000 5.238464
126.000 5.428552
127.000 6.003700
128.000 6.008378
129.000 6.029762
130.000 6.092693
131.000 6.324989
132.000 6.346975
133.000 6.449636
134.000 6.466980
135.000 5.315758
136.000 5.437734
137.000 5.802162
138.000 5.860272
139.000 6.125417
140.000 6.258034
141.000 6.072332
142.000 6.065353
143.000 6.305888
144.000 6.363730
145.000 6.341118
146.000 6.357025
147.000 6.418739
148.000 6.508039
149.000 6.562004
150.000 6.534733
151.000 6.530197
152.000 6.597455
153.000 6.648331
154.000 5.677666
155.000 5.677666
156.000 6.589458
157.000 6.619278
158.000 4.824127
159.000 4.824127
160.000 4.975220
161.000 4.975220
162.000 5.583954
163.000 5.583954
164.000 6.014827
165.000 6.218979
166.000 5.445061
167.000 5.445061
168.000 4.318604
169.000 4.318604
170.000 5.919866
171.000 7.039528
172.000 4.811234
173.000 4.811234
174.000 5.762016
175.000 5.762016
176.000 5.354570
177.000 4.905937
178.000 5.020099
179.000 6.079277
180.000 5.745825
181.000 5.382339
182.000 5.507268
183.000 6.046112
184.000 6.046112
185.000 5.536728
186.000 5.576502
187.000 5.650375
188.000 4.693115
189.000 4.538956
190.000 4.656896
191.000 5.784012
192.000 5.784981
193.000 5.789247
194.000 5.792828
195.000 5.802599
196.000 5.735750
197.000 5.437785
198.000 5.544749
199.000 6.311279
200.000 6.074006
201.000 5.462265
202.000 5.770144
203.000 6.361351
204.000 6.279423
205.000 6.063461
206.000 6.097255
207.000 6.246023
208.000 6.255806
209.000 6.158928
210.000 6.228533
211.000 6.492256
212.000 6.043732
213.000 5.068535
214.000 5.186525
215.000 5.712893
216.000 5.971634
217.000 6.051538
218.000 6.278016
219.000 7.115057
220.000 7.060357
221.000 6.167548
222.000 6.118557
223.000 6.169234
224.000 6.025230
225.000 5.303573
226.000 5.315751
227.000 5.517899
228.000 5.630424
229.000 5.815987
230.000 5.887115
231.000 6.028709
232.000 6.144598
233.000 6.552559
234.000 1.815018
235.000 1.815018
236.000 1.815018
237.000 1.815018
238.000 1.815018
239.000 1.815018
240.000 5.980439
241.000 5.979996
242.000 6.138496
243.000 4.974304
244.000 4.974304
245.000 5.642769
246.000 5.642769
247.000 6.110277
248.000 6.228965
249.000 6.116132
250.000 6.110298
251.000 5.944603
252.000 5.947232
253.000 5.951134
254.000 5.906243
255.000 5.719688
256.000 5.760862
257.000 5.912415
258.000 6.075805
259.000 6.332642
260.000 6.084728
261.000 5.812851
262.000 5.873367
263.000 5.996498
264.000 6.027499
265.000 6.093002
266.000 6.150784
267.000 6.275566
268.000 6.246958
269.000 6.148376
270.000 6.131598
271.000 6.091469
272.000 5.964616
273.000 5.578476
274.000 5.726164
275.000 6.274796
276.000 6.259086
277.000 6.217232
278.000 3.674911
279.000 3.674911
280.000 3.922523
281.000 5.022236
282.000 5.822685
283.000 5.723741
284.000 5.794578
285.000 6.163622
286.000 4.869888
287.000 4.869888
288.000 5.037064
289.000 5.737900
290.000 5.822028
291.000 6.133400
292.000 6.059785
293.000 5.810402
294.000 5.810402
295.000 5.923027
296.000 5.525841
297.000 5.476616
298.000 5.616960
299.000 5.640511
300.000 5.873330
301.000 6.195915
302.000 6.146273
303.000 5.880844
304.000 5.961879
305.000 6.163841
306.000 6.181276
307.000 6.257025
308.000 6.278168
309.000 4.860138
310.000 5.124797
311.000 6.111938
312.000 6.104715
313.000 6.077049
314.000 5.579246
315.000 5.506241
316.000 5.925007
317.000 6.267662
318.000 6.137675
319.000 5.915756
320.000 5.796057
321.000 5.592697
322.000 5.592697
323.000 5.272987
324.000 5.272987
325.000 6.354843
326.000 6.348740
327.000 6.179971
328.000 6.011202
329.000 5.842896
330.000 5.842896
331.000 5.842896
332.000 5.540270
333.000 5.336634
334.000 5.264206
335.000 6.201624
336.000 6.754997
337.000 6.017540
338.000 6.017540
339.000 6.194778
340.000 6.194778
341.000 5.764626
342.000 5.764626
343.000 5.764626
344.000 5.166687
345.000 5.166687
346.000 5.461502
347.000 5.461502
348.000 5.693828
349.000 6.176673
350.000 6.262718
351.000 6.158607
352.000 5.924873
353.000 5.924873
354.000 5.703157
355.000 5.729093
356.000 5.757782
357.000 6.082291
358.000 6.149048
359.000 6.258692
