0.000 4.827087
1.000 4.827087
2.000 4.928418
3.000 5.069382
4.000 4.337959
5.000 4.337959
6.000 4.337959
7.000 3.699203
8.000 3.699203
9.000 3.628407
10.000 2.277100
11.000 2.277100
12.000 2.277100
13.000 4.799286
14.000 4.799286
15.000 5.931976
16.000 5.275973
17.000 4.933342
18.000 6.044838
19.000 2.087959
20.000 2.087959
21.000 2.087959
22.000 2.087959
23.000 2.087959
24.000 2.087959
25.000 2.087959
26.000 3.053745
27.000 2.819155
28.000 2.584564
29.000 2.349974
30.000 2.253586
31.000 2.253586
32.000 1.114899
33.000 1.114899
34.000 1.114899
35.000 2.399750
36.000 2.399750
37.000 2.695732
38.000 2.695732
39.000 1.448105
40.000 1.448105
41.000 3.346275
42.000 3.346275
43.000 2.443954
44.000 2.443954
45.000 2.254059
46.000 2.254059
47.000 2.254059
48.000 2.030159
49.000 3.277695
50.000 3.277695
51.000 2.712654
52.000 2.712654
53.000 3.684276
54.000 4.028946
55.000 4.809385
56.000 5.433838
57.000 4.140378
58.000 3.688141
59.000 4.061897
60.000 4.641815
61.000 3.964652
62.000 3.110046
63.000 4.239471
64.000 4.239471
65.000 2.928078
66.000 2.928078
67.000 2.489059
68.000 2.489059
69.000 1.430634
70.000 1.430634
71.000 1.471037
72.000 1.504234
73.000 3.572166
74.000 3.572166
75.000 2.873611
76.000 2.873611
77.000 2.873611
78.000 2.973893
79.000 3.271377
80.000 3.271973
81.000 3.271973
82.000 3.268244
83.000 3.171776
84.000 3.171776
85.000 3.272349
86.000 3.464211
87.000 5.069641
88.000 5.069641
89.000 5.069641
90.000 3.021303
91.000 3.114820
92.000 3.208337
93.000 3.217896
94.000 3.217896
95.000 3.260599
96.000 4.035634
97.000 4.182098
98.000 4.182098
99.000 4.182098
100.000 4.182098
101.000 3.370792
102.000 3.269781
103.000 3.168770
104.000 3.067758
105.000 2.966747
106.000 2.888824
107.000 2.888824
108.000 1.815498
109.000 1.815498
110.000 2.808258
111.000 2.808258
112.000 1.632413
113.000 1.022087
114.000 1.022087
115.000 1.022087
116.000 2.326187
117.000 2.499588
118.000 3.045715
119.000 3.045715
120.000 3.045715
121.000 4.122682
122.000 4.685860
123.000 4.685860
124.000 5.556038
125.000 5.556038
126.000 4.750061
127.000 4.750061
128.000 4.974487
129.000 5.279312
130.000 4.259338
131.000 2.575745
132.000 2.575745
133.000 2.575745
134.000 5.681183
135.000 5.782921
136.000 5.782921
137.000 5.041496
138.000 5.041496
139.000 4.999917
140.000 4.904388
141.000 3.846822
142.000 3.422112
143.000 3.469269
144.000 3.487106
145.000 4.085175
146.000 4.294899
147.000 1.810341
148.000 1.810341
149.000 1.136471
150.000 1.011169
151.000 2.377915
152.000 4.480281
153.000 4.542496
154.000 4.480638
155.000 5.157666
156.000 6.613724
157.000 6.072429
158.000 5.274055
159.000 5.239351
160.000 4.995122
161.000 4.944876
162.000 5.236252
163.000 5.219528
164.000 5.100999
165.000 5.025253
166.000 4.458258
167.000 4.110497
168.000 5.454758
169.000 5.454758
170.000 5.704727
171.000 5.704727
172.000 5.044788
173.000 2.014145
174.000 2.014145
175.000 2.014145
176.000 2.014145
177.000 1.485168
178.000 1.485168
179.000 1.485168
180.000 1.485168
181.000 1.899537
182.000 2.214050
183.000 2.214050
184.000 1.693993
185.000 1.693993
186.000 2.556686
187.000 2.556686
188.000 2.387618
189.000 1.955467
190.000 1.955467
191.000 2.311813
192.000 4.152405
193.000 4.152405
194.000 3.400787
195.000 3.400787
196.000 3.400787
197.000 4.620667
198.000 4.620667
199.000 5.216476
200.000 2.601875
201.000 2.601875
202.000 2.644608
203.000 2.644608
204.000 2.644608
205.000 2.644608
206.000 2.644608
207.000 4.856049
208.000 4.856049
209.000 4.856049
210.000 4.856049
211.000 4.856049
212.000 4.788227
213.000 4.683418
214.000 4.578609
215.000 4.512566
216.000 4.512566
217.000 4.859208
218.000 5.654900
219.000 5.654900
220.000 4.728600
221.000 4.728600
222.000 4.728600
223.000 4.728600
224.000 2.291264
225.000 2.681599
226.000 3.071935
227.000 3.225357
228.000 3.225357
229.000 3.225357
230.000 3.285201
231.000 3.377395
232.000 3.393509
233.000 2.667061
234.000 2.667061
235.000 1.722542
236.000 1.722542
237.000 1.722542
238.000 1.722542
239.000 3.351997
240.000 3.351997
241.000 2.374856
242.000 2.280136
243.000 2.280136
244.000 2.419129
245.000 3.176964
246.000 3.176964
247.000 2.370918
248.000 2.370918
249.000 3.252930
250.000 3.252930
251.000 3.252930
252.000 2.081284
253.000 2.081284
254.000 2.081284
255.000 3.706917
256.000 3.706917
257.000 3.646365
258.000 3.548019
259.000 3.548019
260.000 2.547264
261.000 2.547264
262.000 2.953842
263.000 2.953842
264.000 2.953842
265.000 3.620001
266.000 3.842278
267.000 3.842278
268.000 3.842278
269.000 3.214004
270.000 2.550415
271.000 2.550415
272.000 2.550415
273.000 2.550415
274.000 5.856789
275.000 5.856789
276.000 5.448341
277.000 4.993043
278.000 4.907944
279.000 5.184709
280.000 6.141533
281.000 6.141533
282.000 5.511780
283.000 5.511780
284.000 5.134857
285.000 5.134857
286.000 5.229981
287.000 5.476991
288.000 5.585297
289.000 3.520416
290.000 3.520416
291.000 3.974980
292.000 4.605019
293.000 4.605019
294.000 3.146538
295.000 3.146538
296.000 4.523640
297.000 5.185844
298.000 4.417058
299.000 2.815308
300.000 2.815308
301.000 4.341408
302.000 4.341408
303.000 4.710509
304.000 5.304123
305.000 5.304123
306.000 2.971642
307.000 2.971642
308.000 4.150612
309.000 5.511854
310.000 5.291739
311.000 4.719742
312.000 4.928833
313.000 5.471788
314.000 5.712471
315.000 5.433050
316.000 5.151962
317.000 5.151962
318.000 5.151962
319.000 4.981983
320.000 5.055674
321.000 5.129365
322.000 5.187866
323.000 5.187866
324.000 3.574829
325.000 2.623436
326.000 2.623436
327.000 2.623436
328.000 2.623436
329.000 2.623436
330.000 2.118449
331.000 2.094588
332.000 2.070727
333.000 2.046865
334.000 2.032524
335.000 2.032524
336.000 2.032524
337.000 1.230270
338.000 1.230270
339.000 1.230270
340.000 2.790894
341.000 2.790894
342.000 2.790894
343.000 1.891563
344.000 1.891563
345.000 1.891563
346.000 1.891563
347.000 4.411064
348.000 3.594345
349.000 3.302354
350.000 3.153427
351.000 3.153427
352.000 4.462067
353.000 3.720787
354.000 5.167633
355.000 5.167633
356.000 4.575264
357.000 4.575264
358.000 4.575264
359.000 4.105347
