0.000 0.013084
1.000 0.013084
2.000 0.013084
3.000 0.013084
4.000 0.013084
5.000 0.013084
6.000 0.013084
7.000 0.013084
8.000 0.013084
9.000 0.013084
10.000 0.013084
11.000 0.013084
12.000 0.013084
13.000 1.544632
14.000 0.977913
15.000 2.738258
16.000 1.590714
17.000 3.001373
18.000 3.801987
19.000 3.176669
20.000 1.208336
21.000 1.208336
22.000 1.068710
23.000 1.068710
24.000 1.239761
25.000 1.092857
26.000 1.092857
27.000 1.092857
28.000 0.955627
29.000 0.955627
30.000 0.955627
31.000 1.153260
32.000 1.366361
33.000 1.579463
34.000 1.792564
35.000 1.985947
36.000 1.985947
37.000 0.940628
38.000 2.458992
39.000 1.289764
40.000 0.973137
41.000 2.328339
42.000 1.256950
43.000 1.256950
44.000 4.040627
45.000 1.760696
46.000 1.760696
47.000 1.971733
48.000 1.971733
49.000 4.467755
50.000 4.891769
51.000 2.423538
52.000 2.423538
53.000 1.828705
54.000 1.828705
55.000 2.161041
56.000 2.161041
57.000 2.399933
58.000 2.399933
59.000 5.025844
60.000 6.010071
61.000 2.255927
62.000 1.485374
63.000 1.485374
64.000 3.973701
65.000 3.804771
66.000 3.768204
67.000 2.088448
68.000 2.088448
69.000 0.875168
70.000 0.875168
71.000 0.875168
72.000 0.875168
73.000 1.990860
74.000 1.990860
75.000 2.726578
76.000 2.726578
77.000 2.737466
78.000 2.748494
79.000 2.759522
80.000 2.770549
81.000 2.773865
82.000 2.570572
83.000 2.426090
84.000 0.796700
85.000 0.796700
86.000 0.796700
87.000 1.726669
88.000 1.726669
89.000 2.672310
90.000 2.747292
91.000 2.098137
92.000 2.098137
93.000 2.117137
94.000 2.147565
95.000 2.177994
96.000 2.208422
97.000 2.238850
98.000 2.269279
99.000 2.299707
100.000 0.580345
101.000 0.580345
102.000 0.580345
103.000 0.448654
104.000 0.448654
105.000 0.448654
106.000 1.642189
107.000 1.567009
108.000 1.567009
109.000 1.567009
110.000 1.483345
111.000 3.137430
112.000 3.727509
113.000 3.142794
114.000 3.029350
115.000 1.427635
116.000 1.427635
117.000 2.032986
118.000 2.285378
119.000 2.678855
120.000 3.054092
121.000 1.898026
122.000 1.898026
123.000 1.761070
124.000 1.761070
125.000 1.445770
126.000 1.445770
127.000 2.108224
128.000 2.319992
129.000 3.731927
130.000 4.400871
131.000 1.463417
132.000 1.463417
133.000 1.886632
134.000 2.471268
135.000 1.603516
136.000 1.603516
137.000 1.168541
138.000 1.168541
139.000 1.168541
140.000 1.649392
141.000 2.059349
142.000 2.399445
143.000 2.399445
144.000 2.761009
145.000 2.135716
146.000 1.790253
147.000 1.801529
148.000 1.801529
149.000 1.090190
150.000 0.875931
151.000 0.875931
152.000 0.875931
153.000 3.506496
154.000 3.648277
155.000 3.103667
156.000 2.863815
157.000 3.431411
158.000 3.806206
159.000 3.394360
160.000 3.232437
161.000 3.592798
162.000 3.808121
163.000 3.161035
164.000 2.772118
165.000 3.451924
166.000 4.057678
167.000 3.739702
168.000 3.628738
169.000 4.632188
170.000 5.476463
171.000 2.096420
172.000 2.096420
173.000 3.175552
174.000 4.178635
175.000 3.322731
176.000 2.694504
177.000 1.027756
178.000 1.027756
179.000 1.046697
180.000 2.723305
181.000 2.769401
182.000 3.161797
183.000 3.190454
184.000 3.212303
185.000 2.862325
186.000 2.730301
187.000 3.561193
188.000 4.303802
189.000 3.919897
190.000 3.601059
191.000 3.381730
192.000 3.306717
193.000 2.911058
194.000 2.837151
195.000 3.497566
196.000 3.919746
197.000 3.011185
198.000 2.754990
199.000 4.495615
200.000 6.414986
201.000 6.079927
202.000 5.616761
203.000 5.210358
204.000 0.891701
205.000 0.891701
206.000 3.528503
207.000 4.393672
208.000 5.825287
209.000 5.582108
210.000 5.266991
211.000 4.582304
212.000 3.805199
213.000 4.773043
214.000 5.842384
215.000 4.799923
216.000 3.804535
217.000 4.483792
218.000 5.235359
219.000 5.140891
220.000 5.049171
221.000 4.057016
222.000 3.336533
223.000 3.180346
224.000 3.120422
225.000 2.865462
226.000 2.756340
227.000 3.813639
228.000 4.921196
229.000 4.351357
230.000 4.351357
231.000 3.234856
232.000 3.234856
233.000 3.234856
234.000 3.354850
235.000 3.706314
236.000 4.057779
237.000 4.409244
238.000 5.234718
239.000 6.977658
240.000 6.965508
241.000 6.953358
242.000 5.657168
243.000 4.405525
244.000 4.402229
245.000 4.258456
246.000 3.281464
247.000 3.511980
248.000 4.768811
249.000 5.354034
250.000 1.164894
251.000 1.164894
252.000 1.273587
253.000 2.199339
254.000 2.987816
255.000 3.175110
256.000 3.465890
257.000 4.946358
258.000 5.231155
259.000 7.089353
260.000 7.728729
261.000 1.030052
262.000 1.030052
263.000 1.030052
264.000 1.030052
265.000 1.139187
266.000 1.173264
267.000 1.173264
268.000 1.173264
269.000 1.173264
270.000 5.068901
271.000 3.855438
272.000 4.089388
273.000 4.336739
274.000 5.082904
275.000 6.107278
276.000 6.408763
277.000 6.136039
278.000 6.208239
279.000 6.659712
280.000 6.810726
281.000 6.815338
282.000 6.819950
283.000 7.071591
284.000 8.136682
285.000 8.241143
286.000 6.767766
287.000 6.292947
288.000 5.916672
289.000 5.685677
290.000 4.009438
291.000 3.360443
292.000 4.066344
293.000 5.018448
294.000 5.159325
295.000 1.149689
296.000 1.149689
297.000 1.149689
298.000 1.892448
299.000 2.741951
300.000 4.463643
301.000 5.072061
302.000 5.939886
303.000 4.526848
304.000 0.603516
305.000 0.603516
306.000 0.603516
307.000 0.603516
308.000 0.603516
309.000 2.004118
310.000 1.592443
311.000 1.523750
312.000 1.523750
313.000 2.645355
314.000 3.204824
315.000 5.036680
316.000 5.116396
317.000 4.396710
318.000 4.583153
319.000 5.419164
320.000 4.623583
321.000 2.692131
322.000 2.774398
323.000 2.951042
324.000 2.726140
325.000 1.805962
326.000 1.784996
327.000 1.784996
328.000 1.784996
329.000 2.791724
330.000 1.161953
331.000 0.401825
332.000 0.401825
333.000 0.401825
334.000 0.401825
335.000 0.401825
336.000 0.401825
337.000 0.401825
338.000 0.401825
339.000 0.392990
340.000 0.379732
341.000 0.366474
342.000 0.353217
343.000 0.339959
344.000 0.326701
345.000 0.313443
346.000 0.300186
347.000 0.286928
348.000 0.276443
349.000 3.272377
350.000 6.228172
351.000 4.426628
352.000 4.081652
353.000 4.842051
354.000 5.117503
355.000 5.812249
356.000 6.077113
357.000 6.271800
358.000 6.217666
359.000 5.547728
