0.000 0.259621
1.000 0.259621
2.000 0.259621
3.000 4.279254
4.000 4.626083
5.000 5.404533
6.000 3.926101
7.000 4.504547
8.000 2.869949
9.000 6.610954
10.000 4.494965
11.000 4.803243
12.000 5.504013
13.000 5.296364
14.000 5.820557
15.000 5.422668
16.000 5.705419
17.000 7.519051
18.000 4.942467
19.000 5.461876
20.000 5.461876
21.000 4.627716
22.000 4.627716
23.000 3.688339
24.000 3.688339
25.000 3.194992
26.000 3.194992
27.000 3.194992
28.000 3.194992
29.000 5.888301
30.000 6.189530
31.000 6.326263
32.000 5.461090
33.000 5.461090
34.000 5.791936
35.000 5.994629
36.000 6.297023
37.000 6.448898
38.000 5.783478
39.000 5.963611
40.000 6.133171
41.000 6.133171
42.000 4.490143
43.000 4.490143
44.000 4.434329
45.000 4.346100
46.000 5.335411
47.000 5.240707
48.000 5.240707
49.000 4.441353
50.000 4.441353
51.000 4.594403
52.000 4.601982
53.000 5.673630
54.000 5.673630
55.000 5.718071
56.000 5.718071
57.000 5.990506
58.000 6.155708
59.000 6.120695
60.000 6.109695
61.000 6.663995
62.000 6.816422
63.000 5.410682
64.000 5.351646
65.000 5.564383
66.000 5.597260
67.000 6.239484
68.000 6.403580
69.000 5.663704
70.000 5.577647
71.000 6.149534
72.000 6.507652
73.000 5.789965
74.000 5.449104
75.000 5.864456
76.000 6.132607
77.000 5.615099
78.000 5.283188
79.000 5.733171
80.000 6.013054
81.000 5.961746
82.000 5.925972
83.000 5.974185
84.000 6.002350
85.000 5.695021
86.000 5.527504
87.000 5.347062
88.000 5.280693
89.000 6.088689
90.000 6.570808
91.000 6.200133
92.000 5.943787
93.000 6.166608
94.000 6.128491
95.000 3.692975
96.000 3.277145
97.000 5.066550
98.000 6.003204
99.000 5.625703
100.000 5.395248
101.000 5.264286
102.000 5.185677
103.000 5.079573
104.000 5.023811
105.000 5.409172
106.000 5.621346
107.000 5.177566
108.000 4.929848
109.000 5.462768
110.000 5.754608
111.000 6.024492
112.000 6.204651
113.000 5.939975
114.000 5.801147
115.000 6.109490
116.000 6.275757
117.000 6.640926
118.000 6.805735
119.000 6.058834
120.000 5.564850
121.000 6.282739
122.000 6.618073
123.000 6.228373
124.000 5.990410
125.000 5.874413
126.000 5.808945
127.000 4.518663
128.000 3.717545
129.000 5.550783
130.000 6.789452
131.000 5.961588
132.000 5.599251
133.000 5.448724
134.000 5.358116
135.000 5.627869
136.000 5.753151
137.000 5.620044
138.000 5.542366
139.000 6.330098
140.000 6.767036
141.000 6.764226
142.000 6.762871
143.000 5.933545
144.000 5.507751
145.000 5.918490
146.000 6.191002
147.000 4.670452
148.000 4.036987
149.000 5.139557
150.000 5.848648
151.000 5.756097
152.000 5.705750
153.000 6.119838
154.000 6.360863
155.000 6.656244
156.000 6.840759
157.000 5.174656
158.000 4.402351
159.000 5.438778
160.000 6.100121
161.000 5.871644
162.000 5.753098
163.000 5.577214
164.000 5.471931
165.000 5.568761
166.000 5.627533
167.000 5.939049
168.000 6.106537
169.000 5.559113
170.000 5.256783
171.000 6.352173
172.000 7.088844
173.000 6.174653
174.000 5.690773
175.000 6.407548
176.000 6.901802
177.000 6.220516
178.000 5.928230
179.000 5.976875
180.000 6.001610
181.000 4.258308
182.000 3.583641
183.000 5.148416
184.000 5.507027
185.000 5.796580
186.000 5.911560
187.000 5.615508
188.000 5.535454
189.000 5.837557
190.000 5.948326
191.000 5.575480
192.000 5.262466
193.000 5.586432
194.000 5.809990
195.000 4.880716
196.000 4.518082
197.000 5.067407
198.000 5.373177
199.000 4.313760
200.000 3.383606
201.000 4.720548
202.000 6.028580
203.000 5.985575
204.000 5.958183
205.000 4.941127
206.000 4.014885
207.000 4.690751
208.000 5.442650
209.000 5.356810
210.000 5.261772
211.000 5.724676
212.000 6.288101
213.000 5.285253
214.000 4.374748
215.000 3.618813
216.000 3.139473
217.000 4.827778
218.000 6.470352
219.000 6.071651
220.000 5.646881
221.000 5.426840
222.000 5.177834
223.000 4.720176
224.000 4.271210
225.000 4.982916
226.000 5.818535
227.000 5.707362
228.000 5.616180
229.000 5.775720
230.000 5.945419
231.000 4.536833
232.000 3.539650
233.000 4.676320
234.000 5.740288
235.000 6.102370
236.000 6.522736
237.000 4.897375
238.000 3.650124
239.000 4.789790
240.000 6.086777
241.000 6.021489
242.000 5.949463
243.000 5.684131
244.000 5.382439
245.000 5.243448
246.000 5.049823
247.000 5.315109
248.000 6.418159
249.000 6.323201
250.000 6.206551
251.000 5.056501
252.000 4.040161
253.000 4.901139
254.000 5.685234
255.000 5.570617
256.000 5.438454
257.000 5.849994
258.000 6.352364
259.000 5.938777
260.000 5.517059
261.000 5.553236
262.000 5.590019
263.000 4.075560
264.000 3.193314
265.000 3.594141
266.000 3.946098
267.000 4.950012
268.000 6.122925
269.000 6.104599
270.000 6.083275
271.000 6.109610
272.000 6.136551
273.000 6.473455
274.000 6.895500
275.000 6.653062
276.000 6.388344
277.000 6.225584
278.000 6.051582
279.000 5.937012
280.000 5.813339
281.000 5.225286
282.000 4.649307
283.000 5.315379
284.000 6.007820
285.000 5.920692
286.000 5.830063
287.000 6.210476
288.000 6.705269
289.000 7.200264
290.000 7.875717
291.000 7.002837
292.000 5.827372
293.000 5.533756
294.000 5.181435
295.000 5.477400
296.000 5.811630
297.000 5.939903
298.000 6.082893
299.000 5.868083
300.000 5.678802
301.000 5.860101
302.000 5.979065
303.000 5.175767
304.000 4.513283
305.000 4.292771
306.000 4.152893
307.000 5.352473
308.000 6.528595
309.000 6.731482
310.000 6.976700
311.000 6.399140
312.000 5.801788
313.000 5.765199
314.000 5.727242
315.000 5.695459
316.000 5.659309
317.000 6.321824
318.000 7.154396
319.000 6.227572
320.000 5.204323
321.000 5.802795
322.000 6.450470
323.000 6.431043
324.000 6.410355
325.000 6.267834
326.000 6.118919
327.000 6.402612
328.000 6.743256
329.000 5.712859
330.000 4.684486
331.000 5.570311
332.000 6.631119
333.000 6.315260
334.000 5.934685
335.000 6.039117
336.000 6.144753
337.000 6.233524
338.000 6.338158
339.000 6.151640
340.000 5.932640
341.000 5.759583
342.000 5.574295
343.000 5.078934
344.000 4.600388
345.000 5.191222
346.000 5.861938
347.000 5.712334
348.000 5.561707
349.000 5.379025
350.000 5.237892
351.000 4.208785
352.000 3.405281
353.000 4.331640
354.000 5.333786
355.000 5.732634
356.000 6.177956
357.000 6.111938
358.000 6.053261
359.000 2.216811
