0.000 0.130493
1.000 0.130493
2.000 0.210577
3.000 0.280266
4.000 0.413748
5.000 0.376823
6.000 0.892548
7.000 1.234077
8.000 1.717316
9.000 2.985626
10.000 2.913185
11.000 2.086372
12.000 2.086372
13.000 2.865425
14.000 2.323799
15.000 2.323799
16.000 3.222436
17.000 3.333542
18.000 2.700124
19.000 2.675911
20.000 2.513388
21.000 2.497543
22.000 2.290595
23.000 2.166641
24.000 0.855202
25.000 2.042679
26.000 3.350822
27.000 2.851212
28.000 2.850332
29.000 2.360039
30.000 1.928879
31.000 2.355423
32.000 2.767326
33.000 2.635391
34.000 2.812218
35.000 2.812218
36.000 2.828012
37.000 2.970688
38.000 2.688179
39.000 3.025719
40.000 3.025719
41.000 2.950428
42.000 3.147957
43.000 3.147957
44.000 3.075851
45.000 3.075851
46.000 3.249551
47.000 3.294601
48.000 3.110680
49.000 3.194473
50.000 3.341667
51.000 3.341667
52.000 3.234380
53.000 3.185936
54.000 2.445091
55.000 2.445091
56.000 2.815791
57.000 2.303581
58.000 2.303581
59.000 2.851829
60.000 2.646385
61.000 2.649989
62.000 3.140099
63.000 2.795830
64.000 2.795830
65.000 2.263237
66.000 2.573914
67.000 2.573914
68.000 2.984045
69.000 2.841179
70.000 2.922722
71.000 3.261223
72.000 3.261223
73.000 2.893921
74.000 2.893921
75.000 3.090233
76.000 3.526924
77.000 2.113724
78.000 2.113724
79.000 3.261436
80.000 2.478539
81.000 2.567589
82.000 2.567589
83.000 2.567589
84.000 2.305794
85.000 2.173538
86.000 3.115633
87.000 3.319595
88.000 3.274292
89.000 2.315475
90.000 2.593454
91.000 3.573082
92.000 2.075134
93.000 2.075134
94.000 3.184662
95.000 3.163414
96.000 3.168486
97.000 3.345657
98.000 3.207260
99.000 3.165527
100.000 2.999771
101.000 2.932991
102.000 2.842789
103.000 3.235344
104.000 3.235344
105.000 2.960016
106.000 2.699938
107.000 3.751602
108.000 3.270500
109.000 3.216377
110.000 2.723739
111.000 2.198880
112.000 2.131905
113.000 2.276947
114.000 2.276947
115.000 3.103325
116.000 3.231125
117.000 3.231125
118.000 3.037010
119.000 2.427383
120.000 2.999400
121.000 2.235291
122.000 2.235291
123.000 2.235291
124.000 2.235291
125.000 2.456448
126.000 2.116858
127.000 1.777268
128.000 1.437678
129.000 1.241508
130.000 1.241508
131.000 1.241508
132.000 1.308878
133.000 1.908203
134.000 1.908203
135.000 2.835098
136.000 3.122795
137.000 3.122795
138.000 3.122795
139.000 3.122795
140.000 3.577279
141.000 3.683172
142.000 3.771843
143.000 3.771843
144.000 3.760054
145.000 2.653290
146.000 2.430542
147.000 3.023598
148.000 3.023598
149.000 3.023598
150.000 3.201081
151.000 3.201668
152.000 3.201668
153.000 2.920868
154.000 2.920868
155.000 2.920868
156.000 2.920868
157.000 2.920868
158.000 2.864204
159.000 2.827264
160.000 2.790325
161.000 2.753386
162.000 2.741615
163.000 2.714371
164.000 2.651733
165.000 2.651733
166.000 2.788071
167.000 2.788071
168.000 1.847443
169.000 1.847443
170.000 2.718468
171.000 2.718468
172.000 2.075470
173.000 2.075470
174.000 2.731155
175.000 2.731155
176.000 2.308205
177.000 2.308205
178.000 2.308205
179.000 2.308205
180.000 2.890552
181.000 3.042885
182.000 1.851311
183.000 1.851311
184.000 2.798019
185.000 2.840538
186.000 2.463585
187.000 2.667915
188.000 2.667915
189.000 2.897606
190.000 2.678685
191.000 2.644951
192.000 2.086250
193.000 2.350851
194.000 3.309784
195.000 3.013267
196.000 2.411636
197.000 1.541283
198.000 1.541283
199.000 2.075029
200.000 3.259941
201.000 2.927580
202.000 2.394310
203.000 2.503749
204.000 2.776962
205.000 2.727216
206.000 2.636879
207.000 2.674804
208.000 2.801331
209.000 2.936982
210.000 3.101944
211.000 3.086345
212.000 3.054672
213.000 0.751572
214.000 0.751572
215.000 0.751572
216.000 0.751572
217.000 0.751572
218.000 0.751572
219.000 3.228161
220.000 3.254684
221.000 3.254684
222.000 3.253363
223.000 3.171188
224.000 3.171188
225.000 2.770454
226.000 2.538994
227.000 2.538994
228.000 3.240738
229.000 2.668488
230.000 3.233452
231.000 1.884666
232.000 1.884666
233.000 1.884666
234.000 1.884666
235.000 3.369322
236.000 3.493553
237.000 3.517120
238.000 2.776291
239.000 2.568754
240.000 2.235046
241.000 3.385338
242.000 3.385338
243.000 3.191355
244.000 2.910683
245.000 2.688789
246.000 2.688789
247.000 1.964394
248.000 1.964394
249.000 1.964394
250.000 1.964394
251.000 1.964394
252.000 1.964394
253.000 3.417271
254.000 3.433308
255.000 3.449345
256.000 3.465381
257.000 3.481418
258.000 3.497455
259.000 3.512756
260.000 3.512756
261.000 2.503052
262.000 2.503052
263.000 3.093567
264.000 3.093567
265.000 3.031739
266.000 3.000481
267.000 3.000481
268.000 3.213211
269.000 2.744843
270.000 2.744843
271.000 3.026169
272.000 3.026169
273.000 1.966805
274.000 1.966805
275.000 1.966805
276.000 1.966805
277.000 1.966805
278.000 1.966805
279.000 2.992633
280.000 3.216815
281.000 3.320045
282.000 3.320045
283.000 2.304649
284.000 2.304649
285.000 2.668083
286.000 3.296280
287.000 3.296280
288.000 3.000122
289.000 3.000122
290.000 2.568901
291.000 2.568901
292.000 2.951088
293.000 2.951088
294.000 2.451317
295.000 2.222000
296.000 2.222000
297.000 2.939415
298.000 2.946182
299.000 2.835817
300.000 2.369454
301.000 1.909370
302.000 3.065643
303.000 3.105499
304.000 3.217117
305.000 3.217117
306.000 3.217117
307.000 3.217117
308.000 0.619080
309.000 0.619080
310.000 0.619080
311.000 0.619080
312.000 0.619080
313.000 0.619080
314.000 0.619080
315.000 0.619589
316.000 0.622526
317.000 0.625462
318.000 0.628398
319.000 0.631335
320.000 0.634271
321.000 0.637207
322.000 0.639191
323.000 0.348552
324.000 0.246216
325.000 0.246216
326.000 0.094696
327.000 0.094696
328.000 0.094696
329.000 0.094696
330.000 0.094696
331.000 0.094696
332.000 0.342743
333.000 1.242668
334.000 2.258865
335.000 2.258865
336.000 2.258865
337.000 0.714508
338.000 0.714508
339.000 0.714508
340.000 0.714508
341.000 0.714508
342.000 0.714508
343.000 0.928001
344.000 0.928001
345.000 0.950150
346.000 0.950150
347.000 0.950150
348.000 0.950150
349.000 0.950150
350.000 0.950150
351.000 2.708523
352.000 2.540315
353.000 2.528221
354.000 2.528221
355.000 2.528221
356.000 3.354218
357.000 3.354218
358.000 3.354218
359.000 2.094307
