0.000 0.169449
1.000 1.639122
2.000 1.639122
3.000 3.626055
4.000 3.480653
5.000 3.335252
6.000 3.189850
7.000 3.044448
8.000 2.899047
9.000 2.753645
10.000 2.608243
11.000 2.462841
12.000 3.004448
13.000 4.768341
14.000 4.676270
15.000 4.192764
16.000 4.192764
17.000 4.721939
18.000 2.920967
19.000 2.920967
20.000 4.564873
21.000 4.564873
22.000 3.003807
23.000 3.003807
24.000 4.022400
25.000 3.264236
26.000 3.264236
27.000 3.264236
28.000 4.800472
29.000 5.034630
30.000 3.394224
31.000 3.657433
32.000 3.774195
33.000 3.906067
34.000 3.928579
35.000 3.950775
36.000 4.008888
37.000 4.099421
38.000 4.075777
39.000 4.034744
40.000 3.656889
41.000 3.152946
42.000 3.194578
43.000 3.254387
44.000 3.241005
45.000 3.241005
46.000 3.987132
47.000 4.544785
48.000 4.230932
49.000 3.735813
50.000 4.093937
51.000 4.681290
52.000 1.576210
53.000 1.576210
54.000 2.681205
55.000 4.036095
56.000 3.795513
57.000 3.467857
58.000 3.762449
59.000 4.217598
60.000 3.886128
61.000 3.419159
62.000 4.794815
63.000 4.794815
64.000 4.076027
65.000 4.076027
66.000 3.622017
67.000 3.622017
68.000 4.041664
69.000 4.041664
70.000 3.993286
71.000 3.993286
72.000 4.296316
73.000 4.341415
74.000 3.869560
75.000 3.869560
76.000 3.655334
77.000 3.655334
78.000 2.113068
79.000 2.113068
80.000 2.113068
81.000 2.113068
82.000 2.113068
83.000 2.113068
84.000 4.577383
85.000 4.657181
86.000 4.657181
87.000 4.008369
88.000 3.804497
89.000 4.634262
90.000 4.610680
91.000 4.600952
92.000 4.131488
93.000 3.835159
94.000 4.338264
95.000 4.338264
96.000 4.351698
97.000 4.355087
98.000 4.088919
99.000 4.012238
100.000 3.121948
101.000 3.121948
102.000 3.388521
103.000 3.607559
104.000 4.017550
105.000 4.656272
106.000 4.404558
107.000 3.935374
108.000 4.139228
109.000 4.492995
110.000 3.452622
111.000 2.443527
112.000 2.443527
113.000 2.443527
114.000 4.374802
115.000 4.374802
116.000 2.953880
117.000 2.953880
118.000 2.953880
119.000 2.953880
120.000 2.551277
121.000 2.551277
122.000 2.551277
123.000 3.037483
124.000 3.380783
125.000 3.837303
126.000 3.837303
127.000 4.559085
128.000 4.565544
129.000 4.123998
130.000 3.462990
131.000 3.447311
132.000 3.666328
133.000 3.869209
134.000 4.602827
135.000 4.653915
136.000 4.011246
137.000 3.466133
138.000 3.634732
139.000 3.883469
140.000 3.334396
141.000 3.334396
142.000 3.634213
143.000 4.234344
144.000 4.217386
145.000 4.174113
146.000 4.483437
147.000 5.278755
148.000 4.141144
149.000 4.141144
150.000 4.953125
151.000 4.953125
152.000 4.951965
153.000 4.896434
154.000 4.891907
155.000 4.434746
156.000 4.434746
157.000 4.652327
158.000 4.943680
159.000 4.943680
160.000 4.928983
161.000 4.839853
162.000 4.812622
163.000 4.992325
164.000 4.224724
165.000 4.647034
166.000 4.647034
167.000 5.121128
168.000 5.445198
169.000 5.445198
170.000 4.886444
171.000 4.886444
172.000 4.866767
173.000 4.333336
174.000 4.333336
175.000 4.333336
176.000 4.373515
177.000 4.407051
178.000 4.407051
179.000 5.413269
180.000 5.267956
181.000 4.748024
182.000 4.173200
183.000 4.161224
184.000 4.273348
185.000 4.374481
186.000 4.449783
187.000 4.449783
188.000 3.518860
189.000 3.518860
190.000 5.435829
191.000 5.436600
192.000 3.416985
193.000 3.416985
194.000 3.642866
195.000 4.064590
196.000 4.292098
197.000 4.739937
198.000 4.250743
199.000 3.810669
200.000 5.047112
201.000 5.047112
202.000 4.092041
203.000 4.092041
204.000 4.092041
205.000 4.362474
206.000 4.959160
207.000 4.959160
208.000 4.923503
209.000 4.775826
210.000 4.775826
211.000 4.735176
212.000 2.462768
213.000 2.318016
214.000 2.998161
215.000 4.032247
216.000 4.924278
217.000 3.917427
218.000 3.737076
219.000 3.577354
220.000 4.150673
221.000 5.456169
222.000 3.613923
223.000 3.028831
224.000 3.896298
225.000 4.068130
226.000 4.109071
227.000 4.160431
228.000 4.205779
229.000 4.221115
230.000 3.132622
231.000 3.132622
232.000 3.980565
233.000 4.905128
234.000 4.791730
235.000 4.625641
236.000 4.514789
237.000 4.223756
238.000 3.977787
239.000 3.764329
240.000 3.736394
241.000 3.778076
242.000 4.187269
243.000 4.683777
244.000 2.658859
245.000 2.658859
246.000 3.355042
247.000 4.093895
248.000 4.093804
249.000 4.093712
250.000 4.230991
251.000 4.405807
252.000 4.494618
253.000 4.641373
254.000 4.562533
255.000 4.427895
256.000 4.457151
257.000 4.519974
258.000 4.390960
259.000 4.096405
260.000 4.216483
261.000 4.484314
262.000 4.437478
263.000 4.355347
264.000 4.416349
265.000 4.535118
266.000 4.454703
267.000 4.294861
268.000 4.170616
269.000 3.946907
270.000 3.724077
271.000 3.396576
272.000 3.848078
273.000 4.566650
274.000 4.918077
275.000 5.189240
276.000 4.834489
277.000 4.431099
278.000 4.572764
279.000 4.766861
280.000 4.923862
281.000 5.147438
282.000 4.919850
283.000 4.821167
284.000 4.419174
285.000 4.391487
286.000 4.211349
287.000 4.211349
288.000 4.920065
289.000 4.958328
290.000 5.210504
291.000 5.587578
292.000 3.821945
293.000 3.821945
294.000 3.821945
295.000 4.750641
296.000 4.761052
297.000 5.059433
298.000 4.785528
299.000 4.511734
300.000 3.124756
301.000 3.124756
302.000 3.124756
303.000 3.124756
304.000 2.060394
305.000 2.060394
306.000 2.060394
307.000 2.060394
308.000 2.060394
309.000 3.584037
310.000 4.184532
311.000 4.184532
312.000 3.884689
313.000 3.884689
314.000 4.979950
315.000 5.035133
316.000 4.655357
317.000 4.099113
318.000 4.099113
319.000 3.976662
320.000 3.741580
321.000 3.728935
322.000 4.509926
323.000 3.750771
324.000 3.750771
325.000 4.362877
326.000 4.362877
327.000 4.362877
328.000 4.336044
329.000 4.336044
330.000 2.551384
331.000 2.551384
332.000 2.551384
333.000 3.869965
334.000 4.195610
335.000 4.195610
336.000 4.507149
337.000 4.416946
338.000 4.179428
339.000 4.179428
340.000 3.577187
341.000 3.577187
342.000 3.519135
343.000 3.519135
344.000 3.519135
345.000 3.232269
346.000 3.232269
347.000 0.316383
348.000 0.316383
349.000 0.316383
350.000 0.316383
351.000 0.316383
352.000 0.316383
353.000 0.316383
354.000 0.316383
355.000 0.316383
356.000 0.316383
357.000 0.316383
358.000 0.316383
359.000 0.316383
