0.000 0.221298
1.000 0.221298
2.000 0.221298
3.000 0.208351
4.000 0.205330
5.000 1.406128
6.000 1.034035
7.000 1.034035
8.000 1.064865
9.000 1.064865
10.000 0.443146
11.000 0.443146
12.000 0.443146
13.000 2.907242
14.000 2.825226
15.000 2.823257
16.000 2.845799
17.000 3.621750
18.000 5.214592
19.000 7.473503
20.000 3.659004
21.000 3.659004
22.000 7.736900
23.000 7.736900
24.000 7.741478
25.000 1.793015
26.000 1.793015
27.000 1.793015
28.000 1.793015
29.000 1.793015
30.000 1.793015
31.000 5.948281
32.000 7.645988
33.000 7.478209
34.000 6.543030
35.000 5.607851
36.000 4.672672
37.000 4.429100
38.000 5.195007
39.000 5.195007
40.000 4.090117
41.000 2.772919
42.000 2.772919
43.000 2.772919
44.000 3.184921
45.000 3.871910
46.000 3.871910
47.000 2.658951
48.000 2.658951
49.000 6.208031
50.000 6.208031
51.000 5.935860
52.000 8.166183
53.000 4.291855
54.000 3.166306
55.000 3.166306
56.000 3.147079
57.000 3.147079
58.000 2.364876
59.000 2.364876
60.000 3.040810
61.000 3.040810
62.000 2.539169
63.000 2.539169
64.000 2.776764
65.000 2.776764
66.000 1.813004
67.000 1.813004
68.000 1.813004
69.000 2.585999
70.000 2.585999
71.000 2.295601
72.000 2.295601
73.000 1.855339
74.000 1.855339
75.000 1.855339
76.000 2.024414
77.000 2.024414
78.000 2.108302
79.000 2.242020
80.000 2.242020
81.000 2.115112
82.000 2.189450
83.000 2.194077
84.000 2.194077
85.000 2.708168
86.000 2.708168
87.000 2.149170
88.000 2.615173
89.000 2.615173
90.000 2.816338
91.000 2.816338
92.000 2.635483
93.000 2.635483
94.000 2.633575
95.000 2.633575
96.000 2.594307
97.000 2.594307
98.000 2.180378
99.000 2.011467
100.000 2.011467
101.000 2.212944
102.000 2.141655
103.000 2.141655
104.000 2.230348
105.000 2.318085
106.000 1.883438
107.000 1.883438
108.000 2.079954
109.000 2.145081
110.000 2.145081
111.000 1.816917
112.000 1.816917
113.000 1.819641
114.000 1.819641
115.000 2.272919
116.000 2.272919
117.000 2.293259
118.000 2.293259
119.000 2.705673
120.000 2.705673
121.000 2.402664
122.000 2.402664
123.000 2.592049
124.000 2.592049
125.000 2.796577
126.000 2.701386
127.000 2.551376
128.000 2.551376
129.000 2.970161
130.000 2.970161
131.000 3.006783
132.000 3.006783
133.000 3.006783
134.000 2.910044
135.000 2.768491
136.000 2.754250
137.000 2.608475
138.000 2.608475
139.000 2.292824
140.000 2.292824
141.000 2.583845
142.000 2.527146
143.000 2.470448
144.000 2.469688
145.000 2.000832
146.000 2.000832
147.000 1.698761
148.000 2.534515
149.000 2.534515
150.000 1.937798
151.000 1.937798
152.000 2.132700
153.000 2.273109
154.000 2.273109
155.000 2.451460
156.000 2.842545
157.000 3.010509
158.000 3.163437
159.000 2.200630
160.000 2.555504
161.000 2.555504
162.000 2.597778
163.000 2.675227
164.000 2.306786
165.000 2.306786
166.000 2.306786
167.000 4.071733
168.000 4.399605
169.000 4.919838
170.000 7.416046
171.000 7.416046
172.000 6.563677
173.000 4.670502
174.000 4.670502
175.000 4.670502
176.000 4.602427
177.000 4.524956
178.000 6.207962
179.000 5.600085
180.000 5.798203
181.000 5.709417
182.000 5.467262
183.000 5.707880
184.000 6.521263
185.000 6.441084
186.000 6.060022
187.000 5.477091
188.000 3.483414
189.000 3.381097
190.000 3.034698
191.000 3.056215
192.000 3.323801
193.000 3.353180
194.000 2.085808
195.000 2.085808
196.000 2.085808
197.000 2.085808
198.000 2.085808
199.000 2.085808
200.000 1.469032
201.000 1.469032
202.000 1.469032
203.000 1.469032
204.000 1.469032
205.000 1.469032
206.000 1.491216
207.000 1.653842
208.000 1.816468
209.000 1.979094
210.000 2.141720
211.000 2.210320
212.000 1.586876
213.000 1.586876
214.000 1.912454
215.000 2.068008
216.000 1.844185
217.000 1.844185
218.000 1.109604
219.000 1.109604
220.000 1.248146
221.000 1.248146
222.000 2.121193
223.000 2.121193
224.000 2.095472
225.000 2.012878
226.000 0.953354
227.000 0.953354
228.000 0.953354
229.000 1.660414
230.000 1.657585
231.000 1.914833
232.000 1.914833
233.000 1.951848
234.000 2.497993
235.000 2.497993
236.000 2.257683
237.000 2.257683
238.000 2.239563
239.000 2.093819
240.000 1.534284
241.000 2.092770
242.000 2.396057
243.000 2.383041
244.000 3.297386
245.000 2.032852
246.000 2.528465
247.000 2.534653
248.000 2.534653
249.000 2.448463
250.000 2.389160
251.000 1.891312
252.000 1.891312
253.000 2.544907
254.000 2.407799
255.000 2.407799
256.000 2.400647
257.000 2.380526
258.000 2.109375
259.000 2.611732
260.000 2.530479
261.000 1.930496
262.000 1.877098
263.000 1.877098
264.000 4.029198
265.000 3.468597
266.000 2.536263
267.000 2.470888
268.000 2.379555
269.000 2.436203
270.000 2.436203
271.000 1.901131
272.000 1.901131
273.000 2.467651
274.000 2.467651
275.000 1.669846
276.000 1.669846
277.000 1.754341
278.000 2.373901
279.000 2.373901
280.000 2.627342
281.000 2.627342
282.000 2.602344
283.000 2.586098
284.000 2.944946
285.000 3.047676
286.000 3.047676
287.000 1.897865
288.000 2.364723
289.000 2.364723
290.000 2.364723
291.000 2.428433
292.000 2.448769
293.000 2.591797
294.000 2.591797
295.000 2.498421
296.000 2.498421
297.000 1.911140
298.000 2.354639
299.000 2.571083
300.000 1.816391
301.000 1.816391
302.000 1.295914
303.000 1.295914
304.000 2.001625
305.000 2.001625
306.000 2.519981
307.000 1.889175
308.000 2.134468
309.000 1.817710
310.000 1.693367
311.000 2.162117
312.000 1.626541
313.000 1.626541
314.000 2.148182
315.000 2.115898
316.000 2.115898
317.000 2.115898
318.000 2.115898
319.000 2.115898
320.000 1.762901
321.000 1.762901
322.000 1.762901
323.000 1.762901
324.000 1.738681
325.000 1.670647
326.000 1.670647
327.000 1.670647
328.000 1.670647
329.000 1.779114
330.000 1.779114
331.000 2.392075
332.000 2.392075
333.000 2.392075
334.000 1.803017
335.000 1.803017
336.000 2.714066
337.000 2.664513
338.000 2.664513
339.000 3.568909
340.000 3.568909
341.000 3.310523
342.000 2.864576
343.000 2.969381
344.000 3.072182
345.000 3.698364
346.000 3.850220
347.000 2.515617
348.000 4.414703
349.000 3.574905
350.000 2.623138
351.000 2.623138
352.000 3.440451
353.000 3.648979
354.000 2.951057
355.000 3.452530
356.000 2.032249
357.000 2.032249
358.000 2.032249
359.000 2.172447
