0.000 1.181282
1.000 1.181282
2.000 1.181282
3.000 1.181282
4.000 1.181282
5.000 1.181282
6.000 1.181282
7.000 1.181282
8.000 1.181282
9.000 1.181282
10.000 1.181282
11.000 1.181282
12.000 1.245701
13.000 1.649808
14.000 2.053915
15.000 2.458022
16.000 2.472984
17.000 3.166550
18.000 3.166847
19.000 2.745193
20.000 3.178773
21.000 3.223190
22.000 3.225227
23.000 2.744317
24.000 2.254189
25.000 3.052986
26.000 1.189896
27.000 1.189896
28.000 1.189896
29.000 1.189896
30.000 1.799850
31.000 1.799850
32.000 3.341423
33.000 2.344955
34.000 2.344955
35.000 2.358806
36.000 2.407143
37.000 2.400960
38.000 2.397102
39.000 3.087494
40.000 3.278397
41.000 2.913254
42.000 2.681373
43.000 3.567329
44.000 3.567329
45.000 3.015144
46.000 3.015144
47.000 2.437683
48.000 3.058274
49.000 3.177953
50.000 2.763550
51.000 3.136635
52.000 3.415298
53.000 3.415298
54.000 2.984660
55.000 2.766260
56.000 2.389771
57.000 3.084480
58.000 3.623131
59.000 3.154449
60.000 3.070763
61.000 2.817816
62.000 2.697327
63.000 3.733574
64.000 3.133591
65.000 2.923973
66.000 2.923973
67.000 2.833233
68.000 2.125793
69.000 2.624771
70.000 3.448227
71.000 3.448227
72.000 2.656570
73.000 3.066772
74.000 3.066772
75.000 3.128128
76.000 3.128128
77.000 3.195671
78.000 2.804535
79.000 2.804535
80.000 2.804535
81.000 2.812996
82.000 2.812996
83.000 2.812996
84.000 2.808113
85.000 2.647539
86.000 2.486965
87.000 2.452553
88.000 2.730263
89.000 2.730263
90.000 2.774124
91.000 2.774124
92.000 2.441238
93.000 2.469843
94.000 2.486732
95.000 3.257431
96.000 3.237823
97.000 3.237823
98.000 3.275316
99.000 3.548163
100.000 3.821011
101.000 3.837540
102.000 2.806747
103.000 2.071556
104.000 3.202812
105.000 3.202812
106.000 3.213051
107.000 3.213051
108.000 3.140724
109.000 3.140724
110.000 3.140724
111.000 2.909134
112.000 2.909134
113.000 3.070876
114.000 3.286011
115.000 3.286011
116.000 3.678378
117.000 3.785423
118.000 2.434868
119.000 2.434868
120.000 2.434868
121.000 2.500580
122.000 2.500580
123.000 2.901405
124.000 2.901405
125.000 3.225243
126.000 3.225243
127.000 3.225243
128.000 3.225243
129.000 2.629759
130.000 2.639789
131.000 2.649818
132.000 2.659848
133.000 2.664635
134.000 2.664635
135.000 3.105614
136.000 2.452705
137.000 2.452705
138.000 2.894493
139.000 2.288399
140.000 2.288399
141.000 2.288399
142.000 2.506599
143.000 2.506599
144.000 2.268692
145.000 2.268692
146.000 2.268692
147.000 2.846366
148.000 3.298820
149.000 2.701721
150.000 2.701721
151.000 2.893356
152.000 2.893356
153.000 3.207551
154.000 3.504555
155.000 3.504555
156.000 2.032257
157.000 2.032257
158.000 2.429753
159.000 2.722778
160.000 2.750992
161.000 3.554329
162.000 1.772209
163.000 1.772209
164.000 1.772209
165.000 1.712708
166.000 1.712708
167.000 1.712708
168.000 1.712708
169.000 3.108887
170.000 3.108887
171.000 2.889687
172.000 2.889687
173.000 2.889687
174.000 2.583725
175.000 2.583725
176.000 2.676113
177.000 3.028187
178.000 3.313759
179.000 3.313759
180.000 2.240425
181.000 2.240425
182.000 2.558174
183.000 2.558174
184.000 1.677872
185.000 1.677872
186.000 1.677872
187.000 1.677872
188.000 2.968155
189.000 2.968155
190.000 2.968155
191.000 3.190414
192.000 3.264038
193.000 3.264038
194.000 3.099777
195.000 2.568504
196.000 2.568504
197.000 2.568504
198.000 2.090065
199.000 2.090065
200.000 2.090065
201.000 3.330475
202.000 3.330475
203.000 3.233419
204.000 2.592804
205.000 2.592804
206.000 2.592804
207.000 2.837576
208.000 2.813027
209.000 2.802513
210.000 2.802513
211.000 2.449104
212.000 2.449104
213.000 2.552788
214.000 2.552788
215.000 2.691872
216.000 2.691872
217.000 2.002945
218.000 2.002945
219.000 2.072319
220.000 2.072319
221.000 1.788803
222.000 1.788803
223.000 1.788803
224.000 3.153618
225.000 3.262238
226.000 3.262238
227.000 2.227501
228.000 2.227501
229.000 2.227501
230.000 2.227501
231.000 2.435708
232.000 2.767559
233.000 3.099411
234.000 3.341133
235.000 3.341133
236.000 3.341133
237.000 1.641219
238.000 0.782295
239.000 0.590683
240.000 0.590683
241.000 0.590683
242.000 0.449677
243.000 0.449677
244.000 0.449677
245.000 1.750259
246.000 1.929779
247.000 1.929779
248.000 3.273872
249.000 0.581596
250.000 0.581596
251.000 0.581596
252.000 0.581596
253.000 2.165565
254.000 2.533901
255.000 2.917022
256.000 3.180977
257.000 3.180977
258.000 1.663605
259.000 2.795959
260.000 3.267250
261.000 2.472824
262.000 2.654953
263.000 2.654953
264.000 2.128799
265.000 2.949562
266.000 2.239357
267.000 2.239357
268.000 3.016068
269.000 3.016068
270.000 3.090630
271.000 3.090630
272.000 3.090630
273.000 2.025948
274.000 2.025948
275.000 2.025948
276.000 0.945633
277.000 0.945633
278.000 0.945633
279.000 0.945633
280.000 0.945633
281.000 0.945633
282.000 0.945633
283.000 0.945633
284.000 2.274679
285.000 2.141434
286.000 2.141434
287.000 2.141434
288.000 2.141434
289.000 3.088654
290.000 3.088654
291.000 3.255974
292.000 3.255974
293.000 2.618263
294.000 1.805099
295.000 1.805099
296.000 2.920341
297.000 2.920341
298.000 3.320763
299.000 3.320763
300.000 3.320763
301.000 3.313599
302.000 3.287008
303.000 3.260417
304.000 3.233826
305.000 3.220329
306.000 3.220329
307.000 3.229485
308.000 3.229485
309.000 3.229485
310.000 2.259657
311.000 2.000977
312.000 2.000977
313.000 2.851929
314.000 2.851929
315.000 2.514763
316.000 2.514763
317.000 3.155716
318.000 3.077622
319.000 2.724663
320.000 2.814438
321.000 2.814438
322.000 2.814438
323.000 3.352142
324.000 3.508087
325.000 3.508087
326.000 2.553169
327.000 2.553169
328.000 2.553169
329.000 2.672086
330.000 2.922222
331.000 3.094055
332.000 3.094055
333.000 2.774406
334.000 2.774406
335.000 2.825309
336.000 3.618019
337.000 3.043205
338.000 1.959419
339.000 1.959419
340.000 2.898270
341.000 2.898270
342.000 2.898270
343.000 2.898270
344.000 1.567877
345.000 1.173225
346.000 0.778574
347.000 0.664009
348.000 0.664009
349.000 0.664009
350.000 0.776480
351.000 0.960433
352.000 1.068527
353.000 1.068527
354.000 1.032410
355.000 1.090546
356.000 1.090546
357.000 2.696236
358.000 3.169380
359.000 2.260452
