0.000 0.386246
1.000 0.386246
2.000 0.386246
3.000 0.386246
4.000 0.386246
5.000 1.438530
6.000 12.804214
7.000 12.804214
8.000 12.804214
9.000 12.804214
10.000 4.755406
11.000 4.748543
12.000 7.032867
13.000 5.303642
14.000 5.535420
15.000 2.382576
16.000 4.349976
17.000 6.781159
18.000 7.549614
19.000 7.549614
20.000 7.549614
21.000 7.549614
22.000 7.549614
23.000 7.549614
24.000 8.009675
25.000 8.907913
26.000 9.896767
27.000 11.122154
28.000 7.291959
29.000 6.065140
30.000 6.492444
31.000 7.221115
32.000 5.751129
33.000 4.894531
34.000 6.282263
35.000 8.800232
36.000 6.245159
37.000 4.261681
38.000 4.697358
39.000 5.255615
40.000 5.340424
41.000 5.451576
42.000 4.525739
43.000 3.327667
44.000 3.672081
45.000 3.672081
46.000 4.448078
47.000 4.687881
48.000 4.741165
49.000 4.741165
50.000 4.178802
51.000 4.178802
52.000 4.178802
53.000 4.671356
54.000 4.671356
55.000 4.671356
56.000 5.162048
57.000 5.162048
58.000 5.478760
59.000 5.478760
60.000 5.173492
61.000 5.173492
62.000 5.135910
63.000 5.135910
64.000 6.195953
65.000 6.195953
66.000 5.711687
67.000 5.571960
68.000 5.571960
69.000 5.228799
70.000 5.143845
71.000 4.470215
72.000 4.708763
73.000 4.240738
74.000 3.732237
75.000 3.549446
76.000 3.644637
77.000 3.670212
78.000 2.779381
79.000 2.779381
80.000 3.111722
81.000 3.380547
82.000 4.434596
83.000 7.423523
84.000 4.203522
85.000 4.203522
86.000 4.777848
87.000 5.717674
88.000 5.060191
89.000 3.991379
90.000 4.623137
91.000 6.626129
92.000 7.288721
93.000 9.835369
94.000 9.045868
95.000 4.803314
96.000 5.668648
97.000 9.286531
98.000 9.569026
99.000 8.938733
100.000 8.915423
101.000 8.979306
102.000 8.814846
103.000 8.166230
104.000 8.332010
105.000 9.072800
106.000 9.030905
107.000 8.670547
108.000 8.696212
109.000 8.795234
110.000 8.776520
111.000 8.573376
112.000 8.001319
113.000 6.121937
114.000 6.081266
115.000 7.226530
116.000 7.770516
117.000 8.596598
118.000 8.481594
119.000 6.787866
120.000 6.549530
121.000 7.523461
122.000 7.898589
123.000 8.024254
124.000 8.192332
125.000 8.652766
126.000 8.809075
127.000 8.791249
128.000 8.697865
129.000 8.345854
130.000 7.138147
131.000 3.370552
132.000 3.715853
133.000 5.022907
134.000 5.800741
135.000 8.145245
136.000 8.525371
137.000 6.222838
138.000 5.616067
139.000 5.189478
140.000 5.307164
141.000 6.018566
142.000 6.028715
143.000 6.048255
144.000 6.564874
145.000 8.488602
146.000 8.197583
147.000 4.546098
148.000 4.545516
149.000 4.898511
150.000 4.731101
151.000 3.862808
152.000 3.993609
153.000 4.470666
154.000 4.892853
155.000 6.329957
156.000 8.310716
157.000 12.219971
158.000 11.499351
159.000 8.965736
160.000 7.256871
161.000 4.213684
162.000 4.235802
163.000 4.284126
164.000 4.573920
165.000 5.519508
166.000 5.425781
167.000 5.174843
168.000 5.233476
169.000 5.264290
170.000 5.349002
171.000 5.407059
172.000 5.516249
173.000 5.618187
174.000 5.579825
175.000 5.532913
176.000 5.580842
177.000 5.644714
178.000 5.636975
179.000 5.625725
180.000 5.878358
181.000 6.577034
182.000 6.590072
183.000 6.640768
184.000 6.134914
185.000 4.276314
186.000 5.010752
187.000 7.790794
188.000 8.522533
189.000 7.924335
190.000 7.924490
191.000 8.557457
192.000 9.426821
193.000 11.784891
194.000 11.798512
195.000 7.667837
196.000 7.144545
197.000 7.009433
198.000 6.885409
199.000 6.489585
200.000 6.380642
201.000 6.181256
202.000 6.276367
203.000 6.714561
204.000 6.752953
205.000 6.752953
206.000 8.753749
207.000 9.196915
208.000 9.196915
209.000 7.793030
210.000 7.793030
211.000 6.047356
212.000 6.047356
213.000 5.122076
214.000 3.601166
215.000 3.601166
216.000 3.877035
217.000 4.372482
218.000 4.372482
219.000 3.270218
220.000 3.285093
221.000 3.863365
222.000 3.863365
223.000 3.863365
224.000 4.077980
225.000 4.077980
226.000 4.077980
227.000 5.015450
228.000 5.015450
229.000 5.015450
230.000 5.015450
231.000 6.902105
232.000 7.869492
233.000 7.869492
234.000 4.916237
235.000 4.916237
236.000 5.486557
237.000 5.249966
238.000 4.706308
239.000 4.561722
240.000 4.396523
241.000 4.531776
242.000 4.531776
243.000 4.290550
244.000 4.290550
245.000 4.330981
246.000 4.536025
247.000 4.590782
248.000 4.590782
249.000 4.000793
250.000 4.086470
251.000 4.933197
252.000 4.933197
253.000 4.423813
254.000 4.604492
255.000 4.604492
256.000 4.622210
257.000 4.792281
258.000 4.884476
259.000 4.884476
260.000 4.807289
261.000 4.807289
262.000 6.756593
263.000 7.941528
264.000 5.002724
265.000 2.110321
266.000 2.110321
267.000 2.110321
268.000 4.118835
269.000 4.846977
270.000 4.846977
271.000 4.336273
272.000 4.336273
273.000 4.628021
274.000 4.628021
275.000 4.620163
276.000 4.620163
277.000 5.034294
278.000 5.034294
279.000 4.914027
280.000 4.741025
281.000 4.734573
282.000 5.239517
283.000 5.239517
284.000 5.318627
285.000 5.709904
286.000 5.722748
287.000 4.381721
288.000 4.551459
289.000 5.036118
290.000 4.210815
291.000 4.802979
292.000 4.802979
293.000 4.820374
294.000 5.287384
295.000 4.991014
296.000 4.165787
297.000 4.067429
298.000 3.789943
299.000 3.266991
300.000 3.414413
301.000 3.414413
302.000 4.264964
303.000 7.484522
304.000 9.588970
305.000 10.792257
306.000 10.146090
307.000 6.845122
308.000 6.221609
309.000 4.325317
310.000 4.841990
311.000 6.790357
312.000 6.978644
313.000 6.256621
314.000 7.117206
315.000 11.582015
316.000 9.741307
317.000 5.451385
318.000 5.419564
319.000 5.336182
320.000 5.294323
321.000 5.134666
322.000 5.181400
323.000 5.574701
324.000 5.739784
325.000 5.739784
326.000 7.036768
327.000 12.079824
328.000 11.366850
329.000 5.798843
330.000 5.677425
331.000 5.362282
332.000 5.375393
333.000 5.396416
334.000 4.939201
335.000 4.939201
336.000 4.956290
337.000 5.562943
338.000 5.562943
339.000 5.355217
340.000 5.355217
341.000 4.742653
342.000 4.742653
343.000 4.733948
344.000 4.733948
345.000 4.733948
346.000 4.467049
347.000 4.467049
348.000 4.467049
349.000 4.716736
350.000 4.716736
351.000 4.716736
352.000 4.699661
353.000 4.699661
354.000 4.894169
355.000 6.119675
356.000 6.119675
357.000 4.686440
358.000 4.686440
359.000 4.701442
