0.000 0.339294
1.000 0.339294
2.000 5.285980
3.000 5.285980
4.000 3.983879
5.000 3.983879
6.000 3.983879
7.000 3.198135
8.000 3.198135
9.000 6.130203
10.000 6.130203
11.000 7.946472
12.000 7.946472
13.000 8.095311
14.000 8.166473
15.000 5.165016
16.000 5.165016
17.000 5.344293
18.000 6.526213
19.000 6.546150
20.000 5.258598
21.000 5.258598
22.000 4.854012
23.000 4.854012
24.000 4.787945
25.000 4.785019
26.000 4.489365
27.000 4.489365
28.000 4.140541
29.000 4.140541
30.000 4.157129
31.000 4.182899
32.000 4.196487
33.000 4.604347
34.000 3.553398
35.000 3.553398
36.000 3.553398
37.000 3.553398
38.000 3.258514
39.000 3.258514
40.000 3.258514
41.000 3.120834
42.000 2.867598
43.000 2.753387
44.000 2.753387
45.000 2.753387
46.000 2.753387
47.000 2.753387
48.000 2.631435
49.000 2.204475
50.000 2.204475
51.000 2.204475
52.000 3.497643
53.000 3.497643
54.000 3.497643
55.000 4.407730
56.000 4.407730
57.000 5.966731
58.000 6.923676
59.000 4.538656
60.000 4.344971
61.000 4.344971
62.000 3.885040
63.000 4.319740
64.000 4.291246
65.000 3.964589
66.000 3.758385
67.000 5.125653
68.000 6.451348
69.000 5.703223
70.000 4.994003
71.000 4.994003
72.000 4.988055
73.000 4.391899
74.000 4.391899
75.000 8.450957
76.000 9.263580
77.000 7.992515
78.000 7.433702
79.000 5.210874
80.000 4.955200
81.000 4.257294
82.000 4.260454
83.000 4.586855
84.000 3.406845
85.000 3.406845
86.000 3.408653
87.000 6.058428
88.000 6.177517
89.000 6.804931
90.000 6.882946
91.000 7.157579
92.000 7.251836
93.000 3.835078
94.000 3.841192
95.000 6.245721
96.000 7.348359
97.000 5.987909
98.000 5.487828
99.000 5.930987
100.000 6.129111
101.000 4.346145
102.000 4.250023
103.000 6.517811
104.000 7.410107
105.000 7.494598
106.000 7.531883
107.000 4.905500
108.000 4.088142
109.000 5.899490
110.000 6.980667
111.000 7.102153
112.000 7.181931
113.000 6.242911
114.000 5.703230
115.000 5.358503
116.000 5.180508
117.000 4.924690
118.000 4.853155
119.000 5.054183
120.000 5.092294
121.000 3.442833
122.000 3.452886
123.000 4.393996
124.000 4.697725
125.000 4.833831
126.000 4.878437
127.000 4.186013
128.000 4.134094
129.000 3.392258
130.000 3.392258
131.000 5.352358
132.000 6.001137
133.000 4.783791
134.000 4.560100
135.000 5.581948
136.000 5.981847
137.000 5.844210
138.000 5.805817
139.000 6.743634
140.000 7.439125
141.000 6.504383
142.000 5.710503
143.000 6.956663
144.000 8.159714
145.000 7.283976
146.000 6.514969
147.000 5.678350
148.000 5.155510
149.000 5.058302
150.000 4.991592
151.000 5.009969
152.000 5.024536
153.000 5.240910
154.000 5.394379
155.000 4.209336
156.000 3.997452
157.000 4.204007
158.000 4.297379
159.000 5.581525
160.000 6.702065
161.000 6.923246
162.000 7.102448
163.000 4.282666
164.000 3.963692
165.000 5.068443
166.000 5.423233
167.000 6.735844
168.000 7.765717
169.000 6.841791
170.000 6.146828
171.000 6.974046
172.000 7.806175
173.000 7.449590
174.000 7.117599
175.000 6.490078
176.000 6.060722
177.000 5.143766
178.000 4.719696
179.000 4.740870
180.000 4.751312
181.000 6.087385
182.000 7.340187
183.000 7.641445
184.000 7.940697
185.000 7.934725
186.000 7.928917
187.000 5.085329
188.000 4.175743
189.000 3.628666
190.000 3.600609
191.000 4.374123
192.000 4.622559
193.000 3.068138
194.000 3.068138
195.000 2.549652
196.000 2.549652
197.000 2.904305
198.000 2.904305
199.000 3.584192
200.000 3.704834
201.000 2.586891
202.000 2.586891
203.000 1.840599
204.000 1.840599
205.000 4.010610
206.000 4.783821
207.000 3.203316
208.000 3.203316
209.000 3.934444
210.000 4.365990
211.000 4.113863
212.000 3.976570
213.000 3.719052
214.000 3.574997
215.000 4.751111
216.000 5.867363
217.000 3.970989
218.000 3.507301
219.000 3.876964
220.000 4.143791
221.000 4.440096
222.000 4.647728
223.000 3.493660
224.000 2.830025
225.000 4.067948
226.000 5.096336
227.000 3.771369
228.000 3.428009
229.000 4.504315
230.000 5.012825
231.000 3.948889
232.000 3.479355
233.000 3.800190
234.000 4.008385
235.000 3.366883
236.000 3.197685
237.000 4.777292
238.000 6.321800
239.000 5.417479
240.000 4.804123
241.000 5.305095
242.000 5.773262
243.000 6.384312
244.000 7.057739
245.000 6.877027
246.000 6.695633
247.000 4.806769
248.000 3.640450
249.000 3.314052
250.000 3.175728
251.000 3.903814
252.000 4.340355
253.000 4.433556
254.000 4.512627
255.000 4.038523
256.000 3.759682
257.000 4.402392
258.000 4.758545
259.000 4.979393
260.000 5.123436
261.000 4.100894
262.000 3.765465
263.000 2.292206
264.000 2.292206
265.000 3.758730
266.000 4.609291
267.000 4.024596
268.000 3.718826
269.000 3.240291
270.000 3.205948
271.000 3.047844
272.000 3.047844
273.000 2.596779
274.000 2.596779
275.000 3.627968
276.000 4.002983
277.000 4.577809
278.000 5.024727
279.000 5.006575
280.000 4.993256
281.000 5.500979
282.000 5.993607
283.000 3.427873
284.000 3.089470
285.000 3.953411
286.000 4.428818
287.000 3.571529
288.000 3.387306
289.000 2.101700
290.000 2.101700
291.000 3.644042
292.000 4.754707
293.000 3.840910
294.000 3.548134
295.000 3.949440
296.000 4.209991
297.000 2.477608
298.000 2.477608
299.000 3.143735
300.000 3.329613
301.000 4.153971
302.000 4.720581
303.000 3.384655
304.000 3.296646
305.000 4.909996
306.000 6.117287
307.000 6.129873
308.000 6.139343
309.000 3.131859
310.000 3.131859
311.000 3.935592
312.000 4.522057
313.000 5.216137
314.000 5.800255
315.000 4.381104
316.000 3.782257
317.000 3.700692
318.000 3.659103
319.000 3.529286
320.000 3.463448
321.000 3.609328
322.000 3.704521
323.000 4.640468
324.000 5.538940
325.000 5.777226
326.000 6.023567
327.000 5.791205
328.000 5.552559
329.000 5.971240
330.000 6.441971
331.000 6.810829
332.000 7.231911
333.000 6.362410
334.000 5.637329
335.000 3.378844
336.000 2.999031
337.000 2.934548
338.000 2.918259
339.000 2.615365
340.000 2.601051
341.000 1.669044
342.000 1.669044
343.000 2.965474
344.000 3.215157
345.000 2.735277
346.000 2.732277
347.000 4.173421
348.000 5.925285
349.000 6.262107
350.000 6.934833
351.000 6.938545
352.000 6.929977
353.000 7.517997
354.000 8.669435
355.000 6.996992
356.000 4.272774
357.000 4.025039
358.000 3.676857
359.000 3.901848
