0.000 0.081238
1.000 0.081238
2.000 0.081238
3.000 0.081238
4.000 1.312424
5.000 4.685426
6.000 4.606888
7.000 6.470467
8.000 6.511594
9.000 6.372337
10.000 6.372337
11.000 6.372337
12.000 7.272812
13.000 6.525894
14.000 6.567263
15.000 6.586258
16.000 6.432402
17.000 6.385345
18.000 6.269760
19.000 6.267380
20.000 6.396240
21.000 6.396240
22.000 6.583880
23.000 6.586418
24.000 6.015127
25.000 5.938889
26.000 4.316513
27.000 4.316513
28.000 6.283310
29.000 6.283310
30.000 6.129532
31.000 6.129532
32.000 6.170799
33.000 6.170799
34.000 5.703072
35.000 5.703072
36.000 5.763153
37.000 5.763153
38.000 6.540680
39.000 6.540680
40.000 6.549212
41.000 6.557014
42.000 6.557014
43.000 6.236702
44.000 6.242554
45.000 6.583710
46.000 6.718056
47.000 6.718056
48.000 6.436378
49.000 6.436378
50.000 5.791639
51.000 5.697266
52.000 6.565318
53.000 6.682297
54.000 6.179118
55.000 5.798492
56.000 6.491845
57.000 6.760231
58.000 6.813141
59.000 6.813141
60.000 6.440941
61.000 6.440941
62.000 6.494041
63.000 6.554398
64.000 6.487834
65.000 6.375122
66.000 6.431114
67.000 6.431114
68.000 6.620228
69.000 6.632149
70.000 6.453696
71.000 6.437546
72.000 7.856536
73.000 8.402512
74.000 6.411911
75.000 6.411911
76.000 6.556704
77.000 6.654007
78.000 6.545983
79.000 6.403816
80.000 6.389138
81.000 6.382347
82.000 5.870956
83.000 5.109594
84.000 2.591293
85.000 2.591293
86.000 6.701393
87.000 5.346855
88.000 6.671524
89.000 5.021790
90.000 5.699851
91.000 6.699432
92.000 5.864861
93.000 5.601044
94.000 5.601044
95.000 5.601044
96.000 5.263016
97.000 5.793315
98.000 6.247330
99.000 3.654938
100.000 4.878079
101.000 6.251358
102.000 6.005819
103.000 5.420756
104.000 5.184677
105.000 5.184677
106.000 5.575791
107.000 0.960701
108.000 1.892540
109.000 4.576121
110.000 4.634972
111.000 6.431099
112.000 5.256844
113.000 5.517448
114.000 5.851944
115.000 5.061607
116.000 4.844368
117.000 4.777505
118.000 4.739693
119.000 4.849724
120.000 4.849724
121.000 5.362114
122.000 5.362114
123.000 6.599205
124.000 6.599205
125.000 6.614174
126.000 6.614174
127.000 6.622056
128.000 6.635701
129.000 6.649345
130.000 6.653496
131.000 6.653496
132.000 6.653496
133.000 6.494178
134.000 6.453133
135.000 6.453133
136.000 6.353951
137.000 6.126992
138.000 5.537407
139.000 5.537407
140.000 5.537407
141.000 6.655525
142.000 7.074503
143.000 7.001748
144.000 6.044487
145.000 6.117892
146.000 1.705887
147.000 1.705887
148.000 1.652573
149.000 1.652573
150.000 6.466178
151.000 4.823441
152.000 4.823441
153.000 4.902458
154.000 4.951733
155.000 5.129921
156.000 4.786341
157.000 3.611458
158.000 3.804728
159.000 4.937080
160.000 5.352530
161.000 6.425758
162.000 6.328333
163.000 5.058540
164.000 5.190883
165.000 5.867706
166.000 5.785715
167.000 5.355446
168.000 5.441281
169.000 5.947149
170.000 5.811289
171.000 5.256523
172.000 5.287961
173.000 5.322395
174.000 5.465812
175.000 6.321115
176.000 6.163589
177.000 5.377220
178.000 5.438684
179.000 5.605247
180.000 5.650237
181.000 5.784790
182.000 5.771784
183.000 5.730766
184.000 5.902775
185.000 6.424690
186.000 6.413625
187.000 6.373497
188.000 5.127472
189.000 5.127472
190.000 5.555824
191.000 5.617088
192.000 5.617088
193.000 5.617088
194.000 6.492314
195.000 6.677208
196.000 6.677208
197.000 5.509163
198.000 5.509163
199.000 6.234871
200.000 6.234871
201.000 6.234871
202.000 6.391047
203.000 6.554909
204.000 6.652031
205.000 6.707283
206.000 6.163033
207.000 6.398591
208.000 6.428368
209.000 6.300469
210.000 6.262680
211.000 5.822945
212.000 5.822945
213.000 5.659096
214.000 5.667858
215.000 6.233986
216.000 6.233986
217.000 5.974213
218.000 5.974213
219.000 6.313725
220.000 6.399734
221.000 6.409195
222.000 6.647675
223.000 6.647675
224.000 6.510757
225.000 6.510757
226.000 6.443321
227.000 6.443321
228.000 6.676239
229.000 5.228439
230.000 5.228439
231.000 5.228439
232.000 5.672447
233.000 5.672447
234.000 6.348007
235.000 6.348007
236.000 5.805573
237.000 5.805573
238.000 6.020071
239.000 6.308075
240.000 6.300476
241.000 6.214256
242.000 6.216755
243.000 6.276705
244.000 6.296310
245.000 6.243856
246.000 6.191277
247.000 6.191277
248.000 6.191277
249.000 6.191277
250.000 6.191277
251.000 6.191277
252.000 6.191277
253.000 5.385425
254.000 4.835121
255.000 4.833000
256.000 4.831474
257.000 4.721199
258.000 4.642479
259.000 4.717118
260.000 4.774902
261.000 4.774902
262.000 4.774902
263.000 4.774902
264.000 4.774902
265.000 4.774902
266.000 4.774902
267.000 4.684978
268.000 4.139763
269.000 4.139763
270.000 4.139763
271.000 0.408844
272.000 0.408844
273.000 0.408844
274.000 0.408844
275.000 0.408844
276.000 0.408844
277.000 0.408844
278.000 0.408844
279.000 0.408844
280.000 0.408844
281.000 0.408844
282.000 0.408844
283.000 0.408844
284.000 0.408844
285.000 5.152153
286.000 5.152153
287.000 7.088257
288.000 6.872737
289.000 5.736505
290.000 5.677237
291.000 7.324165
292.000 5.719742
293.000 6.283014
294.000 6.342873
295.000 6.344782
296.000 6.345856
297.000 6.445396
298.000 6.030518
299.000 6.030518
300.000 6.044342
301.000 6.044342
302.000 6.122530
303.000 6.215576
304.000 6.300401
305.000 6.619469
306.000 6.391893
307.000 5.730713
308.000 5.852214
309.000 6.382652
310.000 6.279644
311.000 6.136642
312.000 6.043155
313.000 5.675041
314.000 5.875022
315.000 6.353600
316.000 6.258331
317.000 6.225159
318.000 6.303019
319.000 6.579300
320.000 6.540335
321.000 6.320175
322.000 6.268733
323.000 6.067863
324.000 6.104966
325.000 6.280334
326.000 6.272514
327.000 6.240921
328.000 6.309851
329.000 6.728035
330.000 6.415999
331.000 5.280792
332.000 5.469646
333.000 6.426628
334.000 6.420226
335.000 6.391823
336.000 6.274022
337.000 5.734268
338.000 5.870701
339.000 6.637627
340.000 6.489149
341.000 5.576453
342.000 5.609782
343.000 5.804367
344.000 5.773428
345.000 5.639961
346.000 5.790640
347.000 6.692146
348.000 6.510224
349.000 5.829475
350.000 5.899096
351.000 6.198700
352.000 6.185784
353.000 6.124367
354.000 6.299198
355.000 7.153069
356.000 6.640600
357.000 5.850395
358.000 6.022644
359.000 6.574760
