0.000 0.322517
1.000 0.322517
2.000 0.322517
3.000 0.322517
4.000 0.322517
5.000 0.322517
6.000 0.322517
7.000 0.322517
8.000 0.322517
9.000 0.322517
10.000 0.322517
11.000 0.322517
12.000 0.322517
13.000 0.322517
14.000 5.987206
15.000 6.189056
16.000 5.735264
17.000 5.069984
18.000 6.309967
19.000 6.309967
20.000 6.309967
21.000 6.058655
22.000 6.058655
23.000 6.072716
24.000 6.171005
25.000 6.171005
26.000 6.234142
27.000 6.236603
28.000 6.152771
29.000 5.205154
30.000 5.205154
31.000 6.936134
32.000 6.936134
33.000 6.936134
34.000 5.767357
35.000 5.767357
36.000 5.805222
37.000 5.805222
38.000 4.557976
39.000 4.557976
40.000 4.557976
41.000 5.721414
42.000 5.904820
43.000 6.026756
44.000 5.668060
45.000 6.536385
46.000 6.536385
47.000 6.295692
48.000 6.295692
49.000 6.307701
50.000 6.307701
51.000 5.470490
52.000 5.470490
53.000 6.336235
54.000 6.336235
55.000 5.690484
56.000 5.442932
57.000 5.442932
58.000 6.054306
59.000 6.054306
60.000 6.389191
61.000 6.389191
62.000 5.801894
63.000 5.644402
64.000 5.644402
65.000 6.095161
66.000 5.637596
67.000 5.637596
68.000 6.552605
69.000 6.552605
70.000 6.543477
71.000 6.436226
72.000 6.436226
73.000 6.588405
74.000 6.693542
75.000 6.379898
76.000 5.664940
77.000 5.664940
78.000 6.079941
79.000 6.079941
80.000 5.831238
81.000 5.831238
82.000 5.871002
83.000 5.871002
84.000 6.400346
85.000 6.408707
86.000 6.259789
87.000 6.259789
88.000 6.133690
89.000 6.041292
90.000 5.501305
91.000 6.109985
92.000 6.109786
93.000 5.948242
94.000 6.239052
95.000 6.239052
96.000 6.239052
97.000 5.659256
98.000 5.659256
99.000 5.659256
100.000 5.514731
101.000 5.450020
102.000 5.450020
103.000 5.835281
104.000 5.800941
105.000 5.800941
106.000 5.800941
107.000 5.800941
108.000 6.111671
109.000 6.111671
110.000 6.111671
111.000 6.111671
112.000 5.973899
113.000 5.767127
114.000 5.614746
115.000 5.747200
116.000 5.747200
117.000 6.089279
118.000 6.089279
119.000 6.089279
120.000 6.246498
121.000 6.195446
122.000 6.183937
123.000 6.183937
124.000 5.860512
125.000 5.860512
126.000 5.860512
127.000 6.214345
128.000 6.320847
129.000 5.847054
130.000 5.847054
131.000 6.082352
132.000 5.946878
133.000 5.919983
134.000 5.291031
135.000 5.347717
136.000 4.554619
137.000 4.554619
138.000 4.554619
139.000 5.879204
140.000 5.879204
141.000 5.790960
142.000 5.702675
143.000 5.702675
144.000 6.178108
145.000 6.178108
146.000 6.222588
147.000 5.966141
148.000 5.966141
149.000 5.966141
150.000 5.512749
151.000 5.507736
152.000 5.507736
153.000 5.689965
154.000 6.261414
155.000 6.261414
156.000 6.177902
157.000 6.177902
158.000 6.106376
159.000 6.096756
160.000 6.096756
161.000 2.383835
162.000 2.383835
163.000 2.383835
164.000 2.383835
165.000 2.383835
166.000 2.383835
167.000 2.383835
168.000 2.383835
169.000 2.383835
170.000 5.927679
171.000 5.809058
172.000 5.690438
173.000 5.582520
174.000 5.582520
175.000 6.365601
176.000 6.365601
177.000 6.365601
178.000 5.433182
179.000 5.433182
180.000 5.433182
181.000 5.433182
182.000 5.628767
183.000 5.849441
184.000 5.867378
185.000 6.314705
186.000 5.648239
187.000 5.648239
188.000 6.091270
189.000 6.091270
190.000 6.298435
191.000 6.328087
192.000 6.328087
193.000 5.453201
194.000 5.453201
195.000 6.080040
196.000 6.080040
197.000 6.080040
198.000 6.337646
199.000 6.337646
200.000 1.763985
201.000 1.763985
202.000 1.763985
203.000 1.763985
204.000 1.763985
205.000 6.044899
206.000 6.044899
207.000 6.188127
208.000 6.252441
209.000 5.389992
210.000 5.389992
211.000 5.389992
212.000 6.105121
213.000 6.118642
214.000 6.120461
215.000 6.103516
216.000 6.577576
217.000 6.387339
218.000 6.199928
219.000 5.958679
220.000 5.723373
221.000 6.084837
222.000 6.466614
223.000 6.388732
224.000 6.330994
225.000 6.292899
226.000 6.241301
227.000 6.277493
228.000 6.311966
229.000 4.355616
230.000 4.025673
231.000 5.148565
232.000 6.030655
233.000 4.825968
234.000 4.607063
235.000 3.997536
236.000 3.997536
237.000 5.125367
238.000 5.744904
239.000 5.679105
240.000 5.622345
241.000 5.962996
242.000 6.173965
243.000 5.842925
244.000 5.825500
245.000 5.103020
246.000 5.103020
247.000 6.221858
248.000 6.368874
249.000 6.377063
250.000 6.381599
251.000 6.100315
252.000 6.016815
253.000 5.767319
254.000 5.704689
255.000 5.930473
256.000 6.092430
257.000 6.339301
258.000 6.580276
259.000 6.556869
260.000 6.544319
261.000 6.329272
262.000 6.226128
263.000 5.693659
264.000 5.614723
265.000 6.269708
266.000 6.550858
267.000 6.349574
268.000 6.211288
269.000 6.543215
270.000 6.613014
271.000 6.327116
272.000 6.314201
273.000 6.435671
274.000 6.533890
275.000 5.856758
276.000 5.856758
277.000 6.079979
278.000 6.273422
279.000 3.848398
280.000 3.493896
281.000 4.564348
282.000 6.002537
283.000 6.696552
284.000 7.366438
285.000 6.902527
286.000 6.358383
287.000 5.922646
288.000 5.922646
289.000 6.335960
290.000 6.480659
291.000 5.887430
292.000 5.547325
293.000 6.246788
294.000 6.246788
295.000 6.178053
296.000 6.084828
297.000 5.892487
298.000 5.892487
299.000 6.235107
300.000 6.235107
301.000 5.550354
302.000 5.550354
303.000 5.842831
304.000 6.100166
305.000 6.120366
306.000 6.142159
307.000 5.833378
308.000 5.593697
309.000 6.002172
310.000 6.373520
311.000 6.064742
312.000 5.794762
313.000 5.791992
314.000 5.788956
315.000 5.894008
316.000 5.999290
317.000 6.344478
318.000 6.548592
319.000 6.325088
320.000 6.180359
321.000 6.221700
322.000 6.262215
323.000 6.228074
324.000 6.213676
325.000 6.201388
326.000 6.190323
327.000 6.481686
328.000 6.695984
329.000 6.383366
330.000 6.042358
331.000 5.756538
332.000 5.756538
333.000 5.971535
334.000 5.971535
335.000 6.215904
336.000 6.243011
337.000 5.923511
338.000 5.895195
339.000 6.059433
340.000 6.059433
341.000 5.891937
342.000 5.891937
343.000 6.054867
344.000 6.084053
345.000 5.877610
346.000 5.623413
347.000 5.880516
348.000 5.880516
349.000 6.103043
350.000 6.103043
351.000 6.246429
352.000 6.246429
353.000 6.094896
354.000 5.298632
355.000 5.166534
356.000 6.520462
357.000 6.442112
358.000 5.683777
359.000 5.308318
