0.000 0.987411
1.000 0.987411
2.000 0.987411
3.000 0.987411
4.000 0.987411
5.000 0.987411
6.000 1.539419
7.000 2.873009
8.000 2.873009
9.000 2.640038
10.000 1.624793
11.000 1.467110
12.000 1.467110
13.000 1.487869
14.000 2.076790
15.000 2.454196
16.000 1.155708
17.000 2.061440
18.000 3.239479
19.000 3.239479
20.000 3.239479
21.000 1.332443
22.000 1.332443
23.000 1.332443
24.000 1.332443
25.000 0.512077
26.000 0.512077
27.000 0.512077
28.000 0.512077
29.000 0.512077
30.000 1.627480
31.000 1.627480
32.000 1.627480
33.000 2.615120
34.000 2.615120
35.000 1.621742
36.000 1.621742
37.000 1.621742
38.000 1.491963
39.000 1.229073
40.000 1.229073
41.000 1.229073
42.000 1.229073
43.000 1.229073
44.000 1.308360
45.000 1.421912
46.000 1.535464
47.000 1.600960
48.000 1.600960
49.000 2.243614
50.000 2.243614
51.000 3.095634
52.000 1.550941
53.000 1.550941
54.000 2.519234
55.000 2.519234
56.000 2.519234
57.000 2.519234
58.000 1.708861
59.000 2.190428
60.000 2.671995
61.000 3.153562
62.000 3.230270
63.000 3.230270
64.000 2.800436
65.000 2.300850
66.000 2.300850
67.000 2.292920
68.000 2.270355
69.000 2.270355
70.000 2.270355
71.000 2.270355
72.000 2.270355
73.000 2.270355
74.000 2.270355
75.000 2.120124
76.000 2.381151
77.000 2.642177
78.000 2.903204
79.000 3.041733
80.000 3.041733
81.000 1.798088
82.000 1.798088
83.000 1.798088
84.000 1.798431
85.000 1.798431
86.000 1.798431
87.000 1.798431
88.000 1.798431
89.000 0.630966
90.000 0.630966
91.000 0.630966
92.000 0.630966
93.000 2.280952
94.000 2.280952
95.000 2.280952
96.000 2.280952
97.000 2.280952
98.000 2.330520
99.000 2.458115
100.000 2.585711
101.000 2.703445
102.000 2.703445
103.000 2.703445
104.000 2.608856
105.000 2.608856
106.000 2.608856
107.000 1.815021
108.000 1.871033
109.000 1.871033
110.000 1.871033
111.000 2.081154
112.000 3.120911
113.000 3.120911
114.000 2.759948
115.000 2.416428
116.000 2.416428
117.000 1.604813
118.000 1.604813
119.000 1.604813
120.000 2.528842
121.000 2.429489
122.000 2.429489
123.000 2.429877
124.000 2.431168
125.000 2.431168
126.000 2.431168
127.000 1.528801
128.000 1.528801
129.000 1.528801
130.000 1.528801
131.000 1.540588
132.000 1.559554
133.000 1.578520
134.000 1.597486
135.000 1.603455
136.000 1.603455
137.000 1.603455
138.000 1.603455
139.000 1.603455
140.000 0.920280
141.000 0.920280
142.000 0.920280
143.000 0.920280
144.000 0.920280
145.000 0.920280
146.000 1.864943
147.000 2.483452
148.000 1.645683
149.000 1.645683
150.000 1.036400
151.000 1.036400
152.000 1.508298
153.000 1.514900
154.000 1.514900
155.000 0.840027
156.000 0.840027
157.000 0.840027
158.000 1.051376
159.000 1.051376
160.000 1.051376
161.000 1.007935
162.000 1.007935
163.000 1.007935
164.000 1.109810
165.000 1.110709
166.000 1.265984
167.000 1.265984
168.000 1.273327
169.000 1.280757
170.000 1.281776
171.000 1.088593
172.000 1.088593
173.000 1.088593
174.000 1.352615
175.000 1.352615
176.000 1.352615
177.000 0.738976
178.000 0.738976
179.000 0.738976
180.000 1.328979
181.000 1.328979
182.000 1.328979
183.000 1.455074
184.000 1.563423
185.000 1.563423
186.000 1.055984
187.000 1.055984
188.000 1.055984
189.000 1.055984
190.000 0.992401
191.000 0.992401
192.000 2.003822
193.000 2.003822
194.000 1.005997
195.000 1.005997
196.000 1.005997
197.000 1.005997
198.000 1.005997
199.000 0.965402
200.000 0.911094
201.000 0.856785
202.000 0.802477
203.000 0.748168
204.000 0.743317
205.000 1.048470
206.000 1.872353
207.000 2.532806
208.000 2.532806
209.000 2.532806
210.000 0.657829
211.000 0.657829
212.000 0.657829
213.000 0.657829
214.000 0.657829
215.000 0.657829
216.000 0.657829
217.000 0.657829
218.000 1.263451
219.000 1.263451
220.000 1.263451
221.000 1.347321
222.000 1.347321
223.000 1.347321
224.000 1.319773
225.000 1.110239
226.000 1.035713
227.000 1.035713
228.000 1.035713
229.000 1.035713
230.000 2.109922
231.000 2.102455
232.000 2.102455
233.000 1.587190
234.000 1.349121
235.000 1.349121
236.000 1.048813
237.000 1.048813
238.000 1.247055
239.000 0.755203
240.000 0.755203
241.000 0.927719
242.000 0.927719
243.000 0.927719
244.000 0.927719
245.000 1.049957
246.000 0.971268
247.000 0.971268
248.000 0.971268
249.000 0.971268
250.000 0.839903
251.000 0.806519
252.000 0.806519
253.000 0.806519
254.000 0.933599
255.000 1.453413
256.000 1.536484
257.000 1.866043
258.000 1.866043
259.000 1.866043
260.000 3.147237
261.000 3.383179
262.000 3.383179
263.000 3.598800
264.000 3.915459
265.000 3.915459
266.000 3.174004
267.000 3.174004
268.000 3.430099
269.000 3.430099
270.000 3.468886
271.000 3.508164
272.000 3.511101
273.000 2.442398
274.000 2.442398
275.000 1.614076
276.000 1.179550
277.000 1.179550
278.000 1.179550
279.000 1.179550
280.000 1.179550
281.000 1.179550
282.000 1.621719
283.000 1.621719
284.000 1.500084
285.000 1.500084
286.000 1.500084
287.000 1.500084
288.000 1.500084
289.000 1.500084
290.000 1.967284
291.000 2.010002
292.000 2.010002
293.000 2.010002
294.000 2.105074
295.000 2.452721
296.000 2.653069
297.000 2.653069
298.000 2.708877
299.000 2.855370
300.000 2.855370
301.000 3.064458
302.000 3.704906
303.000 2.868425
304.000 2.512497
305.000 2.512497
306.000 2.488980
307.000 2.381338
308.000 2.306366
309.000 2.306366
310.000 1.860321
311.000 1.860321
312.000 2.013561
313.000 2.168588
314.000 2.323615
315.000 2.556488
316.000 2.556488
317.000 2.538898
318.000 2.501351
319.000 2.487457
320.000 1.905670
321.000 1.905670
322.000 1.905670
323.000 1.905670
324.000 1.836156
325.000 1.779373
326.000 1.779373
327.000 2.860821
328.000 2.982948
329.000 2.251755
330.000 2.251755
331.000 1.990831
332.000 1.600639
333.000 1.600639
334.000 1.734263
335.000 2.321689
336.000 2.357399
337.000 2.357399
338.000 1.525566
339.000 1.525566
340.000 1.754101
341.000 1.878548
342.000 1.878548
343.000 1.776153
344.000 1.557582
345.000 1.416918
346.000 1.261688
347.000 1.261688
348.000 1.261688
349.000 1.261688
350.000 1.261688
351.000 1.261688
352.000 1.126274
353.000 1.126274
354.000 1.126274
355.000 1.477522
356.000 1.669411
357.000 1.669411
358.000 1.683716
359.000 1.683716
