0.000 0.087029
1.000 0.087029
2.000 0.368507
3.000 0.368507
4.000 0.368507
5.000 0.368507
6.000 0.368507
7.000 0.368507
8.000 0.368507
9.000 0.368507
10.000 0.368507
11.000 6.299944
12.000 6.614027
13.000 6.822502
14.000 6.699766
15.000 6.674047
16.000 6.639789
17.000 3.926621
18.000 4.026024
19.000 6.627304
20.000 6.126152
21.000 6.508881
22.000 6.506422
23.000 6.442574
24.000 6.287268
25.000 1.688835
26.000 3.194298
27.000 3.732014
28.000 6.100441
29.000 5.906221
30.000 6.617731
31.000 6.491190
32.000 6.253761
33.000 5.984628
34.000 5.744423
35.000 5.897514
36.000 6.107028
37.000 6.316541
38.000 6.511528
39.000 6.551673
40.000 6.617928
41.000 6.529783
42.000 6.342521
43.000 6.155259
44.000 5.967997
45.000 6.098310
46.000 6.400028
47.000 6.227184
48.000 5.807724
49.000 5.388265
50.000 5.100952
51.000 5.397759
52.000 5.802846
53.000 6.207933
54.000 6.442604
55.000 6.483778
56.000 6.522240
57.000 6.531409
58.000 6.544062
59.000 6.556714
60.000 6.561111
61.000 6.368453
62.000 6.172203
63.000 6.039200
64.000 5.939092
65.000 5.732130
66.000 5.866883
67.000 6.182122
68.000 0.850876
69.000 2.516861
70.000 6.733978
71.000 6.346870
72.000 6.741852
73.000 5.968567
74.000 6.036550
75.000 6.178271
76.000 6.222519
77.000 5.973910
78.000 5.810860
79.000 5.829364
80.000 5.854970
81.000 4.681335
82.000 2.087990
83.000 6.047256
84.000 6.201561
85.000 5.758713
86.000 5.912672
87.000 6.596184
88.000 6.528048
89.000 6.478752
90.000 5.603905
91.000 5.594374
92.000 5.584259
93.000 5.584259
94.000 6.331841
95.000 6.639961
96.000 6.493226
97.000 6.188607
98.000 5.883988
99.000 5.626869
100.000 5.626869
101.000 5.803207
102.000 5.803207
103.000 5.902273
104.000 6.107930
105.000 6.313588
106.000 6.469261
107.000 6.469261
108.000 6.460646
109.000 6.448791
110.000 6.436936
111.000 6.425081
112.000 6.413225
113.000 6.411995
114.000 6.411995
115.000 6.031792
116.000 6.031792
117.000 6.035290
118.000 6.039933
119.000 6.044575
120.000 6.049217
121.000 4.505028
122.000 3.947495
123.000 6.519882
124.000 6.460686
125.000 5.701057
126.000 6.747673
127.000 6.114990
128.000 6.680550
129.000 6.617229
130.000 6.486343
131.000 6.345496
132.000 6.184472
133.000 6.077980
134.000 6.514800
135.000 6.597511
136.000 6.441428
137.000 6.226051
138.000 6.027466
139.000 6.027466
140.000 6.047523
141.000 6.047523
142.000 5.992741
143.000 5.917666
144.000 5.842591
145.000 5.767516
146.000 5.708771
147.000 5.708771
148.000 5.769097
149.000 5.830422
150.000 5.891748
151.000 5.953073
152.000 6.014399
153.000 5.368949
154.000 1.709007
155.000 6.297012
156.000 6.297012
157.000 6.401497
158.000 6.364663
159.000 5.879059
160.000 6.749947
161.000 5.883667
162.000 6.696053
163.000 6.654463
164.000 6.475734
165.000 0.986877
166.000 3.449249
167.000 6.613367
168.000 6.502798
169.000 6.076904
170.000 6.452993
171.000 6.399766
172.000 5.969024
173.000 5.979576
174.000 6.081967
175.000 6.184358
176.000 6.261787
177.000 6.366004
178.000 6.470558
179.000 6.319516
180.000 6.111383
181.000 5.903249
182.000 5.971574
183.000 6.498377
184.000 6.409640
185.000 2.970337
186.000 1.728302
187.000 4.358727
188.000 5.939095
189.000 6.440238
190.000 6.477753
191.000 6.401192
192.000 6.154861
193.000 6.268230
194.000 6.580800
195.000 6.697686
196.000 6.783531
197.000 6.869377
198.000 6.947998
199.000 2.285881
200.000 2.285881
201.000 3.192954
202.000 4.448074
203.000 5.703194
204.000 5.895191
205.000 6.051496
206.000 6.127905
207.000 6.285034
208.000 6.442163
209.000 6.572731
210.000 6.580995
211.000 6.592398
212.000 6.602432
213.000 6.408295
214.000 5.999327
215.000 6.023666
216.000 6.085479
217.000 6.117767
218.000 6.117767
219.000 6.142944
220.000 6.177354
221.000 6.195145
222.000 6.195145
223.000 5.840393
224.000 5.840393
225.000 5.827597
226.000 5.810993
227.000 5.800385
228.000 5.800385
229.000 5.872207
230.000 6.021930
231.000 6.171653
232.000 6.198227
233.000 6.119453
234.000 6.027611
235.000 6.002009
236.000 5.949298
237.000 5.896586
238.000 5.870308
239.000 5.887074
240.000 5.910176
241.000 5.931473
242.000 6.383562
243.000 6.517570
244.000 6.517570
245.000 5.956726
246.000 6.663437
247.000 6.660540
248.000 6.527048
249.000 6.253890
250.000 5.608253
251.000 5.703606
252.000 5.914696
253.000 6.560936
254.000 6.493971
255.000 5.849190
256.000 6.339901
257.000 6.212661
258.000 5.711212
259.000 5.711212
260.000 6.006279
261.000 6.802132
262.000 6.657585
263.000 5.970772
264.000 6.662308
265.000 5.673126
266.000 6.683973
267.000 6.674065
268.000 6.643698
269.000 6.539513
270.000 6.378189
271.000 6.328690
272.000 6.279198
273.000 6.146454
274.000 6.091093
275.000 5.976640
276.000 5.939804
277.000 7.345158
278.000 7.937035
279.000 7.317249
280.000 6.685908
281.000 4.082054
282.000 6.421776
283.000 5.944016
284.000 6.295685
285.000 5.809364
286.000 6.366806
287.000 6.627113
288.000 6.369421
289.000 5.952499
290.000 6.490410
291.000 6.684761
292.000 5.943756
293.000 5.943756
294.000 5.805034
295.000 6.185903
296.000 6.434517
297.000 6.588142
298.000 6.498001
299.000 6.468683
300.000 6.871758
301.000 5.926643
302.000 6.502022
303.000 6.072678
304.000 6.205206
305.000 6.361545
306.000 6.517884
307.000 6.547951
308.000 6.561629
309.000 6.569244
310.000 6.567805
311.000 6.565833
312.000 6.563861
313.000 6.561989
314.000 6.323587
315.000 5.970032
316.000 6.003040
317.000 6.153969
318.000 6.304897
319.000 6.447792
320.000 6.447792
321.000 5.918315
322.000 4.802919
323.000 3.687524
324.000 2.572128
325.000 1.456732
326.000 0.906082
327.000 0.906082
328.000 6.556725
329.000 6.638695
330.000 6.532349
331.000 6.068130
332.000 6.304756
333.000 5.886726
334.000 6.468674
335.000 0.331818
336.000 0.331818
337.000 0.331818
338.000 6.325657
339.000 6.502289
340.000 6.263986
341.000 6.009109
342.000 5.982358
343.000 5.842110
344.000 5.808861
345.000 5.875188
346.000 6.185638
347.000 6.430321
348.000 6.520063
349.000 6.307922
350.000 6.711029
351.000 6.648493
352.000 6.518938
353.000 6.450974
354.000 1.029884
355.000 1.029884
356.000 1.029884
357.000 1.029884
358.000 1.029884
359.000 6.002136
