0.000 1.424957
1.000 1.424957
2.000 1.424957
3.000 3.305170
4.000 5.293213
5.000 4.866173
6.000 5.357468
7.000 5.396637
8.000 5.695778
9.000 4.953926
10.000 4.287567
11.000 5.416443
12.000 5.416443
13.000 5.498177
14.000 4.831314
15.000 4.831314
16.000 4.995781
17.000 5.510330
18.000 5.510330
19.000 5.448517
20.000 4.326721
21.000 4.326721
22.000 4.726514
23.000 5.000893
24.000 5.000893
25.000 4.784294
26.000 4.784294
27.000 4.249870
28.000 5.373047
29.000 5.373047
30.000 5.469635
31.000 5.469635
32.000 5.488639
33.000 5.496872
34.000 5.496872
35.000 3.899269
36.000 3.899269
37.000 3.899269
38.000 3.718353
39.000 3.718353
40.000 3.718353
41.000 4.427660
42.000 5.472076
43.000 5.472076
44.000 5.363716
45.000 5.363716
46.000 5.520409
47.000 5.520409
48.000 5.520409
49.000 5.566437
50.000 5.566437
51.000 5.427767
52.000 5.400444
53.000 5.400444
54.000 2.919609
55.000 2.919609
56.000 2.919609
57.000 5.201806
58.000 5.313576
59.000 5.679886
60.000 4.886559
61.000 4.346382
62.000 5.598900
63.000 4.813614
64.000 4.590332
65.000 4.590332
66.000 5.338760
67.000 4.673088
68.000 4.890601
69.000 4.195518
70.000 4.971779
71.000 5.306656
72.000 4.782700
73.000 4.785164
74.000 5.498886
75.000 5.367043
76.000 5.324867
77.000 5.293190
78.000 5.312645
79.000 4.855728
80.000 4.968207
81.000 5.440163
82.000 5.201383
83.000 4.983849
84.000 5.034221
85.000 5.084106
86.000 5.158874
87.000 5.218323
88.000 4.748173
89.000 4.501930
90.000 5.330643
91.000 5.517143
92.000 5.495814
93.000 5.484795
94.000 5.494833
95.000 5.566399
96.000 5.587673
97.000 5.771271
98.000 5.771271
99.000 5.292244
100.000 5.292244
101.000 4.217079
102.000 4.217079
103.000 4.806725
104.000 4.543594
105.000 4.852119
106.000 4.595802
107.000 4.896141
108.000 5.380318
109.000 5.234408
110.000 5.030060
111.000 5.185516
112.000 5.185516
113.000 3.507721
114.000 3.507721
115.000 4.965057
116.000 4.965057
117.000 3.198921
118.000 3.198921
119.000 3.362663
120.000 3.362663
121.000 4.326507
122.000 5.389114
123.000 5.389114
124.000 5.423866
125.000 5.265482
126.000 5.167328
127.000 5.348984
128.000 5.348984
129.000 3.751831
130.000 3.751831
131.000 4.157259
132.000 5.482758
133.000 4.764000
134.000 4.764000
135.000 5.060600
136.000 5.060600
137.000 5.060600
138.000 4.922989
139.000 4.922989
140.000 5.375923
141.000 5.375923
142.000 5.331970
143.000 5.331970
144.000 5.379730
145.000 5.379730
146.000 5.379730
147.000 5.645668
148.000 5.645668
149.000 5.645668
150.000 4.489578
151.000 4.489578
152.000 4.489578
153.000 5.490080
154.000 5.525993
155.000 5.525993
156.000 5.434456
157.000 5.434456
158.000 5.467400
159.000 5.467400
160.000 5.467400
161.000 4.068672
162.000 4.068672
163.000 4.068672
164.000 4.612098
165.000 5.195251
166.000 5.530640
167.000 5.530640
168.000 5.217773
169.000 5.217773
170.000 5.129814
171.000 5.129814
172.000 5.102570
173.000 3.693100
174.000 3.693100
175.000 2.681938
176.000 4.973495
177.000 4.973495
178.000 5.215218
179.000 5.215218
180.000 5.101509
181.000 4.223785
182.000 4.223785
183.000 4.936310
184.000 4.936310
185.000 5.260150
186.000 5.322960
187.000 3.880775
188.000 3.880775
189.000 5.286995
190.000 5.286995
191.000 5.197502
192.000 5.159004
193.000 5.616684
194.000 4.922089
195.000 4.922089
196.000 4.922089
197.000 4.362656
198.000 4.362656
199.000 5.547432
200.000 5.642471
201.000 5.642471
202.000 5.234299
203.000 5.234299
204.000 5.511040
205.000 5.511040
206.000 4.848862
207.000 4.848862
208.000 4.848862
209.000 5.127274
210.000 5.127274
211.000 4.546890
212.000 4.546890
213.000 4.546890
214.000 5.376015
215.000 5.376015
216.000 5.439873
217.000 5.439873
218.000 5.322197
219.000 5.322197
220.000 3.669960
221.000 3.669960
222.000 3.669960
223.000 4.460660
224.000 4.880333
225.000 5.037102
226.000 5.037102
227.000 5.369331
228.000 5.369331
229.000 5.449104
230.000 5.449104
231.000 5.348854
232.000 5.110512
233.000 5.110512
234.000 5.405975
235.000 5.405975
236.000 3.964920
237.000 4.657379
238.000 4.657379
239.000 3.873253
240.000 3.873253
241.000 5.123344
242.000 5.000070
243.000 4.975632
244.000 5.514656
245.000 5.514656
246.000 5.166115
247.000 5.313728
248.000 5.313728
249.000 5.346204
250.000 5.452896
251.000 5.208923
252.000 5.208923
253.000 5.558548
254.000 5.370239
255.000 5.370239
256.000 3.340569
257.000 3.340569
258.000 3.340569
259.000 2.970787
260.000 2.970787
261.000 2.970787
262.000 4.954376
263.000 4.954376
264.000 4.954376
265.000 5.333197
266.000 5.576996
267.000 5.576996
268.000 5.563661
269.000 5.519569
270.000 5.519569
271.000 5.554024
272.000 5.554024
273.000 5.189220
274.000 4.717110
275.000 4.717110
276.000 4.123993
277.000 4.123993
278.000 5.444237
279.000 5.444237
280.000 4.946869
281.000 4.946869
282.000 4.946869
283.000 3.168495
284.000 3.168495
285.000 3.168495
286.000 5.306160
287.000 5.306160
288.000 3.444016
289.000 3.444016
290.000 5.463661
291.000 5.463661
292.000 4.786423
293.000 4.786423
294.000 4.872615
295.000 4.945053
296.000 4.933397
297.000 4.896301
298.000 5.392639
299.000 5.055878
300.000 5.055878
301.000 2.814056
302.000 5.369064
303.000 5.288094
304.000 5.119385
305.000 5.350769
306.000 4.365456
307.000 4.473671
308.000 5.819702
309.000 5.249491
310.000 5.072484
311.000 4.176158
312.000 3.463722
313.000 4.745551
314.000 5.684990
315.000 5.054111
316.000 4.674408
317.000 5.105193
318.000 6.647514
319.000 5.361687
320.000 5.361687
321.000 5.361687
322.000 5.042711
323.000 5.594246
324.000 4.957741
325.000 4.807404
326.000 5.406990
327.000 5.406990
328.000 5.007687
329.000 5.267669
330.000 4.922410
331.000 3.747810
332.000 4.479225
333.000 4.479225
334.000 5.213158
335.000 5.213158
336.000 5.213158
337.000 3.573189
338.000 3.573189
339.000 3.573189
340.000 5.242767
341.000 5.242767
342.000 5.242767
343.000 5.484146
344.000 5.484146
345.000 5.484146
346.000 5.188416
347.000 5.188416
348.000 5.188416
349.000 5.188416
350.000 5.380310
351.000 5.525146
352.000 5.525146
353.000 5.022972
354.000 5.022972
355.000 5.022972
356.000 5.077067
357.000 5.124664
358.000 5.124664
359.000 5.124664
