0.000 0.377930
1.000 0.377930
2.000 0.377930
3.000 8.307602
4.000 8.307602
5.000 7.832868
6.000 8.304987
7.000 8.507858
8.000 8.341621
9.000 8.341621
10.000 3.432549
11.000 4.578174
12.000 8.654633
13.000 4.041428
14.000 4.041428
15.000 4.041428
16.000 1.848907
17.000 1.848907
18.000 8.124527
19.000 6.468040
20.000 8.366928
21.000 8.366928
22.000 7.824313
23.000 7.278709
24.000 7.278709
25.000 8.598007
26.000 8.598007
27.000 4.380280
28.000 5.723196
29.000 6.670006
30.000 5.154404
31.000 5.154404
32.000 8.604042
33.000 8.514036
34.000 8.169975
35.000 8.017219
36.000 7.632706
37.000 3.387360
38.000 3.387360
39.000 5.131631
40.000 5.455666
41.000 5.496792
42.000 5.508858
43.000 7.934625
44.000 8.346940
45.000 8.260582
46.000 8.221686
47.000 8.168449
48.000 8.035855
49.000 7.979958
50.000 8.350252
51.000 8.405426
52.000 2.258034
53.000 2.258034
54.000 2.258034
55.000 8.423089
56.000 8.301674
57.000 8.425065
58.000 8.676921
59.000 1.585098
60.000 1.585098
61.000 5.551583
62.000 8.421211
63.000 8.462836
64.000 8.516749
65.000 8.724176
66.000 8.651027
67.000 8.352043
68.000 7.315902
69.000 6.593521
70.000 2.519333
71.000 2.519333
72.000 6.626223
73.000 8.406120
74.000 4.303802
75.000 5.054436
76.000 7.855240
77.000 5.587597
78.000 4.382919
79.000 6.396305
80.000 8.014809
81.000 7.527077
82.000 7.527077
83.000 7.335383
84.000 7.304329
85.000 8.824966
86.000 8.616595
87.000 8.145660
88.000 8.257397
89.000 8.345352
90.000 8.538612
91.000 8.698257
92.000 8.676894
93.000 8.663361
94.000 2.792702
95.000 2.218264
96.000 1.361404
97.000 1.361404
98.000 1.361404
99.000 4.134492
100.000 3.760605
101.000 6.665656
102.000 8.744041
103.000 8.286929
104.000 8.042259
105.000 8.697635
106.000 6.506279
107.000 6.506279
108.000 7.442482
109.000 7.442482
110.000 8.013805
111.000 8.421356
112.000 8.208142
113.000 8.102119
114.000 8.248543
115.000 1.713409
116.000 1.713409
117.000 1.713409
118.000 1.713409
119.000 1.713409
120.000 1.713409
121.000 6.940426
122.000 6.919518
123.000 6.976015
124.000 7.033436
125.000 4.156166
126.000 5.085327
127.000 8.721939
128.000 8.573510
129.000 8.247353
130.000 5.502880
131.000 4.169807
132.000 4.169807
133.000 4.169807
134.000 4.169807
135.000 3.495672
136.000 2.801788
137.000 2.801788
138.000 8.657940
139.000 8.684853
140.000 8.317154
141.000 8.147865
142.000 7.737821
143.000 7.707550
144.000 8.307457
145.000 8.402007
146.000 8.730957
147.000 8.358818
148.000 6.747331
149.000 6.316025
150.000 6.691727
151.000 7.549683
152.000 0.783760
153.000 0.783760
154.000 0.783760
155.000 0.783760
156.000 0.783760
157.000 0.783760
158.000 0.783760
159.000 0.783760
160.000 0.783760
161.000 6.613701
162.000 6.279701
163.000 5.935623
164.000 4.477224
165.000 3.341530
166.000 5.053291
167.000 8.568718
168.000 8.248672
169.000 7.596673
170.000 6.130142
171.000 3.647044
172.000 8.585655
173.000 8.585655
174.000 8.585655
175.000 8.129044
176.000 7.532562
177.000 7.710587
178.000 8.596344
179.000 6.028511
180.000 8.279972
181.000 8.538319
182.000 8.559186
183.000 8.578827
184.000 7.508819
185.000 5.156784
186.000 2.940521
187.000 3.755742
188.000 4.860484
189.000 5.756401
190.000 1.464273
191.000 0.113014
192.000 0.113014
193.000 0.113014
194.000 0.113014
195.000 0.113014
196.000 0.113014
197.000 5.804376
198.000 4.898101
199.000 5.714012
200.000 7.961100
201.000 6.392168
202.000 3.364716
203.000 5.253831
204.000 7.796627
205.000 4.302015
206.000 0.370537
207.000 0.370537
208.000 0.370537
209.000 5.519629
210.000 4.702797
211.000 4.148782
212.000 3.008667
213.000 4.652618
214.000 8.285517
215.000 8.157235
216.000 8.009934
217.000 8.435818
218.000 8.688859
219.000 8.550562
220.000 8.412265
221.000 7.619160
222.000 6.525683
223.000 6.032933
224.000 6.664117
225.000 7.287388
226.000 7.998470
227.000 8.486692
228.000 8.827347
229.000 2.930227
230.000 0.209290
231.000 0.209290
232.000 5.496516
233.000 4.170010
234.000 3.460290
235.000 3.952659
236.000 0.107079
237.000 0.107079
238.000 0.107079
239.000 0.107079
240.000 1.538500
241.000 0.607109
242.000 0.780589
243.000 1.130398
244.000 1.345718
245.000 2.149876
246.000 2.657334
247.000 3.069861
248.000 3.482387
249.000 2.245240
250.000 1.956907
251.000 3.031290
252.000 4.105673
253.000 4.482227
254.000 4.912651
255.000 5.283249
256.000 4.128878
257.000 3.663910
258.000 4.135559
259.000 4.533653
260.000 3.104259
261.000 2.202166
262.000 1.322999
263.000 1.393944
264.000 2.479583
265.000 3.584486
266.000 6.297872
267.000 3.161458
268.000 0.144814
269.000 0.144814
270.000 0.144814
271.000 0.144814
272.000 0.144814
273.000 0.144814
274.000 0.144814
275.000 5.395361
276.000 7.093389
277.000 8.598610
278.000 7.197209
279.000 3.422062
280.000 0.670639
281.000 1.939509
282.000 3.645143
283.000 4.619942
284.000 5.641655
285.000 5.641655
286.000 5.641655
287.000 5.641655
288.000 5.641655
289.000 5.641655
290.000 5.641655
291.000 7.083588
292.000 8.527067
293.000 8.553477
294.000 8.229021
295.000 5.773991
296.000 2.396233
297.000 1.937364
298.000 1.561455
299.000 3.643080
300.000 4.848595
301.000 4.848595
302.000 4.848595
303.000 5.100742
304.000 5.376636
305.000 5.645188
306.000 5.914522
307.000 6.195922
308.000 6.260928
309.000 6.136260
310.000 6.111389
311.000 6.111389
312.000 5.099629
313.000 3.047080
314.000 1.878172
315.000 2.425736
316.000 2.536903
317.000 2.536903
318.000 2.536903
319.000 2.536903
320.000 2.536903
321.000 2.536903
322.000 2.893614
323.000 4.344077
324.000 5.794540
325.000 5.799520
326.000 5.480252
327.000 5.721465
328.000 6.475944
329.000 6.962354
330.000 7.356022
331.000 7.710281
332.000 1.221977
333.000 1.221977
334.000 6.834108
335.000 4.484599
336.000 2.135089
337.000 2.560102
338.000 3.371716
339.000 7.356026
340.000 7.356026
341.000 7.356026
342.000 6.337996
343.000 4.276911
344.000 3.082362
345.000 2.804327
346.000 2.702175
347.000 2.877813
348.000 3.008636
349.000 4.625232
350.000 6.033646
351.000 7.132738
352.000 7.950160
353.000 8.196846
354.000 8.443532
355.000 6.305973
356.000 1.827404
357.000 1.209059
358.000 1.492247
359.000 3.841328
