0.000 0.045876
1.000 0.045876
2.000 0.045876
3.000 0.045876
4.000 0.045876
5.000 0.045876
6.000 0.045876
7.000 0.045876
8.000 0.045876
9.000 0.045876
10.000 3.546882
11.000 4.223367
12.000 4.899852
13.000 5.576337
14.000 11.958244
15.000 0.756432
16.000 0.756432
17.000 0.756432
18.000 3.640396
19.000 3.640396
20.000 4.604782
21.000 4.604782
22.000 4.634239
23.000 4.634239
24.000 0.512115
25.000 0.512115
26.000 0.512115
27.000 0.512115
28.000 0.512115
29.000 0.512115
30.000 0.512115
31.000 0.512115
32.000 0.512115
33.000 0.512115
34.000 0.512115
35.000 0.512115
36.000 1.148979
37.000 1.148979
38.000 1.148979
39.000 1.148979
40.000 3.248604
41.000 3.248604
42.000 6.608894
43.000 6.608894
44.000 6.052770
45.000 5.222558
46.000 4.687973
47.000 5.806557
48.000 5.806557
49.000 2.819191
50.000 2.819191
51.000 2.819191
52.000 3.058128
53.000 2.254028
54.000 2.254028
55.000 2.254028
56.000 3.742470
57.000 3.742470
58.000 2.539406
59.000 2.539406
60.000 2.539406
61.000 2.539406
62.000 2.539406
63.000 3.475227
64.000 3.475227
65.000 3.475227
66.000 1.127487
67.000 1.127487
68.000 1.127487
69.000 1.127487
70.000 1.127487
71.000 5.910561
72.000 4.115265
73.000 4.115265
74.000 5.397209
75.000 10.387573
76.000 6.227486
77.000 6.227486
78.000 7.192116
79.000 7.192116
80.000 7.192116
81.000 4.529724
82.000 4.529724
83.000 4.529724
84.000 4.601875
85.000 4.673676
86.000 4.673676
87.000 4.673676
88.000 4.577285
89.000 4.453206
90.000 4.333237
91.000 4.333237
92.000 2.145546
93.000 2.145546
94.000 2.778775
95.000 4.229897
96.000 3.015358
97.000 3.015358
98.000 6.483154
99.000 4.593231
100.000 4.593231
101.000 4.593231
102.000 6.019058
103.000 3.822469
104.000 1.922134
105.000 1.922134
106.000 1.922134
107.000 1.922134
108.000 1.922134
109.000 1.922134
110.000 6.464011
111.000 6.499428
112.000 6.956685
113.000 7.531219
114.000 7.000751
115.000 5.642792
116.000 5.642792
117.000 4.165131
118.000 4.165131
119.000 5.882744
120.000 5.037338
121.000 4.364014
122.000 4.364014
123.000 4.862030
124.000 5.067886
125.000 5.067886
126.000 5.067886
127.000 4.984787
128.000 4.984787
129.000 5.020599
130.000 5.020599
131.000 6.417114
132.000 6.417114
133.000 1.366631
134.000 1.366631
135.000 1.366631
136.000 1.366631
137.000 1.366631
138.000 1.366631
139.000 1.366631
140.000 1.173500
141.000 1.173500
142.000 1.173500
143.000 1.173500
144.000 1.173500
145.000 1.173500
146.000 1.173500
147.000 1.173500
148.000 5.460526
149.000 5.460526
150.000 5.534446
151.000 6.932930
152.000 8.291977
153.000 8.291977
154.000 4.267868
155.000 8.398514
156.000 8.398514
157.000 7.390963
158.000 6.216467
159.000 5.848877
160.000 2.159660
161.000 2.159660
162.000 2.159660
163.000 1.437271
164.000 1.437271
165.000 1.437271
166.000 1.437271
167.000 1.437271
168.000 1.437271
169.000 5.749268
170.000 5.749268
171.000 7.092445
172.000 7.092445
173.000 3.768929
174.000 3.768929
175.000 3.434326
176.000 3.434326
177.000 6.926689
178.000 6.926689
179.000 2.059021
180.000 2.059021
181.000 2.059021
182.000 2.059021
183.000 2.059021
184.000 2.059021
185.000 2.579849
186.000 2.579849
187.000 2.579849
188.000 2.579849
189.000 4.579185
190.000 4.579185
191.000 3.748497
192.000 3.748497
193.000 4.099884
194.000 4.099884
195.000 4.157358
196.000 4.703552
197.000 4.703552
198.000 6.184692
199.000 6.472043
200.000 6.796768
201.000 8.249031
202.000 4.702347
203.000 4.702347
204.000 4.702347
205.000 10.902687
206.000 10.902687
207.000 11.360644
208.000 11.820686
209.000 7.253426
210.000 1.414154
211.000 1.414154
212.000 1.414154
213.000 1.414154
214.000 1.414154
215.000 1.414154
216.000 1.414154
217.000 1.414154
218.000 1.414154
219.000 1.414154
220.000 11.534309
221.000 11.565830
222.000 12.067184
223.000 12.067184
224.000 10.733139
225.000 1.889717
226.000 1.889717
227.000 1.889717
228.000 1.889717
229.000 1.889717
230.000 16.673347
231.000 1.717056
232.000 1.717056
233.000 1.717056
234.000 1.717056
235.000 1.717056
236.000 1.717056
237.000 1.589066
238.000 1.589066
239.000 1.589066
240.000 1.589066
241.000 1.589066
242.000 2.023338
243.000 2.023338
244.000 2.023338
245.000 5.771454
246.000 5.771454
247.000 6.524220
248.000 10.122299
249.000 10.122299
250.000 8.286592
251.000 7.570381
252.000 7.570381
253.000 3.218697
254.000 3.218697
255.000 3.218697
256.000 3.218697
257.000 3.218697
258.000 7.425887
259.000 7.526871
260.000 7.526871
261.000 5.823242
262.000 5.823242
263.000 4.654831
264.000 4.654831
265.000 4.654831
266.000 6.868217
267.000 6.868217
268.000 5.550041
269.000 5.550041
270.000 6.438858
271.000 6.438858
272.000 6.438858
273.000 7.281277
274.000 8.273692
275.000 8.279099
276.000 7.249508
277.000 6.651047
278.000 8.094070
279.000 8.094070
280.000 4.618294
281.000 4.618294
282.000 2.697540
283.000 2.697540
284.000 5.615242
285.000 7.496269
286.000 7.496269
287.000 5.731468
288.000 6.997422
289.000 8.907509
290.000 8.907509
291.000 7.873688
292.000 7.873688
293.000 0.813644
294.000 0.813644
295.000 0.813644
296.000 0.813644
297.000 0.813644
298.000 0.813644
299.000 0.813644
300.000 0.813644
301.000 0.813644
302.000 0.813644
303.000 0.813644
304.000 2.002686
305.000 2.002686
306.000 2.002686
307.000 4.056443
308.000 5.147896
309.000 6.379639
310.000 6.072716
311.000 5.442162
312.000 5.442162
313.000 5.412102
314.000 5.412102
315.000 6.018363
316.000 6.043472
317.000 4.102646
318.000 4.102646
319.000 1.979698
320.000 1.979698
321.000 1.979698
322.000 1.979698
323.000 1.979698
324.000 1.979698
325.000 7.255231
326.000 7.478600
327.000 7.548662
328.000 7.641068
329.000 6.439133
330.000 6.439133
331.000 6.439133
332.000 10.540237
333.000 10.540237
334.000 12.225861
335.000 12.225861
336.000 10.326317
337.000 10.326317
338.000 10.613361
339.000 11.064285
340.000 12.494522
341.000 1.548813
342.000 1.548813
343.000 1.548813
344.000 1.548813
345.000 1.548813
346.000 1.548813
347.000 1.548813
348.000 1.548813
349.000 1.548813
350.000 1.548813
351.000 11.296521
352.000 11.336998
353.000 4.387772
354.000 4.387772
355.000 4.387772
356.000 4.387772
357.000 11.813160
358.000 11.811539
359.000 11.871316
