0.000 0.610657
1.000 0.610657
2.000 0.610657
3.000 0.610657
4.000 0.610657
5.000 0.610657
6.000 0.610657
7.000 0.610657
8.000 0.610657
9.000 0.610657
10.000 0.610657
11.000 0.610657
12.000 4.358708
13.000 5.436508
14.000 4.343430
15.000 5.181214
16.000 5.354698
17.000 4.338943
18.000 4.481699
19.000 5.941757
20.000 4.833466
21.000 5.056152
22.000 5.201899
23.000 5.262299
24.000 5.707642
25.000 5.707642
26.000 4.373505
27.000 4.933031
28.000 5.230782
29.000 5.230782
30.000 4.582672
31.000 4.582672
32.000 3.548660
33.000 3.548660
34.000 3.548660
35.000 4.668327
36.000 4.668327
37.000 4.123871
38.000 4.123871
39.000 4.123871
40.000 5.226135
41.000 5.226135
42.000 5.226135
43.000 4.479759
44.000 4.479759
45.000 4.784981
46.000 5.073906
47.000 5.105042
48.000 5.105042
49.000 5.105042
50.000 4.010574
51.000 4.010574
52.000 4.010574
53.000 4.962791
54.000 4.962791
55.000 4.962791
56.000 4.962791
57.000 4.869897
58.000 4.730325
59.000 4.590753
60.000 4.560425
61.000 4.560425
62.000 4.649025
63.000 4.630390
64.000 4.616341
65.000 5.193466
66.000 5.096901
67.000 4.458031
68.000 4.458031
69.000 5.081032
70.000 5.081032
71.000 4.872421
72.000 4.842907
73.000 4.732599
74.000 4.631516
75.000 4.274715
76.000 4.197656
77.000 4.407258
78.000 4.616860
79.000 4.523716
80.000 3.940907
81.000 3.740849
82.000 3.770804
83.000 3.800759
84.000 3.901027
85.000 4.069792
86.000 4.322488
87.000 4.699278
88.000 4.508868
89.000 4.054646
90.000 3.781570
91.000 3.850734
92.000 3.896734
93.000 3.933601
94.000 3.970469
95.000 4.069162
96.000 4.233200
97.000 3.465692
98.000 2.211639
99.000 2.800362
100.000 3.835811
101.000 4.074309
102.000 4.257363
103.000 3.984302
104.000 2.886677
105.000 4.400848
106.000 4.400848
107.000 4.400848
108.000 3.436676
109.000 3.436676
110.000 5.182526
111.000 5.182526
112.000 5.182526
113.000 4.045502
114.000 4.045502
115.000 4.045502
116.000 4.247247
117.000 4.458672
118.000 4.458672
119.000 2.650085
120.000 2.650085
121.000 2.650085
122.000 2.650085
123.000 2.650085
124.000 2.650085
125.000 4.820786
126.000 4.820786
127.000 4.820786
128.000 4.820786
129.000 4.431541
130.000 4.431541
131.000 4.431541
132.000 4.431541
133.000 4.415203
134.000 4.332502
135.000 4.249802
136.000 4.203514
137.000 4.203514
138.000 4.203514
139.000 4.556526
140.000 4.556526
141.000 4.377808
142.000 3.147797
143.000 3.147797
144.000 3.147797
145.000 3.147797
146.000 3.147797
147.000 3.147797
148.000 5.049430
149.000 4.994919
150.000 4.994919
151.000 4.994919
152.000 4.994919
153.000 4.866539
154.000 4.866539
155.000 4.866539
156.000 4.048256
157.000 4.048256
158.000 3.786194
159.000 3.786194
160.000 4.266502
161.000 4.266502
162.000 5.204109
163.000 4.049599
164.000 4.049599
165.000 5.243866
166.000 5.243866
167.000 3.942383
168.000 3.942383
169.000 3.942383
170.000 3.942383
171.000 4.561317
172.000 4.561317
173.000 4.561317
174.000 4.561317
175.000 4.491142
176.000 4.491142
177.000 4.491142
178.000 4.491142
179.000 4.391869
180.000 4.391869
181.000 4.391869
182.000 4.417328
183.000 4.773070
184.000 4.962296
185.000 5.460800
186.000 5.460800
187.000 4.653628
188.000 4.327782
189.000 5.510078
190.000 5.138476
191.000 3.819466
192.000 3.819466
193.000 3.819466
194.000 3.819466
195.000 4.569000
196.000 4.569000
197.000 4.569000
198.000 4.734459
199.000 4.734459
200.000 4.734459
201.000 5.027602
202.000 5.392404
203.000 5.515343
204.000 3.401634
205.000 3.401634
206.000 4.370354
207.000 4.788651
208.000 3.818596
209.000 3.818596
210.000 4.026894
211.000 4.872350
212.000 5.028923
213.000 5.452347
214.000 4.409134
215.000 4.836060
216.000 4.836060
217.000 4.836060
218.000 4.836060
219.000 4.836060
220.000 4.659210
221.000 4.659210
222.000 4.659210
223.000 4.659210
224.000 4.725818
225.000 4.955842
226.000 5.185867
227.000 5.350456
228.000 5.350456
229.000 5.350456
230.000 4.974284
231.000 4.720673
232.000 5.110489
233.000 5.110489
234.000 4.596542
235.000 4.596542
236.000 5.058800
237.000 5.058800
238.000 4.498077
239.000 4.498077
240.000 4.644273
241.000 4.912621
242.000 4.912621
243.000 5.075291
244.000 4.470100
245.000 2.355354
246.000 2.355354
247.000 2.355354
248.000 4.646805
249.000 4.646805
250.000 4.608124
251.000 4.608124
252.000 4.779495
253.000 4.779495
254.000 4.779495
255.000 4.717964
256.000 4.717964
257.000 4.717964
258.000 4.717964
259.000 4.848439
260.000 5.205350
261.000 5.562260
262.000 5.747971
263.000 4.562859
264.000 5.625137
265.000 5.625137
266.000 5.625137
267.000 5.625137
268.000 5.462907
269.000 5.453907
270.000 5.453484
271.000 5.453484
272.000 5.453484
273.000 4.702454
274.000 4.702454
275.000 4.702454
276.000 5.240768
277.000 5.240768
278.000 5.240768
279.000 5.240768
280.000 4.745709
281.000 4.317192
282.000 4.317192
283.000 4.412556
284.000 4.596199
285.000 4.847946
286.000 4.847946
287.000 3.403732
288.000 3.403732
289.000 3.403732
290.000 3.770530
291.000 4.365974
292.000 4.365974
293.000 2.931862
294.000 2.931862
295.000 2.931862
296.000 2.872934
297.000 2.484145
298.000 2.095355
299.000 2.048553
300.000 2.048553
301.000 2.158012
302.000 2.158012
303.000 3.345207
304.000 3.564859
305.000 5.431351
306.000 5.078743
307.000 5.078743
308.000 5.125870
309.000 5.240944
310.000 5.240944
311.000 5.066818
312.000 5.066818
313.000 5.066818
314.000 3.950775
315.000 3.950775
316.000 4.841492
317.000 4.841492
318.000 4.390266
319.000 4.390266
320.000 4.241539
321.000 4.241539
322.000 4.241539
323.000 4.325066
324.000 4.432625
325.000 4.520782
326.000 4.520782
327.000 4.570824
328.000 4.570824
329.000 5.130745
330.000 5.130745
331.000 4.719360
332.000 4.303795
333.000 4.303795
334.000 4.303795
335.000 4.303795
336.000 5.489555
337.000 5.489555
338.000 5.489555
339.000 4.304977
340.000 4.304977
341.000 4.458405
342.000 4.458405
343.000 4.458405
344.000 4.737976
345.000 4.737976
346.000 4.737976
347.000 4.737976
348.000 4.740601
349.000 4.743780
350.000 4.745613
351.000 4.682007
352.000 3.685463
353.000 3.685463
354.000 4.131874
355.000 5.422615
356.000 5.422615
357.000 5.029503
358.000 4.886505
359.000 5.143287
