0.000 0.444710
1.000 0.444710
2.000 4.963326
3.000 4.677460
4.000 5.067749
5.000 5.167512
6.000 4.929420
7.000 5.054292
8.000 5.164597
9.000 5.164673
10.000 5.058489
11.000 5.054825
12.000 5.139888
13.000 5.488434
14.000 4.875616
15.000 2.533875
16.000 4.838799
17.000 4.933401
18.000 5.876190
19.000 4.664444
20.000 5.428533
21.000 5.388631
22.000 3.730278
23.000 4.395432
24.000 4.507963
25.000 4.703148
26.000 5.485030
27.000 5.557358
28.000 4.393181
29.000 4.393181
30.000 4.827568
31.000 4.827568
32.000 5.272255
33.000 5.272255
34.000 3.180832
35.000 3.180832
36.000 3.545039
37.000 5.475761
38.000 5.472168
39.000 5.444683
40.000 5.438423
41.000 5.438423
42.000 5.438423
43.000 5.163734
44.000 5.163734
45.000 5.163734
46.000 5.055205
47.000 4.894596
48.000 4.858315
49.000 4.858315
50.000 4.858315
51.000 3.880394
52.000 3.880394
53.000 5.462822
54.000 5.462822
55.000 5.462822
56.000 5.247498
57.000 5.247498
58.000 4.848701
59.000 3.421120
60.000 3.421120
61.000 3.421120
62.000 3.483465
63.000 5.025185
64.000 5.025185
65.000 3.924568
66.000 5.178078
67.000 5.178078
68.000 5.056683
69.000 4.704590
70.000 4.704590
71.000 4.704590
72.000 4.704590
73.000 4.704590
74.000 5.308771
75.000 5.366214
76.000 5.423657
77.000 5.481100
78.000 5.502823
79.000 5.502823
80.000 5.352959
81.000 5.355505
82.000 5.402015
83.000 5.436058
84.000 5.436058
85.000 5.436058
86.000 5.130348
87.000 5.130348
88.000 5.273227
89.000 5.502342
90.000 5.476760
91.000 5.374016
92.000 5.412355
93.000 5.510474
94.000 5.727326
95.000 5.793030
96.000 5.793030
97.000 5.098885
98.000 5.098885
99.000 5.098885
100.000 5.175511
101.000 5.184303
102.000 5.184303
103.000 5.318489
104.000 5.318489
105.000 4.140923
106.000 4.140923
107.000 4.140923
108.000 5.156708
109.000 5.156708
110.000 5.156708
111.000 4.944489
112.000 4.944489
113.000 4.944489
114.000 4.753504
115.000 3.514587
116.000 3.514587
117.000 3.514587
118.000 5.036774
119.000 5.095373
120.000 5.327278
121.000 5.327278
122.000 5.327278
123.000 5.052489
124.000 4.894173
125.000 4.430885
126.000 4.493800
127.000 5.484444
128.000 5.461345
129.000 5.354280
130.000 5.247214
131.000 5.250887
132.000 5.406704
133.000 5.471092
134.000 4.830396
135.000 4.326866
136.000 3.409103
137.000 3.409103
138.000 3.409103
139.000 5.204124
140.000 5.204124
141.000 3.760483
142.000 3.760483
143.000 5.032036
144.000 5.032036
145.000 5.032036
146.000 3.486267
147.000 3.486267
148.000 4.853630
149.000 4.853630
150.000 5.463890
151.000 5.445825
152.000 5.357666
153.000 5.357666
154.000 5.446663
155.000 5.461777
156.000 5.501373
157.000 5.501373
158.000 3.923172
159.000 3.923172
160.000 5.126526
161.000 5.126526
162.000 5.126526
163.000 5.001419
164.000 5.001419
165.000 5.001419
166.000 5.001419
167.000 5.019760
168.000 5.043313
169.000 5.066865
170.000 5.073654
171.000 5.073654
172.000 4.817619
173.000 5.543510
174.000 5.543510
175.000 5.404785
176.000 5.404785
177.000 3.556816
178.000 3.556816
179.000 3.556816
180.000 3.556816
181.000 4.852531
182.000 5.035118
183.000 5.081528
184.000 5.411552
185.000 5.411552
186.000 5.074905
187.000 5.375443
188.000 4.604759
189.000 4.955963
190.000 4.340218
191.000 5.111481
192.000 5.322807
193.000 5.652092
194.000 5.227448
195.000 5.481743
196.000 4.477021
197.000 5.381726
198.000 5.352660
199.000 5.535322
200.000 5.561111
201.000 4.391092
202.000 4.241219
203.000 5.535843
204.000 5.320969
205.000 5.835709
206.000 4.998390
207.000 5.468083
208.000 4.670006
209.000 5.340927
210.000 4.818748
211.000 5.464996
212.000 5.395126
213.000 4.563164
214.000 4.967522
215.000 5.414177
216.000 5.516669
217.000 5.646683
218.000 5.662542
219.000 5.683582
220.000 5.574003
221.000 5.413544
222.000 5.463534
223.000 5.538986
224.000 5.440168
225.000 5.316376
226.000 5.183222
227.000 5.033562
228.000 5.268291
229.000 5.610451
230.000 5.532597
231.000 5.443657
232.000 5.067585
233.000 4.700821
234.000 4.144269
235.000 3.632050
236.000 4.430692
237.000 5.265961
238.000 5.360938
239.000 5.470436
240.000 4.498036
241.000 4.024284
242.000 4.848954
243.000 5.409554
244.000 4.842407
245.000 4.147484
246.000 4.810768
247.000 5.827759
248.000 5.134876
249.000 4.194473
250.000 4.757748
251.000 5.635480
252.000 5.588657
253.000 5.506192
254.000 5.516272
255.000 5.533943
256.000 5.355952
257.000 5.099579
258.000 4.904178
259.000 4.635323
260.000 5.107474
261.000 5.816666
262.000 5.687900
263.000 5.528404
264.000 5.547853
265.000 5.572395
266.000 4.087086
267.000 3.309357
268.000 4.274557
269.000 5.630829
270.000 5.115121
271.000 4.719879
272.000 5.054403
273.000 5.365158
274.000 5.645366
275.000 5.945633
276.000 5.628539
277.000 5.328499
278.000 5.449220
279.000 5.578407
280.000 5.460949
281.000 5.338760
282.000 4.416576
283.000 3.817307
284.000 4.475698
285.000 5.109749
286.000 5.170142
287.000 5.231331
288.000 4.846070
289.000 4.634529
290.000 5.186749
291.000 5.442535
292.000 5.252716
293.000 5.252716
294.000 5.255058
295.000 5.255058
296.000 5.373780
297.000 5.374702
298.000 4.804977
299.000 4.804977
300.000 5.524910
301.000 5.524910
302.000 3.358734
303.000 3.358734
304.000 4.909463
305.000 5.364670
306.000 5.476128
307.000 5.599716
308.000 5.359665
309.000 5.359665
310.000 5.469826
311.000 5.469826
312.000 5.305089
313.000 5.177673
314.000 5.322338
315.000 5.466743
316.000 3.315750
317.000 3.315750
318.000 4.634177
319.000 4.886086
320.000 5.095032
321.000 5.095032
322.000 4.669426
323.000 4.669426
324.000 5.480212
325.000 5.629463
326.000 5.295868
327.000 5.295868
328.000 4.827721
329.000 4.827721
330.000 5.270447
331.000 5.270447
332.000 5.352097
333.000 5.352097
334.000 3.782166
335.000 3.782166
336.000 5.400146
337.000 5.400146
338.000 3.208138
339.000 3.208138
340.000 3.208138
341.000 3.860870
342.000 3.860870
343.000 4.312382
344.000 5.445770
345.000 5.445770
346.000 5.372681
347.000 5.372681
348.000 4.904305
349.000 4.904305
350.000 4.904305
351.000 5.487251
352.000 5.487251
353.000 5.372601
354.000 5.321495
355.000 5.460045
356.000 5.689407
357.000 4.934570
358.000 4.544309
359.000 4.083061
