0.000 0.324158
1.000 0.324158
2.000 3.386070
3.000 3.403145
4.000 3.236092
5.000 3.358551
6.000 3.358551
7.000 3.363876
8.000 3.432983
9.000 3.302956
10.000 3.386902
11.000 3.346633
12.000 3.354321
13.000 3.354591
14.000 3.421479
15.000 3.366293
16.000 3.315697
17.000 3.494026
18.000 3.184975
19.000 3.385902
20.000 3.393054
21.000 3.383084
22.000 3.353569
23.000 3.409076
24.000 4.584648
25.000 3.344261
26.000 3.344261
27.000 3.414833
28.000 3.301026
29.000 3.345490
30.000 3.165146
31.000 3.341408
32.000 3.324547
33.000 3.441376
34.000 3.288628
35.000 3.290550
36.000 3.339203
37.000 3.342439
38.000 3.379593
39.000 3.380037
40.000 3.397825
41.000 3.450172
42.000 5.772079
43.000 7.645087
44.000 5.815447
45.000 4.508074
46.000 4.589797
47.000 4.650684
48.000 4.689661
49.000 4.638433
50.000 3.377571
51.000 3.380366
52.000 3.420578
53.000 3.402603
54.000 3.402603
55.000 3.401786
56.000 3.390839
57.000 3.377577
58.000 3.247322
59.000 3.247032
60.000 3.247032
61.000 3.363052
62.000 3.363052
63.000 3.363052
64.000 3.138344
65.000 3.138344
66.000 3.339430
67.000 3.389389
68.000 3.389389
69.000 3.350975
70.000 3.328506
71.000 3.328506
72.000 3.620294
73.000 3.403839
74.000 3.403839
75.000 3.124748
76.000 3.122368
77.000 3.404930
78.000 3.396675
79.000 3.396675
80.000 3.377045
81.000 3.377045
82.000 3.170967
83.000 3.170967
84.000 3.170967
85.000 3.200655
86.000 3.235018
87.000 3.433685
88.000 3.341942
89.000 3.341942
90.000 3.410469
91.000 3.410469
92.000 3.014053
93.000 3.014053
94.000 3.094825
95.000 3.357975
96.000 3.398575
97.000 3.398575
98.000 3.324876
99.000 3.304596
100.000 3.304596
101.000 3.446327
102.000 3.446327
103.000 3.408531
104.000 3.408531
105.000 3.239107
106.000 3.149422
107.000 3.351128
108.000 3.337189
109.000 3.326164
110.000 3.306129
111.000 3.306129
112.000 3.314457
113.000 3.325259
114.000 3.327354
115.000 3.359695
116.000 3.373074
117.000 3.380119
118.000 3.399124
119.000 3.410088
120.000 3.398608
121.000 3.394264
122.000 3.319758
123.000 3.289940
124.000 3.313054
125.000 3.322853
126.000 3.349306
127.000 3.360970
128.000 3.959126
129.000 4.384644
130.000 3.591770
131.000 3.285721
132.000 3.359488
133.000 3.391678
134.000 3.386749
135.000 3.386749
136.000 3.377235
137.000 3.377235
138.000 3.461960
139.000 3.461960
140.000 3.370224
141.000 3.370224
142.000 3.423965
143.000 3.423965
144.000 3.367027
145.000 3.367027
146.000 3.281219
147.000 3.281219
148.000 3.388878
149.000 3.388878
150.000 3.211182
151.000 3.211182
152.000 3.306381
153.000 3.306381
154.000 3.306381
155.000 3.306381
156.000 3.419479
157.000 3.419479
158.000 3.419479
159.000 3.419479
160.000 3.418510
161.000 3.369922
162.000 3.321333
163.000 3.272744
164.000 3.265472
165.000 3.265472
166.000 3.413544
167.000 3.413544
168.000 3.399470
169.000 3.379570
170.000 3.379570
171.000 3.273170
172.000 3.456253
173.000 3.407471
174.000 3.242859
175.000 3.242859
176.000 4.962230
177.000 5.678741
178.000 3.372032
179.000 3.372032
180.000 3.308174
181.000 3.308174
182.000 3.373444
183.000 3.373444
184.000 3.287033
185.000 3.287033
186.000 3.665733
187.000 3.744888
188.000 3.361725
189.000 3.361725
190.000 3.309166
191.000 3.309166
192.000 3.401245
193.000 3.401245
194.000 1.985672
195.000 1.985672
196.000 1.985672
197.000 1.985672
198.000 3.343437
199.000 3.343437
200.000 3.351006
201.000 3.351006
202.000 3.351006
203.000 3.174868
204.000 3.165169
205.000 3.165169
206.000 3.165169
207.000 3.171715
208.000 3.171715
209.000 3.181988
210.000 3.382141
211.000 3.382141
212.000 3.171623
213.000 3.171623
214.000 3.251276
215.000 3.348061
216.000 3.383080
217.000 3.260803
218.000 3.260803
219.000 3.260803
220.000 3.377617
221.000 3.377617
222.000 3.377617
223.000 3.265932
224.000 3.118813
225.000 3.118813
226.000 3.378197
227.000 4.711938
228.000 4.580989
229.000 3.483940
230.000 2.789791
231.000 2.470573
232.000 2.926339
233.000 3.315331
234.000 5.228310
235.000 7.411407
236.000 4.885767
237.000 3.342468
238.000 3.351605
239.000 3.353203
240.000 3.383751
241.000 3.390984
242.000 3.361198
243.000 3.361198
244.000 3.354393
245.000 3.354393
246.000 3.312843
247.000 3.312843
248.000 3.294510
249.000 3.294510
250.000 3.322833
251.000 3.345650
252.000 3.417620
253.000 3.478104
254.000 3.419690
255.000 3.371956
256.000 3.316419
257.000 3.271805
258.000 3.894229
259.000 4.523346
260.000 3.864915
261.000 3.334976
262.000 3.372815
263.000 3.408829
264.000 3.338669
265.000 3.338669
266.000 3.259781
267.000 3.259781
268.000 3.269966
269.000 3.269966
270.000 3.279716
271.000 3.279716
272.000 3.350182
273.000 3.350182
274.000 3.339714
275.000 3.339714
276.000 2.263611
277.000 2.263611
278.000 2.844253
279.000 3.352386
280.000 3.361877
281.000 3.361877
282.000 3.351979
283.000 3.336151
284.000 3.264320
285.000 3.264320
286.000 3.414871
287.000 3.414871
288.000 3.308072
289.000 3.221466
290.000 3.288918
291.000 3.358009
292.000 5.053796
293.000 7.247739
294.000 3.357353
295.000 3.303085
296.000 5.770144
297.000 7.380730
298.000 3.271667
299.000 3.271667
300.000 3.358467
301.000 3.358467
302.000 3.375098
303.000 3.402893
304.000 3.402893
305.000 3.377691
306.000 3.271278
307.000 3.271278
308.000 3.283258
309.000 3.344887
310.000 3.344887
311.000 3.434944
312.000 3.434944
313.000 3.434944
314.000 3.434944
315.000 3.387385
316.000 3.404948
317.000 3.416840
318.000 3.416840
319.000 3.416840
320.000 3.343842
321.000 3.343842
322.000 3.343842
323.000 3.363838
324.000 3.426534
325.000 3.427483
326.000 3.296745
327.000 3.296745
328.000 3.184578
329.000 3.193723
330.000 3.304562
331.000 3.481148
332.000 3.356978
333.000 3.345581
334.000 4.370965
335.000 5.633163
336.000 4.076033
337.000 3.352966
338.000 3.325366
339.000 3.298950
340.000 3.317022
341.000 3.326591
342.000 3.306238
343.000 3.274590
344.000 4.362559
345.000 5.958580
346.000 4.915598
347.000 3.383995
348.000 3.369743
349.000 3.342385
350.000 3.353527
351.000 3.383851
352.000 3.532651
353.000 3.812593
354.000 5.188049
355.000 7.682676
356.000 4.590661
357.000 3.274063
358.000 3.966970
359.000 4.457710
