0.000 1.033081
1.000 1.033081
2.000 1.033081
3.000 1.033081
4.000 1.033081
5.000 1.033081
6.000 1.033081
7.000 1.033081
8.000 1.033081
9.000 1.033081
10.000 6.051207
11.000 5.817856
12.000 13.639824
13.000 12.625108
14.000 8.283901
15.000 4.317245
16.000 4.317245
17.000 4.317245
18.000 3.945381
19.000 3.945381
20.000 3.945381
21.000 3.945381
22.000 3.231148
23.000 3.755091
24.000 3.889069
25.000 3.889069
26.000 2.397980
27.000 2.397980
28.000 2.397980
29.000 2.397980
30.000 2.397980
31.000 3.293565
32.000 2.719879
33.000 2.719879
34.000 2.719879
35.000 2.719879
36.000 3.542366
37.000 3.542366
38.000 3.542366
39.000 2.523331
40.000 2.523331
41.000 2.523331
42.000 2.523331
43.000 4.142054
44.000 3.672112
45.000 3.563293
46.000 3.563293
47.000 8.436287
48.000 3.361618
49.000 3.361618
50.000 3.361618
51.000 2.457161
52.000 2.457161
53.000 2.457161
54.000 2.457161
55.000 2.457161
56.000 2.834473
57.000 2.834473
58.000 2.834473
59.000 2.834473
60.000 9.458023
61.000 10.113701
62.000 8.777046
63.000 5.546386
64.000 3.538712
65.000 3.538712
66.000 3.538712
67.000 5.668525
68.000 4.479793
69.000 5.335518
70.000 1.185959
71.000 1.185959
72.000 1.185959
73.000 9.829285
74.000 10.914373
75.000 12.219036
76.000 6.288048
77.000 8.481259
78.000 1.642792
79.000 3.523544
80.000 0.731346
81.000 10.803734
82.000 6.053711
83.000 7.315510
84.000 11.919510
85.000 2.398689
86.000 2.398689
87.000 11.394226
88.000 17.229431
89.000 5.058960
90.000 5.058960
91.000 11.380449
92.000 19.446239
93.000 22.947617
94.000 17.954808
95.000 13.822533
96.000 6.472046
97.000 5.805908
98.000 4.899567
99.000 10.341232
100.000 5.780693
101.000 5.780693
102.000 6.663788
103.000 6.819008
104.000 2.789513
105.000 2.789513
106.000 2.789513
107.000 2.789513
108.000 6.287888
109.000 6.287888
110.000 8.232430
111.000 9.233492
112.000 13.029121
113.000 3.203926
114.000 3.203926
115.000 3.902571
116.000 11.212532
117.000 12.173523
118.000 14.441398
119.000 16.523781
120.000 5.515495
121.000 5.515495
122.000 10.016388
123.000 10.469259
124.000 11.063002
125.000 11.084946
126.000 8.148253
127.000 7.177109
128.000 3.549324
129.000 3.549324
130.000 3.372658
131.000 3.372658
132.000 3.372658
133.000 6.599739
134.000 4.631744
135.000 4.631744
136.000 9.593008
137.000 11.870781
138.000 8.997871
139.000 7.036692
140.000 1.662910
141.000 1.662910
142.000 1.662910
143.000 1.662910
144.000 1.662910
145.000 3.839195
146.000 3.839195
147.000 4.507202
148.000 5.438110
149.000 5.438110
150.000 6.426372
151.000 9.387538
152.000 11.067215
153.000 8.363842
154.000 4.008896
155.000 4.008896
156.000 2.723457
157.000 5.462677
158.000 5.402945
159.000 4.642960
160.000 2.755768
161.000 2.755768
162.000 5.454300
163.000 3.986298
164.000 3.986298
165.000 4.792534
166.000 4.792534
167.000 2.981148
168.000 2.981148
169.000 8.283066
170.000 6.134699
171.000 3.782318
172.000 3.782318
173.000 4.519547
174.000 4.519547
175.000 6.014412
176.000 5.995645
177.000 4.629807
178.000 4.275719
179.000 4.275719
180.000 5.805595
181.000 5.805595
182.000 3.999878
183.000 2.773857
184.000 2.773857
185.000 2.773857
186.000 4.618378
187.000 2.510818
188.000 2.510818
189.000 2.510818
190.000 2.835136
191.000 3.092168
192.000 10.293526
193.000 8.767199
194.000 7.916176
195.000 4.363167
196.000 4.363167
197.000 4.541756
198.000 4.541756
199.000 4.046786
200.000 2.041199
201.000 2.041199
202.000 2.041199
203.000 2.041199
204.000 1.223618
205.000 1.223618
206.000 1.223618
207.000 1.223618
208.000 1.223618
209.000 1.223618
210.000 1.223618
211.000 1.223618
212.000 1.223618
213.000 0.947906
214.000 0.947906
215.000 0.947906
216.000 0.947906
217.000 1.705551
218.000 1.705551
219.000 4.562683
220.000 4.562683
221.000 6.854111
222.000 7.329582
223.000 4.388321
224.000 4.388321
225.000 4.388321
226.000 5.532082
227.000 5.532082
228.000 4.108269
229.000 4.108269
230.000 4.108269
231.000 2.711411
232.000 2.711411
233.000 1.084702
234.000 1.084702
235.000 1.084702
236.000 1.761520
237.000 1.761520
238.000 1.230934
239.000 1.230934
240.000 1.230934
241.000 1.230934
242.000 1.230934
243.000 1.230934
244.000 1.230934
245.000 0.726158
246.000 0.726158
247.000 0.726158
248.000 0.726158
249.000 0.726158
250.000 0.726158
251.000 0.726158
252.000 0.726158
253.000 0.737869
254.000 0.737869
255.000 0.737869
256.000 0.737869
257.000 0.737869
258.000 0.737869
259.000 0.737869
260.000 0.737869
261.000 0.737869
262.000 0.737869
263.000 0.737869
264.000 0.737869
265.000 4.613639
266.000 2.541145
267.000 2.541145
268.000 2.541145
269.000 2.541145
270.000 18.832960
271.000 17.435293
272.000 8.096593
273.000 7.838699
274.000 12.572031
275.000 11.270406
276.000 3.885307
277.000 3.885307
278.000 3.885307
279.000 4.135574
280.000 4.135574
281.000 3.982727
282.000 2.797806
283.000 2.797806
284.000 3.263855
285.000 2.708054
286.000 2.708054
287.000 2.557518
288.000 2.557518
289.000 3.272095
290.000 3.272095
291.000 3.272095
292.000 8.678215
293.000 8.678215
294.000 8.371864
295.000 7.684579
296.000 7.482193
297.000 7.758052
298.000 8.992950
299.000 8.992950
300.000 3.818817
301.000 3.818817
302.000 3.818817
303.000 1.084450
304.000 1.084450
305.000 1.084450
306.000 1.084450
307.000 2.810532
308.000 2.810532
309.000 5.740770
310.000 7.759880
311.000 7.717110
312.000 7.572067
313.000 7.572067
314.000 4.215752
315.000 4.215752
316.000 4.755966
317.000 4.755966
318.000 3.210464
319.000 3.210464
320.000 3.687260
321.000 5.727108
322.000 5.861801
323.000 3.839592
324.000 9.239388
325.000 10.753286
326.000 11.917450
327.000 11.663598
328.000 11.359184
329.000 9.736386
330.000 3.927361
331.000 3.927361
332.000 4.127022
333.000 4.127022
334.000 9.496872
335.000 7.804973
336.000 5.549332
337.000 6.747000
338.000 10.523598
339.000 11.005042
340.000 11.605370
341.000 9.040281
342.000 6.390030
343.000 6.908585
344.000 8.019447
345.000 2.057831
346.000 2.057831
347.000 2.057831
348.000 2.057831
349.000 6.943416
350.000 4.877090
351.000 4.877090
352.000 8.760475
353.000 4.540344
354.000 4.540344
355.000 3.616272
356.000 4.224808
357.000 4.224808
358.000 4.224808
359.000 5.498137
