0.000 3.395309
1.000 3.395309
2.000 3.223740
3.000 3.033478
4.000 3.364458
5.000 4.088928
6.000 4.659239
7.000 4.933090
8.000 5.407217
9.000 6.583641
10.000 4.307818
11.000 3.437675
12.000 3.872696
13.000 5.133922
14.000 4.425478
15.000 3.792404
16.000 3.696899
17.000 3.663292
18.000 3.351139
19.000 2.814720
20.000 2.278301
21.000 1.825256
22.000 1.859643
23.000 1.911003
24.000 2.234991
25.000 3.053406
26.000 3.345715
27.000 3.861325
28.000 3.908327
29.000 3.983932
30.000 4.025331
31.000 4.095848
32.000 4.163769
33.000 4.269547
34.000 2.186480
35.000 1.107910
36.000 1.658345
37.000 2.664774
38.000 2.906288
39.000 2.906288
40.000 3.245628
41.000 3.245628
42.000 2.803828
43.000 2.639267
44.000 2.428332
45.000 2.135460
46.000 2.397928
47.000 3.271996
48.000 2.335037
49.000 2.335037
50.000 2.885599
51.000 3.377693
52.000 3.517674
53.000 3.726219
54.000 3.318469
55.000 2.787254
56.000 2.787254
57.000 2.787254
58.000 3.082473
59.000 2.757478
60.000 2.642029
61.000 2.651657
62.000 2.651657
63.000 2.651657
64.000 2.651657
65.000 2.925943
66.000 3.057162
67.000 3.114258
68.000 1.914223
69.000 1.914223
70.000 1.914223
71.000 2.134537
72.000 2.134537
73.000 2.134537
74.000 2.628416
75.000 2.661209
76.000 2.661209
77.000 2.077454
78.000 2.077454
79.000 2.237527
80.000 3.357558
81.000 3.375816
82.000 2.176323
83.000 2.176323
84.000 3.587524
85.000 4.541801
86.000 3.475639
87.000 3.488197
88.000 3.497803
89.000 3.263939
90.000 3.716103
91.000 4.680908
92.000 4.471788
93.000 3.651448
94.000 3.434311
95.000 2.734998
96.000 1.627464
97.000 1.627464
98.000 1.627464
99.000 3.182869
100.000 3.461291
101.000 4.072433
102.000 4.515106
103.000 5.934297
104.000 5.785526
105.000 5.197899
106.000 5.565930
107.000 6.564995
108.000 1.257835
109.000 1.257835
110.000 1.257835
111.000 1.257835
112.000 4.405439
113.000 4.132431
114.000 4.843788
115.000 4.843788
116.000 4.613831
117.000 3.941280
118.000 3.937843
119.000 4.222031
120.000 4.027115
121.000 4.027115
122.000 3.771721
123.000 3.771721
124.000 1.616470
125.000 1.616470
126.000 1.616470
127.000 2.691401
128.000 2.819229
129.000 2.362033
130.000 2.128639
131.000 2.128639
132.000 2.775414
133.000 3.050799
134.000 1.826149
135.000 1.826149
136.000 2.123178
137.000 2.174088
138.000 2.512687
139.000 3.720688
140.000 3.108668
141.000 2.985001
142.000 3.010008
143.000 3.045898
144.000 2.718575
145.000 2.718575
146.000 2.695694
147.000 2.655022
148.000 2.655022
149.000 2.706581
150.000 2.706581
151.000 2.212669
152.000 2.212669
153.000 3.011414
154.000 1.587746
155.000 1.587746
156.000 1.587746
157.000 1.587746
158.000 2.374771
159.000 2.277276
160.000 2.264458
161.000 2.264458
162.000 2.337265
163.000 2.337265
164.000 2.337265
165.000 1.612091
166.000 1.612091
167.000 1.612091
168.000 1.612091
169.000 1.862345
170.000 1.791519
171.000 1.758240
172.000 1.779051
173.000 3.641006
174.000 3.903046
175.000 2.199486
176.000 2.199486
177.000 2.196874
178.000 2.196770
179.000 2.335625
180.000 2.335625
181.000 2.240906
182.000 2.240906
183.000 2.226191
184.000 2.117928
185.000 2.009665
186.000 1.981476
187.000 2.000145
188.000 2.000145
189.000 3.048004
190.000 3.048004
191.000 1.680519
192.000 1.680519
193.000 2.094437
194.000 1.970512
195.000 1.970512
196.000 2.688362
197.000 2.688362
198.000 2.668132
199.000 2.616907
200.000 2.604149
201.000 3.924156
202.000 3.433983
203.000 3.564522
204.000 4.325577
205.000 3.889366
206.000 3.393192
207.000 1.961380
208.000 2.736697
209.000 4.761450
210.000 4.351495
211.000 2.293124
212.000 1.059235
213.000 1.601633
214.000 1.937508
215.000 1.937508
216.000 1.937508
217.000 1.937508
218.000 1.937508
219.000 1.937508
220.000 1.937508
221.000 1.937508
222.000 2.019019
223.000 2.266833
224.000 2.395096
225.000 2.395096
226.000 2.403399
227.000 2.428191
228.000 2.443024
229.000 2.443024
230.000 2.506294
231.000 2.700422
232.000 2.807764
233.000 2.894440
234.000 2.946866
235.000 2.996038
236.000 2.980025
237.000 2.868305
238.000 2.796082
239.000 2.709478
240.000 2.915411
241.000 3.609486
242.000 3.813720
243.000 3.846879
244.000 3.908559
245.000 4.101735
246.000 4.047127
247.000 3.664771
248.000 3.532398
249.000 3.527138
250.000 3.774406
251.000 4.633217
252.000 4.323079
253.000 3.209244
254.000 3.313050
255.000 3.449593
256.000 2.490546
257.000 2.278152
258.000 2.003159
259.000 2.003159
260.000 2.257430
261.000 3.036148
262.000 3.044564
263.000 3.306641
264.000 3.237172
265.000 3.156082
266.000 3.235055
267.000 3.524948
268.000 3.336947
269.000 2.899864
270.000 2.878582
271.000 2.865921
272.000 2.255013
273.000 1.213242
274.000 1.213242
275.000 1.213242
276.000 2.995019
277.000 3.054703
278.000 1.162521
279.000 1.162521
280.000 2.706856
281.000 2.706856
282.000 2.692968
283.000 2.626176
284.000 2.618294
285.000 2.776062
286.000 2.786497
287.000 2.836754
288.000 2.836754
289.000 2.766418
290.000 2.655313
291.000 2.147049
292.000 2.147049
293.000 1.926514
294.000 1.926514
295.000 2.571381
296.000 2.571381
297.000 2.600515
298.000 2.642212
299.000 3.956894
300.000 3.966192
301.000 4.331177
302.000 0.239120
303.000 0.239120
304.000 0.239120
305.000 0.239120
306.000 0.239120
307.000 0.239120
308.000 0.239120
309.000 0.239120
310.000 0.239120
311.000 0.239120
312.000 4.267037
313.000 3.801941
314.000 3.730284
315.000 2.583801
316.000 2.607767
317.000 2.737648
318.000 2.748210
319.000 2.791290
320.000 2.845634
321.000 2.845634
322.000 2.854916
323.000 2.933625
324.000 2.952591
325.000 2.581001
326.000 2.723781
327.000 3.658218
328.000 3.196134
329.000 2.252670
330.000 2.252670
331.000 2.146317
332.000 2.146317
333.000 1.783173
334.000 1.783173
335.000 1.987095
336.000 2.122826
337.000 1.975441
338.000 1.975441
339.000 2.038002
340.000 2.038002
341.000 2.127946
342.000 2.323166
343.000 2.323166
344.000 2.333416
345.000 2.354908
346.000 2.367691
347.000 2.184608
348.000 2.184608
349.000 1.547310
350.000 1.547310
351.000 1.579706
352.000 1.823431
353.000 1.923813
354.000 1.923813
355.000 1.677994
356.000 1.677994
357.000 1.886272
358.000 2.307103
359.000 2.331322
