0.000 1.377548
1.000 1.377548
2.000 1.377548
3.000 1.377548
4.000 1.377548
5.000 1.377548
6.000 1.377548
7.000 1.377548
8.000 4.927582
9.000 4.927582
10.000 4.987232
11.000 4.987381
12.000 5.353531
13.000 4.981064
14.000 5.175201
15.000 4.921715
16.000 4.688255
17.000 4.517128
18.000 4.966072
19.000 5.294785
20.000 5.388924
21.000 5.155418
22.000 4.648956
23.000 5.272650
24.000 5.351715
25.000 4.030647
26.000 5.074455
27.000 4.138493
28.000 4.803459
29.000 4.829860
30.000 5.189735
31.000 4.847142
32.000 2.945168
33.000 3.060786
34.000 4.910530
35.000 5.323020
36.000 5.145103
37.000 5.145103
38.000 5.412005
39.000 5.526428
40.000 4.785612
41.000 4.570961
42.000 3.536484
43.000 3.536484
44.000 4.657728
45.000 5.593132
46.000 2.953598
47.000 2.953598
48.000 3.977973
49.000 5.545280
50.000 4.520294
51.000 4.520294
52.000 5.094482
53.000 5.099995
54.000 5.107750
55.000 3.935341
56.000 5.543458
57.000 5.503998
58.000 5.419418
59.000 5.107834
60.000 5.107834
61.000 3.685799
62.000 3.685799
63.000 3.685799
64.000 3.808868
65.000 3.808868
66.000 4.837257
67.000 4.837257
68.000 4.887063
69.000 4.943542
70.000 5.485847
71.000 5.568810
72.000 4.081894
73.000 4.081894
74.000 4.902504
75.000 4.902504
76.000 4.902504
77.000 5.384731
78.000 5.403351
79.000 5.309914
80.000 5.309914
81.000 5.112221
82.000 5.112221
83.000 5.234695
84.000 5.011879
85.000 5.175873
86.000 3.108353
87.000 3.108353
88.000 3.108353
89.000 3.108353
90.000 5.344276
91.000 5.344276
92.000 5.344276
93.000 4.596474
94.000 4.596474
95.000 4.596474
96.000 5.223443
97.000 5.380074
98.000 5.380074
99.000 5.226974
100.000 5.228111
101.000 5.292450
102.000 5.292450
103.000 5.292450
104.000 5.020501
105.000 5.018028
106.000 5.018028
107.000 5.018028
108.000 5.389122
109.000 5.389122
110.000 5.389122
111.000 5.360040
112.000 5.358963
113.000 5.358963
114.000 5.358963
115.000 5.269404
116.000 5.132935
117.000 5.105148
118.000 5.105148
119.000 4.999702
120.000 4.982468
121.000 4.900612
122.000 5.313347
123.000 3.208099
124.000 3.208099
125.000 3.208099
126.000 5.180389
127.000 5.180389
128.000 5.583878
129.000 5.583878
130.000 5.018173
131.000 5.018173
132.000 5.018173
133.000 5.013596
134.000 5.013596
135.000 5.013596
136.000 5.013596
137.000 4.814977
138.000 4.440582
139.000 4.066187
140.000 3.911797
141.000 3.911797
142.000 3.911797
143.000 5.526367
144.000 5.526367
145.000 4.283218
146.000 4.283218
147.000 4.283218
148.000 5.344765
149.000 5.344765
150.000 5.344765
151.000 4.107101
152.000 4.107101
153.000 4.774940
154.000 4.774940
155.000 4.774940
156.000 5.293579
157.000 5.293579
158.000 5.293579
159.000 5.549622
160.000 5.549622
161.000 5.401001
162.000 5.023102
163.000 5.023102
164.000 5.023102
165.000 5.023102
166.000 4.710312
167.000 4.710312
168.000 4.710312
169.000 5.069077
170.000 5.069077
171.000 5.069077
172.000 5.069077
173.000 5.069077
174.000 2.021942
175.000 2.021942
176.000 2.021942
177.000 2.021942
178.000 2.021942
179.000 5.468384
180.000 5.468384
181.000 3.398506
182.000 3.398506
183.000 5.265417
184.000 5.374947
185.000 5.320496
186.000 5.320496
187.000 4.867043
188.000 4.867043
189.000 4.867043
190.000 2.346077
191.000 2.346077
192.000 2.346077
193.000 2.346077
194.000 4.047447
195.000 4.537037
196.000 4.936028
197.000 4.720482
198.000 4.720482
199.000 4.056735
200.000 4.026596
201.000 5.405121
202.000 5.062187
203.000 2.949081
204.000 2.949081
205.000 2.949081
206.000 4.264130
207.000 4.264130
208.000 2.331100
209.000 2.331100
210.000 2.331100
211.000 4.828232
212.000 4.828232
213.000 4.828232
214.000 5.493011
215.000 5.493011
216.000 5.493011
217.000 5.460999
218.000 5.460999
219.000 5.460999
220.000 5.460999
221.000 5.458251
222.000 5.457352
223.000 5.457352
224.000 4.782471
225.000 4.782471
226.000 4.782471
227.000 4.813013
228.000 4.946092
229.000 5.079172
230.000 5.613121
231.000 1.704201
232.000 1.704201
233.000 2.836456
234.000 4.214725
235.000 5.549309
236.000 5.408836
237.000 4.973270
238.000 5.377998
239.000 5.377998
240.000 5.377998
241.000 5.377998
242.000 4.997093
243.000 4.997093
244.000 4.997093
245.000 5.003925
246.000 5.124565
247.000 5.124565
248.000 5.124565
249.000 3.623665
250.000 3.623665
251.000 5.125168
252.000 2.750900
253.000 6.088264
254.000 6.088264
255.000 6.088264
256.000 2.979683
257.000 2.979683
258.000 2.979683
259.000 5.040817
260.000 5.040817
261.000 5.040817
262.000 3.880569
263.000 3.880569
264.000 3.880569
265.000 4.934084
266.000 5.292191
267.000 5.292191
268.000 5.344287
269.000 5.476753
270.000 5.476753
271.000 5.499336
272.000 5.499336
273.000 5.499336
274.000 5.101601
275.000 5.101601
276.000 5.101601
277.000 5.451966
278.000 5.471245
279.000 5.471245
280.000 5.471245
281.000 5.398812
282.000 5.319618
283.000 5.319618
284.000 5.599953
285.000 5.599953
286.000 5.599953
287.000 5.254916
288.000 5.217384
289.000 5.217384
290.000 5.163216
291.000 5.163216
292.000 5.557060
293.000 5.557060
294.000 5.557060
295.000 5.103378
296.000 5.103378
297.000 5.103378
298.000 5.252219
299.000 5.299973
300.000 5.299973
301.000 5.299973
302.000 5.318932
303.000 5.318932
304.000 5.318932
305.000 5.068033
306.000 3.638454
307.000 3.034019
308.000 3.034019
309.000 3.034019
310.000 3.034019
311.000 3.034019
312.000 5.556061
313.000 5.556061
314.000 5.556061
315.000 3.608376
316.000 3.608376
317.000 3.608376
318.000 5.357536
319.000 5.357536
320.000 5.336143
321.000 5.336143
322.000 5.300705
323.000 5.300705
324.000 5.300705
325.000 5.263439
326.000 5.172880
327.000 5.155159
328.000 5.155159
329.000 5.199893
330.000 5.428708
331.000 5.435555
332.000 5.285104
333.000 4.468140
334.000 4.468140
335.000 5.435890
336.000 5.435890
337.000 4.998611
338.000 4.998611
339.000 4.998611
340.000 5.386879
341.000 5.386879
342.000 5.386879
343.000 5.386879
344.000 1.685196
345.000 1.685196
346.000 1.685196
347.000 1.685196
348.000 1.685196
349.000 5.371208
350.000 5.371208
351.000 5.377201
352.000 5.402382
353.000 4.554825
354.000 4.554825
355.000 4.139084
356.000 4.608320
357.000 5.453262
358.000 5.186546
359.000 5.186546
