0.000 0.562225
1.000 1.501526
2.000 3.712753
3.000 3.240433
4.000 2.886224
5.000 1.805695
6.000 0.942345
7.000 0.942345
8.000 3.361713
9.000 3.962364
10.000 4.068558
11.000 3.897583
12.000 4.205536
13.000 3.603920
14.000 3.977318
15.000 2.815033
16.000 3.981522
17.000 3.821358
18.000 3.460213
19.000 3.859344
20.000 3.546585
21.000 3.331420
22.000 2.922798
23.000 3.872238
24.000 4.131256
25.000 3.788948
26.000 4.100014
27.000 3.698425
28.000 4.146347
29.000 3.924202
30.000 3.265823
31.000 3.924347
32.000 4.069907
33.000 2.912621
34.000 4.201073
35.000 4.172745
36.000 3.342430
37.000 3.342430
38.000 3.790276
39.000 3.790276
40.000 3.760830
41.000 3.696892
42.000 4.007889
43.000 3.916828
44.000 3.665961
45.000 3.415094
46.000 3.164227
47.000 3.125587
48.000 2.849299
49.000 2.480908
50.000 2.112516
51.000 2.072739
52.000 2.072739
53.000 4.089516
54.000 4.089516
55.000 3.849212
56.000 3.779823
57.000 3.985062
58.000 4.077858
59.000 3.921370
60.000 3.767937
61.000 3.712028
62.000 3.686043
63.000 4.001924
64.000 4.242363
65.000 4.092429
66.000 3.983093
67.000 3.987715
68.000 3.989113
69.000 3.047920
70.000 3.047920
71.000 3.661322
72.000 3.853432
73.000 3.965081
74.000 4.000946
75.000 3.942917
76.000 3.942917
77.000 4.174486
78.000 4.267235
79.000 4.108358
80.000 4.054710
81.000 3.772472
82.000 3.376618
83.000 3.271553
84.000 3.271553
85.000 3.637070
86.000 3.637070
87.000 3.865952
88.000 3.865952
89.000 4.017792
90.000 4.017792
91.000 3.828453
92.000 3.827324
93.000 4.018894
94.000 4.063812
95.000 4.068542
96.000 4.069962
97.000 4.005969
98.000 3.941330
99.000 3.038109
100.000 3.038109
101.000 3.942311
102.000 4.124191
103.000 3.946134
104.000 3.918915
105.000 4.097454
106.000 4.137489
107.000 2.544891
108.000 2.544891
109.000 3.770164
110.000 3.770164
111.000 3.945915
112.000 4.117134
113.000 2.806773
114.000 1.576050
115.000 1.296165
116.000 1.296165
117.000 1.296165
118.000 1.296165
119.000 4.042442
120.000 3.994041
121.000 3.890369
122.000 3.767929
123.000 4.024125
124.000 4.306328
125.000 3.288182
126.000 2.874207
127.000 3.348811
128.000 4.019171
129.000 4.159714
130.000 4.159714
131.000 3.833908
132.000 3.833908
133.000 3.907199
134.000 3.948318
135.000 4.151428
136.000 4.151428
137.000 3.943217
138.000 3.622392
139.000 3.807945
140.000 3.807945
141.000 4.086975
142.000 4.086975
143.000 3.185188
144.000 3.185188
145.000 4.041252
146.000 4.041252
147.000 4.041252
148.000 4.004024
149.000 3.984245
150.000 3.984245
151.000 3.668037
152.000 3.668037
153.000 3.685977
154.000 4.073830
155.000 4.073830
156.000 3.791580
157.000 3.791580
158.000 3.791580
159.000 3.767361
160.000 3.722099
161.000 3.722099
162.000 3.722099
163.000 3.992317
164.000 3.992317
165.000 3.951469
166.000 3.951469
167.000 3.513237
168.000 4.232536
169.000 4.232536
170.000 3.663948
171.000 3.663948
172.000 3.912537
173.000 3.912537
174.000 3.955292
175.000 3.976317
176.000 4.110252
177.000 4.110252
178.000 4.078499
179.000 4.007019
180.000 3.280247
181.000 2.347252
182.000 2.347252
183.000 3.599480
184.000 3.599480
185.000 3.801201
186.000 3.925713
187.000 4.180916
188.000 4.180916
189.000 4.092712
190.000 4.092712
191.000 4.189111
192.000 4.307198
193.000 4.307198
194.000 3.592712
195.000 3.592712
196.000 3.592712
197.000 3.592712
198.000 3.592712
199.000 3.592712
200.000 3.592712
201.000 3.592712
202.000 3.592712
203.000 4.128803
204.000 4.070177
205.000 4.011552
206.000 3.952926
207.000 3.894301
208.000 3.835675
209.000 3.777050
210.000 3.722893
211.000 3.722893
212.000 3.882195
213.000 3.882195
214.000 3.882195
215.000 3.882195
216.000 3.882195
217.000 3.882195
218.000 3.788469
219.000 3.766138
220.000 3.745544
221.000 3.745544
222.000 3.745544
223.000 3.450737
224.000 3.450737
225.000 3.450737
226.000 3.701965
227.000 3.701965
228.000 3.701965
229.000 3.989861
230.000 3.989861
231.000 3.821427
232.000 3.176047
233.000 4.050293
234.000 3.830406
235.000 2.323395
236.000 2.871567
237.000 3.591028
238.000 4.162727
239.000 3.821045
240.000 3.821045
241.000 1.501198
242.000 1.501198
243.000 1.874857
244.000 4.098289
245.000 0.740425
246.000 0.740425
247.000 0.740425
248.000 0.740425
249.000 0.740425
250.000 0.740425
251.000 0.740425
252.000 0.740425
253.000 3.918350
254.000 3.918350
255.000 3.716820
256.000 3.716820
257.000 3.796748
258.000 3.843346
259.000 3.937046
260.000 4.136841
261.000 1.701532
262.000 1.092491
263.000 1.092491
264.000 1.092491
265.000 1.092491
266.000 1.092491
267.000 1.092491
268.000 1.092491
269.000 3.526367
270.000 3.526367
271.000 3.788803
272.000 3.788803
273.000 3.788803
274.000 3.882460
275.000 4.000801
276.000 4.000801
277.000 4.000801
278.000 3.929420
279.000 3.929420
280.000 3.954132
281.000 3.986176
282.000 3.986176
283.000 3.064026
284.000 3.064026
285.000 3.871525
286.000 4.098541
287.000 4.098541
288.000 3.356560
289.000 3.356560
290.000 3.618126
291.000 3.418556
292.000 3.418556
293.000 3.418556
294.000 3.927620
295.000 3.927620
296.000 4.014313
297.000 4.014313
298.000 4.014313
299.000 3.810174
300.000 3.640121
301.000 3.640121
302.000 3.839966
303.000 3.839966
304.000 2.860107
305.000 2.860107
306.000 2.860107
307.000 3.134078
308.000 3.932860
309.000 4.156342
310.000 4.156342
311.000 3.915108
312.000 3.915108
313.000 2.573753
314.000 2.573753
315.000 2.573753
316.000 2.573753
317.000 3.927044
318.000 3.833244
319.000 3.833244
320.000 3.833244
321.000 3.833244
322.000 3.946198
323.000 3.946198
324.000 3.946198
325.000 3.940420
326.000 3.909016
327.000 3.881775
328.000 3.881775
329.000 3.986791
330.000 3.974525
331.000 4.134270
332.000 4.134270
333.000 3.875130
334.000 3.875130
335.000 3.875130
336.000 3.875130
337.000 3.875130
338.000 2.473458
339.000 2.009033
340.000 2.009033
341.000 2.009033
342.000 2.184036
343.000 3.028130
344.000 3.028130
345.000 3.857506
346.000 2.674408
347.000 2.674408
348.000 2.674408
349.000 4.155411
350.000 4.155411
351.000 4.037847
352.000 3.573380
353.000 3.573380
354.000 3.504875
355.000 3.504875
356.000 3.757326
357.000 3.975655
358.000 3.975655
359.000 3.971586
