0.000 0.566422
1.000 0.566422
2.000 0.566422
3.000 0.566422
4.000 0.566422
5.000 0.566422
6.000 3.150536
7.000 3.524874
8.000 3.333267
9.000 3.498566
10.000 3.446709
11.000 3.430145
12.000 3.326683
13.000 3.416748
14.000 3.475243
15.000 3.405998
16.000 3.527412
17.000 3.538144
18.000 3.367844
19.000 3.367844
20.000 3.467667
21.000 3.467667
22.000 3.269592
23.000 3.269592
24.000 3.383713
25.000 3.383377
26.000 3.224081
27.000 3.219383
28.000 3.541748
29.000 3.541748
30.000 0.821411
31.000 0.821411
32.000 0.821411
33.000 0.821411
34.000 0.821411
35.000 0.821411
36.000 0.821411
37.000 0.821411
38.000 2.667432
39.000 2.595268
40.000 2.595268
41.000 2.425068
42.000 2.231699
43.000 1.947144
44.000 1.110748
45.000 1.110748
46.000 1.110748
47.000 1.110748
48.000 1.110748
49.000 1.110748
50.000 2.129501
51.000 2.129501
52.000 1.903221
53.000 1.903221
54.000 1.903221
55.000 1.007782
56.000 1.007782
57.000 1.007782
58.000 1.007782
59.000 2.134125
60.000 2.134125
61.000 2.134125
62.000 2.826019
63.000 2.826019
64.000 3.043883
65.000 3.298309
66.000 3.298309
67.000 3.476329
68.000 3.443871
69.000 3.313332
70.000 3.313332
71.000 3.321304
72.000 3.332441
73.000 3.376915
74.000 3.376915
75.000 3.212929
76.000 3.212929
77.000 3.212929
78.000 3.224182
79.000 3.242997
80.000 3.246140
81.000 3.246140
82.000 3.246140
83.000 3.316795
84.000 3.316795
85.000 3.169998
86.000 3.169998
87.000 3.169998
88.000 3.444656
89.000 3.444656
90.000 3.444656
91.000 3.407060
92.000 3.395348
93.000 3.388268
94.000 3.388268
95.000 3.435897
96.000 3.502357
97.000 3.497798
98.000 3.496429
99.000 3.422607
100.000 3.422607
101.000 3.373360
102.000 3.366521
103.000 3.348389
104.000 3.465515
105.000 3.450306
106.000 3.410744
107.000 3.410744
108.000 3.444794
109.000 3.432104
110.000 3.389496
111.000 3.315216
112.000 3.315216
113.000 3.549034
114.000 3.549034
115.000 3.206076
116.000 3.199959
117.000 3.199959
118.000 3.199959
119.000 3.318207
120.000 3.318207
121.000 3.318207
122.000 3.304942
123.000 3.279793
124.000 3.279793
125.000 3.281549
126.000 3.339881
127.000 3.353867
128.000 3.425156
129.000 3.425156
130.000 3.350830
131.000 3.350830
132.000 3.350830
133.000 3.379528
134.000 3.413231
135.000 3.413231
136.000 3.427249
137.000 3.493965
138.000 3.560682
139.000 3.656601
140.000 3.327812
141.000 3.446701
142.000 3.447000
143.000 3.458921
144.000 3.465759
145.000 3.362411
146.000 3.286812
147.000 3.282837
148.000 3.093048
149.000 3.405258
150.000 3.376617
151.000 3.360924
152.000 3.360924
153.000 3.279510
154.000 3.279510
155.000 3.343819
156.000 3.389137
157.000 3.389137
158.000 3.349510
159.000 3.349510
160.000 3.351860
161.000 3.351860
162.000 3.610115
163.000 3.610115
164.000 3.546227
165.000 3.492752
166.000 3.559474
167.000 3.624634
168.000 3.518664
169.000 3.434486
170.000 3.482958
171.000 3.538859
172.000 3.282833
173.000 3.208893
174.000 3.347490
175.000 3.384888
176.000 3.510038
177.000 3.550278
178.000 3.541654
179.000 3.538925
180.000 3.427372
181.000 3.397400
182.000 3.396700
183.000 3.396576
184.000 3.459151
185.000 3.482635
186.000 3.428969
187.000 3.414551
188.000 3.389183
189.000 3.389183
190.000 3.368202
191.000 3.368202
192.000 3.303256
193.000 3.278778
194.000 3.470977
195.000 3.561928
196.000 3.647388
197.000 3.684273
198.000 3.341246
199.000 3.227608
200.000 3.474227
201.000 3.537842
202.000 3.359024
203.000 3.359024
204.000 3.427597
205.000 3.427597
206.000 3.440667
207.000 3.441086
208.000 3.457280
209.000 3.459183
210.000 3.728432
211.000 3.728432
212.000 3.489962
213.000 3.272377
214.000 3.244084
215.000 3.227264
216.000 3.334818
217.000 3.387650
218.000 3.275860
219.000 3.213638
220.000 3.492915
221.000 3.697411
222.000 3.585312
223.000 3.585312
224.000 3.474799
225.000 3.420967
226.000 3.456177
227.000 3.488335
228.000 3.136388
229.000 3.030258
230.000 3.308226
231.000 3.366096
232.000 2.725624
233.000 2.725624
234.000 3.223564
235.000 3.223564
236.000 3.440727
237.000 3.440727
238.000 3.440727
239.000 3.440727
240.000 3.172371
241.000 3.172371
242.000 3.172371
243.000 3.172371
244.000 3.260872
245.000 3.260872
246.000 3.260872
247.000 3.292179
248.000 3.356094
249.000 3.356094
250.000 3.356094
251.000 3.222435
252.000 3.222435
253.000 3.222435
254.000 3.399559
255.000 3.399559
256.000 3.516449
257.000 3.516449
258.000 3.516449
259.000 3.489965
260.000 3.453492
261.000 3.355888
262.000 3.355888
263.000 3.355888
264.000 3.254676
265.000 3.379128
266.000 3.331551
267.000 3.331551
268.000 3.354759
269.000 3.360164
270.000 3.616699
271.000 3.437698
272.000 3.408565
273.000 3.384468
274.000 3.317204
275.000 3.263580
276.000 3.511200
277.000 3.511200
278.000 3.511200
279.000 3.511200
280.000 3.111656
281.000 3.111656
282.000 3.111656
283.000 3.111656
284.000 3.219688
285.000 3.219688
286.000 3.219688
287.000 3.233081
288.000 3.275990
289.000 3.318899
290.000 3.361808
291.000 3.369194
292.000 3.369194
293.000 3.277710
294.000 3.277710
295.000 3.427612
296.000 3.427612
297.000 3.418589
298.000 3.377487
299.000 3.377487
300.000 3.603731
301.000 3.604889
302.000 3.341576
303.000 3.341576
304.000 3.500923
305.000 3.500923
306.000 3.521805
307.000 3.458847
308.000 3.587570
309.000 3.473129
310.000 3.495216
311.000 3.437126
312.000 3.522400
313.000 3.522400
314.000 3.236305
315.000 3.236305
316.000 3.236305
317.000 3.523270
318.000 3.523270
319.000 3.554382
320.000 3.554382
321.000 3.295837
322.000 3.295837
323.000 3.265919
324.000 3.222694
325.000 3.338989
326.000 3.338989
327.000 3.338989
328.000 3.528313
329.000 3.528313
330.000 3.528313
331.000 3.517820
332.000 3.421655
333.000 3.373047
334.000 3.373047
335.000 3.555611
336.000 3.555611
337.000 3.566254
338.000 3.453728
339.000 3.453728
340.000 3.453728
341.000 3.398384
342.000 3.398384
343.000 3.398384
344.000 3.398384
345.000 3.384786
346.000 3.370193
347.000 3.370193
348.000 3.323942
349.000 3.283752
350.000 3.285830
351.000 3.460175
352.000 3.193245
353.000 3.193245
354.000 3.429016
355.000 3.450394
356.000 3.450394
357.000 3.356979
358.000 3.356979
359.000 3.319244
