0.000 0.231979
1.000 1.251398
2.000 2.165146
3.000 1.559280
4.000 1.559280
5.000 7.226982
6.000 9.553307
7.000 9.666061
8.000 8.982957
9.000 8.477928
10.000 4.606079
11.000 4.606079
12.000 3.544618
13.000 2.800003
14.000 2.705956
15.000 1.898300
16.000 1.898300
17.000 1.898300
18.000 1.898300
19.000 1.157669
20.000 1.157669
21.000 1.157669
22.000 1.157669
23.000 1.610012
24.000 1.614488
25.000 1.618965
26.000 1.623441
27.000 1.627918
28.000 1.632394
29.000 1.632980
30.000 1.632980
31.000 1.632980
32.000 1.632980
33.000 1.435477
34.000 1.446270
35.000 1.455849
36.000 1.455849
37.000 1.332870
38.000 1.332870
39.000 0.897227
40.000 0.432289
41.000 0.432289
42.000 0.358094
43.000 0.263634
44.000 0.169174
45.000 0.075302
46.000 0.075302
47.000 0.075302
48.000 0.075302
49.000 0.075302
50.000 0.134446
51.000 0.234795
52.000 0.266357
53.000 0.266357
54.000 0.266357
55.000 0.266357
56.000 0.266357
57.000 0.266357
58.000 0.266357
59.000 0.266357
60.000 0.411171
61.000 0.539421
62.000 0.539421
63.000 0.539421
64.000 0.539421
65.000 0.539421
66.000 0.539421
67.000 0.539421
68.000 0.539421
69.000 1.247842
70.000 1.757011
71.000 1.757011
72.000 2.008966
73.000 2.289413
74.000 1.579727
75.000 1.579727
76.000 1.550369
77.000 1.550369
78.000 1.570656
79.000 1.570656
80.000 2.975754
81.000 2.235795
82.000 1.478775
83.000 1.478775
84.000 1.220413
85.000 2.122803
86.000 2.122803
87.000 1.560837
88.000 0.910255
89.000 0.910255
90.000 0.910255
91.000 0.910255
92.000 0.910255
93.000 2.252884
94.000 2.258392
95.000 2.083490
96.000 1.887451
97.000 1.887451
98.000 1.476074
99.000 1.476074
100.000 2.482040
101.000 2.482040
102.000 3.056478
103.000 3.298134
104.000 1.284340
105.000 1.284340
106.000 1.269085
107.000 1.258545
108.000 1.257887
109.000 1.257553
110.000 1.323616
111.000 1.320416
112.000 1.164094
113.000 1.007773
114.000 0.851451
115.000 0.695130
116.000 0.580582
117.000 1.022987
118.000 1.022987
119.000 1.022987
120.000 1.022987
121.000 1.149982
122.000 1.216213
123.000 1.267990
124.000 1.267990
125.000 1.855606
126.000 1.855606
127.000 1.745541
128.000 1.704048
129.000 1.698135
130.000 1.684395
131.000 1.900332
132.000 2.135330
133.000 1.551819
134.000 0.998406
135.000 0.994141
136.000 0.994141
137.000 1.717987
138.000 2.026505
139.000 1.306320
140.000 1.306320
141.000 2.614195
142.000 2.688353
143.000 2.036217
144.000 1.615913
145.000 2.737495
146.000 3.521240
147.000 3.709992
148.000 3.881729
149.000 2.215912
150.000 2.215912
151.000 2.879669
152.000 3.323059
153.000 1.833404
154.000 1.431633
155.000 1.010506
156.000 0.981987
157.000 0.981987
158.000 1.002793
159.000 1.030516
160.000 1.758141
161.000 1.037460
162.000 1.037460
163.000 1.569635
164.000 1.656837
165.000 2.743680
166.000 3.364685
167.000 3.535469
168.000 3.282127
169.000 2.778687
170.000 2.778687
171.000 4.127495
172.000 4.127495
173.000 4.061093
174.000 3.922603
175.000 3.784113
176.000 3.659752
177.000 4.360115
178.000 4.585793
179.000 4.337839
180.000 3.670067
181.000 4.323944
182.000 4.323944
183.000 7.365646
184.000 8.662453
185.000 7.792000
186.000 6.178696
187.000 6.218742
188.000 6.218742
189.000 7.639594
190.000 8.311839
191.000 8.649345
192.000 9.373423
193.000 10.431283
194.000 10.032226
195.000 9.513008
196.000 9.531349
197.000 9.557989
198.000 8.902254
199.000 8.014336
200.000 6.915684
201.000 6.438042
202.000 8.211929
203.000 8.211929
204.000 5.357552
205.000 5.357552
206.000 5.357552
207.000 4.553688
208.000 4.553688
209.000 4.553688
210.000 2.585594
211.000 2.585594
212.000 2.585594
213.000 2.585594
214.000 2.225896
215.000 1.541373
216.000 1.086014
217.000 1.086014
218.000 1.086014
219.000 1.086014
220.000 1.086014
221.000 1.086014
222.000 1.086014
223.000 1.086014
224.000 3.719026
225.000 3.829404
226.000 3.939782
227.000 4.050161
228.000 4.155472
229.000 4.490662
230.000 5.084358
231.000 6.745461
232.000 6.511403
233.000 4.641327
234.000 4.641327
235.000 9.068588
236.000 11.405151
237.000 11.748848
238.000 13.093094
239.000 12.060127
240.000 12.171082
241.000 12.171082
242.000 7.793844
243.000 7.507614
244.000 8.853822
245.000 10.313667
246.000 4.011719
247.000 4.011719
248.000 5.573747
249.000 7.041222
250.000 4.817444
251.000 4.817444
252.000 2.991322
253.000 2.711502
254.000 2.711502
255.000 2.647209
256.000 2.647209
257.000 4.492043
258.000 4.492043
259.000 6.553944
260.000 2.202057
261.000 2.202057
262.000 2.202057
263.000 2.202057
264.000 3.266449
265.000 3.266449
266.000 4.626160
267.000 4.626160
268.000 4.626160
269.000 4.684397
270.000 5.058976
271.000 5.433554
272.000 6.555984
273.000 7.002000
274.000 5.563615
275.000 4.863674
276.000 4.659655
277.000 4.369278
278.000 4.162323
279.000 3.687950
280.000 3.578247
281.000 4.009889
282.000 3.508392
283.000 3.988533
284.000 4.501644
285.000 4.581413
286.000 4.524368
287.000 4.514685
288.000 4.460655
289.000 4.259468
290.000 4.664391
291.000 5.186035
292.000 5.108860
293.000 1.674766
294.000 1.265511
295.000 1.265511
296.000 1.265511
297.000 0.972244
298.000 0.972244
299.000 0.972244
300.000 0.757370
301.000 0.757370
302.000 0.757370
303.000 0.757370
304.000 1.621269
305.000 1.621269
306.000 1.549810
307.000 1.469742
308.000 1.389673
309.000 1.309605
310.000 1.229536
311.000 1.149468
312.000 1.117448
313.000 1.143059
314.000 1.029902
315.000 0.968948
316.000 0.966660
317.000 0.966660
318.000 0.946113
319.000 0.900502
320.000 0.854891
321.000 0.821030
322.000 0.904739
323.000 0.733612
324.000 0.735614
325.000 0.739601
326.000 0.739601
327.000 0.739601
328.000 0.867326
329.000 0.881508
330.000 0.882500
331.000 0.843137
332.000 0.819664
333.000 1.255196
334.000 1.401436
335.000 1.401436
336.000 1.401436
337.000 1.893795
338.000 1.905373
339.000 1.905373
340.000 1.621544
341.000 1.621544
342.000 1.780396
343.000 1.780396
344.000 2.713379
345.000 1.532883
346.000 1.532883
347.000 1.730125
348.000 1.730125
349.000 1.659855
350.000 1.590904
351.000 1.590904
352.000 1.889809
353.000 1.889809
354.000 1.620056
355.000 1.620056
356.000 1.621087
357.000 1.637593
358.000 1.648628
359.000 1.648628
