0.000 0.258873
1.000 6.507172
2.000 6.302383
3.000 6.510956
4.000 6.636673
5.000 6.594299
6.000 6.732018
7.000 6.183939
8.000 5.796440
9.000 6.336022
10.000 6.835732
11.000 6.355177
12.000 5.974731
13.000 6.811531
14.000 6.605019
15.000 6.809059
16.000 6.397202
17.000 7.135818
18.000 6.587262
19.000 5.316147
20.000 6.807716
21.000 6.227562
22.000 6.689529
23.000 6.957817
24.000 6.713033
25.000 6.679247
26.000 7.327538
27.000 6.334504
28.000 5.892433
29.000 6.702484
30.000 6.702484
31.000 6.712873
32.000 6.720947
33.000 6.197175
34.000 6.130592
35.000 6.682770
36.000 6.682770
37.000 6.769873
38.000 6.835312
39.000 6.629792
40.000 6.552261
41.000 5.579269
42.000 5.579269
43.000 5.574366
44.000 5.572441
45.000 6.072380
46.000 6.203697
47.000 6.689558
48.000 6.776321
49.000 7.253430
50.000 7.359367
51.000 5.769405
52.000 5.723885
53.000 6.889855
54.000 7.460602
55.000 6.923249
56.000 6.629272
57.000 5.784849
58.000 5.494270
59.000 6.344912
60.000 6.864250
61.000 6.493546
62.000 6.331200
63.000 2.861084
64.000 2.861084
65.000 5.155412
66.000 6.384979
67.000 5.717041
68.000 5.717041
69.000 6.639717
70.000 6.639717
71.000 6.674622
72.000 6.674622
73.000 7.267685
74.000 7.267685
75.000 7.001228
76.000 7.001228
77.000 1.893372
78.000 1.893372
79.000 4.826643
80.000 7.091179
81.000 6.955556
82.000 6.818321
83.000 6.797397
84.000 6.790108
85.000 6.588878
86.000 6.521523
87.000 6.576744
88.000 6.613243
89.000 5.794167
90.000 5.370644
91.000 5.846443
92.000 6.245056
93.000 6.576559
94.000 6.763496
95.000 6.465338
96.000 6.209641
97.000 6.192426
98.000 6.182610
99.000 5.613558
100.000 5.360199
101.000 5.926613
102.000 6.465599
103.000 6.334419
104.000 6.176684
105.000 6.299781
106.000 6.306068
107.000 5.647156
108.000 5.492859
109.000 6.693985
110.000 6.693985
111.000 6.686515
112.000 6.683716
113.000 5.534477
114.000 5.534477
115.000 6.543638
116.000 6.877670
117.000 6.380999
118.000 5.953339
119.000 6.439694
120.000 6.576859
121.000 6.737598
122.000 6.766838
123.000 6.803969
124.000 6.815804
125.000 6.552500
126.000 6.442902
127.000 5.830103
128.000 5.136116
129.000 5.596091
130.000 6.101875
131.000 6.596294
132.000 7.190086
133.000 7.252342
134.000 7.252342
135.000 6.773437
136.000 6.386658
137.000 5.970424
138.000 5.742889
139.000 6.115130
140.000 6.308121
141.000 5.931142
142.000 5.811554
143.000 6.222623
144.000 6.533791
145.000 6.739992
146.000 6.943634
147.000 6.981319
148.000 7.013481
149.000 6.502911
150.000 6.051949
151.000 6.668957
152.000 7.283356
153.000 6.644868
154.000 6.253136
155.000 6.600732
156.000 6.891655
157.000 6.780622
158.000 6.684082
159.000 6.179249
160.000 5.731750
161.000 6.043792
162.000 6.577521
163.000 6.456534
164.000 6.132675
165.000 6.664261
166.000 6.664261
167.000 6.956367
168.000 6.956367
169.000 3.062332
170.000 3.062332
171.000 6.836121
172.000 6.836121
173.000 7.139345
174.000 7.298050
175.000 6.903962
176.000 6.445465
177.000 2.048714
178.000 2.048714
179.000 2.048714
180.000 2.048714
181.000 5.383522
182.000 5.383522
183.000 6.802773
184.000 7.094513
185.000 6.979803
186.000 6.881676
187.000 6.691291
188.000 6.398766
189.000 6.579126
190.000 6.866074
191.000 1.253723
192.000 1.253723
193.000 1.253723
194.000 1.253723
195.000 1.253723
196.000 1.253723
197.000 1.253723
198.000 1.253723
199.000 1.253723
200.000 1.253723
201.000 1.253723
202.000 6.278534
203.000 6.278534
204.000 5.645050
205.000 5.645050
206.000 7.521942
207.000 6.928166
208.000 6.607910
209.000 6.982127
210.000 7.449959
211.000 2.789215
212.000 1.342995
213.000 1.342995
214.000 1.342995
215.000 1.342995
216.000 1.342995
217.000 1.342995
218.000 1.342995
219.000 6.606293
220.000 6.606293
221.000 6.559677
222.000 6.525993
223.000 6.611940
224.000 6.654388
225.000 5.488457
226.000 5.488457
227.000 5.306572
228.000 5.306572
229.000 6.407094
230.000 6.574982
231.000 6.559396
232.000 6.537231
233.000 6.582516
234.000 6.651207
235.000 6.368575
236.000 5.955185
237.000 6.145551
238.000 6.431503
239.000 6.458209
240.000 6.496185
241.000 6.661269
242.000 6.838089
243.000 6.928719
244.000 7.037193
245.000 6.804526
246.000 6.463867
247.000 6.779349
248.000 7.270493
249.000 7.051059
250.000 6.685089
251.000 6.330924
252.000 5.834770
253.000 5.846141
254.000 5.860222
255.000 6.233336
256.000 6.764244
257.000 6.737803
258.000 6.709366
259.000 6.561947
260.000 6.399536
261.000 6.728470
262.000 7.290130
263.000 7.057590
264.000 6.652146
265.000 6.662749
266.000 6.682823
267.000 6.185856
268.000 5.694405
269.000 6.296820
270.000 7.095741
271.000 6.974229
272.000 6.852089
273.000 6.417812
274.000 5.920921
275.000 5.759619
276.000 5.525635
277.000 6.129392
278.000 7.035645
279.000 6.892595
280.000 6.682678
281.000 6.779449
282.000 6.920967
283.000 2.402954
284.000 2.402954
285.000 2.402954
286.000 2.402954
287.000 5.106949
288.000 4.985939
289.000 5.702210
290.000 6.586937
291.000 6.013602
292.000 5.727379
293.000 6.020647
294.000 6.252945
295.000 6.588648
296.000 6.824142
297.000 6.862328
298.000 6.862328
299.000 6.631340
300.000 6.631340
301.000 5.413788
302.000 5.413788
303.000 2.635101
304.000 2.635101
305.000 2.635101
306.000 2.635101
307.000 6.606626
308.000 6.526154
309.000 6.733881
310.000 6.907204
311.000 6.802585
312.000 6.716858
313.000 6.585051
314.000 6.444832
315.000 6.850258
316.000 6.850258
317.000 6.177597
318.000 6.177597
319.000 5.887047
320.000 5.887047
321.000 6.474716
322.000 6.474716
323.000 4.624931
324.000 4.624931
325.000 5.790574
326.000 6.829948
327.000 6.851869
328.000 6.873840
329.000 5.715233
330.000 5.715233
331.000 5.867920
332.000 5.867920
333.000 5.867920
334.000 5.331444
335.000 5.331444
336.000 6.873749
337.000 6.873749
338.000 6.891777
339.000 6.891777
340.000 6.879639
341.000 6.879639
342.000 6.879639
343.000 6.726004
344.000 6.649040
345.000 6.567805
346.000 6.010044
347.000 6.615975
348.000 6.565254
349.000 6.591500
350.000 6.636393
351.000 6.558382
352.000 6.423469
353.000 6.510944
354.000 6.668335
355.000 6.180307
356.000 5.682861
357.000 6.038727
358.000 6.583855
359.000 6.566641
