0.000 1.004028
1.000 2.311196
2.000 3.781631
3.000 1.828049
4.000 3.698700
5.000 7.203514
6.000 11.836334
7.000 24.144073
8.000 30.669548
9.000 19.128057
10.000 2.378632
11.000 2.378632
12.000 2.378632
13.000 2.378632
14.000 2.378632
15.000 2.378632
16.000 11.362333
17.000 11.781772
18.000 12.201211
19.000 12.620650
20.000 13.040089
21.000 13.300461
22.000 28.721756
23.000 1.460030
24.000 1.460030
25.000 1.460030
26.000 1.460030
27.000 1.460030
28.000 12.415221
29.000 11.245476
30.000 10.075731
31.000 8.905986
32.000 7.736242
33.000 6.566497
34.000 5.396752
35.000 4.394524
36.000 4.394524
37.000 5.099594
38.000 5.326690
39.000 10.355425
40.000 12.672539
41.000 10.322300
42.000 1.002922
43.000 1.002922
44.000 1.002922
45.000 1.002922
46.000 1.002922
47.000 1.002922
48.000 1.815613
49.000 1.815613
50.000 0.714348
51.000 0.714348
52.000 0.714348
53.000 0.714348
54.000 0.714348
55.000 0.714348
56.000 0.714348
57.000 0.714348
58.000 0.714348
59.000 7.141388
60.000 5.973807
61.000 4.926491
62.000 4.926491
63.000 11.672401
64.000 8.919304
65.000 15.503464
66.000 20.681110
67.000 2.851646
68.000 0.728661
69.000 0.728661
70.000 0.728661
71.000 0.728661
72.000 0.728661
73.000 0.728661
74.000 0.418755
75.000 0.418755
76.000 0.418755
77.000 0.418755
78.000 0.418755
79.000 0.418755
80.000 0.418755
81.000 0.418755
82.000 6.144777
83.000 3.808830
84.000 3.808830
85.000 4.401613
86.000 4.455147
87.000 4.956109
88.000 5.096741
89.000 7.114323
90.000 8.071426
91.000 7.705981
92.000 7.528107
93.000 10.645869
94.000 12.864380
95.000 11.471280
96.000 10.478577
97.000 3.618019
98.000 3.618019
99.000 8.380083
100.000 11.419441
101.000 6.064335
102.000 5.369446
103.000 4.497489
104.000 4.372826
105.000 6.715743
106.000 7.914261
107.000 1.507019
108.000 1.507019
109.000 1.507019
110.000 1.507019
111.000 1.214111
112.000 1.214111
113.000 1.214111
114.000 13.750000
115.000 16.345371
116.000 17.849396
117.000 12.563468
118.000 7.046716
119.000 4.086136
120.000 7.708359
121.000 10.456390
122.000 10.456390
123.000 13.405463
124.000 13.552383
125.000 6.832870
126.000 6.832870
127.000 3.435730
128.000 3.435730
129.000 1.782204
130.000 1.782204
131.000 1.782204
132.000 1.782204
133.000 6.236450
134.000 6.236450
135.000 7.023633
136.000 7.302948
137.000 7.799714
138.000 8.099174
139.000 7.599571
140.000 7.599571
141.000 3.772256
142.000 3.109703
143.000 3.109703
144.000 3.109703
145.000 2.649292
146.000 2.649292
147.000 2.449913
148.000 2.449913
149.000 2.449913
150.000 2.449913
151.000 2.449913
152.000 2.449913
153.000 16.688898
154.000 16.886459
155.000 20.536559
156.000 21.163216
157.000 1.893188
158.000 1.893188
159.000 1.893188
160.000 1.893188
161.000 1.893188
162.000 1.893188
163.000 12.463443
164.000 12.642159
165.000 16.465880
166.000 17.595695
167.000 1.776215
168.000 1.776215
169.000 1.776215
170.000 1.776215
171.000 1.776215
172.000 1.070641
173.000 1.070641
174.000 1.070641
175.000 1.070641
176.000 1.070641
177.000 1.070641
178.000 1.070641
179.000 1.070641
180.000 1.070641
181.000 1.070641
182.000 1.070641
183.000 1.070641
184.000 27.473091
185.000 23.530239
186.000 20.699257
187.000 1.922157
188.000 1.922157
189.000 1.922157
190.000 1.922157
191.000 1.922157
192.000 1.922157
193.000 1.922157
194.000 2.679230
195.000 2.679230
196.000 2.679230
197.000 7.139827
198.000 13.788788
199.000 25.111908
200.000 2.741104
201.000 2.741104
202.000 2.741104
203.000 2.544342
204.000 2.544342
205.000 2.911365
206.000 4.763524
207.000 6.615683
208.000 8.467841
209.000 10.320000
210.000 10.672417
211.000 20.088600
212.000 16.885368
213.000 26.395695
214.000 25.112221
215.000 1.705048
216.000 1.705048
217.000 1.705048
218.000 1.705048
219.000 1.705048
220.000 1.705048
221.000 3.760735
222.000 3.760735
223.000 3.760735
224.000 8.667992
225.000 2.190918
226.000 2.190918
227.000 2.190918
228.000 2.190918
229.000 11.258972
230.000 8.194504
231.000 3.866959
232.000 2.120064
233.000 2.485655
234.000 2.528191
235.000 2.528191
236.000 2.528191
237.000 1.104439
238.000 1.104439
239.000 1.104439
240.000 1.104439
241.000 1.104439
242.000 7.270653
243.000 11.299925
244.000 10.772255
245.000 13.883508
246.000 17.315613
247.000 2.991577
248.000 2.991577
249.000 5.840907
250.000 8.137146
251.000 9.596590
252.000 10.970123
253.000 4.466505
254.000 2.378052
255.000 2.378052
256.000 2.789986
257.000 2.789986
258.000 0.939987
259.000 0.939987
260.000 0.939987
261.000 2.092911
262.000 5.141686
263.000 5.606056
264.000 4.538651
265.000 4.538651
266.000 3.949211
267.000 5.210821
268.000 6.734970
269.000 5.406790
270.000 4.311188
271.000 3.946946
272.000 3.668961
273.000 3.551562
274.000 3.471710
275.000 4.282974
276.000 4.282974
277.000 4.477525
278.000 4.629723
279.000 4.953365
280.000 5.199669
281.000 0.390335
282.000 0.390335
283.000 0.390335
284.000 0.390335
285.000 0.390335
286.000 0.390335
287.000 0.390335
288.000 0.390335
289.000 5.955248
290.000 5.412010
291.000 5.728217
292.000 5.967285
293.000 4.823516
294.000 4.189362
295.000 2.695590
296.000 1.948051
297.000 1.948051
298.000 1.948051
299.000 0.391006
300.000 0.391006
301.000 0.391006
302.000 0.391006
303.000 0.391006
304.000 0.391006
305.000 0.391006
306.000 0.391006
307.000 0.391006
308.000 0.391006
309.000 1.764664
310.000 1.764664
311.000 7.062004
312.000 10.093140
313.000 10.044387
314.000 9.992096
315.000 8.429781
316.000 4.750313
317.000 0.607529
318.000 0.607529
319.000 0.607529
320.000 0.607529
321.000 0.607529
322.000 1.433563
323.000 1.433563
324.000 1.666583
325.000 1.726471
326.000 8.152687
327.000 10.322682
328.000 13.254475
329.000 14.528513
330.000 15.352333
331.000 2.101715
332.000 2.101715
333.000 2.471895
334.000 2.981606
335.000 4.864867
336.000 7.419807
337.000 4.723927
338.000 2.570839
339.000 1.478493
340.000 1.478493
341.000 2.147271
342.000 2.652260
343.000 3.730097
344.000 5.128654
345.000 3.810436
346.000 1.985053
347.000 3.969105
348.000 5.161659
349.000 4.814887
350.000 4.782593
351.000 6.266392
352.000 7.802620
353.000 11.191047
354.000 15.929050
355.000 2.761147
356.000 2.761147
357.000 5.877594
358.000 5.877594
359.000 7.627082
