0.000 0.628075
1.000 5.611946
2.000 5.145629
3.000 5.803804
4.000 5.022308
5.000 5.598755
6.000 1.946040
7.000 4.728407
8.000 7.574698
9.000 8.366730
10.000 3.364562
11.000 5.157842
12.000 5.187661
13.000 7.390918
14.000 6.520232
15.000 8.599747
16.000 5.459025
17.000 7.077734
18.000 7.020859
19.000 4.150749
20.000 4.150749
21.000 8.986419
22.000 6.635582
23.000 5.376091
24.000 7.489179
25.000 5.557661
26.000 4.117544
27.000 5.546999
28.000 6.647602
29.000 5.823054
30.000 5.774204
31.000 5.310705
32.000 5.263542
33.000 4.423714
34.000 4.315495
35.000 0.840164
36.000 0.840164
37.000 0.840164
38.000 0.840164
39.000 0.840164
40.000 0.840164
41.000 0.840164
42.000 4.363175
43.000 5.238552
44.000 5.414212
45.000 6.493102
46.000 6.963248
47.000 6.914935
48.000 6.898292
49.000 6.957578
50.000 6.963749
51.000 6.418457
52.000 6.179481
53.000 4.604983
54.000 4.472249
55.000 6.068427
56.000 6.429341
57.000 5.022141
58.000 5.016986
59.000 4.874916
60.000 4.897110
61.000 5.568909
62.000 5.595806
63.000 6.674542
64.000 6.915702
65.000 4.262479
66.000 4.218520
67.000 4.712364
68.000 0.642525
69.000 0.642525
70.000 0.642525
71.000 0.642525
72.000 0.642525
73.000 0.642525
74.000 0.642525
75.000 0.642525
76.000 0.186943
77.000 0.186943
78.000 0.186943
79.000 0.186943
80.000 0.186943
81.000 0.186943
82.000 0.186943
83.000 0.186943
84.000 0.186943
85.000 0.186943
86.000 0.186943
87.000 0.186943
88.000 0.186943
89.000 0.186943
90.000 4.516554
91.000 2.735596
92.000 1.935204
93.000 1.935204
94.000 1.935204
95.000 1.935204
96.000 1.668144
97.000 1.668144
98.000 1.668144
99.000 1.668144
100.000 1.828430
101.000 1.828430
102.000 1.828430
103.000 3.232409
104.000 5.683113
105.000 4.428912
106.000 4.261681
107.000 6.041573
108.000 5.789874
109.000 2.442902
110.000 2.442902
111.000 2.442902
112.000 7.782983
113.000 8.946732
114.000 8.903884
115.000 7.518760
116.000 6.705949
117.000 6.924070
118.000 7.040197
119.000 7.097035
120.000 7.061540
121.000 4.873340
122.000 4.109581
123.000 5.429645
124.000 6.259467
125.000 6.925075
126.000 7.310374
127.000 5.590871
128.000 4.834803
129.000 5.261802
130.000 5.395281
131.000 4.523781
132.000 4.523781
133.000 5.405612
134.000 5.641679
135.000 4.556511
136.000 4.359790
137.000 2.270164
138.000 1.284958
139.000 1.284958
140.000 1.348009
141.000 3.876754
142.000 3.994216
143.000 4.061562
144.000 4.086225
145.000 4.969124
146.000 4.956705
147.000 2.217834
148.000 2.217834
149.000 5.790371
150.000 7.324097
151.000 3.870361
152.000 3.870361
153.000 4.069435
154.000 4.069435
155.000 2.727898
156.000 2.727898
157.000 2.395098
158.000 1.964532
159.000 1.533966
160.000 1.103400
161.000 0.672834
162.000 0.242267
163.000 0.077019
164.000 0.077019
165.000 2.270012
166.000 2.270012
167.000 2.210977
168.000 2.134895
169.000 2.126434
170.000 2.126434
171.000 3.009077
172.000 4.218287
173.000 4.421231
174.000 4.416668
175.000 4.122295
176.000 3.791023
177.000 6.549545
178.000 6.549545
179.000 8.076811
180.000 9.454262
181.000 8.676942
182.000 7.667350
183.000 7.444884
184.000 7.202453
185.000 6.797979
186.000 6.292175
187.000 4.973837
188.000 3.562111
189.000 5.465488
190.000 7.918502
191.000 6.989075
192.000 5.620827
193.000 5.896759
194.000 6.252830
195.000 5.919019
196.000 5.543350
197.000 5.005106
198.000 4.334282
199.000 5.136664
200.000 6.146248
201.000 3.909383
202.000 2.513290
203.000 2.513290
204.000 2.513290
205.000 3.017914
206.000 3.017914
207.000 4.465363
208.000 4.465363
209.000 4.245010
210.000 4.245010
211.000 3.888412
212.000 3.888412
213.000 5.760674
214.000 5.760674
215.000 5.251656
216.000 5.251656
217.000 5.834389
218.000 5.834389
219.000 3.044662
220.000 3.044662
221.000 4.820648
222.000 4.820648
223.000 3.200172
224.000 3.200172
225.000 3.527435
226.000 3.527435
227.000 4.501877
228.000 4.501877
229.000 4.648262
230.000 4.648262
231.000 3.220360
232.000 3.220360
233.000 3.572350
234.000 3.572350
235.000 3.078392
236.000 3.078392
237.000 1.570351
238.000 1.570351
239.000 1.570351
240.000 1.570351
241.000 1.116364
242.000 1.116364
243.000 1.116364
244.000 1.116364
245.000 1.116364
246.000 1.116364
247.000 2.310321
248.000 2.181394
249.000 2.052468
250.000 1.923541
251.000 1.794614
252.000 1.665688
253.000 1.536761
254.000 1.407834
255.000 1.278908
256.000 1.149981
257.000 1.021055
258.000 0.892128
259.000 0.763201
260.000 0.634275
261.000 0.505348
262.000 0.376421
263.000 0.247495
264.000 0.128571
265.000 0.128571
266.000 0.128571
267.000 0.229813
268.000 0.344330
269.000 0.344330
270.000 0.344330
271.000 0.163760
272.000 0.123154
273.000 0.309258
274.000 0.542282
275.000 0.618263
276.000 1.284389
277.000 2.068680
278.000 2.945092
279.000 3.429993
280.000 3.402196
281.000 3.388084
282.000 3.358703
283.000 3.347023
284.000 3.703008
285.000 3.792778
286.000 6.194666
287.000 8.348007
288.000 7.495925
289.000 6.403419
290.000 7.191650
291.000 7.614464
292.000 5.265800
293.000 3.801025
294.000 5.928101
295.000 8.568832
296.000 3.283394
297.000 3.283394
298.000 3.283394
299.000 3.283394
300.000 3.283394
301.000 3.283394
302.000 5.547267
303.000 5.816425
304.000 5.896881
305.000 7.026519
306.000 8.472198
307.000 8.472198
308.000 1.247971
309.000 1.247971
310.000 1.247971
311.000 1.886539
312.000 3.858391
313.000 2.318932
314.000 3.857694
315.000 4.390038
316.000 5.410929
317.000 6.599983
318.000 4.340703
319.000 3.490334
320.000 5.547274
321.000 7.641708
322.000 7.286409
323.000 7.092804
324.000 6.471950
325.000 6.161522
326.000 7.928936
327.000 9.106125
328.000 8.630081
329.000 8.630081
330.000 7.080292
331.000 7.080292
332.000 7.686632
333.000 8.556458
334.000 8.556458
335.000 2.502243
336.000 2.502243
337.000 2.502243
338.000 1.631744
339.000 1.631744
340.000 1.631744
341.000 1.989143
342.000 3.921387
343.000 3.921387
344.000 3.640739
345.000 3.640739
346.000 3.069931
347.000 3.069931
348.000 1.440086
349.000 1.440086
350.000 2.931549
351.000 2.931549
352.000 4.604407
353.000 5.879204
354.000 5.269803
355.000 4.814247
356.000 3.087575
357.000 1.721741
358.000 1.721741
359.000 1.721741
