0.000 5.345863
1.000 5.345863
2.000 5.345863
3.000 3.616577
4.000 3.616577
5.000 4.808640
6.000 4.808640
7.000 4.808640
8.000 4.840761
9.000 4.909407
10.000 4.978053
11.000 5.019875
12.000 5.019875
13.000 5.019875
14.000 1.883949
15.000 1.883949
16.000 1.883949
17.000 5.405876
18.000 5.525352
19.000 5.525352
20.000 4.815206
21.000 4.632973
22.000 4.632973
23.000 5.038116
24.000 5.038116
25.000 5.346710
26.000 5.044394
27.000 4.686966
28.000 4.518608
29.000 4.518608
30.000 4.254402
31.000 4.254402
32.000 5.359343
33.000 5.468826
34.000 3.335182
35.000 3.335182
36.000 3.660749
37.000 4.775951
38.000 5.105240
39.000 5.187080
40.000 5.452896
41.000 5.452896
42.000 5.502941
43.000 5.566294
44.000 4.891089
45.000 4.043581
46.000 3.985634
47.000 5.008126
48.000 5.504741
49.000 5.661928
50.000 5.745426
51.000 4.957135
52.000 4.186111
53.000 4.720089
54.000 5.382797
55.000 4.539566
56.000 4.539566
57.000 5.482956
58.000 5.482956
59.000 5.279088
60.000 5.218185
61.000 5.291156
62.000 5.389946
63.000 5.322693
64.000 5.243164
65.000 5.297156
66.000 5.379189
67.000 5.124905
68.000 5.059219
69.000 5.401222
70.000 5.626320
71.000 3.283447
72.000 3.283447
73.000 5.301990
74.000 5.367096
75.000 4.746068
76.000 4.343559
77.000 4.343559
78.000 4.252335
79.000 4.252335
80.000 5.805481
81.000 5.805481
82.000 4.899355
83.000 4.080681
84.000 4.080681
85.000 3.818108
86.000 3.818108
87.000 4.282473
88.000 4.362244
89.000 4.652004
90.000 4.994850
91.000 4.667931
92.000 4.145218
93.000 4.145218
94.000 4.588273
95.000 4.641716
96.000 4.653610
97.000 4.653610
98.000 4.359337
99.000 4.359337
100.000 4.359337
101.000 5.469582
102.000 5.469582
103.000 5.469582
104.000 5.291746
105.000 5.190544
106.000 5.190544
107.000 4.533783
108.000 4.533783
109.000 4.533783
110.000 5.091511
111.000 5.022224
112.000 5.022224
113.000 5.022224
114.000 5.029757
115.000 4.950053
116.000 4.887627
117.000 4.887627
118.000 5.218007
119.000 5.397247
120.000 5.352367
121.000 5.318268
122.000 5.571363
123.000 5.976952
124.000 5.623375
125.000 4.974534
126.000 4.672943
127.000 5.316612
128.000 5.740936
129.000 5.394952
130.000 4.958067
131.000 5.585655
132.000 5.585655
133.000 5.469528
134.000 5.469528
135.000 5.469528
136.000 5.475586
137.000 5.475586
138.000 5.309822
139.000 5.309822
140.000 5.396750
141.000 5.584312
142.000 5.453888
143.000 4.501373
144.000 4.671459
145.000 5.398384
146.000 5.392804
147.000 5.337975
148.000 5.341594
149.000 5.425232
150.000 5.425232
151.000 5.522217
152.000 5.522217
153.000 5.468857
154.000 5.439537
155.000 5.348851
156.000 4.834915
157.000 4.815528
158.000 4.363994
159.000 4.343529
160.000 4.712778
161.000 5.352966
162.000 4.816645
163.000 3.832901
164.000 3.832901
165.000 4.255158
166.000 4.706451
167.000 4.629858
168.000 4.428429
169.000 4.595039
170.000 5.165748
171.000 5.330475
172.000 5.357044
173.000 5.363336
174.000 5.247341
175.000 5.144028
176.000 5.078426
177.000 4.882057
178.000 4.505721
179.000 3.227097
180.000 3.227097
181.000 4.715605
182.000 5.506584
183.000 4.650285
184.000 3.571735
185.000 3.552667
186.000 3.614296
187.000 5.694374
188.000 5.694374
189.000 5.430679
190.000 5.430679
191.000 5.028938
192.000 5.028938
193.000 3.148232
194.000 3.148232
195.000 3.148232
196.000 5.417198
197.000 5.417198
198.000 4.946609
199.000 4.946609
200.000 4.540532
201.000 4.175636
202.000 4.638617
203.000 4.987274
204.000 5.262440
205.000 5.448936
206.000 4.569406
207.000 4.215767
208.000 4.763842
209.000 5.455912
210.000 5.454351
211.000 4.348628
212.000 4.310224
213.000 4.819785
214.000 5.324821
215.000 5.216636
216.000 4.838277
217.000 4.641281
218.000 5.241042
219.000 5.524567
220.000 5.463938
221.000 5.430489
222.000 5.439777
223.000 5.448006
224.000 5.462271
225.000 5.484444
226.000 5.497119
227.000 5.514732
228.000 5.471925
229.000 5.391148
230.000 5.373744
231.000 5.362465
232.000 4.846148
233.000 3.576317
234.000 3.967360
235.000 5.334955
236.000 5.401975
237.000 4.733784
238.000 4.776358
239.000 5.091884
240.000 5.217556
241.000 5.557403
242.000 5.637898
243.000 5.762958
244.000 5.636330
245.000 5.300127
246.000 5.123759
247.000 4.704330
248.000 4.824667
249.000 5.235463
250.000 4.668166
251.000 4.092834
252.000 4.371568
253.000 5.316637
254.000 5.192953
255.000 3.334758
256.000 3.787093
257.000 5.577263
258.000 5.501933
259.000 5.240313
260.000 5.187137
261.000 5.091840
262.000 5.150398
263.000 5.352097
264.000 5.410270
265.000 5.566895
266.000 5.535410
267.000 5.429871
268.000 5.431490
269.000 5.464591
270.000 5.466106
271.000 5.481451
272.000 5.460905
273.000 4.929487
274.000 4.868646
275.000 4.448448
276.000 4.471656
277.000 5.273701
278.000 5.910849
279.000 5.824335
280.000 5.755905
281.000 5.613864
282.000 5.586700
283.000 5.708758
284.000 5.720928
285.000 4.842574
286.000 4.468880
287.000 5.009349
288.000 5.427727
289.000 5.247783
290.000 5.121689
291.000 5.420211
292.000 5.649109
293.000 5.811561
294.000 5.937187
295.000 5.593900
296.000 5.311562
297.000 5.119623
298.000 4.985222
299.000 4.963604
300.000 4.948700
301.000 5.562977
302.000 6.081978
303.000 5.843670
304.000 5.594734
305.000 2.766946
306.000 2.305489
307.000 3.545894
308.000 5.513550
309.000 4.310753
310.000 3.321220
311.000 4.104042
312.000 5.395615
313.000 3.412961
314.000 3.113060
315.000 2.257256
316.000 2.257256
317.000 3.718083
318.000 5.420280
319.000 5.207469
320.000 4.865173
321.000 4.982698
322.000 5.398077
323.000 4.700877
324.000 3.518974
325.000 3.961447
326.000 5.313576
327.000 5.326593
328.000 5.371490
329.000 5.208673
330.000 4.578666
331.000 4.606127
332.000 5.543816
333.000 5.280660
334.000 4.393700
335.000 4.566016
336.000 5.158300
337.000 5.061131
338.000 2.423271
339.000 2.902582
340.000 4.782712
341.000 5.555642
342.000 5.480925
343.000 5.454112
344.000 5.574094
345.000 5.606569
346.000 5.143487
347.000 5.006039
348.000 5.241234
349.000 5.335342
350.000 5.609696
351.000 5.684426
352.000 5.424294
353.000 5.369923
354.000 5.437947
355.000 5.449572
356.000 5.351547
357.000 5.328687
358.000 5.214172
359.000 5.203249
