0.000 0.126060
1.000 0.126060
2.000 0.412590
3.000 0.387642
4.000 1.495079
5.000 3.019424
6.000 4.060867
7.000 4.060867
8.000 4.060867
9.000 3.992236
10.000 3.241993
11.000 2.491751
12.000 1.947159
13.000 1.947159
14.000 1.947159
15.000 2.745323
16.000 2.745323
17.000 2.340359
18.000 1.733905
19.000 1.550362
20.000 2.070267
21.000 2.070267
22.000 2.708397
23.000 2.708397
24.000 1.961975
25.000 1.961975
26.000 1.955065
27.000 1.909230
28.000 1.898506
29.000 1.898506
30.000 2.014342
31.000 2.362648
32.000 2.362648
33.000 1.180908
34.000 1.180908
35.000 1.140572
36.000 1.057364
37.000 0.974155
38.000 0.890946
39.000 0.807738
40.000 0.724529
41.000 0.650475
42.000 0.650475
43.000 0.650475
44.000 0.650475
45.000 1.167137
46.000 0.893143
47.000 1.723305
48.000 2.313278
49.000 2.313278
50.000 1.643314
51.000 1.368217
52.000 1.368217
53.000 1.368217
54.000 1.368217
55.000 1.015419
56.000 1.015419
57.000 1.100461
58.000 1.570937
59.000 2.041413
60.000 2.104462
61.000 3.277672
62.000 3.277672
63.000 2.849617
64.000 2.849617
65.000 2.849617
66.000 3.125717
67.000 3.440865
68.000 3.421179
69.000 2.801310
70.000 2.398788
71.000 2.811417
72.000 3.717583
73.000 3.717583
74.000 3.621755
75.000 3.204671
76.000 2.873848
77.000 3.084618
78.000 1.508247
79.000 1.508247
80.000 1.508247
81.000 1.508247
82.000 1.508247
83.000 2.661392
84.000 2.661392
85.000 2.661392
86.000 2.417374
87.000 2.417374
88.000 1.175301
89.000 1.175301
90.000 1.175301
91.000 1.175301
92.000 1.175301
93.000 2.081252
94.000 3.124077
95.000 2.968557
96.000 2.741913
97.000 2.867967
98.000 3.565338
99.000 3.812248
100.000 3.766509
101.000 3.362707
102.000 3.770805
103.000 1.791962
104.000 3.381348
105.000 3.161242
106.000 2.996178
107.000 1.308517
108.000 2.061981
109.000 2.788994
110.000 1.421997
111.000 1.421997
112.000 3.672623
113.000 4.716675
114.000 4.716675
115.000 2.888313
116.000 2.888313
117.000 2.888313
118.000 2.888313
119.000 2.888313
120.000 2.888313
121.000 2.104233
122.000 2.104233
123.000 2.104233
124.000 2.104233
125.000 5.282600
126.000 5.282600
127.000 5.282600
128.000 7.267656
129.000 9.308296
130.000 9.308296
131.000 9.498886
132.000 9.498886
133.000 9.134135
134.000 10.122536
135.000 10.122536
136.000 10.122536
137.000 8.415733
138.000 8.415733
139.000 12.677291
140.000 6.771721
141.000 6.771721
142.000 6.771721
143.000 8.283231
144.000 8.136978
145.000 9.687141
146.000 9.687141
147.000 9.026306
148.000 9.026306
149.000 8.400917
150.000 8.400917
151.000 12.400648
152.000 12.682724
153.000 12.682724
154.000 10.866141
155.000 9.743034
156.000 9.743034
157.000 12.628952
158.000 12.628952
159.000 12.628952
160.000 8.227792
161.000 7.375917
162.000 6.807556
163.000 6.807556
164.000 6.807556
165.000 7.000318
166.000 7.649880
167.000 8.299442
168.000 8.949004
169.000 9.598566
170.000 10.248128
171.000 10.745392
172.000 11.762848
173.000 9.875832
174.000 11.902771
175.000 7.701515
176.000 7.701515
177.000 11.199859
178.000 12.746967
179.000 11.756607
180.000 8.983551
181.000 8.304749
182.000 9.091103
183.000 9.091103
184.000 16.362425
185.000 17.473694
186.000 16.368512
187.000 16.085846
188.000 9.244278
189.000 9.244278
190.000 20.193634
191.000 20.193634
192.000 11.397186
193.000 11.397186
194.000 19.211283
195.000 23.758804
196.000 16.779091
197.000 16.779091
198.000 15.585380
199.000 15.157265
200.000 18.739075
201.000 23.013847
202.000 22.636947
203.000 22.045041
204.000 22.489490
205.000 23.035255
206.000 13.267555
207.000 13.267555
208.000 12.620776
209.000 10.957063
210.000 9.534279
211.000 9.534279
212.000 9.534279
213.000 11.038666
214.000 11.038666
215.000 17.686539
216.000 17.686539
217.000 15.911776
218.000 8.890153
219.000 7.624634
220.000 7.624634
221.000 15.322258
222.000 21.956581
223.000 21.956581
224.000 20.984318
225.000 18.949261
226.000 17.371216
227.000 11.404373
228.000 14.276909
229.000 18.132744
230.000 14.992925
231.000 12.490448
232.000 13.241737
233.000 13.241737
234.000 18.596841
235.000 23.532478
236.000 18.025594
237.000 14.414154
238.000 11.447819
239.000 9.846703
240.000 7.279698
241.000 6.346992
242.000 6.346992
243.000 6.346992
244.000 8.574439
245.000 7.398258
246.000 6.222077
247.000 5.045897
248.000 4.869835
249.000 4.869835
250.000 4.869835
251.000 7.582275
252.000 7.285353
253.000 5.175881
254.000 3.066409
255.000 2.695862
256.000 2.695862
257.000 2.695862
258.000 2.720580
259.000 2.784823
260.000 2.823814
261.000 2.823814
262.000 3.988466
263.000 3.977293
264.000 3.768443
265.000 3.645622
266.000 3.645622
267.000 5.968544
268.000 4.457458
269.000 2.854614
270.000 2.854614
271.000 2.788241
272.000 2.784317
273.000 1.897438
274.000 1.897438
275.000 4.807638
276.000 2.527762
277.000 2.008743
278.000 2.008743
279.000 2.008743
280.000 2.955119
281.000 3.094437
282.000 0.982613
283.000 0.982613
284.000 0.982613
285.000 0.914000
286.000 0.835922
287.000 0.757843
288.000 0.679764
289.000 0.601685
290.000 0.523606
291.000 0.445528
292.000 0.367449
293.000 0.299019
294.000 0.299019
295.000 0.287626
296.000 0.271086
297.000 0.254545
298.000 0.252235
299.000 0.252235
300.000 0.567894
301.000 0.101273
302.000 0.101273
303.000 0.101273
304.000 0.101273
305.000 0.101273
306.000 0.101273
307.000 0.948029
308.000 1.174973
309.000 1.404335
310.000 1.200035
311.000 0.925987
312.000 0.961899
313.000 1.976593
314.000 1.976593
315.000 1.976593
316.000 1.976593
317.000 1.674423
318.000 1.660111
319.000 1.648666
320.000 1.648666
321.000 0.886536
322.000 0.886536
323.000 0.886536
324.000 1.666191
325.000 1.666191
326.000 0.977249
327.000 0.977249
328.000 1.415792
329.000 2.012077
330.000 2.105675
331.000 1.724049
332.000 1.723907
333.000 1.325394
334.000 1.774902
335.000 1.774902
336.000 2.021912
337.000 2.021912
338.000 2.021912
339.000 2.543176
340.000 2.792763
341.000 1.973381
342.000 1.973381
343.000 1.727204
344.000 1.552551
345.000 1.552551
346.000 2.138453
347.000 2.319214
348.000 2.319214
349.000 0.928604
350.000 0.928604
351.000 0.928604
352.000 2.517216
353.000 2.610672
354.000 1.886124
355.000 1.886124
356.000 2.173759
357.000 2.203957
358.000 2.203957
359.000 2.203957
