0.000 0.456505
1.000 0.456505
2.000 0.456505
3.000 0.456505
4.000 0.456505
5.000 0.456505
6.000 0.456505
7.000 0.456505
8.000 0.456505
9.000 3.881753
10.000 3.646678
11.000 3.859779
12.000 3.993179
13.000 4.012840
14.000 1.845016
15.000 1.845016
16.000 1.845016
17.000 1.845016
18.000 1.845016
19.000 4.388931
20.000 4.388931
21.000 4.400378
22.000 4.520721
23.000 4.520721
24.000 4.866241
25.000 4.881580
26.000 4.977974
27.000 4.959779
28.000 4.865051
29.000 4.868534
30.000 4.891075
31.000 4.894902
32.000 4.920837
33.000 4.920837
34.000 4.958092
35.000 4.958092
36.000 5.004684
37.000 5.004684
38.000 3.824966
39.000 3.824966
40.000 4.906021
41.000 4.906021
42.000 5.041725
43.000 5.041725
44.000 4.578148
45.000 4.578148
46.000 4.814285
47.000 4.814285
48.000 4.814285
49.000 4.814285
50.000 4.913814
51.000 4.854369
52.000 4.848976
53.000 4.848976
54.000 4.848976
55.000 4.576105
56.000 4.565674
57.000 4.565674
58.000 4.565674
59.000 4.767732
60.000 4.794968
61.000 4.794968
62.000 4.768898
63.000 4.768898
64.000 4.768898
65.000 4.753181
66.000 4.753181
67.000 4.795699
68.000 4.809921
69.000 4.809921
70.000 4.751095
71.000 4.695847
72.000 4.891243
73.000 4.397827
74.000 4.397827
75.000 4.886336
76.000 4.810165
77.000 4.409195
78.000 4.456276
79.000 4.856140
80.000 4.862995
81.000 4.924070
82.000 4.938197
83.000 4.912085
84.000 4.895650
85.000 4.909520
86.000 4.872269
87.000 4.507110
88.000 4.372726
89.000 4.580109
90.000 4.580109
91.000 4.087135
92.000 4.087135
93.000 4.870125
94.000 4.870125
95.000 4.377235
96.000 4.377235
97.000 4.667901
98.000 4.771706
99.000 3.649551
100.000 3.649551
101.000 4.829445
102.000 4.829445
103.000 4.884796
104.000 4.884796
105.000 4.778648
106.000 4.778648
107.000 4.884003
108.000 4.884003
109.000 4.935326
110.000 4.935326
111.000 4.848161
112.000 4.817543
113.000 4.754829
114.000 4.673828
115.000 4.860175
116.000 4.919319
117.000 4.580841
118.000 4.580841
119.000 4.758435
120.000 4.907158
121.000 4.907158
122.000 4.926620
123.000 4.967858
124.000 5.031891
125.000 4.841674
126.000 4.681152
127.000 4.765309
128.000 4.908264
129.000 4.819290
130.000 4.657967
131.000 4.691349
132.000 4.786120
133.000 4.880891
134.000 4.888214
135.000 3.464897
136.000 3.464897
137.000 5.016411
138.000 5.016411
139.000 4.808373
140.000 4.651360
141.000 4.627566
142.000 4.600163
143.000 4.597984
144.000 4.597984
145.000 4.664164
146.000 4.740652
147.000 4.579509
148.000 4.457893
149.000 4.960130
150.000 4.963104
151.000 4.789781
152.000 4.773087
153.000 4.745552
154.000 4.736473
155.000 3.750458
156.000 3.750458
157.000 3.279480
158.000 3.279480
159.000 3.919164
160.000 4.662270
161.000 4.855445
162.000 5.074005
163.000 5.060608
164.000 5.060608
165.000 4.917370
166.000 4.906151
167.000 4.816369
168.000 4.757065
169.000 4.836449
170.000 4.926537
171.000 5.005292
172.000 5.046761
173.000 4.839542
174.000 4.704956
175.000 4.698835
176.000 4.694992
177.000 4.712729
178.000 4.722267
179.000 4.813914
180.000 4.957718
181.000 4.939992
182.000 4.897278
183.000 4.845089
184.000 4.738007
185.000 4.902031
186.000 4.902031
187.000 4.902031
188.000 4.902031
189.000 4.902031
190.000 4.902031
191.000 4.928771
192.000 4.928010
193.000 4.927249
194.000 4.926488
195.000 4.925903
196.000 4.925903
197.000 4.925903
198.000 4.849035
199.000 4.734348
200.000 4.700882
201.000 4.510254
202.000 4.965027
203.000 4.940193
204.000 4.940193
205.000 4.743935
206.000 4.743935
207.000 4.770538
208.000 3.834869
209.000 3.834869
210.000 4.741142
211.000 4.741142
212.000 4.850103
213.000 4.977506
214.000 4.972831
215.000 4.896713
216.000 4.914593
217.000 4.938263
218.000 4.794396
219.000 4.680176
220.000 4.814127
221.000 4.896294
222.000 4.835855
223.000 4.665724
224.000 4.861916
225.000 4.861916
226.000 4.878429
227.000 4.886223
228.000 4.886223
229.000 4.894394
230.000 4.896027
231.000 4.803244
232.000 4.723282
233.000 4.660202
234.000 4.660202
235.000 4.888786
236.000 4.888786
237.000 4.384125
238.000 4.384125
239.000 4.943451
240.000 4.927839
241.000 4.879776
242.000 4.868769
243.000 4.841286
244.000 4.818306
245.000 4.705978
246.000 4.705978
247.000 4.624893
248.000 4.624893
249.000 4.517509
250.000 4.517509
251.000 4.378578
252.000 4.378578
253.000 4.330948
254.000 4.330948
255.000 4.907471
256.000 4.907471
257.000 4.766045
258.000 4.766045
259.000 4.756279
260.000 4.756279
261.000 4.628220
262.000 4.628220
263.000 4.625221
264.000 4.625221
265.000 4.968651
266.000 4.968651
267.000 4.828543
268.000 4.729393
269.000 4.897297
270.000 4.914391
271.000 4.277534
272.000 4.277534
273.000 4.277534
274.000 1.910503
275.000 1.282906
276.000 1.282906
277.000 1.282906
278.000 1.282906
279.000 1.282906
280.000 4.914085
281.000 4.914085
282.000 4.500076
283.000 4.589035
284.000 4.641418
285.000 4.198967
286.000 4.198967
287.000 4.959450
288.000 4.933462
289.000 4.895615
290.000 4.697586
291.000 4.697586
292.000 4.946846
293.000 4.962669
294.000 5.003380
295.000 4.935318
296.000 4.762764
297.000 4.779490
298.000 4.912018
299.000 4.857406
300.000 4.745163
301.000 4.780725
302.000 4.824295
303.000 4.828723
304.000 4.887108
305.000 4.880864
306.000 4.836952
307.000 4.835003
308.000 4.832649
309.000 4.849114
310.000 4.953026
311.000 4.938513
312.000 4.853889
313.000 4.867119
314.000 4.936562
315.000 4.882340
316.000 4.526001
317.000 4.605961
318.000 4.947800
319.000 4.868897
320.000 4.708649
321.000 4.785169
322.000 5.107567
323.000 5.099583
324.000 4.947983
325.000 4.947983
326.000 4.907784
327.000 4.907784
328.000 4.906120
329.000 4.906120
330.000 4.929504
331.000 4.929504
332.000 4.830355
333.000 4.822571
334.000 4.964111
335.000 4.964111
336.000 4.835449
337.000 4.835449
338.000 4.795434
339.000 4.784019
340.000 4.913688
341.000 4.957237
342.000 4.357605
343.000 4.357605
344.000 4.914223
345.000 4.914223
346.000 4.951742
347.000 4.958221
348.000 4.917598
349.000 4.893288
350.000 4.893146
351.000 4.892944
352.000 4.905628
353.000 4.923347
354.000 4.936333
355.000 4.952682
356.000 4.804457
357.000 4.656258
358.000 4.800408
359.000 4.863129
