0.000 0.501572
1.000 0.501572
2.000 0.501572
3.000 3.580742
4.000 3.894270
5.000 3.918365
6.000 3.861008
7.000 3.752835
8.000 3.752419
9.000 3.994476
10.000 4.014465
11.000 3.949089
12.000 3.949089
13.000 4.061582
14.000 3.931151
15.000 3.660500
16.000 3.681236
17.000 3.678570
18.000 3.663086
19.000 3.851624
20.000 3.493652
21.000 3.493652
22.000 3.917061
23.000 3.923687
24.000 3.927414
25.000 3.782822
26.000 3.782822
27.000 3.870125
28.000 4.177299
29.000 4.012115
30.000 3.851425
31.000 3.925296
32.000 4.047161
33.000 4.101784
34.000 3.815338
35.000 3.703064
36.000 3.790022
37.000 4.036941
38.000 4.042824
39.000 4.206886
40.000 4.206886
41.000 3.549004
42.000 3.549004
43.000 3.857509
44.000 3.878777
45.000 3.404411
46.000 3.404411
47.000 3.817078
48.000 3.817078
49.000 3.862755
50.000 3.862755
51.000 3.839523
52.000 3.819801
53.000 3.801392
54.000 3.801392
55.000 3.944458
56.000 3.997658
57.000 3.701714
58.000 3.701714
59.000 4.064727
60.000 4.207535
61.000 3.938019
62.000 3.876442
63.000 3.788280
64.000 3.785118
65.000 3.962364
66.000 3.962364
67.000 3.944244
68.000 3.944244
69.000 3.490158
70.000 3.490158
71.000 3.747695
72.000 3.827087
73.000 3.957441
74.000 4.045319
75.000 4.001888
76.000 3.927444
77.000 3.920484
78.000 3.886513
79.000 3.917649
80.000 4.089470
81.000 4.024223
82.000 3.825531
83.000 3.848382
84.000 4.065648
85.000 4.126305
86.000 4.069822
87.000 4.044549
88.000 3.940430
89.000 3.922872
90.000 3.767727
91.000 3.766357
92.000 3.611502
93.000 3.369080
94.000 3.369080
95.000 3.932248
96.000 4.101501
97.000 0.840202
98.000 0.840202
99.000 0.840202
100.000 0.840202
101.000 0.840202
102.000 0.840202
103.000 4.265846
104.000 4.338594
105.000 3.123444
106.000 3.945642
107.000 4.055016
108.000 4.060310
109.000 4.163582
110.000 3.939622
111.000 3.834648
112.000 3.720993
113.000 4.033409
114.000 4.250084
115.000 4.035934
116.000 4.090546
117.000 3.987007
118.000 3.987007
119.000 2.321472
120.000 2.321472
121.000 2.321472
122.000 4.010201
123.000 4.052980
124.000 4.164299
125.000 4.164299
126.000 2.470024
127.000 2.470024
128.000 3.797668
129.000 3.797668
130.000 4.055046
131.000 4.055046
132.000 4.055046
133.000 3.882507
134.000 3.882507
135.000 3.882507
136.000 3.864542
137.000 3.745583
138.000 3.745583
139.000 3.745583
140.000 3.745583
141.000 0.421196
142.000 0.421196
143.000 0.421196
144.000 0.421196
145.000 0.421196
146.000 0.421196
147.000 0.421196
148.000 0.421196
149.000 0.421196
150.000 0.421196
151.000 0.421196
152.000 0.421196
153.000 0.421196
154.000 0.421196
155.000 3.093117
156.000 3.093117
157.000 3.897873
158.000 3.897873
159.000 4.032692
160.000 4.032692
161.000 3.696345
162.000 3.012952
163.000 2.786850
164.000 3.936105
165.000 3.933412
166.000 3.930720
167.000 3.928027
168.000 3.925334
169.000 3.922642
170.000 3.919949
171.000 3.917257
172.000 3.914564
173.000 3.911872
174.000 3.909179
175.000 3.906486
176.000 3.903794
177.000 3.901680
178.000 3.901680
179.000 3.985153
180.000 3.985153
181.000 3.662910
182.000 3.662910
183.000 3.664958
184.000 3.665634
185.000 3.917588
186.000 3.963257
187.000 3.963257
188.000 3.963257
189.000 3.963257
190.000 3.963257
191.000 3.861420
192.000 3.861420
193.000 3.861420
194.000 3.861420
195.000 3.861420
196.000 4.150696
197.000 4.150696
198.000 4.150696
199.000 4.150696
200.000 4.150696
201.000 4.140204
202.000 4.128006
203.000 4.115809
204.000 4.109001
205.000 4.109001
206.000 4.027989
207.000 4.026047
208.000 3.413147
209.000 2.171600
210.000 2.171600
211.000 4.081100
212.000 3.637911
213.000 3.352036
214.000 3.036991
215.000 2.480546
216.000 2.007812
217.000 4.071281
218.000 2.683655
219.000 2.683655
220.000 2.789183
221.000 2.975244
222.000 3.161305
223.000 3.347365
224.000 3.514542
225.000 3.681297
226.000 3.896355
227.000 3.749306
228.000 1.281609
229.000 1.281609
230.000 1.281609
231.000 1.281609
232.000 3.461418
233.000 4.006210
234.000 3.256104
235.000 3.256104
236.000 4.059708
237.000 4.059708
238.000 4.059708
239.000 3.802470
240.000 3.439740
241.000 3.077011
242.000 2.714281
243.000 2.494522
244.000 2.494522
245.000 2.494522
246.000 2.631445
247.000 3.292356
248.000 3.655449
249.000 3.655449
250.000 3.839729
251.000 3.839729
252.000 3.839729
253.000 4.055153
254.000 4.055153
255.000 4.033987
256.000 4.020020
257.000 4.020020
258.000 4.032257
259.000 4.032257
260.000 4.033051
261.000 4.072423
262.000 4.084999
263.000 3.788506
264.000 3.852798
265.000 3.529305
266.000 3.529305
267.000 3.953644
268.000 0.759216
269.000 0.759216
270.000 0.759216
271.000 0.759216
272.000 0.759216
273.000 0.759216
274.000 0.759216
275.000 0.759216
276.000 0.759216
277.000 0.759216
278.000 0.759216
279.000 3.836205
280.000 3.836205
281.000 3.758048
282.000 3.686745
283.000 3.833231
284.000 4.021232
285.000 3.806174
286.000 3.553902
287.000 3.277138
288.000 3.277138
289.000 3.277138
290.000 3.277138
291.000 3.263998
292.000 3.717228
293.000 3.809982
294.000 4.169006
295.000 3.852501
296.000 3.930214
297.000 3.965490
298.000 3.946014
299.000 3.823463
300.000 3.694496
301.000 3.579663
302.000 3.985527
303.000 4.048882
304.000 3.957794
305.000 3.988966
306.000 4.277611
307.000 3.946785
308.000 4.078430
309.000 3.871056
310.000 3.871056
311.000 4.146051
312.000 4.197945
313.000 4.197945
314.000 4.156349
315.000 4.156349
316.000 4.089455
317.000 4.089455
318.000 4.052925
319.000 4.052925
320.000 4.052925
321.000 3.845392
322.000 3.663567
323.000 4.230789
324.000 4.234558
325.000 3.886108
326.000 3.886108
327.000 3.957573
328.000 3.957573
329.000 3.957573
330.000 3.855446
331.000 3.855446
332.000 3.996411
333.000 4.108582
334.000 4.087448
335.000 4.087448
336.000 3.793289
337.000 3.793289
338.000 3.793289
339.000 3.793289
340.000 4.102619
341.000 4.093203
342.000 4.083787
343.000 4.082596
344.000 4.082596
345.000 4.082596
346.000 3.400024
347.000 3.400024
348.000 3.400024
349.000 3.703098
350.000 3.912956
351.000 3.912956
352.000 2.573608
353.000 2.573608
354.000 2.573608
355.000 4.022339
356.000 4.022339
357.000 4.022339
358.000 3.881298
359.000 3.677827
