0.000 0.328659
1.000 0.328659
2.000 4.115356
3.000 4.115356
4.000 4.115356
5.000 3.972332
6.000 3.755825
7.000 3.539317
8.000 4.366051
9.000 10.884743
10.000 11.714142
11.000 10.312690
12.000 6.978582
13.000 6.377013
14.000 5.347473
15.000 5.775659
16.000 7.682134
17.000 8.753563
18.000 5.181101
19.000 4.086609
20.000 4.080504
21.000 4.075768
22.000 3.986403
23.000 3.586730
24.000 3.546021
25.000 4.153132
26.000 4.813327
27.000 4.152224
28.000 3.063726
29.000 2.929070
30.000 3.519585
31.000 4.003555
32.000 3.965604
33.000 3.872265
34.000 3.867485
35.000 4.429739
36.000 4.951988
37.000 3.846936
38.000 2.249199
39.000 2.249199
40.000 3.629628
41.000 4.433899
42.000 4.346023
43.000 4.234940
44.000 4.404392
45.000 5.397694
46.000 6.013550
47.000 4.652342
48.000 3.860191
49.000 3.888744
50.000 3.949676
51.000 3.955528
52.000 2.687678
53.000 2.567627
54.000 1.640007
55.000 1.640007
56.000 2.108970
57.000 2.308128
58.000 2.308128
59.000 2.025864
60.000 2.025864
61.000 2.364207
62.000 3.919129
63.000 4.767075
64.000 2.214630
65.000 2.214630
66.000 0.522758
67.000 0.522758
68.000 0.522758
69.000 0.522758
70.000 0.522758
71.000 0.522758
72.000 0.522758
73.000 0.522758
74.000 1.487556
75.000 1.487556
76.000 1.107033
77.000 1.107033
78.000 1.826893
79.000 3.458549
80.000 3.458549
81.000 3.231917
82.000 2.915211
83.000 2.742762
84.000 2.446532
85.000 2.268234
86.000 4.119952
87.000 5.960861
88.000 3.840179
89.000 3.840179
90.000 3.840179
91.000 3.468315
92.000 3.303848
93.000 3.584234
94.000 4.418068
95.000 4.418068
96.000 2.118744
97.000 2.118744
98.000 2.475799
99.000 3.353957
100.000 3.957085
101.000 3.045010
102.000 2.649620
103.000 2.136795
104.000 2.136795
105.000 2.287614
106.000 3.039471
107.000 3.335754
108.000 3.539966
109.000 3.844034
110.000 3.942261
111.000 4.131894
112.000 4.218674
113.000 5.635402
114.000 7.111031
115.000 6.476880
116.000 3.629517
117.000 3.629517
118.000 3.565129
119.000 3.454988
120.000 3.434044
121.000 4.659177
122.000 5.262932
123.000 2.904083
124.000 2.904083
125.000 3.472248
126.000 4.867516
127.000 4.867516
128.000 1.967506
129.000 1.967506
130.000 1.967506
131.000 1.967506
132.000 1.755798
133.000 1.755798
134.000 1.755798
135.000 2.404190
136.000 2.404190
137.000 2.230484
138.000 2.230484
139.000 2.230484
140.000 2.715858
141.000 2.715858
142.000 2.715858
143.000 3.185860
144.000 3.185860
145.000 3.247330
146.000 3.247330
147.000 3.247330
148.000 2.164207
149.000 2.164207
150.000 1.465111
151.000 1.465111
152.000 1.465111
153.000 2.372815
154.000 3.385597
155.000 3.385597
156.000 2.098839
157.000 2.098839
158.000 2.291367
159.000 2.291367
160.000 2.291367
161.000 1.716118
162.000 1.716118
163.000 1.716118
164.000 1.716118
165.000 1.716118
166.000 2.837440
167.000 2.837440
168.000 2.837440
169.000 2.682693
170.000 2.682693
171.000 2.682693
172.000 1.350052
173.000 1.350052
174.000 1.350052
175.000 1.350052
176.000 2.096237
177.000 2.096237
178.000 2.096237
179.000 2.096237
180.000 1.321243
181.000 1.321243
182.000 1.321243
183.000 1.321243
184.000 1.187645
185.000 1.187645
186.000 1.187645
187.000 1.187645
188.000 1.187645
189.000 1.187645
190.000 1.187645
191.000 1.797913
192.000 1.797913
193.000 1.797913
194.000 1.160339
195.000 1.160339
196.000 1.160339
197.000 1.160339
198.000 3.431396
199.000 3.431396
200.000 3.802837
201.000 3.809700
202.000 1.974068
203.000 1.974068
204.000 2.319305
205.000 2.319305
206.000 2.833878
207.000 2.833878
208.000 1.286720
209.000 1.286720
210.000 1.286720
211.000 1.286720
212.000 1.286720
213.000 1.286720
214.000 1.286720
215.000 1.152458
216.000 1.152458
217.000 1.152458
218.000 1.869049
219.000 1.869049
220.000 1.869049
221.000 1.619308
222.000 1.619308
223.000 2.653625
224.000 2.653625
225.000 3.252075
226.000 3.252075
227.000 3.252075
228.000 5.433456
229.000 5.323807
230.000 4.057580
231.000 3.484177
232.000 3.484177
233.000 2.702431
234.000 2.702431
235.000 2.702431
236.000 1.967880
237.000 2.065560
238.000 3.103432
239.000 3.103432
240.000 3.148003
241.000 4.653732
242.000 4.653732
243.000 3.363701
244.000 3.363701
245.000 3.363701
246.000 1.477600
247.000 1.477600
248.000 1.477600
249.000 1.477600
250.000 2.441933
251.000 2.441933
252.000 2.441933
253.000 4.758545
254.000 1.449310
255.000 1.449310
256.000 1.449310
257.000 1.449310
258.000 1.449310
259.000 4.183449
260.000 4.183449
261.000 4.183449
262.000 2.037773
263.000 2.037773
264.000 2.037773
265.000 3.573700
266.000 3.573700
267.000 1.577415
268.000 1.577415
269.000 1.577415
270.000 1.577415
271.000 2.266983
272.000 2.266983
273.000 2.266983
274.000 3.031065
275.000 4.390694
276.000 4.614120
277.000 4.614120
278.000 3.873716
279.000 3.584869
280.000 3.584869
281.000 2.533470
282.000 2.533470
283.000 2.380981
284.000 2.380981
285.000 2.707863
286.000 2.707863
287.000 2.707863
288.000 2.734016
289.000 2.734016
290.000 2.384491
291.000 2.384491
292.000 2.384491
293.000 3.123210
294.000 4.811859
295.000 4.811859
296.000 2.174988
297.000 2.174988
298.000 2.342721
299.000 4.748444
300.000 5.213545
301.000 7.351007
302.000 9.488469
303.000 3.170833
304.000 3.066414
305.000 3.066414
306.000 4.238295
307.000 4.595848
308.000 4.595848
309.000 3.269325
310.000 3.269325
311.000 3.269325
312.000 4.364639
313.000 4.364639
314.000 2.651932
315.000 2.651932
316.000 1.336685
317.000 1.336685
318.000 1.336685
319.000 1.336685
320.000 1.336685
321.000 3.962614
322.000 4.137070
323.000 4.137070
324.000 3.422157
325.000 3.422157
326.000 3.422157
327.000 1.308578
328.000 1.308578
329.000 1.308578
330.000 1.308578
331.000 1.308578
332.000 1.308578
333.000 1.308578
334.000 1.308578
335.000 3.910014
336.000 3.985985
337.000 3.985985
338.000 2.170021
339.000 2.170021
340.000 2.170021
341.000 3.187668
342.000 3.187668
343.000 3.187668
344.000 4.566284
345.000 4.566284
346.000 3.023050
347.000 1.992134
348.000 1.992134
349.000 1.992134
350.000 4.004417
351.000 4.004417
352.000 1.937607
353.000 1.937607
354.000 2.578964
355.000 2.578964
356.000 2.054230
357.000 2.054230
358.000 2.054230
359.000 2.006958
