0.000 0.083679
1.000 0.083679
2.000 0.552979
3.000 0.920601
4.000 5.433037
5.000 5.246262
6.000 6.030838
7.000 6.030838
8.000 6.030838
9.000 1.530296
10.000 1.530296
11.000 1.530296
12.000 1.530296
13.000 1.530296
14.000 1.530296
15.000 1.530296
16.000 1.530296
17.000 4.470167
18.000 3.984352
19.000 3.984352
20.000 3.984352
21.000 4.454769
22.000 5.752319
23.000 5.752319
24.000 5.545868
25.000 6.310844
26.000 6.364476
27.000 6.376488
28.000 5.626305
29.000 5.801357
30.000 6.266945
31.000 6.317206
32.000 6.338036
33.000 5.832649
34.000 5.814522
35.000 6.307878
36.000 6.345284
37.000 5.343010
38.000 5.343010
39.000 6.068047
40.000 6.068047
41.000 5.512123
42.000 5.512123
43.000 6.286415
44.000 6.286415
45.000 6.168465
46.000 6.168274
47.000 5.164772
48.000 5.164772
49.000 5.164331
50.000 5.164314
51.000 4.712646
52.000 4.712646
53.000 5.848297
54.000 5.848297
55.000 5.760941
56.000 5.760941
57.000 6.379784
58.000 6.379784
59.000 6.391640
60.000 6.391640
61.000 5.972412
62.000 5.972412
63.000 6.589836
64.000 6.589836
65.000 6.609733
66.000 6.671387
67.000 5.549133
68.000 6.035683
69.000 6.292732
70.000 6.498032
71.000 5.151550
72.000 5.880363
73.000 6.632866
74.000 6.537916
75.000 6.228767
76.000 5.554794
77.000 5.707047
78.000 6.169280
79.000 6.295723
80.000 6.217361
81.000 6.203083
82.000 5.733485
83.000 5.684769
84.000 5.683403
85.000 6.181052
86.000 6.146048
87.000 5.943573
88.000 5.483597
89.000 6.011124
90.000 6.133177
91.000 6.222603
92.000 5.525119
93.000 5.372826
94.000 6.284988
95.000 6.284988
96.000 5.524498
97.000 5.524498
98.000 5.705521
99.000 5.807961
100.000 5.520710
101.000 5.445641
102.000 5.645355
103.000 5.645355
104.000 5.535866
105.000 5.535866
106.000 6.329975
107.000 6.664528
108.000 6.169986
109.000 5.970078
110.000 5.875298
111.000 5.875298
112.000 6.305927
113.000 6.478874
114.000 5.803963
115.000 5.539436
116.000 2.082146
117.000 2.082146
118.000 4.539194
119.000 5.846657
120.000 5.431182
121.000 5.265495
122.000 5.052497
123.000 4.964272
124.000 5.219152
125.000 5.310555
126.000 5.125767
127.000 5.044907
128.000 4.807281
129.000 4.807281
130.000 5.654114
131.000 5.654114
132.000 6.241477
133.000 6.332130
134.000 5.645827
135.000 5.530952
136.000 4.762336
137.000 4.738556
138.000 5.025898
139.000 5.174423
140.000 4.689270
141.000 4.689270
142.000 5.773865
143.000 5.773865
144.000 6.039052
145.000 6.158150
146.000 5.058990
147.000 5.058990
148.000 4.913467
149.000 4.913467
150.000 5.634189
151.000 5.711807
152.000 5.734230
153.000 5.734230
154.000 6.103890
155.000 6.356728
156.000 5.223738
157.000 4.855049
158.000 5.443115
159.000 5.443115
160.000 6.182377
161.000 6.328537
162.000 6.295022
163.000 6.273552
164.000 4.747131
165.000 4.747131
166.000 4.905641
167.000 4.924393
168.000 5.314560
169.000 5.314560
170.000 5.803825
171.000 5.803825
172.000 5.711151
173.000 5.711151
174.000 6.197842
175.000 6.385681
176.000 5.699934
177.000 5.555664
178.000 4.824618
179.000 4.714500
180.000 5.124329
181.000 5.124329
182.000 5.475631
183.000 5.559341
184.000 5.580601
185.000 5.582542
186.000 6.229055
187.000 6.611267
188.000 6.040969
189.000 5.645996
190.000 5.702203
191.000 5.736916
192.000 5.759790
193.000 5.791397
194.000 5.652796
195.000 5.447861
196.000 5.324289
197.000 5.169029
198.000 4.444034
199.000 3.952179
200.000 4.954378
201.000 6.393211
202.000 5.995980
203.000 5.201050
204.000 5.202812
205.000 5.202812
206.000 4.701141
207.000 4.701141
208.000 5.718544
209.000 6.610771
210.000 6.540454
211.000 6.446938
212.000 6.387947
213.000 6.296753
214.000 5.885106
215.000 5.369095
216.000 5.663286
217.000 6.216560
218.000 6.323271
219.000 6.534767
220.000 6.484142
221.000 6.374421
222.000 5.381387
223.000 4.789871
224.000 5.066339
225.000 5.303627
226.000 5.001904
227.000 4.634705
228.000 1.766388
229.000 1.766388
230.000 1.766388
231.000 1.766388
232.000 1.766388
233.000 1.766388
234.000 6.012830
235.000 6.218979
236.000 5.836399
237.000 5.384209
238.000 5.302766
239.000 5.177376
240.000 5.105956
241.000 5.022499
242.000 4.891563
243.000 4.891563
244.000 5.427490
245.000 5.427490
246.000 5.883038
247.000 6.082169
248.000 6.082169
249.000 5.709068
250.000 5.709068
251.000 6.009406
252.000 6.110886
253.000 6.561363
254.000 6.343224
255.000 5.531456
256.000 6.032087
257.000 6.174835
258.000 5.844000
259.000 5.710999
260.000 5.615825
261.000 5.589439
262.000 5.635110
263.000 5.654976
264.000 5.552259
265.000 5.417900
266.000 5.109756
267.000 5.109756
268.000 5.644899
269.000 6.112457
270.000 5.716301
271.000 5.657707
272.000 5.754399
273.000 5.821297
274.000 5.658234
275.000 5.658234
276.000 6.025402
277.000 6.623276
278.000 6.498413
279.000 6.004456
280.000 6.206902
281.000 6.620735
282.000 6.512337
283.000 6.304817
284.000 5.348828
285.000 4.942970
286.000 5.220940
287.000 5.562019
288.000 5.020220
289.000 4.554100
290.000 5.400534
291.000 6.586357
292.000 5.763505
293.000 5.207573
294.000 6.248878
295.000 6.550186
296.000 5.929944
297.000 5.267273
298.000 5.977193
299.000 6.174835
300.000 6.096712
301.000 5.974930
302.000 6.373604
303.000 6.373604
304.000 6.511277
305.000 6.612183
306.000 6.302074
307.000 6.140579
308.000 6.206358
309.000 6.298820
310.000 6.508461
311.000 6.773247
312.000 5.927556
313.000 5.581299
314.000 5.901497
315.000 6.152718
316.000 5.837974
317.000 5.554283
318.000 5.790063
319.000 5.932831
320.000 6.039096
321.000 6.179108
322.000 5.549714
323.000 5.327972
324.000 5.299375
325.000 5.292847
326.000 5.528223
327.000 5.779289
328.000 5.650472
329.000 5.541603
330.000 5.575067
331.000 5.597481
332.000 6.003875
333.000 6.354523
334.000 6.318387
335.000 6.288879
336.000 5.817389
337.000 5.401962
338.000 5.974173
339.000 5.999413
340.000 5.685677
341.000 5.532524
342.000 5.667423
343.000 5.711960
344.000 6.341923
345.000 6.814644
346.000 6.625241
347.000 6.255608
348.000 6.255186
349.000 6.254646
350.000 5.922548
351.000 5.714539
352.000 5.844643
353.000 6.129083
354.000 5.265540
355.000 5.122826
356.000 5.153299
357.000 5.167770
358.000 5.654699
359.000 6.300209
