0.000 0.567009
1.000 0.567009
2.000 0.567009
3.000 0.567009
4.000 0.567009
5.000 0.567009
6.000 0.567009
7.000 0.567009
8.000 0.567009
9.000 0.567009
10.000 0.567009
11.000 4.137733
12.000 4.137733
13.000 4.061684
14.000 3.901077
15.000 3.821014
16.000 4.055131
17.000 4.065247
18.000 4.065247
19.000 4.065247
20.000 3.656206
21.000 3.582375
22.000 3.582375
23.000 3.877773
24.000 4.081131
25.000 3.634087
26.000 3.305061
27.000 3.980110
28.000 2.603271
29.000 3.234549
30.000 3.304932
31.000 3.888649
32.000 3.887352
33.000 2.403398
34.000 2.333221
35.000 2.461823
36.000 2.719210
37.000 2.976598
38.000 3.233985
39.000 3.491372
40.000 3.748759
41.000 3.788345
42.000 3.907415
43.000 3.947449
44.000 3.873410
45.000 3.799197
46.000 3.724984
47.000 3.650770
48.000 3.576557
49.000 3.555138
50.000 4.088895
51.000 4.301601
52.000 4.321449
53.000 4.341297
54.000 4.361146
55.000 4.380994
56.000 4.400842
57.000 4.417618
58.000 4.391486
59.000 4.338441
60.000 4.285396
61.000 4.232351
62.000 4.179306
63.000 4.126261
64.000 4.073216
65.000 4.038445
66.000 4.082107
67.000 4.118225
68.000 4.095243
69.000 4.064788
70.000 4.034334
71.000 4.003879
72.000 3.992363
73.000 3.992363
74.000 4.418541
75.000 3.430389
76.000 3.430389
77.000 3.562442
78.000 4.034119
79.000 4.034119
80.000 4.066734
81.000 2.900932
82.000 4.072639
83.000 4.072639
84.000 3.684841
85.000 2.960175
86.000 4.011795
87.000 4.011795
88.000 4.064221
89.000 4.038904
90.000 3.895256
91.000 4.107864
92.000 4.109711
93.000 4.118637
94.000 3.991722
95.000 4.164482
96.000 3.969903
97.000 3.577316
98.000 3.735909
99.000 3.848749
100.000 4.109756
101.000 4.116090
102.000 4.123282
103.000 4.130474
104.000 4.131729
105.000 4.131729
106.000 4.131729
107.000 4.084505
108.000 4.134903
109.000 4.134903
110.000 4.052618
111.000 4.051407
112.000 4.186562
113.000 3.847748
114.000 3.860027
115.000 4.068487
116.000 4.189415
117.000 3.757899
118.000 3.660873
119.000 3.789711
120.000 4.075607
121.000 3.954460
122.000 3.735435
123.000 3.838963
124.000 4.122877
125.000 4.158679
126.000 4.080974
127.000 4.073753
128.000 4.069620
129.000 4.065487
130.000 4.061354
131.000 4.059036
132.000 4.009352
133.000 3.909713
134.000 3.810075
135.000 3.749062
136.000 3.844904
137.000 4.133957
138.000 4.127084
139.000 4.097283
140.000 4.067483
141.000 4.037682
142.000 4.021324
143.000 3.914108
144.000 3.771276
145.000 3.636543
146.000 3.636543
147.000 3.678460
148.000 3.755150
149.000 3.794640
150.000 3.871824
151.000 3.949007
152.000 4.026190
153.000 3.945657
154.000 2.860324
155.000 1.774992
156.000 1.627243
157.000 1.627243
158.000 3.193578
159.000 3.378710
160.000 3.402399
161.000 3.426089
162.000 3.449778
163.000 3.461525
164.000 3.503716
165.000 3.595706
166.000 3.687696
167.000 3.779686
168.000 3.871676
169.000 3.963667
170.000 4.015816
171.000 4.116903
172.000 4.202217
173.000 4.132231
174.000 4.036967
175.000 3.941702
176.000 3.846437
177.000 3.751173
178.000 3.679245
179.000 3.667395
180.000 3.642876
181.000 3.706278
182.000 3.834975
183.000 3.963672
184.000 4.092370
185.000 3.976692
186.000 4.225258
187.000 4.172048
188.000 4.132721
189.000 4.193367
190.000 4.055275
191.000 3.613930
192.000 3.754818
193.000 4.013029
194.000 4.016273
195.000 3.843704
196.000 3.775040
197.000 3.740994
198.000 3.644995
199.000 3.548996
200.000 3.452997
201.000 3.492307
202.000 3.662116
203.000 3.831925
204.000 3.958466
205.000 3.826348
206.000 3.499626
207.000 3.550851
208.000 3.747385
209.000 3.943918
210.000 4.043129
211.000 4.027700
212.000 4.007282
213.000 3.992020
214.000 4.029994
215.000 4.071472
216.000 4.058835
217.000 4.033940
218.000 4.010826
219.000 4.010826
220.000 3.958275
221.000 3.953552
222.000 3.884909
223.000 3.816172
224.000 3.760139
225.000 3.787469
226.000 3.898276
227.000 4.009084
228.000 4.036201
229.000 4.061745
230.000 4.066452
231.000 4.075157
232.000 4.083910
233.000 4.092552
234.000 4.005402
235.000 3.777954
236.000 3.809833
237.000 3.932614
238.000 4.055394
239.000 4.150200
240.000 4.041365
241.000 3.827395
242.000 3.635216
243.000 3.635216
244.000 3.679870
245.000 3.689956
246.000 3.883097
247.000 4.076237
248.000 4.247078
249.000 4.237536
250.000 4.199917
251.000 4.162298
252.000 4.161230
253.000 4.067964
254.000 4.048059
255.000 4.045568
256.000 4.043076
257.000 4.042229
258.000 3.743953
259.000 3.520134
260.000 3.545080
261.000 3.641902
262.000 3.738725
263.000 3.745125
264.000 4.101578
265.000 4.072019
266.000 4.050308
267.000 3.912239
268.000 4.019339
269.000 4.129387
270.000 3.933136
271.000 3.933136
272.000 4.201599
273.000 4.201599
274.000 4.120802
275.000 4.056854
276.000 4.056854
277.000 3.768944
278.000 3.991936
279.000 3.991936
280.000 3.987823
281.000 4.175209
282.000 4.175209
283.000 2.351944
284.000 4.160652
285.000 4.160652
286.000 4.046945
287.000 3.989174
288.000 3.989174
289.000 4.057434
290.000 3.965401
291.000 3.965401
292.000 3.931710
293.000 3.877338
294.000 3.822967
295.000 3.795662
296.000 3.795662
297.000 3.969475
298.000 3.969475
299.000 4.031470
300.000 4.113297
301.000 4.195124
302.000 4.265327
303.000 4.265327
304.000 4.015258
305.000 3.942688
306.000 3.942688
307.000 3.942688
308.000 3.391342
309.000 3.391342
310.000 3.443562
311.000 3.620191
312.000 3.796821
313.000 3.973450
314.000 4.017166
315.000 4.018891
316.000 4.057529
317.000 4.096167
318.000 4.134805
319.000 4.134880
320.000 3.618919
321.000 3.618919
322.000 3.712704
323.000 3.839160
324.000 3.965616
325.000 4.092072
326.000 3.724182
327.000 3.724182
328.000 3.723886
329.000 3.693195
330.000 3.662503
331.000 3.642616
332.000 3.642616
333.000 3.641155
334.000 3.489659
335.000 3.382942
336.000 3.382942
337.000 3.382942
338.000 3.314949
339.000 3.314949
340.000 3.420559
341.000 3.607597
342.000 3.794635
343.000 3.981673
344.000 4.075500
345.000 4.075500
346.000 4.075400
347.000 3.918958
348.000 3.862862
349.000 3.862862
350.000 3.862862
351.000 4.057442
352.000 4.057442
353.000 4.057442
354.000 4.057458
355.000 4.057495
356.000 4.057495
357.000 4.057495
358.000 4.057495
359.000 4.124176
