0.000 0.256996
1.000 0.256996
2.000 5.909203
3.000 3.029686
4.000 3.029686
5.000 4.274460
6.000 5.698494
7.000 5.542258
8.000 5.534233
9.000 4.469398
10.000 5.799400
11.000 4.916847
12.000 4.916847
13.000 5.301834
14.000 5.594383
15.000 5.594383
16.000 4.828613
17.000 4.828613
18.000 4.828613
19.000 5.250015
20.000 5.568014
21.000 5.769493
22.000 6.077954
23.000 6.092278
24.000 6.300850
25.000 6.300850
26.000 6.029335
27.000 5.354867
28.000 4.137260
29.000 4.137260
30.000 2.577660
31.000 2.577660
32.000 2.577660
33.000 6.317879
34.000 6.351357
35.000 4.271339
36.000 4.271339
37.000 4.829282
38.000 5.022697
39.000 5.022697
40.000 5.914253
41.000 5.914253
42.000 6.581253
43.000 6.034828
44.000 4.858978
45.000 4.858978
46.000 5.552155
47.000 5.552155
48.000 5.480034
49.000 5.543927
50.000 6.150116
51.000 6.150116
52.000 4.233139
53.000 4.233139
54.000 3.202995
55.000 3.202995
56.000 3.420745
57.000 3.760458
58.000 4.100171
59.000 4.439884
60.000 4.779597
61.000 5.032913
62.000 5.032913
63.000 5.907227
64.000 5.685814
65.000 5.588135
66.000 5.588135
67.000 6.283508
68.000 6.598938
69.000 6.061768
70.000 6.198086
71.000 6.344475
72.000 5.801137
73.000 5.460625
74.000 6.022629
75.000 6.022629
76.000 5.056137
77.000 5.167187
78.000 5.476303
79.000 5.476303
80.000 5.744263
81.000 5.744263
82.000 4.976204
83.000 4.976204
84.000 6.121635
85.000 6.121635
86.000 5.371849
87.000 5.371849
88.000 5.924080
89.000 6.060369
90.000 6.964348
91.000 6.964348
92.000 5.259720
93.000 5.259720
94.000 6.866394
95.000 6.866394
96.000 5.953018
97.000 5.953018
98.000 6.220253
99.000 6.168506
100.000 5.999382
101.000 5.999382
102.000 6.353180
103.000 6.351005
104.000 6.316452
105.000 6.316452
106.000 5.538803
107.000 5.538803
108.000 6.076637
109.000 6.076637
110.000 5.669189
111.000 5.669189
112.000 4.880821
113.000 4.880821
114.000 5.789581
115.000 5.789581
116.000 6.065941
117.000 6.046123
118.000 5.868134
119.000 5.868134
120.000 6.327988
121.000 6.327988
122.000 5.975159
123.000 5.975159
124.000 5.805122
125.000 5.805122
126.000 5.045082
127.000 5.045082
128.000 5.852798
129.000 5.852798
130.000 6.316711
131.000 6.316711
132.000 5.828476
133.000 5.828476
134.000 5.861137
135.000 5.861137
136.000 5.880219
137.000 5.880219
138.000 5.935883
139.000 5.935883
140.000 6.168495
141.000 6.168495
142.000 7.016735
143.000 7.060677
144.000 5.805603
145.000 5.805603
146.000 4.897003
147.000 4.897003
148.000 5.501396
149.000 5.501396
150.000 6.432869
151.000 6.432869
152.000 5.113869
153.000 5.113869
154.000 5.949745
155.000 5.949745
156.000 5.293259
157.000 5.293259
158.000 5.995781
159.000 5.995781
160.000 6.586830
161.000 6.586830
162.000 6.182228
163.000 6.182228
164.000 5.917236
165.000 5.917236
166.000 5.533585
167.000 5.533585
168.000 6.087074
169.000 6.087074
170.000 5.604141
171.000 5.604141
172.000 6.706253
173.000 6.706253
174.000 5.949692
175.000 5.949692
176.000 6.150375
177.000 6.150375
178.000 6.198235
179.000 6.198235
180.000 6.998901
181.000 7.085724
182.000 6.393164
183.000 6.247772
184.000 6.065216
185.000 6.065216
186.000 6.038147
187.000 6.038147
188.000 6.092121
189.000 6.132721
190.000 6.132721
191.000 4.741974
192.000 6.112312
193.000 6.112312
194.000 4.797859
195.000 4.797859
196.000 5.513390
197.000 5.513390
198.000 6.202209
199.000 6.202209
200.000 5.500702
201.000 5.500702
202.000 5.145081
203.000 5.145081
204.000 5.636414
205.000 5.636414
206.000 5.737389
207.000 5.737389
208.000 6.151088
209.000 6.184517
210.000 5.743973
211.000 5.743973
212.000 5.968409
213.000 6.065681
214.000 5.850281
215.000 5.850281
216.000 5.372223
217.000 5.372223
218.000 6.510429
219.000 6.510429
220.000 5.768295
221.000 5.768295
222.000 5.952728
223.000 5.952728
224.000 6.090446
225.000 6.090446
226.000 6.405045
227.000 6.405045
228.000 5.805321
229.000 5.805321
230.000 5.617142
231.000 5.617142
232.000 4.531975
233.000 4.531975
234.000 3.151070
235.000 3.151070
236.000 5.833466
237.000 5.833466
238.000 5.731339
239.000 5.731339
240.000 5.468826
241.000 5.468826
242.000 6.226746
243.000 6.226746
244.000 5.832565
245.000 5.832565
246.000 6.173203
247.000 6.173203
248.000 6.008141
249.000 6.008141
250.000 6.202148
251.000 6.202148
252.000 5.674591
253.000 5.674591
254.000 5.409035
255.000 5.409035
256.000 5.684639
257.000 5.684639
258.000 6.201237
259.000 6.628113
260.000 5.946915
261.000 5.946915
262.000 5.617489
263.000 5.459732
264.000 5.459732
265.000 5.320198
266.000 5.320198
267.000 5.677986
268.000 5.677986
269.000 5.734879
270.000 5.734879
271.000 5.969933
272.000 6.002716
273.000 6.002716
274.000 5.867798
275.000 5.867798
276.000 5.557404
277.000 5.557404
278.000 5.628914
279.000 5.628914
280.000 6.252017
281.000 6.297989
282.000 5.811157
283.000 5.811157
284.000 5.874771
285.000 5.874771
286.000 5.159698
287.000 5.159698
288.000 5.897636
289.000 5.897636
290.000 5.299690
291.000 5.299690
292.000 5.863861
293.000 5.863861
294.000 5.660210
295.000 5.660210
296.000 6.261414
297.000 6.261414
298.000 5.511543
299.000 5.511543
300.000 6.049720
301.000 6.198097
302.000 6.326141
303.000 6.326141
304.000 3.583725
305.000 3.583725
306.000 3.577424
307.000 3.558560
308.000 3.543472
309.000 3.543472
310.000 3.586372
311.000 3.586372
312.000 3.906372
313.000 3.850368
314.000 3.495186
315.000 3.733482
316.000 3.733482
317.000 4.475076
318.000 4.580582
319.000 4.498755
320.000 4.396881
321.000 3.837059
322.000 3.837059
323.000 3.988429
324.000 4.123085
325.000 4.123085
326.000 4.065689
327.000 4.064613
328.000 4.025528
329.000 4.025528
330.000 4.068917
331.000 4.393593
332.000 4.393593
333.000 5.453656
334.000 6.102528
335.000 5.332954
336.000 4.932884
337.000 4.932884
338.000 4.593628
339.000 4.593628
340.000 5.614227
341.000 5.614227
342.000 5.371010
343.000 5.371010
344.000 4.310012
345.000 4.033707
346.000 3.752182
347.000 3.752182
348.000 5.987237
349.000 6.140030
350.000 5.233887
351.000 5.233887
352.000 6.050531
353.000 6.563316
354.000 5.988907
355.000 5.988907
356.000 4.657509
357.000 4.657509
358.000 6.413467
359.000 6.413467
