0.000 0.836159
1.000 0.836159
2.000 0.927231
3.000 0.927231
4.000 1.847694
5.000 1.923714
6.000 1.826591
7.000 1.948052
8.000 1.964029
9.000 2.018509
10.000 3.459515
11.000 4.756021
12.000 7.380125
13.000 9.851951
14.000 17.671249
15.000 1.917398
16.000 1.555847
17.000 2.291869
18.000 12.355048
19.000 20.648085
20.000 21.095809
21.000 21.515990
22.000 22.127030
23.000 22.446333
24.000 19.868021
25.000 17.826939
26.000 18.807562
27.000 19.840878
28.000 22.635909
29.000 25.374181
30.000 30.383733
31.000 34.726710
32.000 34.607167
33.000 34.473956
34.000 34.084513
35.000 33.640898
36.000 32.145155
37.000 31.140552
38.000 34.234330
39.000 35.496591
40.000 17.448325
41.000 7.622037
42.000 2.401291
43.000 2.521572
44.000 4.060876
45.000 4.455238
46.000 5.177165
47.000 5.909505
48.000 12.383925
49.000 14.927128
50.000 1.913536
51.000 2.009976
52.000 3.276589
53.000 2.606331
54.000 1.874977
55.000 2.041850
56.000 4.292635
57.000 5.063923
58.000 10.750757
59.000 14.269444
60.000 7.042650
61.000 0.829529
62.000 0.829529
63.000 0.829529
64.000 0.829529
65.000 0.829529
66.000 0.399887
67.000 0.399887
68.000 0.399887
69.000 0.399887
70.000 0.399887
71.000 0.399887
72.000 0.399887
73.000 1.914558
74.000 1.837593
75.000 1.837593
76.000 1.837593
77.000 1.837593
78.000 1.837593
79.000 1.796028
80.000 1.796028
81.000 1.796028
82.000 1.796028
83.000 1.745888
84.000 1.724319
85.000 1.724319
86.000 1.724319
87.000 1.967353
88.000 1.889636
89.000 1.877617
90.000 1.906853
91.000 1.932655
92.000 1.932655
93.000 1.934026
94.000 1.934265
95.000 1.843033
96.000 1.843033
97.000 1.846336
98.000 1.888605
99.000 1.930874
100.000 1.950256
101.000 1.884911
102.000 1.306976
103.000 1.306976
104.000 1.306976
105.000 1.914749
106.000 1.914749
107.000 1.985092
108.000 1.985092
109.000 1.985092
110.000 1.914734
111.000 1.914734
112.000 1.914734
113.000 1.914403
114.000 1.902651
115.000 1.890898
116.000 1.879146
117.000 1.867393
118.000 1.864464
119.000 1.912842
120.000 1.912842
121.000 1.900130
122.000 1.899490
123.000 1.958900
124.000 1.958900
125.000 1.931969
126.000 1.931969
127.000 1.931969
128.000 1.870628
129.000 1.870628
130.000 1.740509
131.000 1.740509
132.000 1.758761
133.000 1.933983
134.000 1.919489
135.000 1.820663
136.000 1.870106
137.000 1.936234
138.000 1.837212
139.000 1.819389
140.000 1.952660
141.000 1.952660
142.000 1.809837
143.000 1.809837
144.000 1.923287
145.000 1.983516
146.000 1.930969
147.000 1.883598
148.000 2.873712
149.000 4.019592
150.000 5.348856
151.000 6.366104
152.000 3.128181
153.000 1.934189
154.000 1.934189
155.000 1.746445
156.000 1.746445
157.000 1.746445
158.000 1.902870
159.000 1.902870
160.000 1.902870
161.000 1.902870
162.000 1.891988
163.000 1.880499
164.000 1.878113
165.000 1.878113
166.000 1.954536
167.000 1.954536
168.000 1.897179
169.000 1.897179
170.000 1.915215
171.000 1.915215
172.000 1.915437
173.000 1.940285
174.000 1.940285
175.000 1.875175
176.000 1.875175
177.000 2.057915
178.000 2.057915
179.000 1.502942
180.000 1.485344
181.000 1.904640
182.000 2.695737
183.000 3.369637
184.000 5.163866
185.000 7.231224
186.000 9.774555
187.000 12.879434
188.000 12.988464
189.000 12.865632
190.000 15.019940
191.000 17.655605
192.000 16.658076
193.000 15.193448
194.000 16.582695
195.000 18.427985
196.000 18.188762
197.000 17.737398
198.000 2.940184
199.000 2.381691
200.000 5.831126
201.000 9.694344
202.000 1.899414
203.000 1.899414
204.000 1.899414
205.000 1.899414
206.000 1.974403
207.000 1.974403
208.000 1.974403
209.000 1.941948
210.000 1.888843
211.000 1.835737
212.000 1.798920
213.000 1.798920
214.000 1.798920
215.000 1.798920
216.000 1.948883
217.000 1.948883
218.000 1.897246
219.000 1.819614
220.000 1.741981
221.000 1.672272
222.000 1.921428
223.000 1.901901
224.000 4.105644
225.000 4.105644
226.000 1.944344
227.000 1.944344
228.000 1.936012
229.000 1.936012
230.000 1.936012
231.000 1.925179
232.000 1.891647
233.000 1.891647
234.000 1.891647
235.000 1.879590
236.000 1.860929
237.000 1.847626
238.000 1.935669
239.000 1.935669
240.000 1.821594
241.000 1.821594
242.000 1.821594
243.000 1.821594
244.000 1.821594
245.000 1.894655
246.000 1.896233
247.000 1.897811
248.000 1.899389
249.000 1.900269
250.000 1.900269
251.000 1.900269
252.000 1.839203
253.000 1.839203
254.000 1.836096
255.000 1.821648
256.000 1.821648
257.000 1.821648
258.000 1.945165
259.000 1.923744
260.000 1.902323
261.000 1.783157
262.000 3.332625
263.000 5.203646
264.000 6.236221
265.000 7.277742
266.000 7.739158
267.000 8.151842
268.000 8.923445
269.000 9.796824
270.000 9.447086
271.000 9.012417
272.000 10.451889
273.000 12.243312
274.000 12.394269
275.000 12.313339
276.000 15.623496
277.000 19.625425
278.000 20.376651
279.000 20.511679
280.000 20.532928
281.000 20.532928
282.000 20.532928
283.000 20.532928
284.000 20.581825
285.000 20.640726
286.000 20.650116
287.000 20.650116
288.000 20.650116
289.000 20.650116
290.000 1.915245
291.000 1.915245
292.000 6.892305
293.000 12.405762
294.000 1.881981
295.000 1.881981
296.000 3.251317
297.000 3.920471
298.000 3.157178
299.000 3.036263
300.000 2.511795
301.000 2.511795
302.000 1.939964
303.000 1.939964
304.000 1.939964
305.000 1.939964
306.000 11.828791
307.000 10.272361
308.000 8.715932
309.000 7.159503
310.000 5.603073
311.000 4.707062
312.000 1.956184
313.000 1.956184
314.000 2.105927
315.000 2.885265
316.000 3.112617
317.000 3.112617
318.000 1.782643
319.000 1.809145
320.000 1.835646
321.000 1.856392
322.000 1.972534
323.000 1.737122
324.000 1.737122
325.000 1.944725
326.000 1.804947
327.000 1.804947
328.000 1.848946
329.000 1.882439
330.000 1.934891
331.000 1.984962
332.000 1.984962
333.000 1.747765
334.000 1.747765
335.000 1.785118
336.000 1.785118
337.000 1.785118
338.000 1.856781
339.000 1.856781
340.000 1.848349
341.000 1.608383
342.000 1.368418
343.000 1.144188
344.000 1.144188
345.000 1.943031
346.000 1.941060
347.000 1.887810
348.000 1.887810
349.000 1.887810
350.000 1.920349
351.000 1.920349
352.000 1.920349
353.000 1.920349
354.000 1.920349
355.000 1.920349
356.000 1.791506
357.000 1.793237
358.000 1.794968
359.000 1.796700
