0.000 0.341858
1.000 0.341858
2.000 0.341858
3.000 0.341858
4.000 0.341858
5.000 0.341858
6.000 3.384674
7.000 5.141541
8.000 4.812279
9.000 4.958763
10.000 4.958763
11.000 4.958763
12.000 5.195038
13.000 5.195038
14.000 5.174932
15.000 5.147845
16.000 5.191368
17.000 4.794785
18.000 5.002167
19.000 5.177528
20.000 5.169581
21.000 5.010880
22.000 1.487831
23.000 1.487831
24.000 4.873108
25.000 5.307976
26.000 5.233091
27.000 5.027031
28.000 5.194176
29.000 4.944473
30.000 5.248917
31.000 4.396507
32.000 4.988817
33.000 4.987572
34.000 5.177139
35.000 4.803413
36.000 4.900940
37.000 4.721184
38.000 4.729129
39.000 5.242973
40.000 4.916229
41.000 4.524353
42.000 4.524353
43.000 4.699951
44.000 4.955322
45.000 4.955322
46.000 5.141132
47.000 5.157578
48.000 2.479378
49.000 2.479378
50.000 5.042725
51.000 4.453392
52.000 4.453392
53.000 4.690143
54.000 4.873604
55.000 5.011185
56.000 5.233047
57.000 5.244383
58.000 5.283716
59.000 5.280625
60.000 5.266443
61.000 5.230960
62.000 5.115972
63.000 5.198869
64.000 5.380875
65.000 5.300026
66.000 5.026138
67.000 5.052195
68.000 5.141985
69.000 5.099146
70.000 4.924818
71.000 4.980945
72.000 5.191478
73.000 5.229751
74.000 5.167337
75.000 5.124294
76.000 5.016352
77.000 5.131505
78.000 5.239983
79.000 5.222978
80.000 5.219978
81.000 5.296890
82.000 5.296890
83.000 4.973882
84.000 4.886246
85.000 5.224075
86.000 5.224075
87.000 5.198685
88.000 5.198685
89.000 5.157368
90.000 5.014003
91.000 4.975695
92.000 4.903246
93.000 4.912228
94.000 4.963684
95.000 5.073445
96.000 5.385095
97.000 5.275177
98.000 4.670769
99.000 4.729236
100.000 5.135758
101.000 5.230804
102.000 5.273918
103.000 5.238124
104.000 5.112176
105.000 4.992641
106.000 4.848083
107.000 5.006209
108.000 5.323494
109.000 5.226045
110.000 5.190033
111.000 4.479347
112.000 4.479347
113.000 5.189507
114.000 5.189507
115.000 5.118243
116.000 5.066986
117.000 5.066986
118.000 4.962135
119.000 4.962135
120.000 5.234734
121.000 5.234734
122.000 4.950211
123.000 4.950211
124.000 4.760544
125.000 4.760544
126.000 5.176010
127.000 5.236795
128.000 5.285378
129.000 5.229802
130.000 5.205643
131.000 5.185388
132.000 5.159088
133.000 5.132573
134.000 5.121529
135.000 5.292442
136.000 5.348579
137.000 5.310640
138.000 5.215080
139.000 5.037352
140.000 5.229393
141.000 5.101952
142.000 5.088539
143.000 5.140541
144.000 4.811485
145.000 4.832048
146.000 4.871582
147.000 4.838531
148.000 4.838531
149.000 4.921115
150.000 4.834885
151.000 5.159912
152.000 5.170418
153.000 5.170418
154.000 5.244621
155.000 4.993011
156.000 5.255653
157.000 5.128136
158.000 5.311470
159.000 5.222076
160.000 5.222076
161.000 4.955330
162.000 4.865553
163.000 4.845222
164.000 5.174751
165.000 5.174751
166.000 4.941872
167.000 4.941872
168.000 5.343925
169.000 5.343925
170.000 5.179329
171.000 5.179329
172.000 4.932220
173.000 4.932220
174.000 4.971107
175.000 4.971107
176.000 4.769913
177.000 4.850689
178.000 5.146561
179.000 5.079422
180.000 5.168472
181.000 5.217796
182.000 4.944473
183.000 4.885658
184.000 4.740993
185.000 5.247688
186.000 5.189724
187.000 4.874779
188.000 4.966722
189.000 4.863304
190.000 4.414325
191.000 5.053656
192.000 4.830215
193.000 5.269765
194.000 4.792709
195.000 5.125893
196.000 5.127774
197.000 5.135361
198.000 4.974434
199.000 4.906448
200.000 4.844612
201.000 5.048867
202.000 5.183267
203.000 5.072948
204.000 5.032497
205.000 4.984259
206.000 4.972457
207.000 5.043187
208.000 5.065112
209.000 4.932302
210.000 4.886350
211.000 5.113102
212.000 5.187691
213.000 4.950939
214.000 4.889183
215.000 4.842987
216.000 4.827310
217.000 4.807646
218.000 4.792115
219.000 4.501686
220.000 4.409592
221.000 4.591469
222.000 4.635809
223.000 4.698202
224.000 4.722694
225.000 5.025651
226.000 5.169434
227.000 4.922512
228.000 4.785309
229.000 5.025991
230.000 5.169090
231.000 5.009357
232.000 4.914017
233.000 5.094802
234.000 5.192879
235.000 4.519653
236.000 4.519653
237.000 5.170868
238.000 5.170868
239.000 4.900558
240.000 4.900558
241.000 5.058849
242.000 5.101341
243.000 4.969725
244.000 4.958618
245.000 5.243348
246.000 5.246490
247.000 5.304939
248.000 5.304939
249.000 5.215710
250.000 5.195000
251.000 4.183037
252.000 4.183037
253.000 4.984324
254.000 5.133461
255.000 5.050913
256.000 5.014450
257.000 4.999314
258.000 4.993660
259.000 4.784386
260.000 4.784386
261.000 4.892571
262.000 4.930740
263.000 5.016261
264.000 5.060120
265.000 3.581818
266.000 3.581818
267.000 2.860168
268.000 2.860168
269.000 4.390156
270.000 5.058258
271.000 5.045292
272.000 5.039856
273.000 4.592668
274.000 4.560593
275.000 4.960319
276.000 4.965256
277.000 5.162712
278.000 5.277893
279.000 5.013660
280.000 4.895981
281.000 4.955670
282.000 4.980461
283.000 5.012293
284.000 5.022408
285.000 4.911987
286.000 4.911987
287.000 4.918991
288.000 4.918991
289.000 4.803828
290.000 4.771271
291.000 4.901725
292.000 4.946953
293.000 4.922239
294.000 4.915367
295.000 4.933501
296.000 4.947563
297.000 5.098593
298.000 5.249161
299.000 4.891364
300.000 4.563377
301.000 4.738989
302.000 4.898773
303.000 4.886911
304.000 4.876251
305.000 4.873152
306.000 4.870087
307.000 4.843002
308.000 4.816734
309.000 4.862968
310.000 4.910599
311.000 4.931156
312.000 4.951599
313.000 4.850657
314.000 4.753708
315.000 4.979048
316.000 5.212807
317.000 5.093301
318.000 5.047241
319.000 5.013079
320.000 4.980949
321.000 5.079070
322.000 5.168846
323.000 5.215253
324.000 5.260269
325.000 5.237271
326.000 5.215401
327.000 5.234470
328.000 5.252289
329.000 5.035746
330.000 4.961250
331.000 5.078730
332.000 5.191429
333.000 5.068209
334.000 4.956001
335.000 5.087628
336.000 5.203262
337.000 5.220150
338.000 5.235176
339.000 5.237995
340.000 5.240738
341.000 5.072926
342.000 4.926697
343.000 4.911691
344.000 4.898888
345.000 4.954348
346.000 5.004684
347.000 5.097713
348.000 5.185112
349.000 5.212947
350.000 5.241417
351.000 5.250618
352.000 5.259590
353.000 5.034331
354.000 4.836029
355.000 5.069285
356.000 5.243279
357.000 5.290721
358.000 5.327629
359.000 5.066255
