0.000 0.735725
1.000 0.735725
2.000 0.735725
3.000 0.735725
4.000 0.735725
5.000 0.735725
6.000 0.735725
7.000 0.735725
8.000 0.735725
9.000 2.735710
10.000 2.735710
11.000 4.940384
12.000 0.681671
13.000 0.681671
14.000 0.681671
15.000 0.681671
16.000 0.681671
17.000 0.681671
18.000 5.815712
19.000 6.341682
20.000 6.925659
21.000 10.149727
22.000 3.717651
23.000 2.244934
24.000 2.244934
25.000 2.070177
26.000 1.137062
27.000 1.137062
28.000 1.137062
29.000 1.137062
30.000 7.141608
31.000 8.624036
32.000 10.106464
33.000 9.050667
34.000 4.262917
35.000 3.715996
36.000 3.715996
37.000 4.038908
38.000 8.555530
39.000 10.013791
40.000 2.889647
41.000 1.961945
42.000 1.961945
43.000 1.961945
44.000 4.842491
45.000 4.842491
46.000 3.649261
47.000 3.649261
48.000 3.649261
49.000 3.649261
50.000 3.649261
51.000 8.198368
52.000 9.218933
53.000 9.218933
54.000 8.254832
55.000 3.531609
56.000 3.531609
57.000 3.531609
58.000 3.531609
59.000 3.531609
60.000 3.531609
61.000 4.724991
62.000 4.724991
63.000 4.724991
64.000 8.222923
65.000 8.222923
66.000 5.943630
67.000 3.516022
68.000 3.516022
69.000 5.786072
70.000 5.786072
71.000 5.674583
72.000 5.556543
73.000 5.446602
74.000 3.761810
75.000 3.605164
76.000 5.999382
77.000 9.467185
78.000 9.375019
79.000 9.282852
80.000 9.138728
81.000 8.566865
82.000 6.517071
83.000 3.344398
84.000 4.437406
85.000 8.523502
86.000 10.399943
87.000 10.911415
88.000 8.821899
89.000 8.821899
90.000 6.135094
91.000 6.111519
92.000 6.504235
93.000 6.924767
94.000 5.759605
95.000 5.780944
96.000 8.028497
97.000 9.858856
98.000 4.258278
99.000 4.258278
100.000 5.705544
101.000 5.687188
102.000 5.453341
103.000 5.219494
104.000 5.180916
105.000 5.180916
106.000 2.280243
107.000 2.280243
108.000 2.280243
109.000 2.280243
110.000 2.238647
111.000 2.238647
112.000 2.238647
113.000 2.238647
114.000 2.238647
115.000 2.238647
116.000 2.238647
117.000 2.238647
118.000 3.605423
119.000 3.605423
120.000 3.605423
121.000 4.133434
122.000 4.839012
123.000 4.839012
124.000 8.636078
125.000 9.088768
126.000 8.625679
127.000 5.988876
128.000 5.988876
129.000 10.278877
130.000 10.278877
131.000 9.652092
132.000 9.652092
133.000 9.567272
134.000 9.169979
135.000 8.772687
136.000 8.375394
137.000 7.978101
138.000 7.787270
139.000 3.124924
140.000 3.124924
141.000 3.124924
142.000 6.313011
143.000 4.976959
144.000 4.976959
145.000 6.222603
146.000 6.222603
147.000 5.118828
148.000 3.863663
149.000 3.863663
150.000 3.863663
151.000 5.521489
152.000 6.765846
153.000 3.010712
154.000 3.010712
155.000 2.167305
156.000 2.167305
157.000 2.793457
158.000 2.793457
159.000 2.793457
160.000 2.793457
161.000 2.465431
162.000 2.465431
163.000 2.465431
164.000 9.975746
165.000 9.975746
166.000 8.344254
167.000 6.295447
168.000 2.950119
169.000 2.950119
170.000 5.408720
171.000 7.011841
172.000 8.150181
173.000 8.635299
174.000 1.083961
175.000 1.083961
176.000 1.083961
177.000 1.083961
178.000 1.083961
179.000 1.083961
180.000 1.083961
181.000 4.247581
182.000 3.900467
183.000 5.676872
184.000 2.824364
185.000 2.824364
186.000 5.404093
187.000 10.159403
188.000 10.136395
189.000 7.982217
190.000 7.999765
191.000 11.890274
192.000 2.087730
193.000 2.087730
194.000 3.732346
195.000 3.732346
196.000 6.314568
197.000 6.365491
198.000 6.586425
199.000 8.221123
200.000 7.940574
201.000 7.779610
202.000 8.817116
203.000 11.005928
204.000 4.191597
205.000 4.191597
206.000 3.229599
207.000 3.229599
208.000 4.985723
209.000 2.156982
210.000 4.930359
211.000 6.783005
212.000 5.524443
213.000 5.898283
214.000 9.091089
215.000 10.027222
216.000 10.027222
217.000 10.027222
218.000 10.027222
219.000 8.497648
220.000 5.608905
221.000 5.344875
222.000 5.579326
223.000 5.582199
224.000 5.490758
225.000 5.399317
226.000 5.538582
227.000 5.360449
228.000 4.662267
229.000 4.258486
230.000 3.835623
231.000 3.688309
232.000 3.688309
233.000 4.571115
234.000 7.610096
235.000 5.562450
236.000 4.921631
237.000 6.006519
238.000 9.066071
239.000 8.650627
240.000 7.636917
241.000 6.642703
242.000 2.811355
243.000 1.922882
244.000 1.922882
245.000 3.178566
246.000 5.451631
247.000 7.236733
248.000 4.322601
249.000 4.571164
250.000 5.423881
251.000 5.844971
252.000 7.777234
253.000 7.304429
254.000 4.561478
255.000 5.091135
256.000 6.914430
257.000 6.630266
258.000 4.195602
259.000 4.369842
260.000 4.738831
261.000 3.763580
262.000 3.428864
263.000 4.401178
264.000 8.148133
265.000 8.503204
266.000 7.975815
267.000 8.267299
268.000 9.084160
269.000 9.084160
270.000 8.585079
271.000 7.860191
272.000 7.760147
273.000 8.615285
274.000 9.073494
275.000 4.437439
276.000 4.524719
277.000 4.524719
278.000 4.008934
279.000 4.008934
280.000 6.289406
281.000 2.272179
282.000 2.272179
283.000 2.272179
284.000 8.421133
285.000 5.188438
286.000 5.188438
287.000 5.189894
288.000 5.196077
289.000 5.202259
290.000 5.208442
291.000 5.214624
292.000 5.220807
293.000 5.224754
294.000 5.224754
295.000 4.803261
296.000 4.803261
297.000 4.113684
298.000 2.421449
299.000 1.418770
300.000 1.167946
301.000 1.167946
302.000 5.944311
303.000 5.880844
304.000 8.876602
305.000 6.663017
306.000 6.663017
307.000 6.311257
308.000 5.754229
309.000 5.197200
310.000 4.640172
311.000 4.083144
312.000 3.526116
313.000 2.969087
314.000 2.412059
315.000 1.855031
316.000 1.298002
317.000 1.225212
318.000 2.987099
319.000 2.155105
320.000 1.835960
321.000 1.954597
322.000 1.954597
323.000 1.954597
324.000 3.390083
325.000 3.390083
326.000 2.501808
327.000 2.501808
328.000 2.501808
329.000 2.363939
330.000 2.715584
331.000 3.190971
332.000 3.190971
333.000 3.190971
334.000 3.924728
335.000 3.924728
336.000 1.483635
337.000 1.483635
338.000 1.483635
339.000 1.483635
340.000 1.483635
341.000 4.703209
342.000 4.703209
343.000 4.703209
344.000 5.289589
345.000 5.289589
346.000 3.398056
347.000 3.398056
348.000 3.779312
349.000 3.779312
350.000 4.969851
351.000 9.433502
352.000 6.229595
353.000 4.936234
354.000 7.401131
355.000 3.029472
356.000 3.029472
357.000 3.001923
358.000 3.001923
359.000 4.071634
