0.000 5.464409
1.000 5.464409
2.000 5.464409
3.000 4.454313
4.000 4.173233
5.000 4.173233
6.000 5.501093
7.000 5.504982
8.000 5.088409
9.000 4.962708
10.000 4.598221
11.000 4.959930
12.000 4.516129
13.000 4.516129
14.000 4.002586
15.000 4.002586
16.000 5.481422
17.000 5.481422
18.000 5.481422
19.000 5.048984
20.000 4.509262
21.000 4.473923
22.000 5.356947
23.000 5.303612
24.000 5.303612
25.000 5.422752
26.000 5.422752
27.000 3.582748
28.000 3.582748
29.000 3.582748
30.000 5.278549
31.000 5.119919
32.000 4.818649
33.000 5.371880
34.000 5.361290
35.000 5.387796
36.000 5.416382
37.000 5.455218
38.000 5.508965
39.000 5.476587
40.000 5.430420
41.000 5.312856
42.000 5.169731
43.000 5.295837
44.000 5.441734
45.000 5.236401
46.000 4.948097
47.000 5.147780
48.000 5.451614
49.000 5.409521
50.000 5.346809
51.000 5.328588
52.000 5.301819
53.000 5.086916
54.000 4.809769
55.000 5.107909
56.000 5.457085
57.000 5.496828
58.000 5.566017
59.000 5.086184
60.000 4.492065
61.000 4.892087
62.000 5.534058
63.000 5.256787
64.000 4.829353
65.000 5.094422
66.000 5.451805
67.000 5.050481
68.000 4.311698
69.000 4.614496
70.000 5.436574
71.000 5.619903
72.000 5.683502
73.000 5.593057
74.000 5.460785
75.000 5.435950
76.000 5.407799
77.000 5.431181
78.000 5.470306
79.000 5.586159
80.000 5.780525
81.000 5.371416
82.000 4.926979
83.000 4.959614
84.000 5.003670
85.000 5.401993
86.000 5.401993
87.000 3.534637
88.000 3.412025
89.000 3.996020
90.000 5.588905
91.000 5.275137
92.000 4.900169
93.000 5.221179
94.000 5.473068
95.000 5.538915
96.000 5.641670
97.000 5.328575
98.000 5.328575
99.000 5.481722
100.000 5.497589
101.000 4.765457
102.000 4.531631
103.000 4.814475
104.000 5.114868
105.000 4.700498
106.000 4.203995
107.000 4.445146
108.000 4.889071
109.000 5.144160
110.000 5.474091
111.000 5.496036
112.000 5.532227
113.000 5.400935
114.000 5.159246
115.000 5.101924
116.000 5.045919
117.000 4.629314
118.000 3.897372
119.000 4.037449
120.000 4.276855
121.000 4.703811
122.000 5.332832
123.000 4.254803
124.000 4.102486
125.000 4.464905
126.000 4.798210
127.000 5.013782
128.000 5.353409
129.000 5.127947
130.000 4.712904
131.000 5.021033
132.000 5.723994
133.000 5.655050
134.000 5.485365
135.000 5.471819
136.000 5.466127
137.000 4.516036
138.000 3.780785
139.000 4.367932
140.000 5.369522
141.000 5.437190
142.000 5.533028
143.000 5.520661
144.000 5.500534
145.000 5.048341
146.000 4.215916
147.000 4.239261
148.000 4.403603
149.000 0.792183
150.000 0.792183
151.000 0.792183
152.000 0.792183
153.000 0.792183
154.000 0.792183
155.000 0.792183
156.000 0.792183
157.000 0.792183
158.000 0.792183
159.000 3.699937
160.000 3.621140
161.000 4.651989
162.000 5.469284
163.000 5.554910
164.000 5.592125
165.000 5.028214
166.000 5.028214
167.000 5.023855
168.000 5.019241
169.000 5.019241
170.000 4.149791
171.000 3.255951
172.000 5.442371
173.000 5.250098
174.000 4.016690
175.000 4.395656
176.000 5.259223
177.000 5.147136
178.000 4.766808
179.000 4.362320
180.000 3.827057
181.000 3.951691
182.000 4.171326
183.000 4.094172
184.000 3.980408
185.000 3.876079
186.000 3.747002
187.000 3.953856
188.000 4.337470
189.000 4.115643
190.000 3.952934
191.000 3.756798
192.000 3.756798
193.000 4.215673
194.000 5.316994
195.000 4.538231
196.000 3.796730
197.000 4.929746
198.000 5.829514
199.000 5.612024
200.000 5.472321
201.000 2.540970
202.000 2.540970
203.000 3.275118
204.000 5.385277
205.000 3.872922
206.000 2.968338
207.000 2.968338
208.000 2.968338
209.000 2.968338
210.000 2.968338
211.000 5.356643
212.000 5.461853
213.000 5.461853
214.000 5.622398
215.000 5.622398
216.000 5.622398
217.000 4.888916
218.000 4.888916
219.000 4.888916
220.000 4.888916
221.000 3.332207
222.000 3.332207
223.000 3.332207
224.000 5.484344
225.000 5.484344
226.000 5.228203
227.000 5.228203
228.000 4.387352
229.000 4.387352
230.000 4.387352
231.000 4.387352
232.000 2.767265
233.000 2.767265
234.000 2.767265
235.000 3.188996
236.000 4.190199
237.000 4.914383
238.000 5.425896
239.000 3.989067
240.000 4.895378
241.000 5.104688
242.000 5.458786
243.000 5.234756
244.000 5.627029
245.000 5.627029
246.000 5.627029
247.000 5.355690
248.000 5.355690
249.000 5.497484
250.000 5.578316
251.000 5.578316
252.000 5.578316
253.000 5.301336
254.000 5.136391
255.000 5.136391
256.000 4.984833
257.000 4.984833
258.000 4.984833
259.000 5.042853
260.000 5.170067
261.000 5.170067
262.000 4.973747
263.000 4.201569
264.000 4.906403
265.000 3.995674
266.000 5.283409
267.000 5.124306
268.000 4.604372
269.000 4.286629
270.000 4.250019
271.000 4.216690
272.000 3.988985
273.000 3.867409
274.000 4.329893
275.000 4.924660
276.000 4.532433
277.000 4.532433
278.000 5.255577
279.000 5.255577
280.000 4.076362
281.000 3.349937
282.000 3.349937
283.000 3.349937
284.000 3.776649
285.000 3.776649
286.000 5.117374
287.000 5.418320
288.000 5.491530
289.000 5.565277
290.000 4.606916
291.000 4.584190
292.000 5.217712
293.000 5.461357
294.000 5.462216
295.000 5.463463
296.000 5.457663
297.000 5.447005
298.000 5.509570
299.000 5.589012
300.000 5.530094
301.000 5.461281
302.000 5.361796
303.000 5.323677
304.000 5.456155
305.000 5.551285
306.000 5.541341
307.000 5.529724
308.000 5.364869
309.000 5.193954
310.000 5.335449
311.000 5.434631
312.000 4.911758
313.000 4.558502
314.000 4.975656
315.000 5.280655
316.000 5.463565
317.000 5.552200
318.000 5.440966
319.000 5.236183
320.000 5.281122
321.000 5.363251
322.000 5.593555
323.000 5.855576
324.000 4.831374
325.000 4.196327
326.000 4.380362
327.000 4.546867
328.000 4.674689
329.000 4.741585
330.000 4.815696
331.000 4.951873
332.000 5.410948
333.000 5.885300
334.000 5.330263
335.000 4.608627
336.000 4.955923
337.000 5.439865
338.000 5.486202
339.000 5.541000
340.000 4.993283
341.000 4.134605
342.000 4.766720
343.000 5.410210
344.000 4.894345
345.000 4.438988
346.000 4.839092
347.000 5.289032
348.000 5.315047
349.000 5.336716
350.000 5.519960
351.000 5.793556
352.000 4.576523
353.000 4.039192
354.000 4.590640
355.000 5.153748
356.000 5.102910
357.000 5.008456
358.000 5.071912
359.000 5.208893
