0.000 0.231667
1.000 0.231667
2.000 7.952194
3.000 8.137886
4.000 6.375072
5.000 5.023491
6.000 5.023491
7.000 4.798881
8.000 4.494526
9.000 4.223381
10.000 3.668503
11.000 5.543152
12.000 6.093499
13.000 7.650307
14.000 5.029892
15.000 10.373535
16.000 8.236259
17.000 10.833557
18.000 11.353836
19.000 11.353836
20.000 4.958008
21.000 4.958008
22.000 4.958008
23.000 4.958008
24.000 4.958008
25.000 4.958008
26.000 1.780869
27.000 1.780869
28.000 1.780869
29.000 1.780869
30.000 1.780869
31.000 1.780869
32.000 1.845636
33.000 2.129723
34.000 2.413809
35.000 2.697896
36.000 2.925568
37.000 2.815453
38.000 2.815453
39.000 2.636086
40.000 4.338417
41.000 4.338417
42.000 3.390312
43.000 3.390312
44.000 3.390312
45.000 3.390312
46.000 3.390312
47.000 3.390312
48.000 3.467491
49.000 3.467491
50.000 3.467491
51.000 3.467491
52.000 3.467491
53.000 3.544503
54.000 3.984605
55.000 4.424708
56.000 4.824722
57.000 4.824722
58.000 7.205399
59.000 5.855682
60.000 5.855682
61.000 5.855682
62.000 3.242414
63.000 3.094124
64.000 3.094124
65.000 3.094124
66.000 3.094124
67.000 3.136147
68.000 3.661536
69.000 4.186924
70.000 4.371203
71.000 4.616951
72.000 3.942810
73.000 3.514221
74.000 3.514221
75.000 5.156326
76.000 5.156326
77.000 4.589378
78.000 4.589378
79.000 4.571593
80.000 4.157832
81.000 4.108475
82.000 4.108475
83.000 4.108475
84.000 4.108475
85.000 4.108475
86.000 3.976676
87.000 2.789546
88.000 2.735878
89.000 2.735878
90.000 2.735878
91.000 1.959885
92.000 1.959885
93.000 1.959885
94.000 1.394897
95.000 1.394897
96.000 3.783066
97.000 3.783066
98.000 4.845840
99.000 4.845840
100.000 3.746956
101.000 3.746956
102.000 3.746956
103.000 3.978937
104.000 4.308931
105.000 4.638925
106.000 4.968919
107.000 5.153114
108.000 3.055145
109.000 3.055145
110.000 4.357475
111.000 4.357475
112.000 3.803688
113.000 3.803688
114.000 4.971072
115.000 6.016014
116.000 7.064865
117.000 5.217323
118.000 5.217323
119.000 5.217323
120.000 7.899086
121.000 7.552901
122.000 5.628677
123.000 5.628677
124.000 1.762596
125.000 7.213890
126.000 8.275711
127.000 8.275711
128.000 8.275711
129.000 7.913895
130.000 7.545817
131.000 7.177738
132.000 6.809660
133.000 6.577744
134.000 6.577744
135.000 6.577744
136.000 3.545105
137.000 3.545105
138.000 3.545105
139.000 3.834842
140.000 6.949341
141.000 6.949341
142.000 6.949341
143.000 6.949341
144.000 5.854397
145.000 6.109841
146.000 6.353661
147.000 6.353661
148.000 4.199173
149.000 3.923035
150.000 3.923035
151.000 3.923035
152.000 3.923035
153.000 7.536003
154.000 7.536003
155.000 6.739036
156.000 5.423843
157.000 7.226364
158.000 7.288956
159.000 6.363853
160.000 6.065977
161.000 5.732788
162.000 5.732788
163.000 5.902451
164.000 5.902451
165.000 3.061966
166.000 3.061966
167.000 3.686798
168.000 3.686798
169.000 3.985649
170.000 5.703331
171.000 6.400299
172.000 6.400299
173.000 4.478836
174.000 4.478836
175.000 4.478836
176.000 6.942848
177.000 6.244300
178.000 5.876358
179.000 5.876358
180.000 3.096802
181.000 3.096802
182.000 3.096802
183.000 3.035065
184.000 2.921990
185.000 2.908241
186.000 7.206520
187.000 6.424690
188.000 6.424690
189.000 6.580508
190.000 6.655754
191.000 5.350014
192.000 3.886101
193.000 2.435822
194.000 2.435822
195.000 2.435822
196.000 4.835182
197.000 5.958351
198.000 3.647294
199.000 3.366714
200.000 3.366714
201.000 3.366714
202.000 8.779472
203.000 8.779472
204.000 3.329514
205.000 3.329514
206.000 3.329514
207.000 3.329514
208.000 3.472626
209.000 3.637885
210.000 3.803145
211.000 3.968405
212.000 4.048370
213.000 4.048370
214.000 4.011684
215.000 3.996483
216.000 3.996483
217.000 2.679596
218.000 2.679596
219.000 9.057587
220.000 9.057587
221.000 7.671913
222.000 6.610629
223.000 5.706848
224.000 4.915621
225.000 1.686707
226.000 4.828638
227.000 6.193634
228.000 5.628677
229.000 5.628677
230.000 6.565887
231.000 6.565887
232.000 3.939384
233.000 3.939384
234.000 1.430932
235.000 1.183357
236.000 1.183357
237.000 1.183357
238.000 1.183357
239.000 1.183357
240.000 3.058266
241.000 3.058266
242.000 3.058266
243.000 3.058266
244.000 4.262668
245.000 4.151499
246.000 4.040330
247.000 3.929161
248.000 3.918701
249.000 3.918701
250.000 3.918701
251.000 3.918701
252.000 3.155359
253.000 3.227989
254.000 3.227989
255.000 3.227989
256.000 3.626088
257.000 3.708397
258.000 3.487536
259.000 1.940826
260.000 1.940826
261.000 1.940826
262.000 1.940826
263.000 13.747913
264.000 12.187873
265.000 7.989273
266.000 1.803055
267.000 1.803055
268.000 1.803055
269.000 1.803055
270.000 1.803055
271.000 1.803055
272.000 13.251246
273.000 14.769852
274.000 11.079002
275.000 5.537148
276.000 5.153061
277.000 5.153061
278.000 5.869231
279.000 6.377556
280.000 6.377556
281.000 6.269028
282.000 6.269028
283.000 8.736491
284.000 9.458038
285.000 9.090240
286.000 9.188349
287.000 9.338966
288.000 9.230725
289.000 9.070030
290.000 5.585663
291.000 4.178696
292.000 7.603340
293.000 7.603340
294.000 3.712715
295.000 3.712715
296.000 3.712715
297.000 5.527397
298.000 5.527397
299.000 2.964142
300.000 2.964142
301.000 2.964142
302.000 2.964142
303.000 1.502510
304.000 1.502510
305.000 1.502510
306.000 1.502510
307.000 1.502510
308.000 2.774980
309.000 2.602966
310.000 2.602966
311.000 2.602966
312.000 3.213890
313.000 3.213890
314.000 3.213890
315.000 3.670509
316.000 4.755151
317.000 5.238129
318.000 4.038818
319.000 4.038818
320.000 3.167946
321.000 3.167946
322.000 3.167946
323.000 5.178673
324.000 2.273598
325.000 2.273598
326.000 2.094154
327.000 2.094154
328.000 2.094154
329.000 2.160797
330.000 2.160797
331.000 1.743881
332.000 1.743881
333.000 1.382965
334.000 1.382965
335.000 1.382965
336.000 3.780602
337.000 3.711296
338.000 3.680906
339.000 3.429718
340.000 3.380104
341.000 3.314018
342.000 3.314018
343.000 5.262787
344.000 4.124771
345.000 6.033226
346.000 7.333656
347.000 7.333656
348.000 4.827728
349.000 4.827728
350.000 6.089836
351.000 6.089836
352.000 5.252998
353.000 5.252998
354.000 6.448952
355.000 6.448952
356.000 6.469886
357.000 6.513410
358.000 6.535645
359.000 6.535645
