0.000 0.238914
1.000 0.238914
2.000 0.238914
3.000 0.238914
4.000 0.245865
5.000 0.253073
6.000 0.255295
7.000 0.255295
8.000 0.545135
9.000 0.797348
10.000 0.726669
11.000 1.477776
12.000 1.477776
13.000 1.308754
14.000 1.308754
15.000 1.308754
16.000 1.308754
17.000 1.308754
18.000 3.283544
19.000 3.512909
20.000 3.512909
21.000 3.038144
22.000 2.992508
23.000 2.170273
24.000 2.141151
25.000 2.141151
26.000 4.512131
27.000 4.512131
28.000 4.623867
29.000 4.885360
30.000 5.146854
31.000 5.408348
32.000 5.458618
33.000 5.458618
34.000 5.458618
35.000 2.020468
36.000 2.257282
37.000 2.494095
38.000 2.730908
39.000 2.932831
40.000 6.176674
41.000 5.947557
42.000 5.904205
43.000 2.690002
44.000 2.690002
45.000 3.119614
46.000 3.119614
47.000 3.119614
48.000 3.119614
49.000 5.566223
50.000 5.566223
51.000 5.566223
52.000 4.956476
53.000 5.340530
54.000 5.340530
55.000 7.216660
56.000 7.216660
57.000 6.642168
58.000 6.528816
59.000 6.774498
60.000 5.913117
61.000 5.258461
62.000 5.258461
63.000 5.258461
64.000 5.508736
65.000 5.929156
66.000 6.349576
67.000 6.769996
68.000 7.190415
69.000 7.414902
70.000 7.850143
71.000 7.850143
72.000 3.526047
73.000 3.526047
74.000 3.526047
75.000 8.088272
76.000 8.088272
77.000 7.906433
78.000 7.065746
79.000 6.225058
80.000 5.384370
81.000 4.647438
82.000 3.777863
83.000 6.205055
84.000 3.487709
85.000 3.487709
86.000 4.502064
87.000 5.793746
88.000 6.094818
89.000 5.131767
90.000 5.131767
91.000 6.363388
92.000 6.363388
93.000 9.056084
94.000 6.763550
95.000 6.586777
96.000 3.388214
97.000 3.388214
98.000 8.534058
99.000 8.534058
100.000 8.034561
101.000 8.034561
102.000 6.444050
103.000 4.723273
104.000 4.527008
105.000 4.527008
106.000 4.527008
107.000 1.120911
108.000 1.120911
109.000 1.120911
110.000 1.120911
111.000 6.819008
112.000 2.704506
113.000 2.704506
114.000 2.704506
115.000 2.704506
116.000 2.704506
117.000 4.467606
118.000 4.241423
119.000 4.101852
120.000 2.265129
121.000 2.265129
122.000 2.265129
123.000 2.265129
124.000 2.265129
125.000 2.265129
126.000 5.207306
127.000 5.207306
128.000 5.094946
129.000 4.892242
130.000 4.892242
131.000 4.892242
132.000 4.892242
133.000 4.672979
134.000 4.131985
135.000 3.590991
136.000 3.049997
137.000 2.509003
138.000 1.968009
139.000 1.797516
140.000 1.797516
141.000 1.797516
142.000 1.797516
143.000 5.609993
144.000 5.353188
145.000 5.353188
146.000 8.502954
147.000 9.796829
148.000 9.809170
149.000 9.814926
150.000 10.885840
151.000 11.249390
152.000 7.782806
153.000 7.782806
154.000 5.289116
155.000 5.289116
156.000 9.079148
157.000 10.496758
158.000 11.226047
159.000 11.668205
160.000 6.917333
161.000 6.066299
162.000 7.910926
163.000 8.622375
164.000 10.516549
165.000 11.463478
166.000 11.461794
167.000 11.460548
168.000 11.201889
169.000 10.949753
170.000 4.748940
171.000 4.748940
172.000 4.748940
173.000 4.748940
174.000 6.431895
175.000 7.212060
176.000 7.470245
177.000 7.470245
178.000 7.030177
179.000 6.192426
180.000 5.967781
181.000 5.967781
182.000 2.512269
183.000 1.553513
184.000 1.553513
185.000 1.553513
186.000 1.553513
187.000 1.553513
188.000 1.553513
189.000 1.553513
190.000 1.553513
191.000 1.553513
192.000 3.660654
193.000 3.486307
194.000 3.311960
195.000 3.137613
196.000 2.963265
197.000 2.788918
198.000 2.614571
199.000 2.440224
200.000 2.265876
201.000 2.091529
202.000 1.917182
203.000 1.742835
204.000 1.568488
205.000 1.394140
206.000 1.368980
207.000 1.905098
208.000 1.905098
209.000 1.905098
210.000 1.905098
211.000 1.905098
212.000 1.558174
213.000 1.558174
214.000 1.558174
215.000 1.558174
216.000 2.167361
217.000 1.670395
218.000 1.670395
219.000 1.670395
220.000 2.605850
221.000 2.605850
222.000 1.268944
223.000 1.268944
224.000 1.268944
225.000 1.268944
226.000 1.268944
227.000 1.268944
228.000 1.103447
229.000 1.045171
230.000 0.986894
231.000 0.928618
232.000 0.870342
233.000 0.812066
234.000 0.753790
235.000 0.695514
236.000 0.637237
237.000 0.578961
238.000 0.520685
239.000 0.713296
240.000 0.940750
241.000 0.940750
242.000 0.940750
243.000 0.940750
244.000 0.940750
245.000 0.940750
246.000 0.940750
247.000 0.940750
248.000 0.940750
249.000 0.940750
250.000 1.415512
251.000 1.162506
252.000 0.581078
253.000 0.581078
254.000 0.581078
255.000 0.581078
256.000 0.581078
257.000 0.790751
258.000 0.714601
259.000 0.638451
260.000 0.562301
261.000 0.486151
262.000 0.410001
263.000 0.333852
264.000 0.257702
265.000 0.181552
266.000 0.105402
267.000 0.059990
268.000 0.059990
269.000 0.149719
270.000 0.149719
271.000 1.573883
272.000 1.573883
273.000 0.524971
274.000 0.524971
275.000 0.524971
276.000 0.524971
277.000 0.524971
278.000 0.524971
279.000 0.524971
280.000 0.524971
281.000 0.524971
282.000 0.598772
283.000 0.632520
284.000 0.666269
285.000 0.700017
286.000 0.733766
287.000 0.767514
288.000 0.801262
289.000 0.835011
290.000 0.868759
291.000 0.875961
292.000 1.112041
293.000 1.361832
294.000 1.868423
295.000 1.868423
296.000 1.674009
297.000 1.677322
298.000 1.578700
299.000 1.341225
300.000 1.115517
301.000 1.852554
302.000 2.025597
303.000 0.672791
304.000 0.672791
305.000 0.672791
306.000 0.672791
307.000 0.706600
308.000 0.759156
309.000 0.802612
310.000 0.802612
311.000 0.798904
312.000 0.762515
313.000 0.728065
314.000 0.776489
315.000 0.556236
316.000 0.556236
317.000 0.664810
318.000 0.683833
319.000 0.741078
320.000 0.766426
321.000 0.473343
322.000 0.622154
323.000 0.622154
324.000 0.622154
325.000 0.428734
326.000 0.428734
327.000 0.428734
328.000 0.428734
329.000 0.428734
330.000 0.428734
331.000 0.662660
332.000 0.669955
333.000 0.677251
334.000 0.684546
335.000 0.691841
336.000 0.638870
337.000 0.775810
338.000 0.775810
339.000 0.769757
340.000 0.767357
341.000 0.689491
342.000 0.424232
343.000 0.424232
344.000 0.424232
345.000 0.424232
346.000 0.424232
347.000 0.424232
348.000 2.719505
349.000 2.584332
350.000 2.239765
351.000 1.937279
352.000 1.937279
353.000 1.349461
354.000 1.080902
355.000 1.481789
356.000 1.481789
357.000 1.481789
358.000 0.909859
359.000 0.752832
