0.000 0.117729
1.000 0.117729
2.000 1.200760
3.000 1.728462
4.000 1.728462
5.000 2.346801
6.000 2.626465
7.000 2.626465
8.000 2.138107
9.000 2.930283
10.000 2.930283
11.000 2.930283
12.000 2.671728
13.000 2.165469
14.000 1.756668
15.000 2.316452
16.000 2.468666
17.000 2.947353
18.000 3.179314
19.000 2.696915
20.000 1.289345
21.000 2.770912
22.000 2.767590
23.000 2.733938
24.000 2.720520
25.000 2.609442
26.000 2.561157
27.000 2.561157
28.000 1.849724
29.000 1.849724
30.000 1.706642
31.000 1.706642
32.000 1.262535
33.000 1.262535
34.000 1.872971
35.000 1.872971
36.000 1.872971
37.000 2.446852
38.000 2.865250
39.000 1.777351
40.000 1.777351
41.000 1.777351
42.000 0.743195
43.000 0.743195
44.000 0.743195
45.000 0.743195
46.000 1.184746
47.000 1.294067
48.000 1.294067
49.000 1.294067
50.000 1.029503
51.000 1.029503
52.000 1.029503
53.000 1.029503
54.000 1.029503
55.000 1.029503
56.000 1.334244
57.000 1.334244
58.000 1.334244
59.000 1.334244
60.000 1.334244
61.000 1.334244
62.000 1.334244
63.000 1.255988
64.000 1.279600
65.000 1.303212
66.000 1.326824
67.000 1.350435
68.000 1.374047
69.000 1.397659
70.000 1.421271
71.000 1.444883
72.000 1.468495
73.000 1.487848
74.000 2.208435
75.000 2.075348
76.000 2.575432
77.000 3.014908
78.000 2.094193
79.000 2.094193
80.000 1.074371
81.000 1.074371
82.000 1.074371
83.000 1.074371
84.000 1.074371
85.000 2.363945
86.000 2.363945
87.000 2.363945
88.000 2.281853
89.000 2.281853
90.000 2.281853
91.000 1.210838
92.000 1.210838
93.000 1.210838
94.000 1.180682
95.000 1.100418
96.000 1.077751
97.000 1.077751
98.000 1.077751
99.000 1.077751
100.000 1.077751
101.000 0.689087
102.000 0.689087
103.000 0.689087
104.000 0.689087
105.000 0.689087
106.000 0.689087
107.000 0.689087
108.000 0.689087
109.000 0.689087
110.000 0.689087
111.000 0.689087
112.000 1.065275
113.000 1.104172
114.000 1.143069
115.000 1.181966
116.000 1.220862
117.000 1.259759
118.000 1.298656
119.000 1.337553
120.000 1.376450
121.000 1.380653
122.000 1.380653
123.000 1.380653
124.000 1.380653
125.000 1.380653
126.000 1.380653
127.000 1.380653
128.000 1.380653
129.000 1.380653
130.000 1.154312
131.000 1.178756
132.000 1.203200
133.000 1.227644
134.000 1.252088
135.000 1.276532
136.000 1.300976
137.000 1.325420
138.000 1.349864
139.000 1.374308
140.000 1.385773
141.000 1.297470
142.000 1.326729
143.000 1.326729
144.000 1.326729
145.000 1.326729
146.000 1.027598
147.000 0.977839
148.000 0.928080
149.000 0.882744
150.000 0.882744
151.000 0.760529
152.000 0.916656
153.000 0.916656
154.000 1.032906
155.000 1.032906
156.000 1.032906
157.000 0.844191
158.000 0.804748
159.000 0.765305
160.000 0.763039
161.000 0.769316
162.000 0.793739
163.000 0.789366
164.000 0.676398
165.000 0.666710
166.000 0.726311
167.000 0.726311
168.000 0.726311
169.000 0.726311
170.000 0.726311
171.000 0.787262
172.000 0.774021
173.000 0.760781
174.000 0.749519
175.000 0.749519
176.000 1.065277
177.000 1.065277
178.000 0.637856
179.000 0.637856
180.000 0.573830
181.000 0.573830
182.000 0.573830
183.000 0.810387
184.000 0.810387
185.000 0.810387
186.000 0.810387
187.000 0.726488
188.000 0.721752
189.000 0.718033
190.000 0.718033
191.000 0.718033
192.000 1.343880
193.000 1.304915
194.000 1.213776
195.000 1.213776
196.000 1.284409
197.000 1.380806
198.000 1.528641
199.000 1.528641
200.000 2.338913
201.000 2.502159
202.000 2.285370
203.000 2.285370
204.000 2.285370
205.000 2.285370
206.000 2.285581
207.000 2.000146
208.000 1.714712
209.000 1.429278
210.000 1.402519
211.000 1.295479
212.000 1.295479
213.000 0.967148
214.000 0.967148
215.000 0.943291
216.000 0.943291
217.000 0.777855
218.000 0.777855
219.000 0.774944
220.000 0.745804
221.000 0.745804
222.000 0.745804
223.000 0.745804
224.000 0.745804
225.000 1.134277
226.000 1.179892
227.000 1.200333
228.000 1.295395
229.000 1.094803
230.000 1.094803
231.000 0.929886
232.000 0.929886
233.000 0.929886
234.000 0.947800
235.000 0.947800
236.000 0.947800
237.000 1.331671
238.000 2.061859
239.000 2.238411
240.000 2.238411
241.000 2.238411
242.000 2.206457
243.000 2.540916
244.000 2.540916
245.000 2.890167
246.000 3.088234
247.000 2.633812
248.000 1.977989
249.000 1.977989
250.000 2.194206
251.000 2.210434
252.000 2.343964
253.000 2.343964
254.000 2.547808
255.000 2.769142
256.000 2.583244
257.000 2.581095
258.000 2.569992
259.000 2.569992
260.000 2.783676
261.000 2.534126
262.000 2.534126
263.000 2.534126
264.000 2.828929
265.000 3.171005
266.000 3.171005
267.000 3.078659
268.000 3.078659
269.000 3.078659
270.000 3.235922
271.000 3.369324
272.000 3.369324
273.000 2.533890
274.000 2.533890
275.000 2.500955
276.000 2.225851
277.000 1.950747
278.000 1.779160
279.000 1.779160
280.000 0.558746
281.000 0.558746
282.000 2.606331
283.000 2.102119
284.000 2.270012
285.000 1.230453
286.000 1.230453
287.000 2.006981
288.000 2.006981
289.000 2.104111
290.000 2.104111
291.000 2.104111
292.000 2.499161
293.000 2.499161
294.000 1.995102
295.000 1.995102
296.000 1.828132
297.000 1.439720
298.000 1.439720
299.000 2.065875
300.000 2.229301
301.000 2.307272
302.000 2.367630
303.000 1.126785
304.000 1.126785
305.000 1.250399
306.000 1.587483
307.000 1.688248
308.000 1.930229
309.000 2.357218
310.000 2.267426
311.000 2.267426
312.000 2.274430
313.000 2.450795
314.000 2.525093
315.000 2.621002
316.000 2.734680
317.000 2.556244
318.000 2.226402
319.000 2.038310
320.000 0.795784
321.000 0.795784
322.000 0.795784
323.000 0.795784
324.000 1.121138
325.000 1.106560
326.000 1.106560
327.000 0.787056
328.000 0.787056
329.000 0.787056
330.000 1.315933
331.000 1.315933
332.000 1.304337
333.000 1.304337
334.000 1.140732
335.000 1.140732
336.000 0.830139
337.000 0.830139
338.000 0.830139
339.000 0.868820
340.000 0.868820
341.000 0.868820
342.000 0.863910
343.000 0.848550
344.000 0.845436
345.000 0.845436
346.000 0.914993
347.000 0.914993
348.000 0.848910
349.000 0.820053
350.000 0.820053
351.000 1.137161
352.000 1.137161
353.000 1.822334
354.000 1.841042
355.000 1.841042
356.000 1.841042
357.000 1.636330
358.000 1.636330
359.000 1.636330
