0.000 0.121811
1.000 0.121811
2.000 0.121811
3.000 0.132243
4.000 0.235119
5.000 0.337995
6.000 0.440871
7.000 0.453552
8.000 0.334679
9.000 0.294945
10.000 0.212357
11.000 0.391197
12.000 0.477767
13.000 0.479346
14.000 0.489868
15.000 0.551483
16.000 0.496573
17.000 0.352539
18.000 0.448144
19.000 0.334259
20.000 0.266502
21.000 0.664573
22.000 0.439108
23.000 0.424248
24.000 0.538326
25.000 0.538048
26.000 0.527907
27.000 0.441787
28.000 0.433921
29.000 0.519327
30.000 0.564476
31.000 0.634544
32.000 0.654289
33.000 0.822463
34.000 0.925210
35.000 1.139032
36.000 1.300103
37.000 1.883317
38.000 0.351837
39.000 0.351837
40.000 0.357372
41.000 0.397650
42.000 0.437929
43.000 0.448120
44.000 0.719800
45.000 0.512036
46.000 0.384552
47.000 0.167053
48.000 0.167053
49.000 0.167053
50.000 0.447398
51.000 0.424713
52.000 0.512833
53.000 1.263406
54.000 1.761790
55.000 1.512939
56.000 1.599669
57.000 2.344749
58.000 2.602439
59.000 1.734654
60.000 0.866869
61.000 0.318275
62.000 0.352577
63.000 0.211594
64.000 0.223462
65.000 0.309840
66.000 0.375307
67.000 0.550306
68.000 0.585510
69.000 0.585510
70.000 0.585515
71.000 0.585550
72.000 0.651180
73.000 1.166212
74.000 1.573496
75.000 1.397695
76.000 1.418048
77.000 2.233386
78.000 2.564755
79.000 0.540387
80.000 0.115196
81.000 0.115196
82.000 0.115196
83.000 0.115196
84.000 0.115196
85.000 0.115196
86.000 0.115196
87.000 0.115196
88.000 0.115196
89.000 0.115196
90.000 0.529427
91.000 0.529427
92.000 0.530380
93.000 0.530380
94.000 0.530380
95.000 0.523354
96.000 0.523354
97.000 0.523354
98.000 0.501312
99.000 0.480377
100.000 0.459441
101.000 0.438506
102.000 0.538544
103.000 0.529861
104.000 0.529861
105.000 0.529987
106.000 0.641403
107.000 0.641403
108.000 0.563416
109.000 0.563416
110.000 0.552893
111.000 0.505508
112.000 0.505508
113.000 0.514712
114.000 0.576313
115.000 0.594208
116.000 0.594208
117.000 0.556996
118.000 0.320778
119.000 0.320778
120.000 0.467262
121.000 0.543625
122.000 0.543625
123.000 0.503882
124.000 0.466171
125.000 0.466171
126.000 0.460243
127.000 0.510125
128.000 0.635014
129.000 0.646164
130.000 0.637962
131.000 0.617375
132.000 0.547918
133.000 0.530495
134.000 0.563004
135.000 0.556198
136.000 0.293793
137.000 0.293793
138.000 0.293793
139.000 0.486220
140.000 0.903053
141.000 0.392609
142.000 0.392609
143.000 0.382782
144.000 0.382782
145.000 0.382782
146.000 0.382782
147.000 0.466766
148.000 0.466217
149.000 0.466217
150.000 0.383278
151.000 0.383278
152.000 0.419815
153.000 0.466980
154.000 0.466980
155.000 0.537933
156.000 0.523366
157.000 0.484663
158.000 0.466164
159.000 0.465858
160.000 0.397675
161.000 0.397675
162.000 0.407173
163.000 0.407173
164.000 0.407173
165.000 0.933941
166.000 1.893211
167.000 0.333444
168.000 0.302834
169.000 0.302834
170.000 0.500809
171.000 0.423889
172.000 0.425861
173.000 0.460014
174.000 0.460014
175.000 0.683362
176.000 0.951614
177.000 0.482018
178.000 0.466858
179.000 0.466858
180.000 0.473854
181.000 0.494652
182.000 0.515451
183.000 0.528023
184.000 0.516922
185.000 0.453545
186.000 0.453545
187.000 0.386284
188.000 0.460372
189.000 0.576126
190.000 0.488739
191.000 0.488739
192.000 0.633942
193.000 0.633942
194.000 0.447795
195.000 0.423889
196.000 0.424118
197.000 0.424500
198.000 1.094643
199.000 0.417809
200.000 0.417809
201.000 0.554581
202.000 0.554581
203.000 0.544446
204.000 0.521795
205.000 0.517456
206.000 0.517456
207.000 0.517456
208.000 0.813408
209.000 0.813408
210.000 0.604969
211.000 0.554893
212.000 0.546600
213.000 0.546600
214.000 0.545126
215.000 0.542567
216.000 0.542305
217.000 0.529457
218.000 0.529457
219.000 0.327042
220.000 0.327042
221.000 0.602409
222.000 0.602409
223.000 0.610822
224.000 0.626506
225.000 0.629242
226.000 0.563366
227.000 0.514633
228.000 0.449150
229.000 0.449150
230.000 0.907181
231.000 0.568718
232.000 0.568718
233.000 0.546753
234.000 0.529335
235.000 0.570992
236.000 0.588165
237.000 0.528417
238.000 0.523331
239.000 0.401703
240.000 0.401703
241.000 0.474098
242.000 0.474098
243.000 0.164352
244.000 0.164352
245.000 0.164352
246.000 0.164352
247.000 0.331917
248.000 0.331917
249.000 0.331917
250.000 0.546318
251.000 0.529802
252.000 0.498603
253.000 0.467405
254.000 0.436206
255.000 0.405008
256.000 0.373810
257.000 0.342611
258.000 0.317963
259.000 0.461404
260.000 0.353096
261.000 0.461570
262.000 0.544632
263.000 0.542681
264.000 0.542351
265.000 0.542351
266.000 0.542351
267.000 0.393006
268.000 0.371984
269.000 0.364769
270.000 0.409531
271.000 0.415912
272.000 0.406021
273.000 0.577720
274.000 0.746407
275.000 1.158845
276.000 1.621011
277.000 1.509135
278.000 1.374252
279.000 1.695720
280.000 2.003624
281.000 2.315243
282.000 2.647224
283.000 2.553846
284.000 2.452400
285.000 2.780217
286.000 3.153000
287.000 2.514515
288.000 1.986710
289.000 2.708664
290.000 3.522223
291.000 3.594185
292.000 3.594185
293.000 3.245125
294.000 2.829282
295.000 2.413439
296.000 1.997596
297.000 1.581753
298.000 1.165911
299.000 0.750068
300.000 0.423302
301.000 0.423302
302.000 0.570697
303.000 0.436828
304.000 0.302958
305.000 0.196754
306.000 0.516998
307.000 0.432350
308.000 0.425881
309.000 0.370302
310.000 0.314724
311.000 0.309845
312.000 0.548775
313.000 0.421884
314.000 0.235329
315.000 0.281369
316.000 0.454201
317.000 0.815413
318.000 1.192802
319.000 1.464188
320.000 1.759735
321.000 1.837624
322.000 1.922493
323.000 1.713527
324.000 1.533928
325.000 2.372587
326.000 3.190178
327.000 2.479220
328.000 2.019852
329.000 2.541456
330.000 3.052727
331.000 3.458110
332.000 3.917213
333.000 3.994885
334.000 4.074860
335.000 3.926111
336.000 3.775612
337.000 4.459376
338.000 5.166771
339.000 4.880178
340.000 4.549775
341.000 4.452830
342.000 4.354566
343.000 4.793137
344.000 5.277893
345.000 4.942048
346.000 4.592491
347.000 4.532902
348.000 4.465752
349.000 5.011772
350.000 5.011772
351.000 4.445315
352.000 3.798972
353.000 3.152628
354.000 2.506285
355.000 1.859942
356.000 1.213598
357.000 0.567255
358.000 0.633522
359.000 0.633522
