0.000 5.818695
1.000 5.818695
2.000 6.027263
3.000 6.058426
4.000 5.704501
5.000 5.688515
6.000 4.494286
7.000 4.494286
8.000 5.326851
9.000 5.326851
10.000 3.874313
11.000 3.874313
12.000 5.519775
13.000 5.519775
14.000 5.837898
15.000 5.837898
16.000 6.343365
17.000 6.801834
18.000 6.046756
19.000 5.822487
20.000 4.549156
21.000 4.549156
22.000 5.185659
23.000 5.508270
24.000 5.477890
25.000 5.477890
26.000 5.980269
27.000 6.438141
28.000 3.552284
29.000 3.552284
30.000 3.638617
31.000 3.779816
32.000 3.637718
33.000 3.637718
34.000 4.567025
35.000 5.728371
36.000 5.586738
37.000 5.137787
38.000 5.266274
39.000 5.809681
40.000 5.921638
41.000 6.353184
42.000 6.393806
43.000 5.942566
44.000 5.942566
45.000 4.760254
46.000 4.760254
47.000 4.760254
48.000 4.760254
49.000 4.380898
50.000 4.380898
51.000 4.380898
52.000 4.380898
53.000 1.594902
54.000 1.594902
55.000 1.594902
56.000 1.594902
57.000 1.594902
58.000 1.594902
59.000 4.522087
60.000 4.522087
61.000 8.025391
62.000 4.609993
63.000 5.237593
64.000 5.555435
65.000 5.802365
66.000 5.871574
67.000 5.666004
68.000 5.504883
69.000 4.903188
70.000 4.569298
71.000 5.686635
72.000 7.259651
73.000 5.492889
74.000 5.492889
75.000 5.667844
76.000 6.324829
77.000 6.324829
78.000 5.664421
79.000 5.664421
80.000 5.316353
81.000 5.316353
82.000 5.842275
83.000 5.971977
84.000 5.902268
85.000 5.838280
86.000 2.484222
87.000 2.484222
88.000 3.683449
89.000 3.683449
90.000 2.688591
91.000 2.688591
92.000 2.951592
93.000 5.373787
94.000 5.373787
95.000 4.545868
96.000 4.545868
97.000 2.701042
98.000 2.701042
99.000 5.486447
100.000 5.931831
101.000 5.553121
102.000 5.451721
103.000 5.464495
104.000 5.471077
105.000 5.548764
106.000 6.178307
107.000 5.840521
108.000 5.520134
109.000 5.649430
110.000 5.806366
111.000 5.049151
112.000 4.689964
113.000 4.626209
114.000 4.614281
115.000 5.601585
116.000 5.601585
117.000 5.377813
118.000 4.958893
119.000 4.958893
120.000 4.096893
121.000 4.096893
122.000 5.507111
123.000 5.507111
124.000 5.409622
125.000 5.409622
126.000 5.063271
127.000 5.063271
128.000 3.015503
129.000 3.015503
130.000 5.344986
131.000 5.344986
132.000 5.353662
133.000 5.371193
134.000 5.371193
135.000 4.182709
136.000 4.182709
137.000 5.717857
138.000 2.929047
139.000 2.929047
140.000 3.685289
141.000 6.200462
142.000 6.155965
143.000 5.982449
144.000 5.973969
145.000 5.428070
146.000 5.428070
147.000 5.469078
148.000 5.469078
149.000 5.537308
150.000 5.537308
151.000 3.768532
152.000 3.768532
153.000 5.832443
154.000 5.832443
155.000 5.472122
156.000 5.192192
157.000 5.492483
158.000 5.674164
159.000 5.462916
160.000 5.261826
161.000 5.020162
162.000 4.648674
163.000 4.740340
164.000 5.128020
165.000 5.208486
166.000 5.502342
167.000 1.245087
168.000 1.245087
169.000 1.245087
170.000 1.245087
171.000 1.245087
172.000 1.245087
173.000 1.245087
174.000 5.155817
175.000 5.194550
176.000 3.490944
177.000 3.490944
178.000 6.102776
179.000 6.102776
180.000 5.776939
181.000 5.776939
182.000 4.652863
183.000 4.652863
184.000 5.405075
185.000 5.405075
186.000 5.462592
187.000 5.469276
188.000 4.532799
189.000 4.532799
190.000 4.451843
191.000 4.451843
192.000 4.665750
193.000 5.398796
194.000 5.398796
195.000 5.217476
196.000 5.217476
197.000 5.217476
198.000 5.364349
199.000 5.364349
200.000 5.324829
201.000 5.324829
202.000 6.102180
203.000 6.102180
204.000 3.260628
205.000 3.260628
206.000 3.260628
207.000 4.676384
208.000 4.676384
209.000 2.690201
210.000 2.690201
211.000 5.606812
212.000 4.967705
213.000 5.184974
214.000 5.472160
215.000 5.589791
216.000 5.836682
217.000 5.890876
218.000 5.754189
219.000 5.708716
220.000 5.534508
221.000 4.493691
222.000 3.150642
223.000 3.150642
224.000 3.150642
225.000 5.513436
226.000 5.473427
227.000 6.130341
228.000 6.130341
229.000 5.273483
230.000 5.273483
231.000 5.273483
232.000 3.826515
233.000 3.826515
234.000 3.826515
235.000 3.826515
236.000 6.934907
237.000 7.041412
238.000 7.041412
239.000 5.742867
240.000 5.742867
241.000 5.783841
242.000 5.837051
243.000 5.837051
244.000 5.469398
245.000 2.523125
246.000 2.523125
247.000 2.523125
248.000 2.820061
249.000 2.820061
250.000 4.557228
251.000 4.557228
252.000 5.349480
253.000 5.349480
254.000 3.285522
255.000 3.285522
256.000 4.836997
257.000 5.385139
258.000 5.288151
259.000 5.046005
260.000 6.446548
261.000 6.446548
262.000 5.399170
263.000 5.399170
264.000 5.331749
265.000 5.331749
266.000 5.360198
267.000 5.583422
268.000 5.806646
269.000 5.851685
270.000 5.851685
271.000 5.472374
272.000 4.875457
273.000 4.840561
274.000 5.408104
275.000 5.408104
276.000 5.585467
277.000 5.622948
278.000 2.552864
279.000 2.552864
280.000 2.552864
281.000 2.962479
282.000 2.962479
283.000 2.217079
284.000 2.217079
285.000 2.217079
286.000 1.760124
287.000 1.496384
288.000 1.496384
289.000 1.496384
290.000 1.757446
291.000 1.757446
292.000 2.866608
293.000 2.338737
294.000 2.338737
295.000 2.767197
296.000 2.767197
297.000 2.767197
298.000 1.987190
299.000 1.987190
300.000 1.805698
301.000 1.482544
302.000 1.482544
303.000 1.482544
304.000 2.159966
305.000 2.159966
306.000 3.032440
307.000 1.450836
308.000 2.856155
309.000 2.856155
310.000 1.982468
311.000 1.982468
312.000 1.982468
313.000 2.326210
314.000 2.326210
315.000 2.326210
316.000 2.182884
317.000 2.182884
318.000 2.757309
319.000 2.757309
320.000 5.683792
321.000 5.909287
322.000 6.101227
323.000 6.101227
324.000 6.146794
325.000 6.149109
326.000 6.949837
327.000 4.915062
328.000 4.915062
329.000 5.488800
330.000 5.488800
331.000 5.457520
332.000 4.112587
333.000 5.038857
334.000 5.038857
335.000 6.502388
336.000 6.408047
337.000 6.223488
338.000 5.294159
339.000 5.294159
340.000 4.564278
341.000 5.290840
342.000 5.087158
343.000 5.087158
344.000 5.538437
345.000 5.665828
346.000 5.955055
347.000 5.562889
348.000 4.872276
349.000 4.872276
350.000 5.205752
351.000 5.428329
352.000 4.947327
353.000 4.947327
354.000 4.916702
355.000 4.916702
356.000 5.043732
357.000 5.043732
358.000 5.043732
359.000 5.103615
