0.000 0.878548
1.000 1.116037
2.000 2.892410
3.000 5.907227
4.000 16.090675
5.000 19.533584
6.000 7.318146
7.000 18.886353
8.000 1.461411
9.000 1.461411
10.000 1.461411
11.000 1.461411
12.000 1.461411
13.000 1.461411
14.000 1.461411
15.000 8.922915
16.000 4.764059
17.000 3.860512
18.000 4.263268
19.000 3.850056
20.000 3.283150
21.000 3.283150
22.000 18.124425
23.000 14.561983
24.000 1.464539
25.000 1.464539
26.000 1.464539
27.000 1.464539
28.000 1.464539
29.000 1.464539
30.000 1.627495
31.000 1.627495
32.000 1.627495
33.000 1.627495
34.000 1.627495
35.000 9.265623
36.000 14.157661
37.000 16.805790
38.000 15.720352
39.000 19.732029
40.000 22.368117
41.000 21.784092
42.000 21.403564
43.000 21.403564
44.000 10.276967
45.000 2.001312
46.000 2.251434
47.000 3.044250
48.000 1.560242
49.000 1.560242
50.000 1.560242
51.000 1.560242
52.000 5.030160
53.000 6.710335
54.000 7.691389
55.000 7.023570
56.000 4.922996
57.000 2.335365
58.000 2.374626
59.000 2.392578
60.000 2.701722
61.000 4.009366
62.000 5.046865
63.000 7.451190
64.000 9.012501
65.000 9.031292
66.000 8.552991
67.000 6.400587
68.000 5.114386
69.000 5.037443
70.000 2.349228
71.000 2.349228
72.000 2.479796
73.000 3.064221
74.000 3.139984
75.000 3.139984
76.000 7.416567
77.000 8.567085
78.000 5.004028
79.000 5.004028
80.000 5.153488
81.000 5.153488
82.000 5.119275
83.000 4.129051
84.000 4.129051
85.000 3.328667
86.000 3.328667
87.000 3.328667
88.000 8.022629
89.000 8.717396
90.000 8.924095
91.000 14.175632
92.000 21.514984
93.000 23.580944
94.000 25.190842
95.000 25.190842
96.000 25.190842
97.000 25.190842
98.000 18.292673
99.000 2.219025
100.000 2.544009
101.000 4.207079
102.000 5.410546
103.000 9.961114
104.000 10.647893
105.000 3.047745
106.000 3.177159
107.000 3.871396
108.000 3.878594
109.000 2.494209
110.000 2.754997
111.000 4.169152
112.000 4.785364
113.000 6.145213
114.000 5.551517
115.000 3.780235
116.000 4.054797
117.000 5.083946
118.000 5.183013
119.000 5.744576
120.000 5.143026
121.000 2.578056
122.000 3.129340
123.000 6.308371
124.000 6.799200
125.000 2.138675
126.000 0.725243
127.000 0.725243
128.000 0.725243
129.000 0.725243
130.000 1.232704
131.000 1.232704
132.000 1.513986
133.000 2.642830
134.000 2.769144
135.000 3.546879
136.000 3.566045
137.000 3.678130
138.000 3.491320
139.000 2.792503
140.000 2.063148
141.000 2.063148
142.000 2.412956
143.000 4.678370
144.000 4.959839
145.000 6.352994
146.000 6.586721
147.000 5.105286
148.000 4.351847
149.000 3.311081
150.000 3.723775
151.000 5.486832
152.000 4.902529
153.000 2.470009
154.000 2.999563
155.000 6.718025
156.000 4.057655
157.000 4.057655
158.000 4.399688
159.000 8.357843
160.000 9.321788
161.000 12.893217
162.000 9.837493
163.000 3.633888
164.000 4.279989
165.000 9.159442
166.000 7.794709
167.000 2.151497
168.000 2.151497
169.000 7.666589
170.000 3.215477
171.000 3.215477
172.000 4.237609
173.000 12.453288
174.000 14.822530
175.000 12.649784
176.000 11.547082
177.000 7.746338
178.000 6.047674
179.000 3.213348
180.000 1.771300
181.000 0.815453
182.000 0.815453
183.000 0.815453
184.000 0.815453
185.000 3.156914
186.000 3.042023
187.000 1.991949
188.000 1.645752
189.000 1.645752
190.000 13.048247
191.000 13.400813
192.000 13.072874
193.000 7.550239
194.000 5.479296
195.000 3.793453
196.000 3.842615
197.000 4.369637
198.000 4.537195
199.000 6.239813
200.000 2.521294
201.000 2.521294
202.000 3.131745
203.000 9.597543
204.000 11.984456
205.000 4.103432
206.000 4.255408
207.000 6.169174
208.000 6.422993
209.000 9.583196
210.000 11.318406
211.000 3.370486
212.000 2.120377
213.000 2.120377
214.000 2.120377
215.000 2.120377
216.000 5.071759
217.000 2.432304
218.000 1.076965
219.000 1.076965
220.000 1.076965
221.000 1.076965
222.000 1.076965
223.000 4.847313
224.000 3.907166
225.000 3.259499
226.000 3.259499
227.000 3.259499
228.000 4.893258
229.000 3.933441
230.000 4.158691
231.000 7.550378
232.000 7.785084
233.000 6.400324
234.000 5.823404
235.000 5.811504
236.000 5.803276
237.000 2.601511
238.000 2.281901
239.000 5.688982
240.000 7.215027
241.000 6.268591
242.000 5.448972
243.000 6.801366
244.000 6.935948
245.000 3.254854
246.000 2.658150
247.000 4.557314
248.000 6.673266
249.000 8.513689
250.000 9.079794
251.000 1.858208
252.000 1.858208
253.000 1.858208
254.000 1.858208
255.000 1.072060
256.000 1.072060
257.000 1.072060
258.000 1.586967
259.000 1.586967
260.000 0.845886
261.000 3.737799
262.000 4.810784
263.000 3.859427
264.000 1.079552
265.000 1.079552
266.000 1.149517
267.000 3.695152
268.000 3.695317
269.000 3.743638
270.000 3.740176
271.000 3.295250
272.000 3.319072
273.000 4.294904
274.000 4.800619
275.000 5.162382
276.000 5.411940
277.000 5.372215
278.000 5.390931
279.000 6.531298
280.000 6.827069
281.000 9.251046
282.000 10.225465
283.000 2.260674
284.000 2.260674
285.000 2.260674
286.000 2.260674
287.000 2.260674
288.000 2.417614
289.000 1.346965
290.000 0.934387
291.000 0.934387
292.000 0.934387
293.000 4.106946
294.000 4.575432
295.000 4.575432
296.000 4.575432
297.000 12.021289
298.000 12.663536
299.000 3.151978
300.000 2.060379
301.000 2.060379
302.000 2.060379
303.000 2.060379
304.000 2.060379
305.000 3.345334
306.000 3.042378
307.000 3.026718
308.000 3.026718
309.000 3.026718
310.000 9.794800
311.000 7.165771
312.000 2.529594
313.000 2.529594
314.000 2.529594
315.000 9.302574
316.000 9.007919
317.000 5.251871
318.000 4.534714
319.000 2.429364
320.000 1.127579
321.000 3.595051
322.000 5.776772
323.000 2.827003
324.000 2.827003
325.000 2.827003
326.000 2.827003
327.000 5.515884
328.000 4.600219
329.000 3.684554
330.000 3.177872
331.000 3.177872
332.000 1.957405
333.000 1.957405
334.000 4.761590
335.000 5.973091
336.000 3.084732
337.000 10.087143
338.000 14.461380
339.000 3.711823
340.000 3.711823
341.000 3.711823
342.000 3.711823
343.000 8.448026
344.000 6.590270
345.000 4.732514
346.000 3.062210
347.000 3.062210
348.000 3.062210
349.000 3.374268
350.000 3.374268
351.000 3.374268
352.000 7.372012
353.000 7.448830
354.000 3.953926
355.000 3.953926
356.000 7.272809
357.000 9.232368
358.000 10.057129
359.000 19.956399
