0.000 0.781540
1.000 3.002563
2.000 6.127625
3.000 6.137245
4.000 6.391045
5.000 6.128595
6.000 5.930489
7.000 5.999020
8.000 6.052322
9.000 6.319625
10.000 6.435684
11.000 3.663300
12.000 3.663300
13.000 5.319106
14.000 6.508171
15.000 6.434901
16.000 6.391808
17.000 6.377104
18.000 6.365768
19.000 6.443768
20.000 6.498962
21.000 6.100079
22.000 5.856171
23.000 5.975860
24.000 6.102600
25.000 6.277328
26.000 6.277328
27.000 6.064056
28.000 5.935020
29.000 6.150767
30.000 6.316963
31.000 5.910582
32.000 5.798393
33.000 5.861315
34.000 5.887283
35.000 5.895273
36.000 6.195953
37.000 6.261717
38.000 6.324898
39.000 5.871411
40.000 5.783791
41.000 6.055346
42.000 5.909935
43.000 6.304535
44.000 6.308315
45.000 6.305641
46.000 6.211935
47.000 6.188522
48.000 6.247101
49.000 5.772888
50.000 6.030400
51.000 6.008461
52.000 6.172120
53.000 5.772120
54.000 5.736270
55.000 5.771351
56.000 5.809282
57.000 5.857015
58.000 6.118042
59.000 6.500420
60.000 6.558887
61.000 6.513809
62.000 6.174211
63.000 5.672441
64.000 5.932967
65.000 6.314575
66.000 6.284695
67.000 6.260269
68.000 6.056261
69.000 5.891769
70.000 5.796174
71.000 5.677788
72.000 5.782125
73.000 5.921989
74.000 6.055763
75.000 6.227531
76.000 6.024775
77.000 5.750595
78.000 6.045423
79.000 6.481583
80.000 6.493574
81.000 6.511192
82.000 6.356782
83.000 6.128609
84.000 6.187229
85.000 6.274907
86.000 6.174219
87.000 6.021942
88.000 6.039770
89.000 6.065941
90.000 5.963733
91.000 5.817451
92.000 5.967943
93.000 6.197149
94.000 6.065734
95.000 5.870697
96.000 5.864717
97.000 5.855804
98.000 6.094804
99.000 6.299294
100.000 5.822103
101.000 5.290184
102.000 0.732101
103.000 0.732101
104.000 0.732101
105.000 0.732101
106.000 0.732101
107.000 0.732101
108.000 0.732101
109.000 0.732101
110.000 3.225555
111.000 3.149040
112.000 0.217201
113.000 0.217201
114.000 0.217201
115.000 0.217201
116.000 0.217201
117.000 0.217201
118.000 0.217201
119.000 0.217201
120.000 0.217201
121.000 0.217201
122.000 0.217201
123.000 0.217201
124.000 0.217201
125.000 0.217201
126.000 3.276599
127.000 3.348030
128.000 4.123444
129.000 5.134827
130.000 5.664649
131.000 6.467925
132.000 6.381637
133.000 6.242029
134.000 6.086583
135.000 5.878639
136.000 5.989952
137.000 6.151512
138.000 5.948854
139.000 5.662483
140.000 5.960396
141.000 6.155602
142.000 6.302479
143.000 6.443230
144.000 6.293328
145.000 6.160088
146.000 6.090965
147.000 6.003906
148.000 5.994899
149.000 5.981285
150.000 6.130599
151.000 6.202957
152.000 6.318558
153.000 6.363487
154.000 6.331984
155.000 6.318062
156.000 6.334891
157.000 6.347862
158.000 6.169834
159.000 6.113022
160.000 6.352359
161.000 6.449265
162.000 6.318247
163.000 6.232307
164.000 6.245445
165.000 6.245445
166.000 5.820169
167.000 5.716286
168.000 5.819804
169.000 5.966782
170.000 6.002160
171.000 6.055395
172.000 6.076232
173.000 6.105104
174.000 6.021315
175.000 5.857974
176.000 5.847209
177.000 5.924410
178.000 5.946844
179.000 5.953291
180.000 5.883535
181.000 5.716492
182.000 5.747684
183.000 5.793068
184.000 5.826183
185.000 5.876695
186.000 5.962147
187.000 6.144926
188.000 6.287614
189.000 6.528154
190.000 6.416785
191.000 5.979869
192.000 5.817951
193.000 5.694119
194.000 5.770485
195.000 6.022126
196.000 6.005704
197.000 5.818917
198.000 5.762891
199.000 5.704119
200.000 5.822617
201.000 6.146433
202.000 6.091557
203.000 5.748521
204.000 5.848057
205.000 6.261832
206.000 6.429012
207.000 6.567019
208.000 6.512825
209.000 6.289439
210.000 6.189894
211.000 6.067200
212.000 6.117544
213.000 6.311511
214.000 6.284783
215.000 6.086777
216.000 6.128552
217.000 6.364813
218.000 6.324712
219.000 6.050567
220.000 6.041151
221.000 6.185714
222.000 6.288963
223.000 6.447381
224.000 6.369926
225.000 6.084273
226.000 6.127911
227.000 6.428914
228.000 6.360267
229.000 5.999740
230.000 5.938042
231.000 5.989209
232.000 6.114978
233.000 6.388297
234.000 6.332219
235.000 6.012772
236.000 5.920206
237.000 5.912997
238.000 5.904889
239.000 5.886440
240.000 5.779677
241.000 5.569786
242.000 5.682421
243.000 5.936989
244.000 5.962788
245.000 6.011040
246.000 6.014088
247.000 6.019493
248.000 6.126542
249.000 6.391136
250.000 6.412245
251.000 6.458664
252.000 6.227438
253.000 5.662895
254.000 5.923123
255.000 6.563170
256.000 6.476907
257.000 6.210136
258.000 6.232537
259.000 6.286926
260.000 6.337720
261.000 6.456566
262.000 6.385365
263.000 6.239906
264.000 6.102227
265.000 5.770930
266.000 5.885527
267.000 6.050179
268.000 5.924719
269.000 5.761307
270.000 5.830439
271.000 5.958324
272.000 5.876968
273.000 5.649445
274.000 5.633456
275.000 5.672031
276.000 5.744694
277.000 5.921455
278.000 5.817650
279.000 5.565849
280.000 5.790339
281.000 6.342486
282.000 6.339083
283.000 6.301476
284.000 6.289845
285.000 6.272942
286.000 6.248831
287.000 6.197533
288.000 6.060989
289.000 5.830696
290.000 5.909639
291.000 6.043037
292.000 6.104210
293.000 6.210342
294.000 6.188679
295.000 6.152184
296.000 6.119543
297.000 6.050713
298.000 6.030909
299.000 5.989731
300.000 6.137661
301.000 6.414368
302.000 6.228371
303.000 5.898224
304.000 6.196193
305.000 6.781975
306.000 6.459947
307.000 6.150314
308.000 6.185744
309.000 6.227760
310.000 6.018414
311.000 5.794838
312.000 5.759498
313.000 5.711510
314.000 5.960433
315.000 6.399223
316.000 6.386019
317.000 6.363365
318.000 6.159108
319.000 5.901932
320.000 5.812947
321.000 5.716202
322.000 5.875263
323.000 6.109390
324.000 6.085376
325.000 6.074043
326.000 6.150393
327.000 6.236794
328.000 6.226511
329.000 6.212868
330.000 5.874936
331.000 5.583748
332.000 5.942035
333.000 6.162758
334.000 5.991403
335.000 5.985992
336.000 5.935640
337.000 5.889496
338.000 5.890912
339.000 5.891861
340.000 5.904891
341.000 5.918655
342.000 5.889297
343.000 5.827026
344.000 5.808446
345.000 5.773529
346.000 5.977363
347.000 6.388603
348.000 6.249384
349.000 5.999413
350.000 6.087209
351.000 6.209709
352.000 6.128797
353.000 6.009705
354.000 5.877029
355.000 5.688675
356.000 5.918286
357.000 6.386101
358.000 6.204713
359.000 5.899849
