0.000 1.360062
1.000 1.360062
2.000 1.360062
3.000 1.360062
4.000 1.360062
5.000 1.360062
6.000 4.971700
7.000 5.399704
8.000 5.691521
9.000 4.959740
10.000 5.502609
11.000 5.271107
12.000 5.124084
13.000 4.594269
14.000 4.594269
15.000 5.363976
16.000 5.546097
17.000 4.982697
18.000 4.982697
19.000 5.252884
20.000 4.655724
21.000 5.114456
22.000 5.114456
23.000 5.344299
24.000 4.939102
25.000 5.350788
26.000 4.952542
27.000 4.815483
28.000 4.530678
29.000 4.530678
30.000 5.506325
31.000 5.506325
32.000 5.295578
33.000 5.295578
34.000 5.341118
35.000 5.341118
36.000 4.781876
37.000 4.781876
38.000 5.109029
39.000 5.304543
40.000 5.185036
41.000 5.185036
42.000 5.302689
43.000 5.302689
44.000 5.302689
45.000 3.755127
46.000 3.755127
47.000 3.755127
48.000 4.446511
49.000 5.128410
50.000 5.064117
51.000 5.064117
52.000 3.027313
53.000 5.554039
54.000 2.785553
55.000 2.785553
56.000 4.703064
57.000 4.703064
58.000 4.584114
59.000 4.584114
60.000 5.390496
61.000 5.757179
62.000 5.349625
63.000 5.349625
64.000 5.349625
65.000 5.156539
66.000 5.105072
67.000 3.390587
68.000 3.405928
69.000 5.175888
70.000 5.184535
71.000 6.069872
72.000 6.064064
73.000 5.410922
74.000 5.407624
75.000 5.476837
76.000 5.450359
77.000 4.848000
78.000 4.886635
79.000 5.355507
80.000 4.188103
81.000 4.188103
82.000 4.996285
83.000 5.233147
84.000 5.233147
85.000 5.391060
86.000 5.391060
87.000 5.697491
88.000 5.703377
89.000 5.044792
90.000 5.044792
91.000 5.328392
92.000 5.328392
93.000 5.286621
94.000 5.286621
95.000 5.357178
96.000 5.357178
97.000 5.442134
98.000 5.727760
99.000 5.727760
100.000 5.030556
101.000 5.030556
102.000 4.980507
103.000 4.980507
104.000 5.312302
105.000 5.312302
106.000 4.961731
107.000 4.961731
108.000 5.394951
109.000 5.394951
110.000 5.394951
111.000 5.328293
112.000 5.328293
113.000 5.328293
114.000 2.888573
115.000 2.888573
116.000 3.696830
117.000 5.379456
118.000 5.299828
119.000 5.307312
120.000 4.890633
121.000 5.476697
122.000 5.508805
123.000 5.429337
124.000 5.438214
125.000 5.586075
126.000 5.572210
127.000 4.869209
128.000 4.881349
129.000 5.225693
130.000 5.235984
131.000 5.517044
132.000 4.466751
133.000 4.466751
134.000 2.837357
135.000 2.837357
136.000 2.870186
137.000 5.254904
138.000 5.349938
139.000 4.632179
140.000 4.488524
141.000 3.861366
142.000 3.898087
143.000 4.521301
144.000 4.534908
145.000 5.397871
146.000 5.413561
147.000 5.593674
148.000 5.615777
149.000 5.541604
150.000 5.527330
151.000 5.222831
152.000 5.236059
153.000 5.802216
154.000 4.026039
155.000 4.026039
156.000 4.096295
157.000 5.555008
158.000 5.555008
159.000 5.097717
160.000 5.097717
161.000 5.593925
162.000 5.593925
163.000 5.427986
164.000 5.427986
165.000 2.839890
166.000 2.839890
167.000 3.913354
168.000 5.494644
169.000 5.107719
170.000 5.107719
171.000 5.017281
172.000 5.017281
173.000 5.365562
174.000 5.365562
175.000 3.111389
176.000 3.111389
177.000 3.111389
178.000 4.971085
179.000 4.971085
180.000 4.971085
181.000 5.466949
182.000 5.466949
183.000 5.483439
184.000 5.503220
185.000 5.503220
186.000 5.541629
187.000 5.618767
188.000 5.618767
189.000 5.579514
190.000 5.577315
191.000 5.567467
192.000 5.484444
193.000 5.331413
194.000 5.253632
195.000 5.253632
196.000 4.866875
197.000 4.866875
198.000 5.333839
199.000 5.333839
200.000 5.333839
201.000 5.453812
202.000 5.453812
203.000 5.241425
204.000 5.241425
205.000 5.182495
206.000 5.182495
207.000 4.952400
208.000 4.952400
209.000 5.437737
210.000 5.437737
211.000 5.329216
212.000 5.330137
213.000 5.331703
214.000 5.478004
215.000 5.478004
216.000 5.080101
217.000 3.212006
218.000 3.212006
219.000 5.442586
220.000 5.472870
221.000 5.485901
222.000 5.489220
223.000 3.915848
224.000 3.915848
225.000 5.317680
226.000 5.317680
227.000 3.736031
228.000 3.736031
229.000 3.984665
230.000 3.984665
231.000 3.696686
232.000 3.696686
233.000 3.855339
234.000 3.855339
235.000 4.778908
236.000 4.778908
237.000 2.561722
238.000 2.561722
239.000 4.977333
240.000 4.977333
241.000 2.511200
242.000 2.511200
243.000 5.100235
244.000 5.100235
245.000 5.157224
246.000 5.181366
247.000 5.181366
248.000 4.046036
249.000 4.452345
250.000 5.067650
251.000 2.976753
252.000 2.976753
253.000 5.478378
254.000 5.478378
255.000 5.493011
256.000 5.493011
257.000 5.171890
258.000 5.171890
259.000 4.551994
260.000 4.551994
261.000 2.738747
262.000 2.738747
263.000 5.167763
264.000 5.167763
265.000 2.452614
266.000 2.452614
267.000 5.281708
268.000 5.281708
269.000 1.212257
270.000 1.212257
271.000 1.212257
272.000 1.212257
273.000 1.212257
274.000 1.212257
275.000 1.212257
276.000 1.212257
277.000 5.244408
278.000 5.244408
279.000 5.388344
280.000 5.388344
281.000 5.473465
282.000 5.473465
283.000 5.345886
284.000 5.345886
285.000 3.634102
286.000 3.634102
287.000 4.775382
288.000 5.359032
289.000 5.370737
290.000 5.413994
291.000 5.400681
292.000 5.400681
293.000 5.379814
294.000 5.379814
295.000 5.379814
296.000 5.379814
297.000 3.552139
298.000 3.552139
299.000 3.552139
300.000 3.552139
301.000 3.552139
302.000 5.277206
303.000 5.277206
304.000 5.277206
305.000 5.434069
306.000 5.523880
307.000 5.523880
308.000 5.429398
309.000 5.429398
310.000 5.420832
311.000 5.417870
312.000 4.979317
313.000 4.979317
314.000 4.028275
315.000 5.403961
316.000 5.403961
317.000 5.416219
318.000 5.430962
319.000 5.430962
320.000 4.994080
321.000 4.325264
322.000 3.372444
323.000 4.918364
324.000 4.612433
325.000 4.722572
326.000 5.182770
327.000 5.262559
328.000 4.612822
329.000 4.438999
330.000 4.165914
331.000 4.102977
332.000 4.455002
333.000 4.554894
334.000 5.281026
335.000 5.519709
336.000 5.535436
337.000 5.539887
338.000 5.476049
339.000 5.413279
340.000 4.090172
341.000 4.272744
342.000 5.579007
343.000 5.646625
344.000 5.598752
345.000 5.563771
346.000 5.115707
347.000 4.913222
348.000 3.893839
349.000 3.832067
350.000 4.898484
351.000 5.230429
352.000 3.342575
353.000 3.363403
354.000 3.738945
355.000 3.776171
356.000 5.070232
357.000 5.382271
358.000 3.705017
359.000 3.728892
