0.000 3.707367
1.000 3.707367
2.000 3.707367
3.000 2.545837
4.000 2.545837
5.000 2.545837
6.000 2.919052
7.000 4.346542
8.000 4.346542
9.000 3.949547
10.000 4.803233
11.000 4.808922
12.000 4.205536
13.000 3.938887
14.000 3.111679
15.000 3.111679
16.000 3.775352
17.000 4.054062
18.000 4.859962
19.000 4.044952
20.000 4.044952
21.000 3.483040
22.000 3.483040
23.000 3.483040
24.000 2.375435
25.000 2.375435
26.000 2.375435
27.000 2.375435
28.000 2.375435
29.000 2.375435
30.000 4.062689
31.000 4.338194
32.000 4.613698
33.000 4.659538
34.000 4.659538
35.000 4.659538
36.000 4.206429
37.000 3.754654
38.000 3.754654
39.000 3.754654
40.000 3.649812
41.000 3.441193
42.000 3.441193
43.000 3.477433
44.000 4.170776
45.000 4.170776
46.000 3.317448
47.000 3.799568
48.000 3.516774
49.000 3.362663
50.000 4.489883
51.000 3.311684
52.000 3.311684
53.000 3.311684
54.000 3.725801
55.000 4.041389
56.000 3.841293
57.000 5.204842
58.000 5.273244
59.000 5.337540
60.000 3.537406
61.000 3.367638
62.000 5.355087
63.000 3.377945
64.000 3.377945
65.000 4.150078
66.000 4.305328
67.000 4.302542
68.000 4.228119
69.000 4.228864
70.000 4.237800
71.000 4.240150
72.000 2.780479
73.000 2.943993
74.000 3.391129
75.000 3.391129
76.000 3.391129
77.000 3.875679
78.000 3.875679
79.000 3.875679
80.000 3.875679
81.000 3.674835
82.000 3.398933
83.000 3.398933
84.000 3.398933
85.000 3.847730
86.000 5.252487
87.000 5.252487
88.000 4.042005
89.000 3.232727
90.000 3.232727
91.000 3.210644
92.000 3.127451
93.000 3.047386
94.000 4.665764
95.000 3.107150
96.000 4.588638
97.000 3.762985
98.000 3.528282
99.000 4.894028
100.000 3.881306
101.000 3.080002
102.000 3.275977
103.000 3.406731
104.000 2.581154
105.000 2.581154
106.000 2.461548
107.000 2.461548
108.000 2.461548
109.000 2.461548
110.000 4.832134
111.000 4.945824
112.000 4.945824
113.000 4.945824
114.000 4.678668
115.000 4.365635
116.000 4.161415
117.000 3.975891
118.000 5.389305
119.000 5.345164
120.000 4.972477
121.000 4.860512
122.000 4.003250
123.000 4.003399
124.000 4.020979
125.000 4.023781
126.000 4.024124
127.000 4.274171
128.000 3.829884
129.000 3.217506
130.000 3.099071
131.000 2.951477
132.000 3.820128
133.000 4.445663
134.000 3.963670
135.000 3.475723
136.000 3.502715
137.000 3.541176
138.000 3.483976
139.000 3.436455
140.000 3.605131
141.000 3.658035
142.000 3.842858
143.000 4.145195
144.000 3.542650
145.000 2.711357
146.000 3.237486
147.000 4.140625
148.000 3.165909
149.000 3.165909
150.000 3.473159
151.000 3.625526
152.000 4.219503
153.000 4.387581
154.000 4.310205
155.000 4.300911
156.000 3.979600
157.000 3.435020
158.000 3.855209
159.000 5.020111
160.000 4.808991
161.000 4.611992
162.000 4.108773
163.000 3.807007
164.000 0.871780
165.000 0.871780
166.000 0.871780
167.000 0.871780
168.000 3.109604
169.000 3.109604
170.000 2.811543
171.000 2.802742
172.000 2.536331
173.000 2.536331
174.000 2.536331
175.000 2.536331
176.000 3.783212
177.000 4.135254
178.000 4.135254
179.000 3.880807
180.000 3.611267
181.000 3.371529
182.000 2.922020
183.000 4.115433
184.000 4.472075
185.000 4.824944
186.000 4.859770
187.000 4.932714
188.000 4.885863
189.000 4.711381
190.000 3.772141
191.000 3.772141
192.000 2.264244
193.000 2.264244
194.000 3.051863
195.000 4.027184
196.000 4.133063
197.000 4.231918
198.000 3.914998
199.000 3.700806
200.000 3.683977
201.000 3.658203
202.000 3.323265
203.000 3.323265
204.000 2.360855
205.000 2.360855
206.000 3.139261
207.000 3.535248
208.000 3.597829
209.000 3.748832
210.000 3.803711
211.000 2.971893
212.000 3.528601
213.000 4.098938
214.000 3.502704
215.000 3.034233
216.000 3.441592
217.000 3.797630
218.000 3.154614
219.000 3.097893
220.000 3.240557
221.000 4.097706
222.000 4.323635
223.000 4.663101
224.000 4.475969
225.000 4.169762
226.000 1.651688
227.000 1.651688
228.000 1.651688
229.000 1.651688
230.000 4.083636
231.000 4.380615
232.000 4.013264
233.000 3.751335
234.000 3.359736
235.000 3.067245
236.000 3.055786
237.000 3.055786
238.000 3.270521
239.000 3.736237
240.000 4.177807
241.000 5.219437
242.000 4.937638
243.000 4.200409
244.000 4.183124
245.000 4.137360
246.000 4.244239
247.000 4.501457
248.000 4.723437
249.000 5.142960
250.000 4.472830
251.000 4.018349
252.000 3.425150
253.000 2.977844
254.000 2.996543
255.000 4.046555
256.000 4.115923
257.000 4.267067
258.000 3.835432
259.000 2.574783
260.000 2.685327
261.000 4.010150
262.000 3.855108
263.000 3.589905
264.000 3.545572
265.000 3.475952
266.000 3.527300
267.000 3.641792
268.000 3.821941
269.000 4.262520
270.000 3.856965
271.000 3.557472
272.000 3.669692
273.000 4.037422
274.000 3.230003
275.000 1.958366
276.000 1.958366
277.000 1.958366
278.000 3.562314
279.000 3.596916
280.000 3.516539
281.000 3.221855
282.000 3.229794
283.000 3.250961
284.000 3.030876
285.000 3.030876
286.000 2.201702
287.000 0.962227
288.000 0.962227
289.000 0.962227
290.000 0.962227
291.000 0.962227
292.000 4.364145
293.000 4.373306
294.000 3.017807
295.000 3.007408
296.000 3.601883
297.000 3.601883
298.000 3.672768
299.000 3.743866
300.000 3.743866
301.000 3.743866
302.000 3.804111
303.000 3.901999
304.000 3.967430
305.000 3.967430
306.000 4.066309
307.000 4.133873
308.000 3.225243
309.000 3.855674
310.000 3.909508
311.000 4.023392
312.000 4.339493
313.000 4.339493
314.000 4.488370
315.000 5.085215
316.000 4.761834
317.000 3.742899
318.000 3.898261
319.000 3.500291
320.000 3.539729
321.000 4.178289
322.000 4.575607
323.000 4.575607
324.000 4.398626
325.000 3.302357
326.000 2.792837
327.000 2.742284
328.000 2.715858
329.000 2.715858
330.000 2.748947
331.000 2.982887
332.000 3.031774
333.000 3.026367
334.000 3.123126
335.000 3.807225
336.000 3.915970
337.000 3.814798
338.000 3.711986
339.000 3.421682
340.000 3.250626
341.000 3.250626
342.000 3.416713
343.000 3.854431
344.000 3.886752
345.000 3.489248
346.000 3.107101
347.000 3.107101
348.000 3.494781
349.000 3.494781
350.000 3.875880
351.000 4.826340
352.000 4.826340
353.000 4.066221
354.000 3.735161
355.000 3.735161
356.000 3.684326
357.000 3.684326
358.000 3.973863
359.000 4.353645
