0.000 0.258446
1.000 0.258446
2.000 0.258446
3.000 2.073784
4.000 5.957222
5.000 7.352371
6.000 4.313866
7.000 4.313866
8.000 4.313866
9.000 4.313866
10.000 4.313866
11.000 4.894374
12.000 3.793678
13.000 3.433228
14.000 3.433228
15.000 2.674309
16.000 2.674309
17.000 2.674309
18.000 3.460999
19.000 3.460999
20.000 2.412788
21.000 2.412788
22.000 2.647363
23.000 2.886803
24.000 4.020073
25.000 3.944588
26.000 3.955936
27.000 4.421646
28.000 4.603218
29.000 3.086548
30.000 4.675188
31.000 5.082616
32.000 5.576029
33.000 5.817529
34.000 6.091975
35.000 5.209193
36.000 3.580162
37.000 3.962387
38.000 4.888893
39.000 4.090505
40.000 2.556282
41.000 3.562180
42.000 3.562180
43.000 4.643982
44.000 7.193932
45.000 5.807439
46.000 2.913773
47.000 4.441143
48.000 7.971420
49.000 6.368586
50.000 5.352554
51.000 5.843826
52.000 6.906227
53.000 7.030835
54.000 7.342067
55.000 2.711121
56.000 2.711121
57.000 4.780395
58.000 6.574326
59.000 6.564831
60.000 6.556488
61.000 6.786708
62.000 7.200584
63.000 3.980904
64.000 3.980904
65.000 4.558142
66.000 7.430008
67.000 6.820238
68.000 5.217137
69.000 5.121496
70.000 4.996148
71.000 4.972796
72.000 5.257470
73.000 5.691208
74.000 6.700699
75.000 5.961543
76.000 3.294815
77.000 3.534854
78.000 4.989997
79.000 5.971542
80.000 7.095216
81.000 6.653896
82.000 4.743694
83.000 4.034351
84.000 4.735635
85.000 4.061956
86.000 2.091362
87.000 2.530448
88.000 5.969658
89.000 7.641127
90.000 8.037435
91.000 6.609849
92.000 2.525970
93.000 2.884901
94.000 5.617137
95.000 2.807030
96.000 2.807030
97.000 3.130645
98.000 5.306862
99.000 5.406848
100.000 6.119156
101.000 6.011927
102.000 3.780063
103.000 4.039120
104.000 6.795743
105.000 7.509735
106.000 2.948851
107.000 3.174612
108.000 5.286713
109.000 5.879215
110.000 4.030189
111.000 3.659161
112.000 5.641947
113.000 5.743202
114.000 5.743202
115.000 5.190056
116.000 5.960649
117.000 5.992500
118.000 5.992500
119.000 1.937614
120.000 1.937614
121.000 1.937614
122.000 1.937614
123.000 6.064980
124.000 6.064980
125.000 5.525861
126.000 4.680012
127.000 4.256119
128.000 4.256119
129.000 4.965091
130.000 6.244644
131.000 3.566366
132.000 3.162079
133.000 3.290855
134.000 3.904793
135.000 1.422699
136.000 1.422699
137.000 1.422699
138.000 1.422699
139.000 1.422699
140.000 1.422699
141.000 1.422699
142.000 7.402335
143.000 7.529900
144.000 7.746086
145.000 4.257477
146.000 4.257477
147.000 4.257477
148.000 5.266029
149.000 5.266029
150.000 4.624725
151.000 4.624725
152.000 4.843704
153.000 5.502546
154.000 5.825348
155.000 3.776039
156.000 3.423729
157.000 3.423729
158.000 3.423729
159.000 3.423729
160.000 3.423729
161.000 1.926231
162.000 1.926231
163.000 1.926231
164.000 1.926231
165.000 1.926231
166.000 1.926231
167.000 7.915166
168.000 7.823463
169.000 7.502005
170.000 4.691292
171.000 9.126205
172.000 5.504135
173.000 5.763231
174.000 8.110777
175.000 8.381893
176.000 7.152087
177.000 6.336929
178.000 3.452393
179.000 3.771871
180.000 6.222444
181.000 6.161759
182.000 3.737152
183.000 3.979609
184.000 5.929105
185.000 6.076791
186.000 3.173576
187.000 3.784018
188.000 8.132856
189.000 8.559538
190.000 9.008568
191.000 8.337167
192.000 6.453003
193.000 6.833535
194.000 7.522186
195.000 7.186739
196.000 5.338310
197.000 5.338310
198.000 7.801956
199.000 8.917735
200.000 5.404433
201.000 5.040032
202.000 5.904042
203.000 5.902434
204.000 4.808594
205.000 4.644022
206.000 4.125381
207.000 4.455701
208.000 6.792281
209.000 7.467627
210.000 5.637859
211.000 5.275580
212.000 6.932963
213.000 7.831436
214.000 7.876710
215.000 7.611851
216.000 5.432669
217.000 4.896031
218.000 6.914699
219.000 7.345763
220.000 3.092415
221.000 3.275027
222.000 4.767331
223.000 5.097397
224.000 3.240211
225.000 3.399510
226.000 3.806183
227.000 4.744705
228.000 4.744705
229.000 3.767738
230.000 3.767738
231.000 3.767738
232.000 2.396210
233.000 2.396210
234.000 2.396210
235.000 2.396210
236.000 1.385391
237.000 1.385391
238.000 1.385391
239.000 1.385391
240.000 1.385391
241.000 1.368737
242.000 1.217841
243.000 1.110184
244.000 1.582109
245.000 4.350360
246.000 4.395352
247.000 2.033730
248.000 2.033730
249.000 2.033730
250.000 2.033730
251.000 2.033730
252.000 2.033730
253.000 3.659264
254.000 3.659264
255.000 3.659264
256.000 3.659264
257.000 4.636269
258.000 5.866005
259.000 5.866005
260.000 4.070351
261.000 1.580788
262.000 1.580788
263.000 5.071117
264.000 6.088934
265.000 1.558762
266.000 1.558762
267.000 1.606940
268.000 2.407036
269.000 0.696556
270.000 0.696556
271.000 0.696556
272.000 0.696556
273.000 0.696556
274.000 0.696556
275.000 0.696556
276.000 0.696556
277.000 2.616394
278.000 2.616394
279.000 3.704491
280.000 3.704491
281.000 3.704491
282.000 3.941920
283.000 4.271971
284.000 4.292412
285.000 5.265785
286.000 3.613686
287.000 4.024429
288.000 5.883339
289.000 4.959100
290.000 3.251289
291.000 2.581635
292.000 2.581635
293.000 2.764751
294.000 4.885818
295.000 5.212231
296.000 6.642883
297.000 6.673630
298.000 6.673630
299.000 2.407036
300.000 2.407036
301.000 2.713684
302.000 2.713684
303.000 3.686517
304.000 9.103180
305.000 8.638300
306.000 6.643028
307.000 4.622444
308.000 4.622444
309.000 4.961463
310.000 7.408928
311.000 4.013161
312.000 4.013161
313.000 2.359444
314.000 2.359444
315.000 2.359444
316.000 2.359444
317.000 2.359444
318.000 0.959137
319.000 0.959137
320.000 0.959137
321.000 0.959137
322.000 0.959137
323.000 0.959137
324.000 0.959137
325.000 2.176566
326.000 2.043717
327.000 1.910869
328.000 1.909210
329.000 1.909210
330.000 1.909210
331.000 1.909210
332.000 4.220653
333.000 4.623047
334.000 3.424782
335.000 3.422424
336.000 3.422424
337.000 3.928558
338.000 3.928558
339.000 3.905559
340.000 2.653506
341.000 2.111023
342.000 2.779228
343.000 2.779228
344.000 2.578995
345.000 2.578995
346.000 3.526276
347.000 3.526276
348.000 4.955429
349.000 4.955429
350.000 2.339973
351.000 2.404941
352.000 4.544232
353.000 4.709732
354.000 2.870010
355.000 2.870010
356.000 0.271027
357.000 0.271027
358.000 3.949875
359.000 3.949875
