0.000 3.517014
1.000 3.517014
2.000 3.517014
3.000 3.517014
4.000 4.696477
5.000 4.671318
6.000 5.362549
7.000 5.362549
8.000 4.836784
9.000 4.836784
10.000 4.198364
11.000 4.749619
12.000 4.749619
13.000 5.270844
14.000 4.103043
15.000 4.916550
16.000 4.533058
17.000 3.318718
18.000 3.318718
19.000 4.666497
20.000 5.503410
21.000 5.351967
22.000 5.248337
23.000 5.071403
24.000 4.959755
25.000 4.564823
26.000 4.357246
27.000 4.965517
28.000 5.604309
29.000 4.791860
30.000 3.913025
31.000 3.995008
32.000 4.064682
33.000 3.910448
34.000 3.820198
35.000 4.511938
36.000 5.476166
37.000 5.477258
38.000 5.478783
39.000 4.870083
40.000 4.262520
41.000 4.023501
42.000 3.849571
43.000 4.060028
44.000 4.276215
45.000 4.506730
46.000 4.836548
47.000 4.538763
48.000 4.270927
49.000 4.722678
50.000 5.302269
51.000 4.367105
52.000 3.661705
53.000 4.363322
54.000 5.592043
55.000 5.712416
56.000 5.602470
57.000 4.941633
58.000 4.112045
59.000 4.595210
60.000 5.584534
61.000 5.625969
62.000 5.744278
63.000 5.278694
64.000 4.108078
65.000 4.291221
66.000 4.825241
67.000 4.976251
68.000 5.446667
69.000 5.384735
70.000 5.178596
71.000 4.734169
72.000 4.207230
73.000 2.749977
74.000 2.749977
75.000 2.749977
76.000 2.749977
77.000 5.208247
78.000 5.496964
79.000 5.280655
80.000 4.907784
81.000 4.478701
82.000 3.825783
83.000 3.943922
84.000 4.034622
85.000 4.331419
86.000 4.516907
87.000 5.308456
88.000 5.308456
89.000 5.297411
90.000 5.263003
91.000 4.811242
92.000 4.215004
93.000 4.137554
94.000 3.946907
95.000 4.266599
96.000 5.284682
97.000 5.404215
98.000 5.442770
99.000 5.395885
100.000 5.203982
101.000 4.942272
102.000 4.166710
103.000 4.543414
104.000 5.420532
105.000 5.502104
106.000 5.730629
107.000 5.732192
108.000 5.806584
109.000 5.694928
110.000 4.853554
111.000 5.140366
112.000 5.140366
113.000 5.109434
114.000 4.623192
115.000 4.623192
116.000 3.506111
117.000 3.283485
118.000 3.283485
119.000 3.360466
120.000 3.360466
121.000 3.509326
122.000 5.376518
123.000 5.376518
124.000 5.074441
125.000 4.978465
126.000 5.404289
127.000 3.157700
128.000 3.157700
129.000 3.157700
130.000 5.627129
131.000 5.565407
132.000 4.532921
133.000 4.566599
134.000 5.147121
135.000 5.347916
136.000 5.529614
137.000 5.592384
138.000 5.665501
139.000 5.696014
140.000 5.401910
141.000 5.319016
142.000 4.078300
143.000 4.078300
144.000 5.132683
145.000 5.132683
146.000 5.208164
147.000 5.209381
148.000 4.616570
149.000 4.122574
150.000 4.805648
151.000 5.463295
152.000 4.203650
153.000 3.745934
154.000 3.281479
155.000 3.281479
156.000 4.891186
157.000 5.564583
158.000 5.448557
159.000 5.396057
160.000 5.453377
161.000 5.453377
162.000 3.806610
163.000 3.806610
164.000 4.271049
165.000 4.271049
166.000 5.247833
167.000 5.247833
168.000 5.263857
169.000 5.270363
170.000 5.347187
171.000 5.387810
172.000 4.748757
173.000 4.146805
174.000 4.574456
175.000 4.791588
176.000 5.279160
177.000 5.553162
178.000 3.867689
179.000 3.585510
180.000 4.567769
181.000 5.546425
182.000 5.132111
183.000 4.697464
184.000 4.822854
185.000 4.936272
186.000 4.791012
187.000 4.534376
188.000 4.239349
189.000 3.947006
190.000 2.233833
191.000 2.233833
192.000 2.925326
193.000 3.886070
194.000 3.524725
195.000 3.104645
196.000 4.090897
197.000 4.090897
198.000 4.090897
199.000 4.090897
200.000 5.409676
201.000 5.409676
202.000 5.409676
203.000 4.994102
204.000 4.994102
205.000 4.994102
206.000 3.245895
207.000 3.245895
208.000 3.245895
209.000 3.245895
210.000 4.947250
211.000 4.947250
212.000 4.648595
213.000 2.943733
214.000 2.943733
215.000 5.529663
216.000 5.529663
217.000 5.379652
218.000 5.377930
219.000 5.377930
220.000 5.103783
221.000 5.103783
222.000 5.103783
223.000 4.720460
224.000 3.323257
225.000 3.323257
226.000 3.323257
227.000 5.232368
228.000 5.354103
229.000 5.354103
230.000 5.015099
231.000 5.600258
232.000 4.461319
233.000 5.395493
234.000 4.794077
235.000 3.547127
236.000 3.547127
237.000 3.547127
238.000 3.547127
239.000 3.547127
240.000 5.250168
241.000 5.249916
242.000 5.249916
243.000 5.249916
244.000 3.486748
245.000 3.486748
246.000 3.486748
247.000 4.251918
248.000 5.338654
249.000 5.338654
250.000 5.261093
251.000 3.843437
252.000 3.843437
253.000 4.979561
254.000 5.282403
255.000 5.502396
256.000 5.385948
257.000 2.297989
258.000 2.297989
259.000 3.957967
260.000 5.706825
261.000 5.594694
262.000 5.487366
263.000 4.756027
264.000 4.377777
265.000 4.467626
266.000 4.537086
267.000 5.350723
268.000 5.350723
269.000 5.445816
270.000 5.445816
271.000 5.432785
272.000 5.351851
273.000 5.297546
274.000 5.297546
275.000 5.036140
276.000 4.576625
277.000 4.146530
278.000 4.301163
279.000 4.880516
280.000 4.880516
281.000 5.099746
282.000 5.351326
283.000 5.389469
284.000 5.402649
285.000 5.384146
286.000 5.351341
287.000 5.354514
288.000 5.359016
289.000 5.071706
290.000 4.770866
291.000 4.880501
292.000 5.038277
293.000 5.370792
294.000 5.736832
295.000 3.012032
296.000 3.012032
297.000 3.865066
298.000 5.323250
299.000 5.238345
300.000 5.104576
301.000 3.563690
302.000 3.563690
303.000 3.944152
304.000 4.320045
305.000 4.615967
306.000 4.955811
307.000 4.430203
308.000 4.286812
309.000 4.681050
310.000 5.346153
311.000 4.696254
312.000 3.848701
313.000 4.650891
314.000 5.578400
315.000 5.418534
316.000 5.302269
317.000 5.033213
318.000 4.801025
319.000 5.175438
320.000 5.524567
321.000 5.697950
322.000 5.851723
323.000 5.735661
324.000 5.531692
325.000 5.553018
326.000 5.573479
327.000 4.877876
328.000 4.103287
329.000 4.855168
330.000 5.372795
331.000 5.457769
332.000 5.581665
333.000 5.050003
334.000 4.148628
335.000 4.059835
336.000 3.934982
337.000 4.679120
338.000 5.309395
339.000 5.417597
340.000 5.480202
341.000 5.533814
342.000 5.606697
343.000 5.514227
344.000 5.389206
345.000 5.457605
346.000 5.507492
347.000 4.346575
348.000 4.028122
349.000 5.007928
350.000 6.146286
351.000 5.652284
352.000 5.263672
353.000 5.375692
354.000 5.556236
355.000 3.272415
356.000 3.272415
357.000 3.451323
358.000 3.494667
359.000 3.690231
