0
24
46
68
90
113
135
157
179
201
224
246
268
290
312
335
357
379
401
423
446
468
490
512
534
557
579
601
623
645
668
690
712
734
756
779
801
823
845
867
890
912
934
956
978
1001
1023
1045
1067
1090
1112
1134
1156
1178
1201
1223
1245
1267
1289
1312
1334
1356
1378
1400
1423
1445
1467
1489
1511
1534
1556
1578
1600
1622
1645
1667
1689
1711
1733
1756
1778
1800
1822
1844
1867
1889
1911
1933
1955
1978
2000
2022
2044
2066
2089
2111
2133
2155
2178
2200
2222
2244
2266
2289
2311
2333
2355
2377
2400
2422
2444
2466
2488
2511
2533
2555
2577
2599
2622
2644
2666
2688
2710
2733
2755
2777
2799
2821
2844
2866
2888
2910
2932
2955
2977
2999
3021
3043
3066
3088
3110
3132
3154
3177
3199
3221
3243
3266
3288
3310
3332
3354
3377
3399
3421
3443
3465
3488
3510
3532
3554
3576
3599
3621
3643
3665
3687
3710
3732
3754
3776
3798
3821
3843
3865
3887
3909
3932
3954
3976
3998
4020
4043
4065
4087
4109
4131
4154
4176
4198
4220
4242
4265
4287
4309
4331
4354
4376
4398
4420
4442
4465
4487
4509
4531
4553
4576
4598
4620
4642
4664
4687
4709
4731
4753
4775
4798
4820
4842
4864
4886
4909
4931
4953
4975
4997
5023
5044
5065
5086
5108
5129
5150
5171
5193
5214
5235
5256
5277
5299
5320
5341
5362
5384
5405
5426
5447
5468
5490
5511
5532
5553
5575
5596
5617
5638
5659
5681
5702
5723
5744
5766
5787
5808
5829
5850
5872
5893
5914
5935
5957
5978
5999
6020
6041
6063
6084
6105
6126
6148
6169
6190
6211
6232
6254
6275
6296
6317
6339
6360
6381
6402
6424
6445
6466
6487
6508
6530
6551
6572
6593
6615
6636
6657
6678
6699
6721
6742
6763
6784
6806
6827
6848
6869
6890
6912
6933
6954
6975
6997
7018
7039
7060
7081
7103
7124
7145
7166
7188
7209
7230
7251
7272
7294
7315
7336
7357
7379
7400
7421
7442
7463
7485
7506
7527
7548
7570
7591
7612
7633
7654
7676
7697
7718
7739
7761
7782
7803
7824
7846
7867
7888
7909
7930
7952
7973
7994
8015
8037
8058
8079
8100
8121
8143
8164
8185
8206
8228
8249
8270
8291
8312
8334
8355
8376
8397
8419
8440
8461
8482
8503
8525
8546
8567
8588
8610
8631
8652
8673
8694
8716
8737
8758
8779
8801
8822
8843
8864
8885
8907
8928
8949
8970
8992
9013
9034
9055
9076
9098
9119
9140
9161
9183
9204
9225
9246
9268
9289
9310
9331
9352
9374
9395
9416
9437
9459
9480
9501
9522
9543
9565
9586
9607
9628
9650
9671
9692
9713
9734
9756
9777
9798
9819
9841
9862
9883
9904
9925
9947
9968
9989
10023
10045
10067
10088
10110
10132
10154
10175
10197
10219
10240
10262
10284
10306
10327
10349
10371
10392
10414
10436
10458
10479
10501
10523
10544
10566
10588
10610
10631
10653
10675
10696
10718
10740
10762
10783
10805
10827
10848
10870
10892
10914
10935
10957
10979
11000
11022
11044
11066
11087
11109
11131
11152
11174
11196
11218
11239
11261
11283
11304
11326
11348
11370
11391
11413
11435
11456
11478
11500
11522
11543
11565
11587
11608
11630
11652
11674
11695
11717
11739
11760
11782
11804
11826
11847
11869
11891
11912
11934
11956
11978
11999
12021
12043
12064
12086
12108
12130
12151
12173
12195
12216
12238
12260
12282
12303
12325
12347
12368
12390
12412
12434
12455
12477
12499
12520
12542
12564
12586
12607
12629
12651
12672
12694
12716
12738
12759
12781
12803
12824
12846
12868
12890
12911
12933
12955
12976
12998
13020
13042
13063
13085
13107
13128
13150
13172
13194
13215
13237
13259
13280
13302
13324
13346
13367
13389
13411
13432
13454
13476
13498
13519
13541
13563
13584
13606
13628
13650
13671
13693
13715
13736
13758
13780
13802
13823
13845
13867
13888
13910
13932
13954
13975
13997
14019
14040
14062
14084
14106
14127
14149
14171
14192
14214
14236
14258
14279
14301
14323
14344
14366
14388
14410
14431
14453
14475
14496
14518
14540
14562
14583
14605
14627
14648
14670
14692
14714
14735
14757
14779
14800
14822
14844
14866
14887
14909
14931
14952
14974
14996
15025
15048
15071
15094
15118
15141
15164
15187
15210
15234
15257
15280
15303
15326
15350
15373
15396
15419
15443
15466
15489
15512
15535
15559
15582
15605
15628
15651
15675
15698
15721
15744
15767
15791
15814
15837
15860
15884
15907
15930
15953
15976
16000
16023
16046
16069
16092
16116
16139
16162
16185
16208
16232
16255
16278
16301
16325
16348
16371
16394
16417
16441
16464
16487
16510
16533
16557
16580
16603
16626
16649
16673
16696
16719
16742
16766
16789
16812
16835
16858
16882
16905
16928
16951
16974
16998
17021
17044
17067
17090
17114
17137
17160
17183
17207
17230
17253
17276
17299
17323
17346
17369
17392
17415
17439
17462
17485
17508
17531
17555
17578
17601
17624
17648
17671
17694
17717
17740
17764
17787
17810
17833
17856
17880
17903
17926
17949
17972
17996
18019
18042
18065
18089
18112
18135
18158
18181
18205
18228
18251
18274
18297
18321
18344
18367
18390
18413
18437
18460
18483
18506
18530
18553
18576
18599
18622
18646
18669
18692
18715
18738
18762
18785
18808
18831
18854
18878
18901
18924
18947
18971
18994
19017
19040
19063
19087
19110
19133
19156
19179
19203
19226
19249
19272
19296
19319
19342
19365
19388
19412
19435
19458
19481
19504
19528
19551
19574
19597
19620
19644
19667
19690
19713
19737
19760
19783
19806
19829
19853
19876
19899
19922
19945
19969
19992
20023
20044
20065
20087
20108
20129
20151
20172
20193
20214
20236
20257
20278
20300
20321
20342
20364
20385
20406
20427
20449
20470
20491
20513
20534
20555
20577
20598
20619
20640
20662
20683
20704
20726
20747
20768
20790
20811
20832
20853
20875
20896
20917
20939
20960
20981
21003
21024
21045
21066
21088
21109
21130
21152
21173
21194
21216
21237
21258
21279
21301
21322
21343
21365
21386
21407
21428
21450
21471
21492
21514
21535
21556
21578
21599
21620
21641
21663
21684
21705
21727
21748
21769
21791
21812
21833
21854
21876
21897
21918
21940
21961
21982
22004
22025
22046
22067
22089
22110
22131
22153
22174
22195
22217
22238
22259
22280
22302
22323
22344
22366
22387
22408
22430
22451
22472
22493
22515
22536
22557
22579
22600
22621
22643
22664
22685
22706
22728
22749
22770
22792
22813
22834
22855
22877
22898
22919
22941
22962
22983
23005
23026
23047
23068
23090
23111
23132
23154
23175
23196
23218
23239
23260
23281
23303
23324
23345
23367
23388
23409
23431
23452
23473
23494
23516
23537
23558
23580
23601
23622
23644
23665
23686
23707
23729
23750
23771
23793
23814
23835
23857
23878
23899
23920
23942
23963
23984
24006
24027
24048
24070
24091
24112
24133
24155
24176
24197
24219
24240
24261
24282
24304
24325
24346
24368
24389
24410
24432
24453
24474
24495
24517
24538
24559
24581
24602
24623
24645
24666
24687
24708
24730
24751
24772
24794
24815
24836
24858
24879
24900
24921
24943
24964
24985
25025
25049
25072
25096
25120
25143
25167
25191
25214
25238
25262
25285
25309
25333
25356
25380
25404
25427
25451
25475
25498
25522
25546
25569
25593
25616
25640
25664
25687
25711
25735
25758
25782
25806
25829
25853
25877
25900
25924
25948
25971
25995
26019
26042
26066
26090
26113
26137
26161
26184
26208
26231
26255
26279
26302
26326
26350
26373
26397
26421
26444
26468
26492
26515
26539
26563
26586
26610
26634
26657
26681
26705
26728
26752
26775
26799
26823
26846
26870
26894
26917
26941
26965
26988
27012
27036
27059
27083
27107
27130
27154
27178
27201
27225
27249
27272
27296
27320
27343
27367
27390
27414
27438
27461
27485
27509
27532
27556
27580
27603
27627
27651
27674
27698
27722
27745
27769
27793
27816
27840
27864
27887
27911
27935
27958
27982
28005
28029
28053
28076
28100
28124
28147
28171
28195
28218
28242
28266
28289
28313
28337
28360
28384
28408
28431
28455
28479
28502
28526
28549
28573
28597
28620
28644
28668
28691
28715
28739
28762
28786
28810
28833
28857
28881
28904
28928
28952
28975
28999
29023
29046
29070
29094
29117
29141
29164
29188
29212
29235
29259
29283
29306
29330
29354
29377
29401
29425
29448
29472
29496
29519
29543
29567
29590
29614
29638
29661
29685
29708
29732
29756
29779
29803
29827
29850
29874
29898
29921
29945
29969
29992
30023
30044
30065
30087
30108
30129
30151
30172
30193
30215
30236
30257
30278
30300
30321
30342
30364
30385
30406
30428
30449
30470
30492
30513
30534
30555
30577
30598
30619
30641
30662
30683
30705
30726
30747
30768
30790
30811
30832
30854
30875
30896
30918
30939
30960
30982
31003
31024
31045
31067
31088
31109
31131
31152
31173
31195
31216
31237
31258
31280
31301
31322
31344
31365
31386
31408
31429
31450
31472
31493
31514
31535
31557
31578
31599
31621
31642
31663
31685
31706
31727
31748
31770
31791
31812
31834
31855
31876
31898
31919
31940
31962
31983
32004
32025
32047
32068
32089
32111
32132
32153
32175
32196
32217
32238
32260
32281
32302
32324
32345
32366
32388
32409
32430
32452
32473
32494
32515
32537
32558
32579
32601
32622
32643
32665
32686
32707
32728
32750
32771
32792
32814
32835
32856
32878
32899
32920
32942
32963
32984
33005
33027
33048
33069
33091
33112
33133
33155
33176
33197
33218
33240
33261
33282
33304
33325
33346
33368
33389
33410
33432
33453
33474
33495
33517
33538
33559
33581
33602
33623
33645
33666
33687
33708
33730
33751
33772
33794
33815
33836
33858
33879
33900
33922
33943
33964
33985
34007
34028
34049
34071
34092
34113
34135
34156
34177
34198
34220
34241
34262
34284
34305
34326
34348
34369
34390
34412
34433
34454
34475
34497
34518
34539
34561
34582
34603
34625
34646
34667
34689
34710
34731
34752
34774
34795
34816
34838
34859
34880
34902
34923
34944
34965
34987
35023
35044
35066
35087
35108
35130
35151
35173
35194
35215
35237
35258
35280
35301
35322
35344
35365
35387
35408
35429
35451
35472
35494
35515
35536
35558
35579
35601
35622
35643
35665
35686
35708
35729
35750
35772
35793
35815
35836
35857
35879
35900
35922
35943
35964
35986
36007
36029
36050
36071
36093
36114
36136
36157
36178
36200
36221
36243
36264
36285
36307
36328
36350
36371
36392
36414
36435
36457
36478
36499
36521
36542
36564
36585
36606
36628
36649
36671
36692
36713
36735
36756
36778
36799
36820
36842
36863
36885
36906
36927
36949
36970
36992
37013
37034
37056
37077
37099
37120
37141
37163
37184
37205
37227
37248
37270
37291
37312
37334
37355
37377
37398
37419
37441
37462
37484
37505
37526
37548
37569
37591
37612
37633
37655
37676
37698
37719
37740
37762
37783
37805
37826
37847
37869
37890
37912
37933
37954
37976
37997
38019
38040
38061
38083
38104
38126
38147
38168
38190
38211
38233
38254
38275
38297
38318
38340
38361
38382
38404
38425
38447
38468
38489
38511
38532
38554
38575
38596
38618
38639
38661
38682
38703
38725
38746
38768
38789
38810
38832
38853
38875
38896
38917
38939
38960
38982
39003
39024
39046
39067
39089
39110
39131
39153
39174
39196
39217
39238
39260
39281
39302
39324
39345
39367
39388
39409
39431
39452
39474
39495
39516
39538
39559
39581
39602
39623
39645
39666
39688
39709
39730
39752
39773
39795
39816
39837
39859
39880
39902
39923
39944
39966
39987
40023
40045
40066
40088
40109
40131
40152
40174
40196
40217
40239
40260
40282
40303
40325
40347
40368
40390
40411
40433
40454
40476
40498
40519
40541
40562
40584
40605
40627
40649
40670
40692
40713
40735
40756
40778
40800
40821
40843
40864
40886
40907
40929
40951
40972
40994
41015
41037
41058
41080
41102
41123
41145
41166
41188
41209
41231
41253
41274
41296
41317
41339
41360
41382
41404
41425
41447
41468
41490
41511
41533
41555
41576
41598
41619
41641
41662
41684
41706
41727
41749
41770
41792
41813
41835
41857
41878
41900
41921
41943
41964
41986
42008
42029
42051
42072
42094
42115
42137
42159
42180
42202
42223
42245
42266
42288
42310
42331
42353
42374
42396
42417
42439
42461
42482
42504
42525
42547
42568
42590
42612
42633
42655
42676
42698
42719
42741
42763
42784
42806
42827
42849
42870
42892
42914
42935
42957
42978
43000
43021
43043
43065
43086
43108
43129
43151
43172
43194
43216
43237
43259
43280
43302
43323
43345
43367
43388
43410
43431
43453
43474
43496
43518
43539
43561
43582
43604
43625
43647
43669
43690
43712
43733
43755
43776
43798
43820
43841
43863
43884
43906
43927
43949
43971
43992
44014
44035
44057
44078
44100
44122
44143
44165
44186
44208
44229
44251
44273
44294
44316
44337
44359
44380
44402
44424
44445
44467
44488
44510
44531
44553
44575
44596
44618
44639
44661
44682
44704
44726
44747
44769
44790
44812
44833
44855
44877
44898
44920
44941
44963
44984
45023
45045
45067
45089
45111
45133
45155
45177
45198
45220
45242
45264
45286
45308
45330
45352
45373
45395
45417
45439
45461
45483
45505
45527
45548
45570
45592
45614
45636
45658
45680
45702
45723
45745
45767
45789
45811
45833
45855
45877
45898
45920
45942
45964
45986
46008
46030
46052
46073
46095
46117
46139
46161
46183
46205
46227
46248
46270
46292
46314
46336
46358
46380
46402
46423
46445
46467
46489
46511
46533
46555
46577
46598
46620
46642
46664
46686
46708
46730
46752
46774
46795
46817
46839
46861
46883
46905
46927
46949
46970
46992
47014
47036
47058
47080
47102
47124
47145
47167
47189
47211
47233
47255
47277
47299
47320
47342
47364
47386
47408
47430
47452
47474
47495
47517
47539
47561
47583
47605
47627
47649
47670
47692
47714
47736
47758
47780
47802
47824
47845
47867
47889
47911
47933
47955
47977
47999
48020
48042
48064
48086
48108
48130
48152
48174
48195
48217
48239
48261
48283
48305
48327
48349
48371
48392
48414
48436
48458
48480
48502
48524
48546
48567
48589
48611
48633
48655
48677
48699
48721
48742
48764
48786
48808
48830
48852
48874
48896
48917
48939
48961
48983
49005
49027
49049
49071
49092
49114
49136
49158
49180
49202
49224
49246
49267
49289
49311
49333
49355
49377
49399
49421
49442
49464
49486
49508
49530
49552
49574
49596
49617
49639
49661
49683
49705
49727
49749
49771
49792
49814
49836
49858
49880
49902
49924
49946
49968
49989
50023
50045
50067
50089
50111
50133
50154
50176
50198
50220
50242
50264
50285
50307
50329
50351
50373
50395
50417
50438
50460
50482
50504
50526
50548
50569
50591
50613
50635
50657
50679
50701
50722
50744
50766
50788
50810
50832
50853
50875
50897
50919
50941
50963
50984
51006
51028
51050
51072
51094
51116
51137
51159
51181
51203
51225
51247
51268
51290
51312
51334
51356
51378
51400
51421
51443
51465
51487
51509
51531
51552
51574
51596
51618
51640
51662
51684
51705
51727
51749
51771
51793
51815
51836
51858
51880
51902
51924
51946
51967
51989
52011
52033
52055
52077
52099
52120
52142
52164
52186
52208
52230
52251
52273
52295
52317
52339
52361
52383
52404
52426
52448
52470
52492
52514
52535
52557
52579
52601
52623
52645
52667
52688
52710
52732
52754
52776
52798
52819
52841
52863
52885
52907
52929
52950
52972
52994
53016
53038
53060
53082
53103
53125
53147
53169
53191
53213
53234
53256
53278
53300
53322
53344
53366
53387
53409
53431
53453
53475
53497
53518
53540
53562
53584
53606
53628
53650
53671
53693
53715
53737
53759
53781
53802
53824
53846
53868
53890
53912
53933
53955
53977
53999
54021
54043
54065
54086
54108
54130
54152
54174
54196
54217
54239
54261
54283
54305
54327
54349
54370
54392
54414
54436
54458
54480
54501
54523
54545
54567
54589
54611
54633
54654
54676
54698
54720
54742
54764
54785
54807
54829
54851
54873
54895
54916
54938
54960
54982
55023
55045
55066
55088
55109
55131
55152
55174
55196
55217
55239
55260
55282
55303
55325
55347
55368
55390
55411
55433
55454
55476
55498
55519
55541
55562
55584
55605
55627
55649
55670
55692
55713
55735
55756
55778
55800
55821
55843
55864
55886
55907
55929
55951
55972
55994
56015
56037
56058
56080
56102
56123
56145
56166
56188
56209
56231
56253
56274
56296
56317
56339
56360
56382
56404
56425
56447
56468
56490
56511
56533
56555
56576
56598
56619
56641
56662
56684
56706
56727
56749
56770
56792
56813
56835
56857
56878
56900
56921
56943
56964
56986
57008
57029
57051
57072
57094
57115
57137
57159
57180
57202
57223
57245
57266
57288
57310
57331
57353
57374
57396
57417
57439
57461
57482
57504
57525
57547
57568
57590
57612
57633
57655
57676
57698
57719
57741
57763
57784
57806
57827
57849
57870
57892
57913
57935
57957
57978
58000
58021
58043
58064
58086
58108
58129
58151
58172
58194
58215
58237
58259
58280
58302
58323
58345
58366
58388
58410
58431
58453
58474
58496
58517
58539
58561
58582
58604
58625
58647
58668
58690
58712
58733
58755
58776
58798
58819
58841
58863
58884
58906
58927
58949
58970
58992
59014
59035
59057
59078
59100
59121
59143
59165
59186
59208
59229
59251
59272
59294
59316
59337
59359
59380
59402
59423
59445
59467
59488
59510
59531
59553
59574
59596
59618
59639
59661
59682
59704
59725
59747
59769
59790
59812
59833
59855
59876
59898
59920
59941
59963
59984
60024
60046
60069
60091
60113
60136
60158
60180
60203
60225
60247
60270
60292
60314
60337
60359
60381
60404
60426
60448
60471
60493
60515
60538
60560
60582
60605
60627
60650
60672
60694
60717
60739
60761
60784
60806
60828
60851
60873
60895
60918
60940
60962
60985
61007
61029
61052
61074
61096
61119
61141
61163
61186
61208
61231
61253
61275
61298
61320
61342
61365
61387
61409
61432
61454
61476
61499
61521
61543
61566
61588
61610
61633
61655
61677
61700
61722
61744
61767
61789
61812
61834
61856
61879
61901
61923
61946
61968
61990
62013
62035
62057
62080
62102
62124
62147
62169
62191
62214
62236
62258
62281
62303
62325
62348
62370
62393
62415
62437
62460
62482
62504
62527
62549
62571
62594
62616
62638
62661
62683
62705
62728
62750
62772
62795
62817
62839
62862
62884
62906
62929
62951
62974
62996
63018
63041
63063
63085
63108
63130
63152
63175
63197
63219
63242
63264
63286
63309
63331
63353
63376
63398
63420
63443
63465
63487
63510
63532
63555
63577
63599
63622
63644
63666
63689
63711
63733
63756
63778
63800
63823
63845
63867
63890
63912
63934
63957
63979
64001
64024
64046
64068
64091
64113
64136
64158
64180
64203
64225
64247
64270
64292
64314
64337
64359
64381
64404
64426
64448
64471
64493
64515
64538
64560
64582
64605
64627
64649
64672
64694
64716
64739
64761
64784
64806
64828
64851
64873
64895
64918
64940
64962
64985
65026
65050
65074
65098
65122
65146
65170
65194
65218
65242
65266
65290
65314
65338
65362
65386
65410
65434
65458
65482
65506
65530
65554
65578
65602
65626
65650
65674
65698
65722
65746
65770
65794
65818
65842
65866
65890
65914
65938
65962
65986
66010
66034
66058
66082
66106
66130
66154
66178
66202
66226
66250
66274
66298
66322
66346
66370
66394
66418
66442
66466
66490
66514
66538
66562
66586
66610
66634
66658
66682
66706
66731
66755
66779
66803
66827
66851
66875
66899
66923
66947
66971
66995
67019
67043
67067
67091
67115
67139
67163
67187
67211
67235
67259
67283
67307
67331
67355
67379
67403
67427
67451
67475
67499
67523
67547
67571
67595
67619
67643
67667
67691
67715
67739
67763
67787
67811
67835
67859
67883
67907
67931
67955
67979
68003
68027
68051
68075
68099
68123
68147
68171
68195
68219
68243
68267
68291
68315
68339
68363
68387
68411
68435
68460
68484
68508
68532
68556
68580
68604
68628
68652
68676
68700
68724
68748
68772
68796
68820
68844
68868
68892
68916
68940
68964
68988
69012
69036
69060
69084
69108
69132
69156
69180
69204
69228
69252
69276
69300
69324
69348
69372
69396
69420
69444
69468
69492
69516
69540
69564
69588
69612
69636
69660
69684
69708
69732
69756
69780
69804
69828
69852
69876
69900
69924
69948
69972
69996
70025
70049
70072
70096
70119
70143
70166
70190
70213
70237
70260
70284
70307
70331
70355
70378
70402
70425
70449
70472
70496
70519
70543
70566
70590
70613
70637
70661
70684
70708
70731
70755
70778
70802
70825
70849
70872
70896
70919
70943
70967
70990
71014
71037
71061
71084
71108
71131
71155
71178
71202
71225
71249
71273
71296
71320
71343
71367
71390
71414
71437
71461
71484
71508
71531
71555
71579
71602
71626
71649
71673
71696
71720
71743
71767
71790
71814
71837
71861
71885
71908
71932
71955
71979
72002
72026
72049
72073
72096
72120
72143
72167
72191
72214
72238
72261
72285
72308
72332
72355
72379
72402
72426
72449
72473
72497
72520
72544
72567
72591
72614
72638
72661
72685
72708
72732
72755
72779
72803
72826
72850
72873
72897
72920
72944
72967
72991
73014
73038
73061
73085
73109
73132
73156
73179
73203
73226
73250
73273
73297
73320
73344
73367
73391
73415
73438
73462
73485
73509
73532
73556
73579
73603
73626
73650
73673
73697
73721
73744
73768
73791
73815
73838
73862
73885
73909
73932
73956
73979
74003
74027
74050
74074
74097
74121
74144
74168
74191
74215
74238
74262
74285
74309
74333
74356
74380
74403
74427
74450
74474
74497
74521
74544
74568
74591
74615
74639
74662
74686
74709
74733
74756
74780
74803
74827
74850
74874
74897
74921
74945
74968
74992
75025
75049
75073
75097
75120
75144
75168
75192
75215
75239
75263
75287
75311
75334
75358
75382
75406
75429
75453
75477
75501
75525
75548
75572
75596
75620
75643
75667
75691
75715
75739
75762
75786
75810
75834
75857
75881
75905
75929
75953
75976
76000
76024
76048
76071
76095
76119
76143
76167
76190
76214
76238
76262
76285
76309
76333
76357
76381
76404
76428
76452
76476
76499
76523
76547
76571
76595
76618
76642
76666
76690
76713
76737
76761
76785
76809
76832
76856
76880
76904
76927
76951
76975
76999
77023
77046
77070
77094
77118
77141
77165
77189
77213
77236
77260
77284
77308
77332
77355
77379
77403
77427
77450
77474
77498
77522
77546
77569
77593
77617
77641
77664
77688
77712
77736
77760
77783
77807
77831
77855
77878
77902
77926
77950
77974
77997
78021
78045
78069
78092
78116
78140
78164
78188
78211
78235
78259
78283
78306
78330
78354
78378
78402
78425
78449
78473
78497
78520
78544
78568
78592
78616
78639
78663
78687
78711
78734
78758
78782
78806
78830
78853
78877
78901
78925
78948
78972
78996
79020
79044
79067
79091
79115
79139
79162
79186
79210
79234
79257
79281
79305
79329
79353
79376
79400
79424
79448
79471
79495
79519
79543
79567
79590
79614
79638
79662
79685
79709
79733
79757
79781
79804
79828
79852
79876
79899
79923
79947
79971
79995
80025
80049
80072
80096
80119
80143
80166
80190
80213
80237
80260
80284
80307
80331
80354
80378
80401
80425
80448
80472
80495
80519
80542
80566
80589
80613
80636
80660
80683
80707
80730
80754
80777
80801
80824
80848
80871
80895
80918
80942
80965
80989
81013
81036
81060
81083
81107
81130
81154
81177
81201
81224
81248
81271
81295
81318
81342
81365
81389
81412
81436
81459
81483
81506
81530
81553
81577
81600
81624
81647
81671
81694
81718
81741
81765
81788
81812
81835
81859
81882
81906
81929
81953
81976
82000
82024
82047
82071
82094
82118
82141
82165
82188
82212
82235
82259
82282
82306
82329
82353
82376
82400
82423
82447
82470
82494
82517
82541
82564
82588
82611
82635
82658
82682
82705
82729
82752
82776
82799
82823
82846
82870
82893
82917
82940
82964
82988
83011
83035
83058
83082
83105
83129
83152
83176
83199
83223
83246
83270
83293
83317
83340
83364
83387
83411
83434
83458
83481
83505
83528
83552
83575
83599
83622
83646
83669
83693
83716
83740
83763
83787
83810
83834
83857
83881
83904
83928
83951
83975
83999
84022
84046
84069
84093
84116
84140
84163
84187
84210
84234
84257
84281
84304
84328
84351
84375
84398
84422
84445
84469
84492
84516
84539
84563
84586
84610
84633
84657
84680
84704
84727
84751
84774
84798
84821
84845
84868
84892
84915
84939
84963
84986
85026
85050
85074
85098
85122
85146
85170
85194
85218
85242
85266
85290
85314
85338
85362
85386
85410
85434
85458
85482
85506
85530
85554
85578
85602
85626
85650
85674
85698
85722
85746
85770
85794
85818
85842
85866
85890
85914
85938
85962
85986
86010
86034
86058
86082
86106
86130
86154
86178
86202
86226
86250
86274
86298
86322
86346
86370
86395
86419
86443
86467
86491
86515
86539
86563
86587
86611
86635
86659
86683
86707
86731
86755
86779
86803
86827
86851
86875
86899
86923
86947
86971
86995
87019
87043
87067
87091
87115
87139
87163
87187
87211
87235
87259
87283
87307
87331
87355
87379
87403
87427
87451
87475
87499
87523
87547
87571
87595
87619
87643
87667
87691
87715
87739
87763
87788
87812
87836
87860
87884
87908
87932
87956
87980
88004
88028
88052
88076
88100
88124
88148
88172
88196
88220
88244
88268
88292
88316
88340
88364
88388
88412
88436
88460
88484
88508
88532
88556
88580
88604
88628
88652
88676
88700
88724
88748
88772
88796
88820
88844
88868
88892
88916
88940
88964
88988
89012
89036
89060
89084
89108
89132
89156
89181
89205
89229
89253
89277
89301
89325
89349
89373
89397
89421
89445
89469
89493
89517
89541
89565
89589
89613
89637
89661
89685
89709
89733
89757
89781
89805
89829
89853
89877
89901
89925
89949
89973
89997
90025
90049
90073
90096
90120
90144
90167
90191
90215
90239
90262
90286
90310
90333
90357
90381
90404
90428
90452
90476
90499
90523
90547
90570
90594
90618
90642
90665
90689
90713
90736
90760
90784
90807
90831
90855
90879
90902
90926
90950
90973
90997
91021
91045
91068
91092
91116
91139
91163
91187
91210
91234
91258
91282
91305
91329
91353
91376
91400
91424
91447
91471
91495
91519
91542
91566
91590
91613
91637
91661
91685
91708
91732
91756
91779
91803
91827
91850
91874
91898
91922
91945
91969
91993
92016
92040
92064
92088
92111
92135
92159
92182
92206
92230
92253
92277
92301
92325
92348
92372
92396
92419
92443
92467
92490
92514
92538
92562
92585
92609
92633
92656
92680
92704
92728
92751
92775
92799
92822
92846
92870
92893
92917
92941
92965
92988
93012
93036
93059
93083
93107
93131
93154
93178
93202
93225
93249
93273
93296
93320
93344
93368
93391
93415
93439
93462
93486
93510
93533
93557
93581
93605
93628
93652
93676
93699
93723
93747
93771
93794
93818
93842
93865
93889
93913
93936
93960
93984
94008
94031
94055
94079
94102
94126
94150
94174
94197
94221
94245
94268
94292
94316
94339
94363
94387
94411
94434
94458
94482
94505
94529
94553
94576
94600
94624
94648
94671
94695
94719
94742
94766
94790
94814
94837
94861
94885
94908
94932
94956
94979
95022
95043
95063
95084
95105
95125
95146
95167
95187
95208
95228
95249
95270
95290
95311
95332
95352
95373
95394
95414
95435
95455
95476
95497
95517
95538
95559
95579
95600
95621
95641
95662
95682
95703
95724
95744
95765
95786
95806
95827
95848
95868
95889
95909
95930
95951
95971
95992
96013
96033
96054
96075
96095
96116
96136
96157
96178
96198
96219
96240
96260
96281
96301
96322
96343
96363
96384
96405
96425
96446
96467
96487
96508
96528
96549
96570
96590
96611
96632
96652
96673
96694
96714
96735
96755
96776
96797
96817
96838
96859
96879
96900
96921
96941
96962
96982
97003
97024
97044
97065
97086
97106
97127
97148
97168
97189
97209
97230
97251
97271
97292
97313
97333
97354
97375
97395
97416
97436
97457
97478
97498
97519
97540
97560
97581
97601
97622
97643
97663
97684
97705
97725
97746
97767
97787
97808
97828
97849
97870
97890
97911
97932
97952
97973
97994
98014
98035
98055
98076
98097
98117
98138
98159
98179
98200
98221
98241
98262
98282
98303
98324
98344
98365
98386
98406
98427
98448
98468
98489
98509
98530
98551
98571
98592
98613
98633
98654
98675
98695
98716
98736
98757
98778
98798
98819
98840
98860
98881
98901
98922
98943
98963
98984
99005
99025
99046
99067
99087
99108
99128
99149
99170
99190
99211
99232
99252
99273
99294
99314
99335
99355
99376
99397
99417
99438
99459
99479
99500
99521
99541
99562
99582
99603
99624
99644
99665
99686
99706
99727
99748
99768
99789
99809
99830
99851
99871
99892
99913
99933
99954
99975
99995
100025
100049
100072
100096
100119
100143
100166
100190
100213
100237
100261
100284
100308
100331
100355
100378
100402
100425
100449
100472
100496
100520
100543
100567
100590
100614
100637
100661
100684
100708
100732
100755
100779
100802
100826
100849
100873
100896
100920
100943
100967
100991
101014
101038
101061
101085
101108
101132
101155
101179
101202
101226
101250
101273
101297
101320
101344
101367
101391
101414
101438
101462
101485
101509
101532
101556
101579
101603
101626
101650
101673
101697
101721
101744
101768
101791
101815
101838
101862
101885
101909
101933
101956
101980
102003
102027
102050
102074
102097
102121
102144
102168
102192
102215
102239
102262
102286
102309
102333
102356
102380
102403
102427
102451
102474
102498
102521
102545
102568
102592
102615
102639
102663
102686
102710
102733
102757
102780
102804
102827
102851
102874
102898
102922
102945
102969
102992
103016
103039
103063
103086
103110
103133
103157
103181
103204
103228
103251
103275
103298
103322
103345
103369
103393
103416
103440
103463
103487
103510
103534
103557
103581
103604
103628
103652
103675
103699
103722
103746
103769
103793
103816
103840
103864
103887
103911
103934
103958
103981
104005
104028
104052
104075
104099
104123
104146
104170
104193
104217
104240
104264
104287
104311
104334
104358
104382
104405
104429
104452
104476
104499
104523
104546
104570
104594
104617
104641
104664
104688
104711
104735
104758
104782
104805
104829
104853
104876
104900
104923
104947
104970
104994
105023
105044
105065
105086
105107
105128
105149
105170
105191
105212
105233
105254
105275
105296
105317
105338
105359
105381
105402
105423
105444
105465
105486
105507
105528
105549
105570
105591
105612
105633
105654
105675
105696
105717
105739
105760
105781
105802
105823
105844
105865
105886
105907
105928
105949
105970
105991
106012
106033
106054
106075
106096
106118
106139
106160
106181
106202
106223
106244
106265
106286
106307
106328
106349
106370
106391
106412
106433
106454
106476
106497
106518
106539
106560
106581
106602
106623
106644
106665
106686
106707
106728
106749
106770
106791
106812
106833
106855
106876
106897
106918
106939
106960
106981
107002
107023
107044
107065
107086
107107
107128
107149
107170
107191
107213
107234
107255
107276
107297
107318
107339
107360
107381
107402
107423
107444
107465
107486
107507
107528
107549
107571
107592
107613
107634
107655
107676
107697
107718
107739
107760
107781
107802
107823
107844
107865
107886
107907
107928
107950
107971
107992
108013
108034
108055
108076
108097
108118
108139
108160
108181
108202
108223
108244
108265
108286
108308
108329
108350
108371
108392
108413
108434
108455
108476
108497
108518
108539
108560
108581
108602
108623
108644
108665
108687
108708
108729
108750
108771
108792
108813
108834
108855
108876
108897
108918
108939
108960
108981
109002
109023
109045
109066
109087
109108
109129
109150
109171
109192
109213
109234
109255
109276
109297
109318
109339
109360
109381
109403
109424
109445
109466
109487
109508
109529
109550
109571
109592
109613
109634
109655
109676
109697
109718
109739
109760
109782
109803
109824
109845
109866
109887
109908
109929
109950
109971
109992
110024
110047
110069
110092
110115
110137
110160
110182
110205
110228
110250
110273
110296
110318
110341
110363
110386
110409
110431
110454
110476
110499
110522
110544
110567
110590
110612
110635
110657
110680
110703
110725
110748
110770
110793
110816
110838
110861
110884
110906
110929
110951
110974
110997
111019
111042
111064
111087
111110
111132
111155
111178
111200
111223
111245
111268
111291
111313
111336
111359
111381
111404
111426
111449
111472
111494
111517
111539
111562
111585
111607
111630
111653
111675
111698
111720
111743
111766
111788
111811
111833
111856
111879
111901
111924
111947
111969
111992
112014
112037
112060
112082
112105
112127
112150
112173
112195
112218
112241
112263
112286
112308
112331
112354
112376
112399
112421
112444
112467
112489
112512
112535
112557
112580
112602
112625
112648
112670
112693
112716
112738
112761
112783
112806
112829
112851
112874
112896
112919
112942
112964
112987
113010
113032
113055
113077
113100
113123
113145
113168
113190
113213
113236
113258
113281
113304
113326
113349
113371
113394
113417
113439
113462
113484
113507
113530
113552
113575
113598
113620
113643
113665
113688
113711
113733
113756
113778
113801
113824
113846
113869
113892
113914
113937
113959
113982
114005
114027
114050
114073
114095
114118
114140
114163
114186
114208
114231
114253
114276
114299
114321
114344
114367
114389
114412
114434
114457
114480
114502
114525
114547
114570
114593
114615
114638
114661
114683
114706
114728
114751
114774
114796
114819
114841
114864
114887
114909
114932
114955
114977
115000
115022
115043
115064
115084
115105
115126
115147
115167
115188
115209
115229
115250
115271
115292
115312
115333
115354
115375
115395
115416
115437
115457
115478
115499
115520
115540
115561
115582
115603
115623
115644
115665
115685
115706
115727
115748
115768
115789
115810
115831
115851
115872
115893
115913
115934
115955
115976
115996
116017
116038
116058
116079
116100
116121
116141
116162
116183
116204
116224
116245
116266
116286
116307
116328
116349
116369
116390
116411
116432
116452
116473
116494
116514
116535
116556
116577
116597
116618
116639
116660
116680
116701
116722
116742
116763
116784
116805
116825
116846
116867
116887
116908
116929
116950
116970
116991
117012
117033
117053
117074
117095
117115
117136
117157
117178
117198
117219
117240
117261
117281
117302
117323
117343
117364
117385
117406
117426
117447
117468
117489
117509
117530
117551
117571
117592
117613
117634
117654
117675
117696
117716
117737
117758
117779
117799
117820
117841
117862
117882
117903
117924
117944
117965
117986
118007
118027
118048
118069
118090
118110
118131
118152
118172
118193
118214
118235
118255
118276
118297
118318
118338
118359
118380
118400
118421
118442
118463
118483
118504
118525
118545
118566
118587
118608
118628
118649
118670
118691
118711
118732
118753
118773
118794
118815
118836
118856
118877
118898
118919
118939
118960
118981
119001
119022
119043
119064
119084
119105
119126
119147
119167
119188
119209
119229
119250
119271
119292
119312
119333
119354
119374
119395
119416
119437
119457
119478
119499
119520
119540
119561
119582
119602
119623
119644
119665
119685
119706
119727
119748
119768
119789
119810
119830
119851
119872
119893
119913
119934
119955
119976
119996
120027
120052
120077
120102
120127
120152
120178
120203
120228
120253
120278
120303
120328
120354
120379
120404
120429
120454
120479
120504
120530
120555
120580
120605
120630
120655
120680
120706
120731
120756
120781
120806
120831
120857
120882
120907
120932
120957
120982
121007
121033
121058
121083
121108
121133
121158
121183
121209
121234
121259
121284
121309
121334
121359
121385
121410
121435
121460
121485
121510
121535
121561
121586
121611
121636
121661
121686
121712
121737
121762
121787
121812
121837
121862
121888
121913
121938
121963
121988
122013
122038
122064
122089
122114
122139
122164
122189
122214
122240
122265
122290
122315
122340
122365
122390
122416
122441
122466
122491
122516
122541
122567
122592
122617
122642
122667
122692
122717
122743
122768
122793
122818
122843
122868
122893
122919
122944
122969
122994
123019
123044
123069
123095
123120
123145
123170
123195
123220
123245
123271
123296
123321
123346
123371
123396
123422
123447
123472
123497
123522
123547
123572
123598
123623
123648
123673
123698
123723
123748
123774
123799
123824
123849
123874
123899
123924
123950
123975
124000
124025
124050
124075
124100
124126
124151
124176
124201
124226
124251
124277
124302
124327
124352
124377
124402
124427
124453
124478
124503
124528
124553
124578
124603
124629
124654
124679
124704
124729
124754
124779
124805
124830
124855
124880
124905
124930
124956
124981
125022
125043
125064
125084
125105
125126
125146
125167
125188
125208
125229
125250
125271
125291
125312
125333
125353
125374
125395
125415
125436
125457
125477
125498
125519
125540
125560
125581
125602
125622
125643
125664
125684
125705
125726
125746
125767
125788
125809
125829
125850
125871
125891
125912
125933
125953
125974
125995
126015
126036
126057
126078
126098
126119
126140
126160
126181
126202
126222
126243
126264
126284
126305
126326
126347
126367
126388
126409
126429
126450
126471
126491
126512
126533
126553
126574
126595
126616
126636
126657
126678
126698
126719
126740
126760
126781
126802
126823
126843
126864
126885
126905
126926
126947
126967
126988
127009
127029
127050
127071
127092
127112
127133
127154
127174
127195
127216
127236
127257
127278
127298
127319
127340
127361
127381
127402
127423
127443
127464
127485
127505
127526
127547
127567
127588
127609
127630
127650
127671
127692
127712
127733
127754
127774
127795
127816
127836
127857
127878
127899
127919
127940
127961
127981
128002
128023
128043
128064
128085
128105
128126
128147
128168
128188
128209
128230
128250
128271
128292
128312
128333
128354
128374
128395
128416
128437
128457
128478
128499
128519
128540
128561
128581
128602
128623
128644
128664
128685
128706
128726
128747
128768
128788
128809
128830
128850
128871
128892
128913
128933
128954
128975
128995
129016
129037
129057
129078
129099
129119
129140
129161
129182
129202
129223
129244
129264
129285
129306
129326
129347
129368
129388
129409
129430
129451
129471
129492
129513
129533
129554
129575
129595
129616
129637
129657
129678
129699
129720
129740
129761
129782
129802
129823
129844
129864
129885
129906
129926
129947
129968
129989
130025
130048
130072
130095
130118
130142
130165
130189
130212
130235
130259
130282
130306
130329
130352
130376
130399
130423
130446
130469
130493
130516
130540
130563
130586
130610
130633
130657
130680
130703
130727
130750
130774
130797
130820
130844
130867
130891
130914
130937
130961
130984
131008
131031
131054
131078
131101
131125
131148
131171
131195
131218
131241
131265
131288
131312
131335
131358
131382
131405
131429
131452
131475
131499
131522
131546
131569
131592
131616
131639
131663
131686
131709
131733
131756
131780
131803
131826
131850
131873
131897
131920
131943
131967
131990
132014
132037
132060
132084
132107
132131
132154
132177
132201
132224
132248
132271
132294
132318
132341
132364
132388
132411
132435
132458
132481
132505
132528
132552
132575
132598
132622
132645
132669
132692
132715
132739
132762
132786
132809
132832
132856
132879
132903
132926
132949
132973
132996
133020
133043
133066
133090
133113
133137
133160
133183
133207
133230
133254
133277
133300
133324
133347
133371
133394
133417
133441
133464
133487
133511
133534
133558
133581
133604
133628
133651
133675
133698
133721
133745
133768
133792
133815
133838
133862
133885
133909
133932
133955
133979
134002
134026
134049
134072
134096
134119
134143
134166
134189
134213
134236
134260
134283
134306
134330
134353
134377
134400
134423
134447
134470
134494
134517
134540
134564
134587
134610
134634
134657
134681
134704
134727
134751
134774
134798
134821
134844
134868
134891
134915
134938
134961
134985
135025
135049
135073
135097
135121
135145
135168
135192
135216
135240
135264
135288
135312
135335
135359
135383
135407
135431
135455
135479
135502
135526
135550
135574
135598
135622
135646
135669
135693
135717
135741
135765
135789
135813
135836
135860
135884
135908
135932
135956
135980
136003
136027
136051
136075
136099
136123
136147
136170
136194
136218
136242
136266
136290
136314
136337
136361
136385
136409
136433
136457
136481
136504
136528
136552
136576
136600
136624
136648
136671
136695
136719
136743
136767
136791
136815
136838
136862
136886
136910
136934
136958
136982
137005
137029
137053
137077
137101
137125
137149
137172
137196
137220
137244
137268
137292
137316
137339
137363
137387
137411
137435
137459
137483
137506
137530
137554
137578
137602
137626
137650
137673
137697
137721
137745
137769
137793
137817
137840
137864
137888
137912
137936
137960
137984
138007
138031
138055
138079
138103
138127
138151
138174
138198
138222
138246
138270
138294
138318
138341
138365
138389
138413
138437
138461
138485
138508
138532
138556
138580
138604
138628
138652
138675
138699
138723
138747
138771
138795
138819
138842
138866
138890
138914
138938
138962
138986
139009
139033
139057
139081
139105
139129
139153
139176
139200
139224
139248
139272
139296
139320
139343
139367
139391
139415
139439
139463
139487
139510
139534
139558
139582
139606
139630
139653
139677
139701
139725
139749
139773
139797
139820
139844
139868
139892
139916
139940
139964
139987
140025
140048
140072
140095
140119
140142
140166
140189
140213
140236
140260
140283
140307
140330
140354
140377
140401
140424
140448
140471
140495
140518
140542
140565
140589
140612
140636
140659
140683
140706
140730
140753
140777
140800
140823
140847
140870
140894
140917
140941
140964
140988
141011
141035
141058
141082
141105
141129
141152
141176
141199
141223
141246
141270
141293
141317
141340
141364
141387
141411
141434
141458
141481
141505
141528
141552
141575
141599
141622
141645
141669
141692
141716
141739
141763
141786
141810
141833
141857
141880
141904
141927
141951
141974
141998
142021
142045
142068
142092
142115
142139
142162
142186
142209
142233
142256
142280
142303
142327
142350
142374
142397
142421
142444
142467
142491
142514
142538
142561
142585
142608
142632
142655
142679
142702
142726
142749
142773
142796
142820
142843
142867
142890
142914
142937
142961
142984
143008
143031
143055
143078
143102
143125
143149
143172
143196
143219
143243
143266
143289
143313
143336
143360
143383
143407
143430
143454
143477
143501
143524
143548
143571
143595
143618
143642
143665
143689
143712
143736
143759
143783
143806
143830
143853
143877
143900
143924
143947
143971
143994
144018
144041
144065
144088
144111
144135
144158
144182
144205
144229
144252
144276
144299
144323
144346
144370
144393
144417
144440
144464
144487
144511
144534
144558
144581
144605
144628
144652
144675
144699
144722
144746
144769
144793
144816
144840
144863
144887
144910
144933
144957
144980
145028
145055
145082
145109
145136
145163
145190
145217
145243
145270
145297
145324
145351
145378
145405
145432
145459
145485
145512
145539
145566
145593
145620
145647
145674
145701
145727
145754
145781
145808
145835
145862
145889
145916
145943
145969
145996
146023
146050
146077
146104
146131
146158
146184
146211
146238
146265
146292
146319
146346
146373
146400
146426
146453
146480
146507
146534
146561
146588
146615
146642
146668
146695
146722
146749
146776
146803
146830
146857
146884
146910
146937
146964
146991
147018
147045
147072
147099
147125
147152
147179
147206
147233
147260
147287
147314
147341
147367
147394
147421
147448
147475
147502
147529
147556
147583
147609
147636
147663
147690
147717
147744
147771
147798
147825
147851
147878
147905
147932
147959
147986
148013
148040
148066
148093
148120
148147
148174
148201
148228
148255
148282
148308
148335
148362
148389
148416
148443
148470
148497
148524
148550
148577
148604
148631
148658
148685
148712
148739
148766
148792
148819
148846
148873
148900
148927
148954
148981
149008
149034
149061
149088
149115
149142
149169
149196
149223
149249
149276
149303
149330
149357
149384
149411
149438
149465
149491
149518
149545
149572
149599
149626
149653
149680
149707
149733
149760
149787
149814
149841
149868
149895
149922
149949
149975
150023
150044
150065
150087
150108
150129
150151
150172
150193
150214
150236
150257
150278
150300
150321
150342
150363
150385
150406
150427
150449
150470
150491
150513
150534
150555
150576
150598
150619
150640
150662
150683
150704
150725
150747
150768
150789
150811
150832
150853
150874
150896
150917
150938
150960
150981
151002
151024
151045
151066
151087
151109
151130
151151
151173
151194
151215
151236
151258
151279
151300
151322
151343
151364
151385
151407
151428
151449
151471
151492
151513
151535
151556
151577
151598
151620
151641
151662
151684
151705
151726
151747
151769
151790
151811
151833
151854
151875
151896
151918
151939
151960
151982
152003
152024
152046
152067
152088
152109
152131
152152
152173
152195
152216
152237
152258
152280
152301
152322
152344
152365
152386
152408
152429
152450
152471
152493
152514
152535
152557
152578
152599
152620
152642
152663
152684
152706
152727
152748
152769
152791
152812
152833
152855
152876
152897
152919
152940
152961
152982
153004
153025
153046
153068
153089
153110
153131
153153
153174
153195
153217
153238
153259
153280
153302
153323
153344
153366
153387
153408
153430
153451
153472
153493
153515
153536
153557
153579
153600
153621
153642
153664
153685
153706
153728
153749
153770
153791
153813
153834
153855
153877
153898
153919
153941
153962
153983
154004
154026
154047
154068
154090
154111
154132
154153
154175
154196
154217
154239
154260
154281
154302
154324
154345
154366
154388
154409
154430
154452
154473
154494
154515
154537
154558
154579
154601
154622
154643
154664
154686
154707
154728
154750
154771
154792
154814
154835
154856
154877
154899
154920
154941
154963
154984
155023
155044
155065
155086
155107
155128
155150
155171
155192
155213
155234
155255
155277
155298
155319
155340
155361
155382
155404
155425
155446
155467
155488
155509
155530
155552
155573
155594
155615
155636
155657
155679
155700
155721
155742
155763
155784
155806
155827
155848
155869
155890
155911
155932
155954
155975
155996
156017
156038
156059
156081
156102
156123
156144
156165
156186
156208
156229
156250
156271
156292
156313
156334
156356
156377
156398
156419
156440
156461
156483
156504
156525
156546
156567
156588
156610
156631
156652
156673
156694
156715
156736
156758
156779
156800
156821
156842
156863
156885
156906
156927
156948
156969
156990
157012
157033
157054
157075
157096
157117
157139
157160
157181
157202
157223
157244
157265
157287
157308
157329
157350
157371
157392
157414
157435
157456
157477
157498
157519
157541
157562
157583
157604
157625
157646
157667
157689
157710
157731
157752
157773
157794
157816
157837
157858
157879
157900
157921
157943
157964
157985
158006
158027
158048
158069
158091
158112
158133
158154
158175
158196
158218
158239
158260
158281
158302
158323
158345
158366
158387
158408
158429
158450
158471
158493
158514
158535
158556
158577
158598
158620
158641
158662
158683
158704
158725
158747
158768
158789
158810
158831
158852
158873
158895
158916
158937
158958
158979
159000
159022
159043
159064
159085
159106
159127
159149
159170
159191
159212
159233
159254
159276
159297
159318
159339
159360
159381
159402
159424
159445
159466
159487
159508
159529
159551
159572
159593
159614
159635
159656
159678
159699
159720
159741
159762
159783
159804
159826
159847
159868
159889
159910
159931
159953
159974
159995
160023
160045
160067
160088
160110
160132
160153
160175
160197
160219
160240
160262
160284
160305
160327
160349
160371
160392
160414
160436
160457
160479
160501
160523
160544
160566
160588
160609
160631
160653
160674
160696
160718
160740
160761
160783
160805
160826
160848
160870
160892
160913
160935
160957
160978
161000
161022
161044
161065
161087
161109
161130
161152
161174
161195
161217
161239
161261
161282
161304
161326
161347
161369
161391
161413
161434
161456
161478
161499
161521
161543
161565
161586
161608
161630
161651
161673
161695
161716
161738
161760
161782
161803
161825
161847
161868
161890
161912
161934
161955
161977
161999
162020
162042
162064
162086
162107
162129
162151
162172
162194
162216
162237
162259
162281
162303
162324
162346
162368
162389
162411
162433
162455
162476
162498
162520
162541
162563
162585
162607
162628
162650
162672
162693
162715
162737
162758
162780
162802
162824
162845
162867
162889
162910
162932
162954
162976
162997
163019
163041
163062
163084
163106
163128
163149
163171
163193
163214
163236
163258
163279
163301
163323
163345
163366
163388
163410
163431
163453
163475
163497
163518
163540
163562
163583
163605
163627
163649
163670
163692
163714
163735
163757
163779
163800
163822
163844
163866
163887
163909
163931
163952
163974
163996
164018
164039
164061
164083
164104
164126
164148
164170
164191
164213
164235
164256
164278
164300
164321
164343
164365
164387
164408
164430
164452
164473
164495
164517
164539
164560
164582
164604
164625
164647
164669
164691
164712
164734
164756
164777
164799
164821
164842
164864
164886
164908
164929
164951
164973
164994
165022
165043
165064
165085
165106
165126
165147
165168
165189
165210
165231
165251
165272
165293
165314
165335
165356
165376
165397
165418
165439
165460
165481
165501
165522
165543
165564
165585
165606
165626
165647
165668
165689
165710
165731
165751
165772
165793
165814
165835
165856
165876
165897
165918
165939
165960
165980
166001
166022
166043
166064
166085
166105
166126
166147
166168
166189
166210
166230
166251
166272
166293
166314
166335
166355
166376
166397
166418
166439
166460
166480
166501
166522
166543
166564
166585
166605
166626
166647
166668
166689
166710
166730
166751
166772
166793
166814
166834
166855
166876
166897
166918
166939
166959
166980
167001
167022
167043
167064
167084
167105
167126
167147
167168
167189
167209
167230
167251
167272
167293
167314
167334
167355
167376
167397
167418
167439
167459
167480
167501
167522
167543
167564
167584
167605
167626
167647
167668
167688
167709
167730
167751
167772
167793
167813
167834
167855
167876
167897
167918
167938
167959
167980
168001
168022
168043
168063
168084
168105
168126
168147
168168
168188
168209
168230
168251
168272
168293
168313
168334
168355
168376
168397
168418
168438
168459
168480
168501
168522
168542
168563
168584
168605
168626
168647
168667
168688
168709
168730
168751
168772
168792
168813
168834
168855
168876
168897
168917
168938
168959
168980
169001
169022
169042
169063
169084
169105
169126
169147
169167
169188
169209
169230
169251
169272
169292
169313
169334
169355
169376
169396
169417
169438
169459
169480
169501
169521
169542
169563
169584
169605
169626
169646
169667
169688
169709
169730
169751
169771
169792
169813
169834
169855
169876
169896
169917
169938
169959
169980
170001
170022
170042
170063
170083
170103
170124
170144
170165
170185
170205
170226
170246
170267
170287
170307
170328
170348
170369
170389
170409
170430
170450
170471
170491
170511
170532
170552
170573
170593
170613
170634
170654
170674
170695
170715
170736
170756
170776
170797
170817
170838
170858
170878
170899
170919
170940
170960
170980
171001
171021
171042
171062
171082
171103
171123
171144
171164
171184
171205
171225
171245
171266
171286
171307
171327
171347
171368
171388
171409
171429
171449
171470
171490
171511
171531
171551
171572
171592
171613
171633
171653
171674
171694
171715
171735
171755
171776
171796
171816
171837
171857
171878
171898
171918
171939
171959
171980
172000
172020
172041
172061
172082
172102
172122
172143
172163
172184
172204
172224
172245
172265
172286
172306
172326
172347
172367
172388
172408
172428
172449
172469
172489
172510
172530
172551
172571
172591
172612
172632
172653
172673
172693
172714
172734
172755
172775
172795
172816
172836
172857
172877
172897
172918
172938
172959
172979
172999
173020
173040
173060
173081
173101
173122
173142
173162
173183
173203
173224
173244
173264
173285
173305
173326
173346
173366
173387
173407
173428
173448
173468
173489
173509
173530
173550
173570
173591
173611
173631
173652
173672
173693
173713
173733
173754
173774
173795
173815
173835
173856
173876
173897
173917
173937
173958
173978
173999
174019
174039
174060
174080
174101
174121
174141
174162
174182
174203
174223
174243
174264
174284
174304
174325
174345
174366
174386
174406
174427
174447
174468
174488
174508
174529
174549
174570
174590
174610
174631
174651
174672
174692
174712
174733
174753
174774
174794
174814
174835
174855
174875
174896
174916
174937
174957
174977
174998
175021
175041
175061
175081
175101
175121
175141
175161
175181
175201
175221
175241
175261
175281
175301
175321
175341
175361
175381
175401
175421
175441
175461
175481
175501
175521
175541
175561
175581
175601
175621
175641
175661
175681
175701
175721
175741
175761
175781
175801
175821
175841
175861
175881
175901
175921
175941
175961
175981
176001
176021
176041
176061
176081
176101
176121
176141
176161
176181
176201
176221
176241
176261
176281
176301
176321
176341
176361
176381
176401
176421
176441
176461
176481
176501
176521
176541
176561
176581
176601
176621
176641
176661
176681
176701
176721
176741
176761
176781
176801
176821
176841
176861
176881
176901
176921
176941
176961
176981
177001
177021
177041
177061
177081
177101
177121
177141
177161
177181
177201
177221
177241
177261
177281
177301
177321
177341
177361
177381
177401
177421
177441
177461
177481
177501
177521
177541
177561
177581
177601
177621
177641
177661
177681
177701
177721
177740
177760
177780
177800
177820
177840
177860
177880
177900
177920
177940
177960
177980
178000
178020
178040
178060
178080
178100
178120
178140
178160
178180
178200
178220
178240
178260
178280
178300
178320
178340
178360
178380
178400
178420
178440
178460
178480
178500
178520
178540
178560
178580
178600
178620
178640
178660
178680
178700
178720
178740
178760
178780
178800
178820
178840
178860
178880
178900
178920
178940
178960
178980
179000
179020
179040
179060
179080
179100
179120
179140
179160
179180
179200
179220
179240
179260
179280
179300
179320
179340
179360
179380
179400
179420
179440
179460
179480
179500
179520
179540
179560
179580
179600
179620
179640
179660
179680
179700
179720
179740
179760
179780
179800
179820
179840
179860
179880
179900
179920
179940
179960
179980
180000
180022
180043
180064
180085
180105
180126
180147
180168
180188
180209
180230
180251
180271
180292
180313
180334
180355
180375
180396
180417
180438
180458
180479
180500
180521
180541
180562
180583
180604
180625
180645
180666
180687
180708
180728
180749
180770
180791
180811
180832
180853
180874
180895
180915
180936
180957
180978
180998
181019
181040
181061
181081
181102
181123
181144
181165
181185
181206
181227
181248
181268
181289
181310
181331
181351
181372
181393
181414
181435
181455
181476
181497
181518
181538
181559
181580
181601
181621
181642
181663
181684
181705
181725
181746
181767
181788
181808
181829
181850
181871
181891
181912
181933
181954
181975
181995
182016
182037
182058
182078
182099
182120
182141
182161
182182
182203
182224
182245
182265
182286
182307
182328
182348
182369
182390
182411
182431
182452
182473
182494
182515
182535
182556
182577
182598
182618
182639
182660
182681
182701
182722
182743
182764
182785
182805
182826
182847
182868
182888
182909
182930
182951
182971
182992
183013
183034
183055
183075
183096
183117
183138
183158
183179
183200
183221
183241
183262
183283
183304
183325
183345
183366
183387
183408
183428
183449
183470
183491
183511
183532
183553
183574
183595
183615
183636
183657
183678
183698
183719
183740
183761
183781
183802
183823
183844
183865
183885
183906
183927
183948
183968
183989
184010
184031
184051
184072
184093
184114
184135
184155
184176
184197
184218
184238
184259
184280
184301
184321
184342
184363
184384
184405
184425
184446
184467
184488
184508
184529
184550
184571
184591
184612
184633
184654
184675
184695
184716
184737
184758
184778
184799
184820
184841
184861
184882
184903
184924
184945
184965
184986
185022
185043
185063
185084
185104
185125
185145
185166
185186
185207
185227
185248
185268
185289
185309
185330
185350
185371
185391
185412
185432
185453
185473
185494
185514
185535
185555
185576
185596
185617
185637
185658
185678
185699
185720
185740
185761
185781
185802
185822
185843
185863
185884
185904
185925
185945
185966
185986
186007
186027
186048
186068
186089
186109
186130
186150
186171
186191
186212
186232
186253
186273
186294
186314
186335
186355
186376
186396
186417
186438
186458
186479
186499
186520
186540
186561
186581
186602
186622
186643
186663
186684
186704
186725
186745
186766
186786
186807
186827
186848
186868
186889
186909
186930
186950
186971
186991
187012
187032
187053
187073
187094
187115
187135
187156
187176
187197
187217
187238
187258
187279
187299
187320
187340
187361
187381
187402
187422
187443
187463
187484
187504
187525
187545
187566
187586
187607
187627
187648
187668
187689
187709
187730
187750
187771
187791
187812
187833
187853
187874
187894
187915
187935
187956
187976
187997
188017
188038
188058
188079
188099
188120
188140
188161
188181
188202
188222
188243
188263
188284
188304
188325
188345
188366
188386
188407
188427
188448
188468
188489
188509
188530
188551
188571
188592
188612
188633
188653
188674
188694
188715
188735
188756
188776
188797
188817
188838
188858
188879
188899
188920
188940
188961
188981
189002
189022
189043
189063
189084
189104
189125
189145
189166
189186
189207
189228
189248
189269
189289
189310
189330
189351
189371
189392
189412
189433
189453
189474
189494
189515
189535
189556
189576
189597
189617
189638
189658
189679
189699
189720
189740
189761
189781
189802
189822
189843
189863
189884
189904
189925
189946
189966
189987
190024
190047
190070
190093
190116
190139
190162
190185
190207
190230
190253
190276
190299
190322
190345
190368
190390
190413
190436
190459
190482
190505
190528
190551
190573
190596
190619
190642
190665
190688
190711
190734
190756
190779
190802
190825
190848
190871
190894
190917
190939
190962
190985
191008
191031
191054
191077
191100
191122
191145
191168
191191
191214
191237
191260
191283
191305
191328
191351
191374
191397
191420
191443
191466
191489
191511
191534
191557
191580
191603
191626
191649
191672
191694
191717
191740
191763
191786
191809
191832
191855
191877
191900
191923
191946
191969
191992
192015
192038
192060
192083
192106
192129
192152
192175
192198
192221
192243
192266
192289
192312
192335
192358
192381
192404
192426
192449
192472
192495
192518
192541
192564
192587
192609
192632
192655
192678
192701
192724
192747
192770
192793
192815
192838
192861
192884
192907
192930
192953
192976
192998
193021
193044
193067
193090
193113
193136
193159
193181
193204
193227
193250
193273
193296
193319
193342
193364
193387
193410
193433
193456
193479
193502
193525
193547
193570
193593
193616
193639
193662
193685
193708
193730
193753
193776
193799
193822
193845
193868
193891
193913
193936
193959
193982
194005
194028
194051
194074
194097
194119
194142
194165
194188
194211
194234
194257
194280
194302
194325
194348
194371
194394
194417
194440
194463
194485
194508
194531
194554
194577
194600
194623
194646
194668
194691
194714
194737
194760
194783
194806
194829
194851
194874
194897
194920
194943
194966
194989
195026
195051
195076
195101
195125
195150
195175
195200
195225
195249
195274
195299
195324
195348
195373
195398
195423
195448
195472
195497
195522
195547
195571
195596
195621
195646
195671
195695
195720
195745
195770
195794
195819
195844
195869
195894
195918
195943
195968
195993
196018
196042
196067
196092
196117
196141
196166
196191
196216
196241
196265
196290
196315
196340
196364
196389
196414
196439
196464
196488
196513
196538
196563
196587
196612
196637
196662
196687
196711
196736
196761
196786
196810
196835
196860
196885
196910
196934
196959
196984
197009
197034
197058
197083
197108
197133
197157
197182
197207
197232
197257
197281
197306
197331
197356
197380
197405
197430
197455
197480
197504
197529
197554
197579
197603
197628
197653
197678
197703
197727
197752
197777
197802
197826
197851
197876
197901
197926
197950
197975
198000
198025
198050
198074
198099
198124
198149
198173
198198
198223
198248
198273
198297
198322
198347
198372
198396
198421
198446
198471
198496
198520
198545
198570
198595
198619
198644
198669
198694
198719
198743
198768
198793
198818
198842
198867
198892
198917
198942
198966
198991
199016
199041
199066
199090
199115
199140
199165
199189
199214
199239
199264
199289
199313
199338
199363
199388
199412
199437
199462
199487
199512
199536
199561
199586
199611
199635
199660
199685
199710
199735
199759
199784
199809
199834
199858
199883
199908
199933
199958
199982
200025
200048
200071
200094
200117
200141
200164
200187
200210
200233
200256
200280
200303
200326
200349
200372
200396
200419
200442
200465
200488
200511
200535
200558
200581
200604
200627
200650
200674
200697
200720
200743
200766
200790
200813
200836
200859
200882
200905
200929
200952
200975
200998
201021
201044
201068
201091
201114
201137
201160
201184
201207
201230
201253
201276
201299
201323
201346
201369
201392
201415
201439
201462
201485
201508
201531
201554
201578
201601
201624
201647
201670
201693
201717
201740
201763
201786
201809
201833
201856
201879
201902
201925
201948
201972
201995
202018
202041
202064
202087
202111
202134
202157
202180
202203
202227
202250
202273
202296
202319
202342
202366
202389
202412
202435
202458
202482
202505
202528
202551
202574
202597
202621
202644
202667
202690
202713
202736
202760
202783
202806
202829
202852
202876
202899
202922
202945
202968
202991
203015
203038
203061
203084
203107
203130
203154
203177
203200
203223
203246
203270
203293
203316
203339
203362
203385
203409
203432
203455
203478
203501
203525
203548
203571
203594
203617
203640
203664
203687
203710
203733
203756
203779
203803
203826
203849
203872
203895
203919
203942
203965
203988
204011
204034
204058
204081
204104
204127
204150
204173
204197
204220
204243
204266
204289
204313
204336
204359
204382
204405
204428
204452
204475
204498
204521
204544
204567
204591
204614
204637
204660
204683
204707
204730
204753
204776
204799
204822
204846
204869
204892
204915
204938
204962
204985
205022
205043
205063
205084
205105
205125
205146
205167
205187
205208
205229
205249
205270
205291
205311
205332
205353
205373
205394
205415
205435
205456
205477
205497
205518
205539
205559
205580
205601
205621
205642
205663
205683
205704
205725
205745
205766
205787
205807
205828
205849
205869
205890
205911
205931
205952
205973
205993
206014
206035
206055
206076
206097
206117
206138
206159
206179
206200
206221
206241
206262
206283
206303
206324
206345
206365
206386
206407
206427
206448
206469
206489
206510
206531
206551
206572
206593
206613
206634
206655
206675
206696
206717
206737
206758
206779
206799
206820
206841
206861
206882
206903
206923
206944
206965
206985
207006
207027
207047
207068
207089
207109
207130
207151
207171
207192
207213
207233
207254
207275
207295
207316
207337
207357
207378
207399
207419
207440
207461
207481
207502
207523
207543
207564
207585
207605
207626
207647
207667
207688
207709
207729
207750
207771
207791
207812
207833
207853
207874
207895
207915
207936
207957
207977
207998
208019
208039
208060
208081
208101
208122
208143
208163
208184
208205
208225
208246
208267
208287
208308
208329
208349
208370
208391
208411
208432
208453
208473
208494
208515
208535
208556
208577
208597
208618
208639
208659
208680
208701
208721
208742
208763
208783
208804
208825
208845
208866
208887
208907
208928
208949
208969
208990
209011
209031
209052
209073
209093
209114
209135
209155
209176
209197
209217
209238
209259
209279
209300
209321
209341
209362
209383
209403
209424
209445
209465
209486
209507
209527
209548
209569
209589
209610
209631
209651
209672
209693
209713
209734
209755
209775
209796
209817
209837
209858
209879
209899
209920
209941
209961
209982
210022
210043
210063
210084
210105
210125
210146
210167
210187
210208
210228
210249
210270
210290
210311
210332
210352
210373
210394
210414
210435
210455
210476
210497
210517
210538
210559
210579
210600
210621
210641
210662
210682
210703
210724
210744
210765
210786
210806
210827
210848
210868
210889
210909
210930
210951
210971
210992
211013
211033
211054
211075
211095
211116
211136
211157
211178
211198
211219
211240
211260
211281
211302
211322
211343
211363
211384
211405
211425
211446
211467
211487
211508
211529
211549
211570
211590
211611
211632
211652
211673
211694
211714
211735
211756
211776
211797
211817
211838
211859
211879
211900
211921
211941
211962
211983
212003
212024
212044
212065
212086
212106
212127
212148
212168
212189
212210
212230
212251
212271
212292
212313
212333
212354
212375
212395
212416
212437
212457
212478
212498
212519
212540
212560
212581
212602
212622
212643
212664
212684
212705
212725
212746
212767
212787
212808
212829
212849
212870
212891
212911
212932
212952
212973
212994
213014
213035
213056
213076
213097
213118
213138
213159
213179
213200
213221
213241
213262
213283
213303
213324
213345
213365
213386
213406
213427
213448
213468
213489
213510
213530
213551
213572
213592
213613
213633
213654
213675
213695
213716
213737
213757
213778
213799
213819
213840
213860
213881
213902
213922
213943
213964
213984
214005
214026
214046
214067
214087
214108
214129
214149
214170
214191
214211
214232
214253
214273
214294
214314
214335
214356
214376
214397
214418
214438
214459
214480
214500
214521
214541
214562
214583
214603
214624
214645
214665
214686
214707
214727
214748
214768
214789
214810
214830
214851
214872
214892
214913
214934
214954
214975
214995
215023
215044
215065
215086
215107
215128
215149
215171
215192
215213
215234
215255
215276
215297
215318
215340
215361
215382
215403
215424
215445
215466
215488
215509
215530
215551
215572
215593
215614
215635
215657
215678
215699
215720
215741
215762
215783
215805
215826
215847
215868
215889
215910
215931
215952
215974
215995
216016
216037
216058
216079
216100
216121
216143
216164
216185
216206
216227
216248
216269
216291
216312
216333
216354
216375
216396
216417
216438
216460
216481
216502
216523
216544
216565
216586
216608
216629
216650
216671
216692
216713
216734
216755
216777
216798
216819
216840
216861
216882
216903
216925
216946
216967
216988
217009
217030
217051
217072
217094
217115
217136
217157
217178
217199
217220
217241
217263
217284
217305
217326
217347
217368
217389
217411
217432
217453
217474
217495
217516
217537
217558
217580
217601
217622
217643
217664
217685
217706
217728
217749
217770
217791
217812
217833
217854
217875
217897
217918
217939
217960
217981
218002
218023
218045
218066
218087
218108
218129
218150
218171
218192
218214
218235
218256
218277
218298
218319
218340
218361
218383
218404
218425
218446
218467
218488
218509
218531
218552
218573
218594
218615
218636
218657
218678
218700
218721
218742
218763
218784
218805
218826
218848
218869
218890
218911
218932
218953
218974
218995
219017
219038
219059
219080
219101
219122
219143
219164
219186
219207
219228
219249
219270
219291
219312
219334
219355
219376
219397
219418
219439
219460
219481
219503
219524
219545
219566
219587
219608
219629
219651
219672
219693
219714
219735
219756
219777
219798
219820
219841
219862
219883
219904
219925
219946
219968
219989
220145
220288
220432
220575
220719
220862
221006
221149
221293
221436
221580
221723
221866
222010
222153
222297
222440
222584
222727
222871
223014
223158
223301
223444
223588
223731
223875
224018
224162
224305
224449
224592
224736
224879
225026
225050
225074
225098
225122
225146
225170
225194
225218
225242
225266
225290
225314
225338
225362
225386
225410
225434
225458
225482
225506
225530
225554
225578
225602
225626
225650
225674
225698
225722
225746
225770
225794
225818
225842
225866
225890
225914
225938
225962
225986
226010
226034
226058
226082
226106
226130
226154
226178
226202
226226
226250
226274
226298
226322
226346
226370
226394
226418
226442
226466
226490
226514
226538
226562
226586
226610
226634
226658
226682
226706
226730
226754
226778
226802
226826
226850
226874
226898
226922
226946
226970
226994
227018
227042
227066
227090
227114
227138
227162
227186
227210
227234
227258
227283
227307
227331
227355
227379
227403
227427
227451
227475
227499
227523
227547
227571
227595
227619
227643
227667
227691
227715
227739
227763
227787
227811
227835
227859
227883
227907
227931
227955
227979
228003
228027
228051
228075
228099
228123
228147
228171
228195
228219
228243
228267
228291
228315
228339
228363
228387
228411
228435
228459
228483
228507
228531
228555
228579
228603
228627
228651
228675
228699
228723
228747
228771
228795
228819
228843
228867
228891
228915
228939
228963
228987
229011
229035
229059
229083
229107
229131
229155
229179
229203
229227
229251
229275
229299
229323
229347
229371
229395
229419
229443
229467
229491
229515
229539
229564
229588
229612
229636
229660
229684
229708
229732
229756
229780
229804
229828
229852
229876
229900
229924
229948
229972
229996
230022
230042
230062
230082
230102
230122
230142
230162
230182
230202
230222
230242
230262
230282
230302
230322
230342
230362
230382
230402
230422
230442
230462
230482
230502
230522
230542
230562
230582
230602
230622
230642
230662
230682
230702
230722
230742
230762
230782
230802
230822
230842
230862
230882
230902
230922
230942
230962
230982
231002
231022
231042
231062
231082
231102
231122
231142
231162
231182
231202
231222
231242
231262
231282
231302
231322
231342
231362
231382
231402
231422
231442
231462
231482
231502
231522
231542
231562
231582
231602
231622
231642
231662
231682
231702
231722
231742
231762
231782
231802
231822
231842
231862
231882
231902
231922
231942
231962
231982
232002
232022
232042
232062
232082
232102
232122
232142
232162
232182
232202
232222
232242
232262
232282
232302
232322
232342
232362
232382
232402
232422
232442
232462
232482
232502
232522
232542
232562
232582
232602
232622
232642
232662
232682
232702
232722
232742
232762
232782
232802
232822
232842
232862
232882
232902
232922
232942
232962
232982
233002
233022
233042
233062
233082
233102
233122
233142
233162
233182
233202
233222
233242
233262
233282
233302
233322
233342
233362
233382
233402
233422
233442
233462
233482
233502
233522
233542
233562
233582
233602
233622
233642
233662
233682
233702
233722
233742
233762
233782
233802
233822
233842
233862
233882
233902
233922
233942
233962
233982
234002
234022
234042
234062
234082
234102
234122
234142
234162
234182
234202
234222
234242
234262
234282
234302
234322
234342
234362
234382
234402
234422
234442
234462
234482
234502
234522
234542
234562
234582
234602
234622
234642
234662
234682
234702
234722
234742
234762
234782
234802
234822
234842
234862
234882
234902
234922
234942
234962
234982
235027
235053
235079
235105
235131
235157
235182
235208
235234
235260
235286
235312
235338
235363
235389
235415
235441
235467
235493
235518
235544
235570
235596
235622
235648
235674
235699
235725
235751
235777
235803
235829
235855
235880
235906
235932
235958
235984
236010
236035
236061
236087
236113
236139
236165
236191
236216
236242
236268
236294
236320
236346
236372
236397
236423
236449
236475
236501
236527
236552
236578
236604
236630
236656
236682
236708
236733
236759
236785
236811
236837
236863
236889
236914
236940
236966
236992
237018
237044
237069
237095
237121
237147
237173
237199
237225
237250
237276
237302
237328
237354
237380
237406
237431
237457
237483
237509
237535
237561
237586
237612
237638
237664
237690
237716
237742
237767
237793
237819
237845
237871
237897
237923
237948
237974
238000
238026
238052
238078
238103
238129
238155
238181
238207
238233
238259
238284
238310
238336
238362
238388
238414
238440
238465
238491
238517
238543
238569
238595
238620
238646
238672
238698
238724
238750
238776
238801
238827
238853
238879
238905
238931
238957
238982
239008
239034
239060
239086
239112
239137
239163
239189
239215
239241
239267
239293
239318
239344
239370
239396
239422
239448
239474
239499
239525
239551
239577
239603
239629
239654
239680
239706
239732
239758
239784
239810
239835
239861
239887
239913
239939
239965
239991
240022
240042
240062
240082
240102
240122
240142
240162
240183
240203
240223
240243
240263
240283
240303
240323
240343
240364
240384
240404
240424
240444
240464
240484
240504
240524
240545
240565
240585
240605
240625
240645
240665
240685
240705
240726
240746
240766
240786
240806
240826
240846
240866
240886
240907
240927
240947
240967
240987
241007
241027
241047
241068
241088
241108
241128
241148
241168
241188
241208
241228
241249
241269
241289
241309
241329
241349
241369
241389
241409
241430
241450
241470
241490
241510
241530
241550
241570
241590
241611
241631
241651
241671
241691
241711
241731
241751
241771
241792
241812
241832
241852
241872
241892
241912
241932
241952
241973
241993
242013
242033
242053
242073
242093
242113
242134
242154
242174
242194
242214
242234
242254
242274
242294
242315
242335
242355
242375
242395
242415
242435
242455
242475
242496
242516
242536
242556
242576
242596
242616
242636
242656
242677
242697
242717
242737
242757
242777
242797
242817
242837
242858
242878
242898
242918
242938
242958
242978
242998
243018
243039
243059
243079
243099
243119
243139
243159
243179
243200
243220
243240
243260
243280
243300
243320
243340
243360
243381
243401
243421
243441
243461
243481
243501
243521
243541
243562
243582
243602
243622
243642
243662
243682
243702
243722
243743
243763
243783
243803
243823
243843
243863
243883
243903
243924
243944
243964
243984
244004
244024
244044
244064
244085
244105
244125
244145
244165
244185
244205
244225
244245
244266
244286
244306
244326
244346
244366
244386
244406
244426
244447
244467
244487
244507
244527
244547
244567
244587
244607
244628
244648
244668
244688
244708
244728
244748
244768
244788
244809
244829
244849
244869
244889
244909
244929
244949
244969
244990
245022
245043
245064
245085
245105
245126
245147
245168
245188
245209
245230
245251
245271
245292
245313
245334
245354
245375
245396
245417
245438
245458
245479
245500
245521
245541
245562
245583
245604
245624
245645
245666
245687
245707
245728
245749
245770
245790
245811
245832
245853
245874
245894
245915
245936
245957
245977
245998
246019
246040
246060
246081
246102
246123
246143
246164
246185
246206
246226
246247
246268
246289
246310
246330
246351
246372
246393
246413
246434
246455
246476
246496
246517
246538
246559
246579
246600
246621
246642
246662
246683
246704
246725
246746
246766
246787
246808
246829
246849
246870
246891
246912
246932
246953
246974
246995
247015
247036
247057
247078
247098
247119
247140
247161
247182
247202
247223
247244
247265
247285
247306
247327
247348
247368
247389
247410
247431
247451
247472
247493
247514
247534
247555
247576
247597
247618
247638
247659
247680
247701
247721
247742
247763
247784
247804
247825
247846
247867
247887
247908
247929
247950
247970
247991
248012
248033
248054
248074
248095
248116
248137
248157
248178
248199
248220
248240
248261
248282
248303
248323
248344
248365
248386
248406
248427
248448
248469
248490
248510
248531
248552
248573
248593
248614
248635
248656
248676
248697
248718
248739
248759
248780
248801
248822
248842
248863
248884
248905
248926
248946
248967
248988
249009
249029
249050
249071
249092
249112
249133
249154
249175
249195
249216
249237
249258
249278
249299
249320
249341
249362
249382
249403
249424
249445
249465
249486
249507
249528
249548
249569
249590
249611
249631
249652
249673
249694
249714
249735
249756
249777
249798
249818
249839
249860
249881
249901
249922
249943
249964
249984
250022
250042
250062
250082
250102
250122
250143
250163
250183
250203
250223
250243
250263
250284
250304
250324
250344
250364
250384
250404
250425
250445
250465
250485
250505
250525
250545
250566
250586
250606
250626
250646
250666
250686
250707
250727
250747
250767
250787
250807
250827
250848
250868
250888
250908
250928
250948
250968
250989
251009
251029
251049
251069
251089
251109
251130
251150
251170
251190
251210
251230
251250
251271
251291
251311
251331
251351
251371
251391
251412
251432
251452
251472
251492
251512
251532
251553
251573
251593
251613
251633
251653
251673
251694
251714
251734
251754
251774
251794
251814
251835
251855
251875
251895
251915
251935
251955
251976
251996
252016
252036
252056
252076
252096
252117
252137
252157
252177
252197
252217
252237
252258
252278
252298
252318
252338
252358
252378
252399
252419
252439
252459
252479
252499
252519
252540
252560
252580
252600
252620
252640
252660
252681
252701
252721
252741
252761
252781
252801
252822
252842
252862
252882
252902
252922
252942
252963
252983
253003
253023
253043
253063
253083
253104
253124
253144
253164
253184
253204
253224
253245
253265
253285
253305
253325
253345
253365
253386
253406
253426
253446
253466
253486
253507
253527
253547
253567
253587
253607
253627
253648
253668
253688
253708
253728
253748
253768
253789
253809
253829
253849
253869
253889
253909
253930
253950
253970
253990
254010
254030
254050
254071
254091
254111
254131
254151
254171
254191
254212
254232
254252
254272
254292
254312
254332
254353
254373
254393
254413
254433
254453
254473
254494
254514
254534
254554
254574
254594
254614
254635
254655
254675
254695
254715
254735
254755
254776
254796
254816
254836
254856
254876
254896
254917
254937
254957
254977
254997
255024
255047
255070
255093
255116
255139
255162
255185
255208
255231
255254
255277
255300
255323
255346
255369
255392
255415
255438
255460
255483
255506
255529
255552
255575
255598
255621
255644
255667
255690
255713
255736
255759
255782
255805
255828
255851
255874
255897
255919
255942
255965
255988
256011
256034
256057
256080
256103
256126
256149
256172
256195
256218
256241
256264
256287
256310
256333
256356
256378
256401
256424
256447
256470
256493
256516
256539
256562
256585
256608
256631
256654
256677
256700
256723
256746
256769
256792
256815
256837
256860
256883
256906
256929
256952
256975
256998
257021
257044
257067
257090
257113
257136
257159
257182
257205
257228
257251
257274
257296
257319
257342
257365
257388
257411
257434
257457
257480
257503
257526
257549
257572
257595
257618
257641
257664
257687
257710
257733
257755
257778
257801
257824
257847
257870
257893
257916
257939
257962
257985
258008
258031
258054
258077
258100
258123
258146
258169
258192
258214
258237
258260
258283
258306
258329
258352
258375
258398
258421
258444
258467
258490
258513
258536
258559
258582
258605
258628
258651
258673
258696
258719
258742
258765
258788
258811
258834
258857
258880
258903
258926
258949
258972
258995
259018
259041
259064
259087
259110
259132
259155
259178
259201
259224
259247
259270
259293
259316
259339
259362
259385
259408
259431
259454
259477
259500
259523
259546
259569
259591
259614
259637
259660
259683
259706
259729
259752
259775
259798
259821
259844
259867
259890
259913
259936
259959
259982
260023
260045
260067
260089
260110
260132
260154
260176
260198
260219
260241
260263
260285
260306
260328
260350
260372
260394
260415
260437
260459
260481
260503
260524
260546
260568
260590
260611
260633
260655
260677
260699
260720
260742
260764
260786
260808
260829
260851
260873
260895
260916
260938
260960
260982
261004
261025
261047
261069
261091
261113
261134
261156
261178
261200
261221
261243
261265
261287
261309
261330
261352
261374
261396
261418
261439
261461
261483
261505
261526
261548
261570
261592
261614
261635
261657
261679
261701
261723
261744
261766
261788
261810
261831
261853
261875
261897
261919
261940
261962
261984
262006
262028
262049
262071
262093
262115
262136
262158
262180
262202
262224
262245
262267
262289
262311
262333
262354
262376
262398
262420
262441
262463
262485
262507
262529
262550
262572
262594
262616
262638
262659
262681
262703
262725
262746
262768
262790
262812
262834
262855
262877
262899
262921
262943
262964
262986
263008
263030
263051
263073
263095
263117
263139
263160
263182
263204
263226
263248
263269
263291
263313
263335
263356
263378
263400
263422
263444
263465
263487
263509
263531
263553
263574
263596
263618
263640
263661
263683
263705
263727
263749
263770
263792
263814
263836
263858
263879
263901
263923
263945
263966
263988
264010
264032
264054
264075
264097
264119
264141
264163
264184
264206
264228
264250
264271
264293
264315
264337
264359
264380
264402
264424
264446
264468
264489
264511
264533
264555
264576
264598
264620
264642
264664
264685
264707
264729
264751
264773
264794
264816
264838
264860
264881
264903
264925
264947
264969
264990
265022
265042
265062
265082
265102
265122
265142
265163
265183
265203
265223
265243
265263
265283
265304
265324
265344
265364
265384
265404
265424
265445
265465
265485
265505
265525
265545
265565
265586
265606
265626
265646
265666
265686
265706
265727
265747
265767
265787
265807
265827
265847
265868
265888
265908
265928
265948
265968
265988
266009
266029
266049
266069
266089
266109
266129
266150
266170
266190
266210
266230
266250
266270
266291
266311
266331
266351
266371
266391
266411
266432
266452
266472
266492
266512
266532
266552
266573
266593
266613
266633
266653
266673
266693
266714
266734
266754
266774
266794
266814
266834
266855
266875
266895
266915
266935
266955
266975
266995
267016
267036
267056
267076
267096
267116
267136
267157
267177
267197
267217
267237
267257
267277
267298
267318
267338
267358
267378
267398
267418
267439
267459
267479
267499
267519
267539
267559
267580
267600
267620
267640
267660
267680
267700
267721
267741
267761
267781
267801
267821
267841
267862
267882
267902
267922
267942
267962
267982
268003
268023
268043
268063
268083
268103
268123
268144
268164
268184
268204
268224
268244
268264
268285
268305
268325
268345
268365
268385
268405
268426
268446
268466
268486
268506
268526
268546
268567
268587
268607
268627
268647
268667
268687
268708
268728
268748
268768
268788
268808
268828
268848
268869
268889
268909
268929
268949
268969
268989
269010
269030
269050
269070
269090
269110
269130
269151
269171
269191
269211
269231
269251
269271
269292
269312
269332
269352
269372
269392
269412
269433
269453
269473
269493
269513
269533
269553
269574
269594
269614
269634
269654
269674
269694
269715
269735
269755
269775
269795
269815
269835
269856
269876
269896
269916
269936
269956
269976
269997
270022
270043
270063
270084
270105
270125
270146
270166
270187
270208
270228
270249
270270
270290
270311
270331
270352
270373
270393
270414
270434
270455
270476
270496
270517
270538
270558
270579
270599
270620
270641
270661
270682
270702
270723
270744
270764
270785
270806
270826
270847
270867
270888
270909
270929
270950
270970
270991
271012
271032
271053
271074
271094
271115
271135
271156
271177
271197
271218
271239
271259
271280
271300
271321
271342
271362
271383
271403
271424
271445
271465
271486
271507
271527
271548
271568
271589
271610
271630
271651
271671
271692
271713
271733
271754
271775
271795
271816
271836
271857
271878
271898
271919
271939
271960
271981
272001
272022
272043
272063
272084
272104
272125
272146
272166
272187
272207
272228
272249
272269
272290
272311
272331
272352
272372
272393
272414
272434
272455
272476
272496
272517
272537
272558
272579
272599
272620
272640
272661
272682
272702
272723
272744
272764
272785
272805
272826
272847
272867
272888
272908
272929
272950
272970
272991
273012
273032
273053
273073
273094
273115
273135
273156
273176
273197
273218
273238
273259
273280
273300
273321
273341
273362
273383
273403
273424
273445
273465
273486
273506
273527
273548
273568
273589
273609
273630
273651
273671
273692
273713
273733
273754
273774
273795
273816
273836
273857
273877
273898
273919
273939
273960
273981
274001
274022
274042
274063
274084
274104
274125
274145
274166
274187
274207
274228
274249
274269
274290
274310
274331
274352
274372
274393
274413
274434
274455
274475
274496
274517
274537
274558
274578
274599
274620
274640
274661
274682
274702
274723
274743
274764
274785
274805
274826
274846
274867
274888
274908
274929
274950
274970
274991
275022
275043
275063
275084
275104
275125
275146
275166
275187
275207
275228
275248
275269
275290
275310
275331
275351
275372
275392
275413
275434
275454
275475
275495
275516
275536
275557
275578
275598
275619
275639
275660
275680
275701
275722
275742
275763
275783
275804
275824
275845
275866
275886
275907
275927
275948
275968
275989
276010
276030
276051
276071
276092
276112
276133
276154
276174
276195
276215
276236
276256
276277
276298
276318
276339
276359
276380
276400
276421
276442
276462
276483
276503
276524
276544
276565
276586
276606
276627
276647
276668
276688
276709
276730
276750
276771
276791
276812
276832
276853
276874
276894
276915
276935
276956
276977
276997
277018
277038
277059
277079
277100
277121
277141
277162
277182
277203
277223
277244
277265
277285
277306
277326
277347
277367
277388
277409
277429
277450
277470
277491
277511
277532
277553
277573
277594
277614
277635
277655
277676
277697
277717
277738
277758
277779
277799
277820
277841
277861
277882
277902
277923
277943
277964
277985
278005
278026
278046
278067
278087
278108
278129
278149
278170
278190
278211
278231
278252
278273
278293
278314
278334
278355
278375
278396
278417
278437
278458
278478
278499
278519
278540
278561
278581
278602
278622
278643
278663
278684
278705
278725
278746
278766
278787
278807
278828
278849
278869
278890
278910
278931
278952
278972
278993
279013
279034
279054
279075
279096
279116
279137
279157
279178
279198
279219
279240
279260
279281
279301
279322
279342
279363
279384
279404
279425
279445
279466
279486
279507
279528
279548
279569
279589
279610
279630
279651
279672
279692
279713
279733
279754
279774
279795
279816
279836
279857
279877
279898
279918
279939
279960
279980
280001
280022
280042
280062
280082
280102
280122
280142
280162
280182
280202
280222
280242
280262
280282
280302
280322
280342
280362
280382
280402
280422
280442
280462
280482
280502
280522
280542
280562
280582
280602
280622
280642
280662
280682
280702
280722
280742
280762
280782
280802
280822
280842
280862
280882
280902
280922
280942
280962
280982
281002
281022
281042
281062
281082
281102
281122
281142
281162
281182
281202
281222
281242
281262
281282
281302
281322
281342
281362
281382
281402
281422
281442
281462
281482
281502
281522
281542
281562
281582
281602
281622
281643
281663
281683
281703
281723
281743
281763
281783
281803
281823
281843
281863
281883
281903
281923
281943
281963
281983
282003
282023
282043
282063
282083
282103
282123
282143
282163
282183
282203
282223
282243
282263
282283
282303
282323
282343
282363
282383
282403
282423
282443
282463
282483
282503
282523
282543
282563
282583
282603
282623
282643
282663
282683
282703
282723
282743
282763
282783
282803
282823
282843
282863
282883
282903
282923
282943
282963
282983
283003
283023
283043
283063
283083
283103
283123
283143
283163
283183
283203
283223
283243
283264
283284
283304
283324
283344
283364
283384
283404
283424
283444
283464
283484
283504
283524
283544
283564
283584
283604
283624
283644
283664
283684
283704
283724
283744
283764
283784
283804
283824
283844
283864
283884
283904
283924
283944
283964
283984
284004
284024
284044
284064
284084
284104
284124
284144
284164
284184
284204
284224
284244
284264
284284
284304
284324
284344
284364
284384
284404
284424
284444
284464
284484
284504
284524
284544
284564
284584
284604
284624
284644
284664
284684
284704
284724
284744
284764
284784
284804
284824
284844
284864
284885
284905
284925
284945
284965
284985
285021
285041
285061
285081
285101
285121
285141
285161
285181
285201
285221
285241
285261
285281
285301
285321
285341
285361
285381
285401
285421
285441
285460
285480
285500
285520
285540
285560
285580
285600
285620
285640
285660
285680
285700
285720
285740
285760
285780
285800
285820
285840
285860
285880
285899
285919
285939
285959
285979
285999
286019
286039
286059
286079
286099
286119
286139
286159
286179
286199
286219
286239
286259
286279
286299
286319
286339
286358
286378
286398
286418
286438
286458
286478
286498
286518
286538
286558
286578
286598
286618
286638
286658
286678
286698
286718
286738
286758
286778
286797
286817
286837
286857
286877
286897
286917
286937
286957
286977
286997
287017
287037
287057
287077
287097
287117
287137
287157
287177
287197
287217
287237
287256
287276
287296
287316
287336
287356
287376
287396
287416
287436
287456
287476
287496
287516
287536
287556
287576
287596
287616
287636
287656
287676
287695
287715
287735
287755
287775
287795
287815
287835
287855
287875
287895
287915
287935
287955
287975
287995
288015
288035
288055
288075
288095
288115
288135
288154
288174
288194
288214
288234
288254
288274
288294
288314
288334
288354
288374
288394
288414
288434
288454
288474
288494
288514
288534
288554
288574
288593
288613
288633
288653
288673
288693
288713
288733
288753
288773
288793
288813
288833
288853
288873
288893
288913
288933
288953
288973
288993
289013
289032
289052
289072
289092
289112
289132
289152
289172
289192
289212
289232
289252
289272
289292
289312
289332
289352
289372
289392
289412
289432
289452
289472
289491
289511
289531
289551
289571
289591
289611
289631
289651
289671
289691
289711
289731
289751
289771
289791
289811
289831
289851
289871
289891
289911
289930
289950
289970
289990
290026
290051
290076
290100
290125
290150
290174
290199
290224
290248
290273
290298
290323
290347
290372
290397
290421
290446
290471
290495
290520
290545
290570
290594
290619
290644
290668
290693
290718
290742
290767
290792
290817
290841
290866
290891
290915
290940
290965
290989
291014
291039
291064
291088
291113
291138
291162
291187
291212
291236
291261
291286
291311
291335
291360
291385
291409
291434
291459
291483
291508
291533
291558
291582
291607
291632
291656
291681
291706
291730
291755
291780
291805
291829
291854
291879
291903
291928
291953
291977
292002
292027
292052
292076
292101
292126
292150
292175
292200
292224
292249
292274
292299
292323
292348
292373
292397
292422
292447
292471
292496
292521
292545
292570
292595
292620
292644
292669
292694
292718
292743
292768
292792
292817
292842
292867
292891
292916
292941
292965
292990
293015
293039
293064
293089
293114
293138
293163
293188
293212
293237
293262
293286
293311
293336
293361
293385
293410
293435
293459
293484
293509
293533
293558
293583
293608
293632
293657
293682
293706
293731
293756
293780
293805
293830
293855
293879
293904
293929
293953
293978
294003
294027
294052
294077
294102
294126
294151
294176
294200
294225
294250
294274
294299
294324
294349
294373
294398
294423
294447
294472
294497
294521
294546
294571
294596
294620
294645
294670
294694
294719
294744
294768
294793
294818
294843
294867
294892
294917
294941
294966
294991
295022
295042
295063
295083
295104
295124
295145
295165
295186
295206
295227
295247
295268
295288
295309
295329
295350
295370
295391
295411
295432
295452
295473
295493
295514
295534
295555
295575
295596
295616
295637
295657
295678
295698
295719
295739
295760
295780
295800
295821
295841
295862
295882
295903
295923
295944
295964
295985
296005
296026
296046
296067
296087
296108
296128
296149
296169
296190
296210
296231
296251
296272
296292
296313
296333
296354
296374
296395
296415
296436
296456
296477
296497
296518
296538
296559
296579
296599
296620
296640
296661
296681
296702
296722
296743
296763
296784
296804
296825
296845
296866
296886
296907
296927
296948
296968
296989
297009
297030
297050
297071
297091
297112
297132
297153
297173
297194
297214
297235
297255
297276
297296
297317
297337
297357
297378
297398
297419
297439
297460
297480
297501
297521
297542
297562
297583
297603
297624
297644
297665
297685
297706
297726
297747
297767
297788
297808
297829
297849
297870
297890
297911
297931
297952
297972
297993
298013
298034
298054
298075
298095
298116
298136
298156
298177
298197
298218
298238
298259
298279
298300
298320
298341
298361
298382
298402
298423
298443
298464
298484
298505
298525
298546
298566
298587
298607
298628
298648
298669
298689
298710
298730
298751
298771
298792
298812
298833
298853
298874
298894
298914
298935
298955
298976
298996
299017
299037
299058
299078
299099
299119
299140
299160
299181
299201
299222
299242
299263
299283
299304
299324
299345
299365
299386
299406
299427
299447
299468
299488
299509
299529
299550
299570
299591
299611
299632
299652
299673
299693
299713
299734
299754
299775
299795
299816
299836
299857
299877
299898
299918
299939
299959
299980
300000
300022
300042
300062
300082
300102
300122
300142
300162
300183
300203
300223
300243
300263
300283
300303
300323
300344
300364
300384
300404
300424
300444
300464
300484
300505
300525
300545
300565
300585
300605
300625
300645
300665
300686
300706
300726
300746
300766
300786
300806
300826
300847
300867
300887
300907
300927
300947
300967
300987
301008
301028
301048
301068
301088
301108
301128
301148
301168
301189
301209
301229
301249
301269
301289
301309
301329
301350
301370
301390
301410
301430
301450
301470
301490
301511
301531
301551
301571
301591
301611
301631
301651
301671
301692
301712
301732
301752
301772
301792
301812
301832
301853
301873
301893
301913
301933
301953
301973
301993
302014
302034
302054
302074
302094
302114
302134
302154
302175
302195
302215
302235
302255
302275
302295
302315
302335
302356
302376
302396
302416
302436
302456
302476
302496
302517
302537
302557
302577
302597
302617
302637
302657
302678
302698
302718
302738
302758
302778
302798
302818
302838
302859
302879
302899
302919
302939
302959
302979
302999
303020
303040
303060
303080
303100
303120
303140
303160
303181
303201
303221
303241
303261
303281
303301
303321
303341
303362
303382
303402
303422
303442
303462
303482
303502
303523
303543
303563
303583
303603
303623
303643
303663
303684
303704
303724
303744
303764
303784
303804
303824
303844
303865
303885
303905
303925
303945
303965
303985
304005
304026
304046
304066
304086
304106
304126
304146
304166
304187
304207
304227
304247
304267
304287
304307
304327
304348
304368
304388
304408
304428
304448
304468
304488
304508
304529
304549
304569
304589
304609
304629
304649
304669
304690
304710
304730
304750
304770
304790
304810
304830
304851
304871
304891
304911
304931
304951
304971
304991
305021
305041
305061
305081
305101
305121
305141
305161
305181
305201
305221
305241
305261
305281
305301
305321
305340
305360
305380
305400
305420
305440
305460
305480
305500
305520
305540
305560
305580
305600
305620
305640
305660
305679
305699
305719
305739
305759
305779
305799
305819
305839
305859
305879
305899
305919
305939
305959
305979
305999
306018
306038
306058
306078
306098
306118
306138
306158
306178
306198
306218
306238
306258
306278
306298
306318
306337
306357
306377
306397
306417
306437
306457
306477
306497
306517
306537
306557
306577
306597
306617
306637
306657
306676
306696
306716
306736
306756
306776
306796
306816
306836
306856
306876
306896
306916
306936
306956
306976
306996
307015
307035
307055
307075
307095
307115
307135
307155
307175
307195
307215
307235
307255
307275
307295
307315
307335
307354
307374
307394
307414
307434
307454
307474
307494
307514
307534
307554
307574
307594
307614
307634
307654
307673
307693
307713
307733
307753
307773
307793
307813
307833
307853
307873
307893
307913
307933
307953
307973
307993
308012
308032
308052
308072
308092
308112
308132
308152
308172
308192
308212
308232
308252
308272
308292
308312
308332
308351
308371
308391
308411
308431
308451
308471
308491
308511
308531
308551
308571
308591
308611
308631
308651
308670
308690
308710
308730
308750
308770
308790
308810
308830
308850
308870
308890
308910
308930
308950
308970
308990
309009
309029
309049
309069
309089
309109
309129
309149
309169
309189
309209
309229
309249
309269
309289
309309
309329
309348
309368
309388
309408
309428
309448
309468
309488
309508
309528
309548
309568
309588
309608
309628
309648
309668
309687
309707
309727
309747
309767
309787
309807
309827
309847
309867
309887
309907
309927
309947
309967
309987
310022
310042
310063
310083
310103
310124
310144
310165
310185
310205
310226
310246
310266
310287
310307
310328
310348
310368
310389
310409
310430
310450
310470
310491
310511
310531
310552
310572
310593
310613
310633
310654
310674
310695
310715
310735
310756
310776
310796
310817
310837
310858
310878
310898
310919
310939
310960
310980
311000
311021
311041
311061
311082
311102
311123
311143
311163
311184
311204
311224
311245
311265
311286
311306
311326
311347
311367
311388
311408
311428
311449
311469
311489
311510
311530
311551
311571
311591
311612
311632
311653
311673
311693
311714
311734
311754
311775
311795
311816
311836
311856
311877
311897
311918
311938
311958
311979
311999
312019
312040
312060
312081
312101
312121
312142
312162
312183
312203
312223
312244
312264
312284
312305
312325
312346
312366
312386
312407
312427
312447
312468
312488
312509
312529
312549
312570
312590
312611
312631
312651
312672
312692
312712
312733
312753
312774
312794
312814
312835
312855
312876
312896
312916
312937
312957
312977
312998
313018
313039
313059
313079
313100
313120
313141
313161
313181
313202
313222
313242
313263
313283
313304
313324
313344
313365
313385
313405
313426
313446
313467
313487
313507
313528
313548
313569
313589
313609
313630
313650
313670
313691
313711
313732
313752
313772
313793
313813
313834
313854
313874
313895
313915
313935
313956
313976
313997
314017
314037
314058
314078
314099
314119
314139
314160
314180
314200
314221
314241
314262
314282
314302
314323
314343
314364
314384
314404
314425
314445
314465
314486
314506
314527
314547
314567
314588
314608
314628
314649
314669
314690
314710
314730
314751
314771
314792
314812
314832
314853
314873
314893
314914
314934
314955
314975
314995
315022
315043
315063
315084
315105
315125
315146
315167
315187
315208
315229
315249
315270
315291
315311
315332
315352
315373
315394
315414
315435
315456
315476
315497
315518
315538
315559
315580
315600
315621
315642
315662
315683
315703
315724
315745
315765
315786
315807
315827
315848
315869
315889
315910
315931
315951
315972
315992
316013
316034
316054
316075
316096
316116
316137
316158
316178
316199
316220
316240
316261
316282
316302
316323
316343
316364
316385
316405
316426
316447
316467
316488
316509
316529
316550
316571
316591
316612
316632
316653
316674
316694
316715
316736
316756
316777
316798
316818
316839
316860
316880
316901
316922
316942
316963
316983
317004
317025
317045
317066
317087
317107
317128
317149
317169
317190
317211
317231
317252
317273
317293
317314
317334
317355
317376
317396
317417
317438
317458
317479
317500
317520
317541
317562
317582
317603
317623
317644
317665
317685
317706
317727
317747
317768
317789
317809
317830
317851
317871
317892
317913
317933
317954
317974
317995
318016
318036
318057
318078
318098
318119
318140
318160
318181
318202
318222
318243
318263
318284
318305
318325
318346
318367
318387
318408
318429
318449
318470
318491
318511
318532
318553
318573
318594
318614
318635
318656
318676
318697
318718
318738
318759
318780
318800
318821
318842
318862
318883
318904
318924
318945
318965
318986
319007
319027
319048
319069
319089
319110
319131
319151
319172
319193
319213
319234
319254
319275
319296
319316
319337
319358
319378
319399
319420
319440
319461
319482
319502
319523
319544
319564
319585
319605
319626
319647
319667
319688
319709
319729
319750
319771
319791
319812
319833
319853
319874
319894
319915
319936
319956
319977
319998
