0
24
47
69
92
114
137
160
182
205
227
250
273
295
318
340
363
386
408
431
453
476
499
521
544
566
589
612
634
657
679
702
725
747
770
792
815
838
860
883
905
928
951
973
996
1018
1041
1064
1086
1109
1131
1154
1177
1199
1222
1244
1267
1289
1312
1335
1357
1380
1402
1425
1448
1470
1493
1515
1538
1561
1583
1606
1628
1651
1674
1696
1719
1741
1764
1787
1809
1832
1854
1877
1900
1922
1945
1967
1990
2013
2035
2058
2080
2103
2126
2148
2171
2193
2216
2239
2261
2284
2306
2329
2352
2374
2397
2419
2442
2464
2487
2510
2532
2555
2577
2600
2623
2645
2668
2690
2713
2736
2758
2781
2803
2826
2849
2871
2894
2916
2939
2962
2984
3007
3029
3052
3075
3097
3120
3142
3165
3188
3210
3233
3255
3278
3301
3323
3346
3368
3391
3414
3436
3459
3481
3504
3527
3549
3572
3594
3617
3640
3662
3685
3707
3730
3752
3775
3798
3820
3843
3865
3888
3911
3933
3956
3978
4001
4024
4046
4069
4091
4114
4137
4159
4182
4204
4227
4250
4272
4295
4317
4340
4363
4385
4408
4430
4453
4476
4498
4521
4543
4566
4589
4611
4634
4656
4679
4702
4724
4747
4769
4792
4815
4837
4860
4882
4905
4927
4950
4973
4995
5024
5047
5070
5092
5115
5138
5160
5183
5206
5228
5251
5274
5296
5319
5342
5364
5387
5410
5432
5455
5478
5500
5523
5546
5568
5591
5614
5636
5659
5682
5704
5727
5750
5772
5795
5818
5840
5863
5886
5908
5931
5954
5976
5999
6022
6044
6067
6090
6112
6135
6158
6180
6203
6226
6248
6271
6294
6316
6339
6362
6384
6407
6430
6453
6475
6498
6521
6543
6566
6589
6611
6634
6657
6679
6702
6725
6747
6770
6793
6815
6838
6861
6883
6906
6929
6951
6974
6997
7019
7042
7065
7087
7110
7133
7155
7178
7201
7223
7246
7269
7291
7314
7337
7359
7382
7405
7427
7450
7473
7495
7518
7541
7563
7586
7609
7631
7654
7677
7699
7722
7745
7767
7790
7813
7835
7858
7881
7904
7926
7949
7972
7994
8017
8040
8062
8085
8108
8130
8153
8176
8198
8221
8244
8266
8289
8312
8334
8357
8380
8402
8425
8448
8470
8493
8516
8538
8561
8584
8606
8629
8652
8674
8697
8720
8742
8765
8788
8810
8833
8856
8878
8901
8924
8946
8969
8992
9014
9037
9060
9082
9105
9128
9150
9173
9196
9218
9241
9264
9286
9309
9332
9355
9377
9400
9423
9445
9468
9491
9513
9536
9559
9581
9604
9627
9649
9672
9695
9717
9740
9763
9785
9808
9831
9853
9876
9899
9921
9944
9967
9989
10024
10047
10069
10092
10115
10137
10160
10182
10205
10228
10250
10273
10296
10318
10341
10363
10386
10409
10431
10454
10477
10499
10522
10544
10567
10590
10612
10635
10658
10680
10703
10725
10748
10771
10793
10816
10839
10861
10884
10906
10929
10952
10974
10997
11020
11042
11065
11087
11110
11133
11155
11178
11201
11223
11246
11268
11291
11314
11336
11359
11382
11404
11427
11449
11472
11495
11517
11540
11563
11585
11608
11630
11653
11676
11698
11721
11744
11766
11789
11811
11834
11857
11879
11902
11925
11947
11970
11992
12015
12038
12060
12083
12106
12128
12151
12173
12196
12219
12241
12264
12287
12309
12332
12354
12377
12400
12422
12445
12468
12490
12513
12535
12558
12581
12603
12626
12649
12671
12694
12716
12739
12762
12784
12807
12830
12852
12875
12897
12920
12943
12965
12988
13011
13033
13056
13078
13101
13124
13146
13169
13192
13214
13237
13259
13282
13305
13327
13350
13373
13395
13418
13440
13463
13486
13508
13531
13554
13576
13599
13621
13644
13667
13689
13712
13735
13757
13780
13802
13825
13848
13870
13893
13916
13938
13961
13983
14006
14029
14051
14074
14097
14119
14142
14164
14187
14210
14232
14255
14278
14300
14323
14345
14368
14391
14413
14436
14459
14481
14504
14526
14549
14572
14594
14617
14640
14662
14685
14707
14730
14753
14775
14798
14821
14843
14866
14888
14911
14934
14956
14979
15024
15047
15069
15092
15114
15137
15159
15182
15204
15227
15249
15272
15294
15317
15339
15362
15385
15407
15430
15452
15475
15497
15520
15542
15565
15587
15610
15632
15655
15677
15700
15722
15745
15768
15790
15813
15835
15858
15880
15903
15925
15948
15970
15993
16015
16038
16060
16083
16105
16128
16151
16173
16196
16218
16241
16263
16286
16308
16331
16353
16376
16398
16421
16443
16466
16488
16511
16534
16556
16579
16601
16624
16646
16669
16691
16714
16736
16759
16781
16804
16826
16849
16871
16894
16917
16939
16962
16984
17007
17029
17052
17074
17097
17119
17142
17164
17187
17209
17232
17254
17277
17300
17322
17345
17367
17390
17412
17435
17457
17480
17502
17525
17547
17570
17592
17615
17637
17660
17683
17705
17728
17750
17773
17795
17818
17840
17863
17885
17908
17930
17953
17975
17998
18020
18043
18066
18088
18111
18133
18156
18178
18201
18223
18246
18268
18291
18313
18336
18358
18381
18403
18426
18449
18471
18494
18516
18539
18561
18584
18606
18629
18651
18674
18696
18719
18741
18764
18786
18809
18832
18854
18877
18899
18922
18944
18967
18989
19012
19034
19057
19079
19102
19124
19147
19169
19192
19215
19237
19260
19282
19305
19327
19350
19372
19395
19417
19440
19462
19485
19507
19530
19553
19575
19598
19620
19643
19665
19688
19710
19733
19755
19778
19800
19823
19845
19868
19890
19913
19936
19958
19981
20025
20048
20071
20094
20117
20141
20164
20187
20210
20233
20257
20280
20303
20326
20349
20373
20396
20419
20442
20465
20489
20512
20535
20558
20581
20605
20628
20651
20674
20697
20720
20744
20767
20790
20813
20836
20860
20883
20906
20929
20952
20976
20999
21022
21045
21068
21092
21115
21138
21161
21184
21208
21231
21254
21277
21300
21323
21347
21370
21393
21416
21439
21463
21486
21509
21532
21555
21579
21602
21625
21648
21671
21695
21718
21741
21764
21787
21811
21834
21857
21880
21903
21926
21950
21973
21996
22019
22042
22066
22089
22112
22135
22158
22182
22205
22228
22251
22274
22298
22321
22344
22367
22390
22414
22437
22460
22483
22506
22529
22553
22576
22599
22622
22645
22669
22692
22715
22738
22761
22785
22808
22831
22854
22877
22901
22924
22947
22970
22993
23017
23040
23063
23086
23109
23132
23156
23179
23202
23225
23248
23272
23295
23318
23341
23364
23388
23411
23434
23457
23480
23504
23527
23550
23573
23596
23620
23643
23666
23689
23712
23735
23759
23782
23805
23828
23851
23875
23898
23921
23944
23967
23991
24014
24037
24060
24083
24107
24130
24153
24176
24199
24223
24246
24269
24292
24315
24338
24362
24385
24408
24431
24454
24478
24501
24524
24547
24570
24594
24617
24640
24663
24686
24710
24733
24756
24779
24802
24826
24849
24872
24895
24918
24941
24965
24988
25025
25048
25072
25095
25119
25142
25166
25189
25212
25236
25259
25283
25306
25330
25353
25377
25400
25423
25447
25470
25494
25517
25541
25564
25587
25611
25634
25658
25681
25705
25728
25752
25775
25798
25822
25845
25869
25892
25916
25939
25962
25986
26009
26033
26056
26080
26103
26127
26150
26173
26197
26220
26244
26267
26291
26314
26338
26361
26384
26408
26431
26455
26478
26502
26525
26548
26572
26595
26619
26642
26666
26689
26713
26736
26759
26783
26806
26830
26853
26877
26900
26923
26947
26970
26994
27017
27041
27064
27088
27111
27134
27158
27181
27205
27228
27252
27275
27299
27322
27345
27369
27392
27416
27439
27463
27486
27509
27533
27556
27580
27603
27627
27650
27674
27697
27720
27744
27767
27791
27814
27838
27861
27884
27908
27931
27955
27978
28002
28025
28049
28072
28095
28119
28142
28166
28189
28213
28236
28260
28283
28306
28330
28353
28377
28400
28424
28447
28470
28494
28517
28541
28564
28588
28611
28635
28658
28681
28705
28728
28752
28775
28799
28822
28845
28869
28892
28916
28939
28963
28986
29010
29033
29056
29080
29103
29127
29150
29174
29197
29220
29244
29267
29291
29314
29338
29361
29385
29408
29431
29455
29478
29502
29525
29549
29572
29596
29619
29642
29666
29689
29713
29736
29760
29783
29806
29830
29853
29877
29900
29924
29947
29971
29994
30024
30047
30069
30092
30115
30137
30160
30182
30205
30228
30250
30273
30295
30318
30341
30363
30386
30408
30431
30454
30476
30499
30521
30544
30567
30589
30612
30635
30657
30680
30702
30725
30748
30770
30793
30815
30838
30861
30883
30906
30928
30951
30974
30996
31019
31041
31064
31087
31109
31132
31154
31177
31200
31222
31245
31268
31290
31313
31335
31358
31381
31403
31426
31448
31471
31494
31516
31539
31561
31584
31607
31629
31652
31674
31697
31720
31742
31765
31787
31810
31833
31855
31878
31901
31923
31946
31968
31991
32014
32036
32059
32081
32104
32127
32149
32172
32194
32217
32240
32262
32285
32307
32330
32353
32375
32398
32420
32443
32466
32488
32511
32534
32556
32579
32601
32624
32647
32669
32692
32714
32737
32760
32782
32805
32827
32850
32873
32895
32918
32940
32963
32986
33008
33031
33053
33076
33099
33121
33144
33167
33189
33212
33234
33257
33280
33302
33325
33347
33370
33393
33415
33438
33460
33483
33506
33528
33551
33573
33596
33619
33641
33664
33687
33709
33732
33754
33777
33800
33822
33845
33867
33890
33913
33935
33958
33980
34003
34026
34048
34071
34093
34116
34139
34161
34184
34206
34229
34252
34274
34297
34320
34342
34365
34387
34410
34433
34455
34478
34500
34523
34546
34568
34591
34613
34636
34659
34681
34704
34726
34749
34772
34794
34817
34839
34862
34885
34907
34930
34953
34975
34998
35025
35049
35073
35097
35120
35144
35168
35192
35215
35239
35263
35287
35310
35334
35358
35382
35405
35429
35453
35477
35500
35524
35548
35572
35595
35619
35643
35667
35690
35714
35738
35762
35786
35809
35833
35857
35881
35904
35928
35952
35976
35999
36023
36047
36071
36094
36118
36142
36166
36189
36213
36237
36261
36284
36308
36332
36356
36379
36403
36427
36451
36475
36498
36522
36546
36570
36593
36617
36641
36665
36688
36712
36736
36760
36783
36807
36831
36855
36878
36902
36926
36950
36973
36997
37021
37045
37068
37092
37116
37140
37164
37187
37211
37235
37259
37282
37306
37330
37354
37377
37401
37425
37449
37472
37496
37520
37544
37567
37591
37615
37639
37662
37686
37710
37734
37757
37781
37805
37829
37853
37876
37900
37924
37948
37971
37995
38019
38043
38066
38090
38114
38138
38161
38185
38209
38233
38256
38280
38304
38328
38351
38375
38399
38423
38446
38470
38494
38518
38542
38565
38589
38613
38637
38660
38684
38708
38732
38755
38779
38803
38827
38850
38874
38898
38922
38945
38969
38993
39017
39040
39064
39088
39112
39135
39159
39183
39207
39231
39254
39278
39302
39326
39349
39373
39397
39421
39444
39468
39492
39516
39539
39563
39587
39611
39634
39658
39682
39706
39729
39753
39777
39801
39824
39848
39872
39896
39920
39943
39967
39991
40024
40047
40070
40093
40116
40139
40162
40185
40208
40231
40254
40277
40300
40323
40346
40369
40392
40415
40438
40461
40484
40507
40530
40552
40575
40598
40621
40644
40667
40690
40713
40736
40759
40782
40805
40828
40851
40874
40897
40920
40943
40966
40989
41012
41035
41058
41080
41103
41126
41149
41172
41195
41218
41241
41264
41287
41310
41333
41356
41379
41402
41425
41448
41471
41494
41517
41540
41563
41586
41609
41631
41654
41677
41700
41723
41746
41769
41792
41815
41838
41861
41884
41907
41930
41953
41976
41999
42022
42045
42068
42091
42114
42137
42159
42182
42205
42228
42251
42274
42297
42320
42343
42366
42389
42412
42435
42458
42481
42504
42527
42550
42573
42596
42619
42642
42665
42688
42710
42733
42756
42779
42802
42825
42848
42871
42894
42917
42940
42963
42986
43009
43032
43055
43078
43101
43124
43147
43170
43193
43216
43238
43261
43284
43307
43330
43353
43376
43399
43422
43445
43468
43491
43514
43537
43560
43583
43606
43629
43652
43675
43698
43721
43744
43766
43789
43812
43835
43858
43881
43904
43927
43950
43973
43996
44019
44042
44065
44088
44111
44134
44157
44180
44203
44226
44249
44272
44295
44317
44340
44363
44386
44409
44432
44455
44478
44501
44524
44547
44570
44593
44616
44639
44662
44685
44708
44731
44754
44777
44800
44823
44845
44868
44891
44914
44937
44960
44983
45024
45047
45070
45092
45115
45138
45161
45183
45206
45229
45252
45274
45297
45320
45343
45365
45388
45411
45433
45456
45479
45502
45524
45547
45570
45593
45615
45638
45661
45684
45706
45729
45752
45775
45797
45820
45843
45865
45888
45911
45934
45956
45979
46002
46025
46047
46070
46093
46116
46138
46161
46184
46207
46229
46252
46275
46297
46320
46343
46366
46388
46411
46434
46457
46479
46502
46525
46548
46570
46593
46616
46639
46661
46684
46707
46729
46752
46775
46798
46820
46843
46866
46889
46911
46934
46957
46980
47002
47025
47048
47071
47093
47116
47139
47161
47184
47207
47230
47252
47275
47298
47321
47343
47366
47389
47412
47434
47457
47480
47503
47525
47548
47571
47593
47616
47639
47662
47684
47707
47730
47753
47775
47798
47821
47844
47866
47889
47912
47935
47957
47980
48003
48025
48048
48071
48094
48116
48139
48162
48185
48207
48230
48253
48276
48298
48321
48344
48367
48389
48412
48435
48457
48480
48503
48526
48548
48571
48594
48617
48639
48662
48685
48708
48730
48753
48776
48799
48821
48844
48867
48889
48912
48935
48958
48980
49003
49026
49049
49071
49094
49117
49140
49162
49185
49208
49231
49253
49276
49299
49321
49344
49367
49390
49412
49435
49458
49481
49503
49526
49549
49572
49594
49617
49640
49663
49685
49708
49731
49753
49776
49799
49822
49844
49867
49890
49913
49935
49958
49981
50025
50048
50071
50094
50117
50140
50163
50187
50210
50233
50256
50279
50302
50325
50348
50372
50395
50418
50441
50464
50487
50510
50533
50557
50580
50603
50626
50649
50672
50695
50718
50742
50765
50788
50811
50834
50857
50880
50903
50927
50950
50973
50996
51019
51042
51065
51089
51112
51135
51158
51181
51204
51227
51250
51274
51297
51320
51343
51366
51389
51412
51435
51459
51482
51505
51528
51551
51574
51597
51620
51644
51667
51690
51713
51736
51759
51782
51805
51829
51852
51875
51898
51921
51944
51967
51991
52014
52037
52060
52083
52106
52129
52152
52176
52199
52222
52245
52268
52291
52314
52337
52361
52384
52407
52430
52453
52476
52499
52522
52546
52569
52592
52615
52638
52661
52684
52707
52731
52754
52777
52800
52823
52846
52869
52893
52916
52939
52962
52985
53008
53031
53054
53078
53101
53124
53147
53170
53193
53216
53239
53263
53286
53309
53332
53355
53378
53401
53424
53448
53471
53494
53517
53540
53563
53586
53609
53633
53656
53679
53702
53725
53748
53771
53795
53818
53841
53864
53887
53910
53933
53956
53980
54003
54026
54049
54072
54095
54118
54141
54165
54188
54211
54234
54257
54280
54303
54326
54350
54373
54396
54419
54442
54465
54488
54511
54535
54558
54581
54604
54627
54650
54673
54696
54720
54743
54766
54789
54812
54835
54858
54882
54905
54928
54951
54974
54997
55024
55047
55070
55093
55116
55139
55162
55185
55208
55231
55254
55277
55300
55323
55346
55369
55392
55415
55438
55461
55484
55507
55530
55552
55575
55598
55621
55644
55667
55690
55713
55736
55759
55782
55805
55828
55851
55874
55897
55920
55943
55966
55989
56012
56035
56058
56080
56103
56126
56149
56172
56195
56218
56241
56264
56287
56310
56333
56356
56379
56402
56425
56448
56471
56494
56517
56540
56563
56586
56609
56631
56654
56677
56700
56723
56746
56769
56792
56815
56838
56861
56884
56907
56930
56953
56976
56999
57022
57045
57068
57091
57114
57137
57159
57182
57205
57228
57251
57274
57297
57320
57343
57366
57389
57412
57435
57458
57481
57504
57527
57550
57573
57596
57619
57642
57665
57688
57710
57733
57756
57779
57802
57825
57848
57871
57894
57917
57940
57963
57986
58009
58032
58055
58078
58101
58124
58147
58170
58193
58216
58238
58261
58284
58307
58330
58353
58376
58399
58422
58445
58468
58491
58514
58537
58560
58583
58606
58629
58652
58675
58698
58721
58744
58766
58789
58812
58835
58858
58881
58904
58927
58950
58973
58996
59019
59042
59065
59088
59111
59134
59157
59180
59203
59226
59249
59272
59295
59317
59340
59363
59386
59409
59432
59455
59478
59501
59524
59547
59570
59593
59616
59639
59662
59685
59708
59731
59754
59777
59800
59823
59845
59868
59891
59914
59937
59960
59983
60024
60047
60070
60092
60115
60138
60160
60183
60206
60228
60251
60274
60296
60319
60342
60364
60387
60410
60432
60455
60478
60500
60523
60546
60568
60591
60614
60637
60659
60682
60705
60727
60750
60773
60795
60818
60841
60863
60886
60909
60931
60954
60977
60999
61022
61045
61067
61090
61113
61135
61158
61181
61203
61226
61249
61272
61294
61317
61340
61362
61385
61408
61430
61453
61476
61498
61521
61544
61566
61589
61612
61634
61657
61680
61702
61725
61748
61770
61793
61816
61839
61861
61884
61907
61929
61952
61975
61997
62020
62043
62065
62088
62111
62133
62156
62179
62201
62224
62247
62269
62292
62315
62337
62360
62383
62405
62428
62451
62474
62496
62519
62542
62564
62587
62610
62632
62655
62678
62700
62723
62746
62768
62791
62814
62836
62859
62882
62904
62927
62950
62972
62995
63018
63041
63063
63086
63109
63131
63154
63177
63199
63222
63245
63267
63290
63313
63335
63358
63381
63403
63426
63449
63471
63494
63517
63539
63562
63585
63607
63630
63653
63676
63698
63721
63744
63766
63789
63812
63834
63857
63880
63902
63925
63948
63970
63993
64016
64038
64061
64084
64106
64129
64152
64174
64197
64220
64243
64265
64288
64311
64333
64356
64379
64401
64424
64447
64469
64492
64515
64537
64560
64583
64605
64628
64651
64673
64696
64719
64741
64764
64787
64809
64832
64855
64878
64900
64923
64946
64968
64991
65024
65047
65070
65092
65115
65138
65160
65183
65206
65228
65251
65274
65296
65319
65342
65364
65387
65410
65432
65455
65478
65500
65523
65546
65568
65591
65614
65637
65659
65682
65705
65727
65750
65773
65795
65818
65841
65863
65886
65909
65931
65954
65977
65999
66022
66045
66067
66090
66113
66135
66158
66181
66203
66226
66249
66272
66294
66317
66340
66362
66385
66408
66430
66453
66476
66498
66521
66544
66566
66589
66612
66634
66657
66680
66702
66725
66748
66770
66793
66816
66839
66861
66884
66907
66929
66952
66975
66997
67020
67043
67065
67088
67111
67133
67156
67179
67201
67224
67247
67269
67292
67315
67337
67360
67383
67405
67428
67451
67474
67496
67519
67542
67564
67587
67610
67632
67655
67678
67700
67723
67746
67768
67791
67814
67836
67859
67882
67904
67927
67950
67972
67995
68018
68041
68063
68086
68109
68131
68154
68177
68199
68222
68245
68267
68290
68313
68335
68358
68381
68403
68426
68449
68471
68494
68517
68539
68562
68585
68607
68630
68653
68676
68698
68721
68744
68766
68789
68812
68834
68857
68880
68902
68925
68948
68970
68993
69016
69038
69061
69084
69106
69129
69152
69174
69197
69220
69243
69265
69288
69311
69333
69356
69379
69401
69424
69447
69469
69492
69515
69537
69560
69583
69605
69628
69651
69673
69696
69719
69741
69764
69787
69809
69832
69855
69878
69900
69923
69946
69968
69991
70024
70047
70070
70093
70116
70139
70161
70184
70207
70230
70253
70276
70298
70321
70344
70367
70390
70413
70436
70458
70481
70504
70527
70550
70573
70595
70618
70641
70664
70687
70710
70733
70755
70778
70801
70824
70847
70870
70892
70915
70938
70961
70984
71007
71030
71052
71075
71098
71121
71144
71167
71189
71212
71235
71258
71281
71304
71326
71349
71372
71395
71418
71441
71464
71486
71509
71532
71555
71578
71601
71623
71646
71669
71692
71715
71738
71761
71783
71806
71829
71852
71875
71898
71920
71943
71966
71989
72012
72035
72058
72080
72103
72126
72149
72172
72195
72217
72240
72263
72286
72309
72332
72354
72377
72400
72423
72446
72469
72492
72514
72537
72560
72583
72606
72629
72651
72674
72697
72720
72743
72766
72789
72811
72834
72857
72880
72903
72926
72948
72971
72994
73017
73040
73063
73086
73108
73131
73154
73177
73200
73223
73245
73268
73291
73314
73337
73360
73382
73405
73428
73451
73474
73497
73520
73542
73565
73588
73611
73634
73657
73679
73702
73725
73748
73771
73794
73817
73839
73862
73885
73908
73931
73954
73976
73999
74022
74045
74068
74091
74114
74136
74159
74182
74205
74228
74251
74273
74296
74319
74342
74365
74388
74410
74433
74456
74479
74502
74525
74548
74570
74593
74616
74639
74662
74685
74707
74730
74753
74776
74799
74822
74845
74867
74890
74913
74936
74959
74982
75024
75047
75070
75093
75116
75139
75162
75185
75208
75231
75254
75277
75300
75323
75346
75369
75392
75415
75438
75461
75484
75507
75529
75552
75575
75598
75621
75644
75667
75690
75713
75736
75759
75782
75805
75828
75851
75874
75897
75920
75943
75966
75989
76012
76035
76057
76080
76103
76126
76149
76172
76195
76218
76241
76264
76287
76310
76333
76356
76379
76402
76425
76448
76471
76494
76517
76540
76563
76585
76608
76631
76654
76677
76700
76723
76746
76769
76792
76815
76838
76861
76884
76907
76930
76953
76976
76999
77022
77045
77068
77090
77113
77136
77159
77182
77205
77228
77251
77274
77297
77320
77343
77366
77389
77412
77435
77458
77481
77504
77527
77550
77573
77596
77618
77641
77664
77687
77710
77733
77756
77779
77802
77825
77848
77871
77894
77917
77940
77963
77986
78009
78032
78055
78078
78101
78124
78146
78169
78192
78215
78238
78261
78284
78307
78330
78353
78376
78399
78422
78445
78468
78491
78514
78537
78560
78583
78606
78629
78651
78674
78697
78720
78743
78766
78789
78812
78835
78858
78881
78904
78927
78950
78973
78996
79019
79042
79065
79088
79111
79134
79157
79179
79202
79225
79248
79271
79294
79317
79340
79363
79386
79409
79432
79455
79478
79501
79524
79547
79570
79593
79616
79639
79662
79685
79707
79730
79753
79776
79799
79822
79845
79868
79891
79914
79937
79960
79983
80024
80047
80070
80093
80116
80139
80162
80185
80207
80230
80253
80276
80299
80322
80345
80368
80390
80413
80436
80459
80482
80505
80528
80551
80574
80596
80619
80642
80665
80688
80711
80734
80757
80779
80802
80825
80848
80871
80894
80917
80940
80963
80985
81008
81031
81054
81077
81100
81123
81146
81168
81191
81214
81237
81260
81283
81306
81329
81352
81374
81397
81420
81443
81466
81489
81512
81535
81557
81580
81603
81626
81649
81672
81695
81718
81740
81763
81786
81809
81832
81855
81878
81901
81924
81946
81969
81992
82015
82038
82061
82084
82107
82129
82152
82175
82198
82221
82244
82267
82290
82313
82335
82358
82381
82404
82427
82450
82473
82496
82518
82541
82564
82587
82610
82633
82656
82679
82702
82724
82747
82770
82793
82816
82839
82862
82885
82907
82930
82953
82976
82999
83022
83045
83068
83091
83113
83136
83159
83182
83205
83228
83251
83274
83296
83319
83342
83365
83388
83411
83434
83457
83479
83502
83525
83548
83571
83594
83617
83640
83663
83685
83708
83731
83754
83777
83800
83823
83846
83868
83891
83914
83937
83960
83983
84006
84029
84052
84074
84097
84120
84143
84166
84189
84212
84235
84257
84280
84303
84326
84349
84372
84395
84418
84441
84463
84486
84509
84532
84555
84578
84601
84624
84646
84669
84692
84715
84738
84761
84784
84807
84830
84852
84875
84898
84921
84944
84967
84990
85025
85048
85071
85095
85118
85141
85165
85188
85211
85234
85258
85281
85304
85328
85351
85374
85398
85421
85444
85467
85491
85514
85537
85561
85584
85607
85631
85654
85677
85700
85724
85747
85770
85794
85817
85840
85863
85887
85910
85933
85957
85980
86003
86027
86050
86073
86096
86120
86143
86166
86190
86213
86236
86260
86283
86306
86329
86353
86376
86399
86423
86446
86469
86493
86516
86539
86562
86586
86609
86632
86656
86679
86702
86725
86749
86772
86795
86819
86842
86865
86889
86912
86935
86958
86982
87005
87028
87052
87075
87098
87122
87145
87168
87191
87215
87238
87261
87285
87308
87331
87354
87378
87401
87424
87448
87471
87494
87518
87541
87564
87587
87611
87634
87657
87681
87704
87727
87751
87774
87797
87820
87844
87867
87890
87914
87937
87960
87984
88007
88030
88053
88077
88100
88123
88147
88170
88193
88216
88240
88263
88286
88310
88333
88356
88380
88403
88426
88449
88473
88496
88519
88543
88566
88589
88613
88636
88659
88682
88706
88729
88752
88776
88799
88822
88845
88869
88892
88915
88939
88962
88985
89009
89032
89055
89078
89102
89125
89148
89172
89195
89218
89242
89265
89288
89311
89335
89358
89381
89405
89428
89451
89475
89498
89521
89544
89568
89591
89614
89638
89661
89684
89707
89731
89754
89777
89801
89824
89847
89871
89894
89917
89940
89964
89987
90025
90048
90071
90094
90117
90140
90163
90186
90209
90233
90256
90279
90302
90325
90348
90371
90394
90417
90440
90464
90487
90510
90533
90556
90579
90602
90625
90648
90671
90695
90718
90741
90764
90787
90810
90833
90856
90879
90903
90926
90949
90972
90995
91018
91041
91064
91087
91110
91134
91157
91180
91203
91226
91249
91272
91295
91318
91341
91365
91388
91411
91434
91457
91480
91503
91526
91549
91573
91596
91619
91642
91665
91688
91711
91734
91757
91780
91804
91827
91850
91873
91896
91919
91942
91965
91988
92011
92035
92058
92081
92104
92127
92150
92173
92196
92219
92243
92266
92289
92312
92335
92358
92381
92404
92427
92450
92474
92497
92520
92543
92566
92589
92612
92635
92658
92681
92705
92728
92751
92774
92797
92820
92843
92866
92889
92912
92936
92959
92982
93005
93028
93051
93074
93097
93120
93144
93167
93190
93213
93236
93259
93282
93305
93328
93351
93375
93398
93421
93444
93467
93490
93513
93536
93559
93582
93606
93629
93652
93675
93698
93721
93744
93767
93790
93814
93837
93860
93883
93906
93929
93952
93975
93998
94021
94045
94068
94091
94114
94137
94160
94183
94206
94229
94252
94276
94299
94322
94345
94368
94391
94414
94437
94460
94484
94507
94530
94553
94576
94599
94622
94645
94668
94691
94715
94738
94761
94784
94807
94830
94853
94876
94899
94922
94946
94969
94992
95024
95047
95070
95093
95116
95138
95161
95184
95207
95230
95252
95275
95298
95321
95344
95366
95389
95412
95435
95458
95480
95503
95526
95549
95572
95594
95617
95640
95663
95686
95708
95731
95754
95777
95800
95822
95845
95868
95891
95914
95936
95959
95982
96005
96028
96050
96073
96096
96119
96142
96164
96187
96210
96233
96256
96278
96301
96324
96347
96370
96392
96415
96438
96461
96484
96506
96529
96552
96575
96598
96620
96643
96666
96689
96712
96734
96757
96780
96803
96826
96848
96871
96894
96917
96940
96962
96985
97008
97031
97054
97076
97099
97122
97145
97168
97190
97213
97236
97259
97282
97304
97327
97350
97373
97396
97418
97441
97464
97487
97510
97532
97555
97578
97601
97624
97646
97669
97692
97715
97738
97760
97783
97806
97829
97852
97874
97897
97920
97943
97966
97988
98011
98034
98057
98080
98102
98125
98148
98171
98194
98216
98239
98262
98285
98308
98330
98353
98376
98399
98422
98444
98467
98490
98513
98536
98558
98581
98604
98627
98650
98672
98695
98718
98741
98764
98786
98809
98832
98855
98878
98900
98923
98946
98969
98992
99014
99037
99060
99083
99106
99128
99151
99174
99197
99220
99242
99265
99288
99311
99334
99356
99379
99402
99425
99448
99470
99493
99516
99539
99562
99584
99607
99630
99653
99676
99698
99721
99744
99767
99790
99812
99835
99858
99881
99904
99926
99949
99972
99995
100028
100054
100080
100106
100133
100159
100185
100211
100237
100264
100290
100316
100342
100369
100395
100421
100447
100473
100500
100526
100552
100578
100605
100631
100657
100683
100709
100736
100762
100788
100814
100841
100867
100893
100919
100945
100972
100998
101024
101050
101077
101103
101129
101155
101181
101208
101234
101260
101286
101313
101339
101365
101391
101417
101444
101470
101496
101522
101548
101575
101601
101627
101653
101680
101706
101732
101758
101784
101811
101837
101863
101889
101916
101942
101968
101994
102020
102047
102073
102099
102125
102152
102178
102204
102230
102256
102283
102309
102335
102361
102388
102414
102440
102466
102492
102519
102545
102571
102597
102624
102650
102676
102702
102728
102755
102781
102807
102833
102860
102886
102912
102938
102964
102991
103017
103043
103069
103095
103122
103148
103174
103200
103227
103253
103279
103305
103331
103358
103384
103410
103436
103463
103489
103515
103541
103567
103594
103620
103646
103672
103699
103725
103751
103777
103803
103830
103856
103882
103908
103935
103961
103987
104013
104039
104066
104092
104118
104144
104171
104197
104223
104249
104275
104302
104328
104354
104380
104407
104433
104459
104485
104511
104538
104564
104590
104616
104642
104669
104695
104721
104747
104774
104800
104826
104852
104878
104905
104931
104957
104983
105024
105047
105070
105092
105115
105138
105160
105183
105206
105228
105251
105274
105296
105319
105342
105364
105387
105410
105432
105455
105478
105500
105523
105546
105568
105591
105614
105636
105659
105682
105704
105727
105750
105772
105795
105818
105840
105863
105886
105908
105931
105954
105976
105999
106022
106044
106067
106090
106112
106135
106158
106180
106203
106226
106248
106271
106294
106316
106339
106362
106384
106407
106430
106453
106475
106498
106521
106543
106566
106589
106611
106634
106657
106679
106702
106725
106747
106770
106793
106815
106838
106861
106883
106906
106929
106951
106974
106997
107019
107042
107065
107087
107110
107133
107155
107178
107201
107223
107246
107269
107291
107314
107337
107359
107382
107405
107427
107450
107473
107495
107518
107541
107563
107586
107609
107631
107654
107677
107699
107722
107745
107767
107790
107813
107835
107858
107881
107904
107926
107949
107972
107994
108017
108040
108062
108085
108108
108130
108153
108176
108198
108221
108244
108266
108289
108312
108334
108357
108380
108402
108425
108448
108470
108493
108516
108538
108561
108584
108606
108629
108652
108674
108697
108720
108742
108765
108788
108810
108833
108856
108878
108901
108924
108946
108969
108992
109014
109037
109060
109082
109105
109128
109150
109173
109196
109218
109241
109264
109286
109309
109332
109355
109377
109400
109423
109445
109468
109491
109513
109536
109559
109581
109604
109627
109649
109672
109695
109717
109740
109763
109785
109808
109831
109853
109876
109899
109921
109944
109967
109989
110024
110047
110070
110092
110115
110138
110160
110183
110206
110228
110251
110274
110296
110319
110342
110364
110387
110410
110432
110455
110478
110500
110523
110546
110568
110591
110614
110636
110659
110682
110704
110727
110750
110772
110795
110818
110840
110863
110886
110908
110931
110954
110976
110999
111022
111044
111067
111090
111112
111135
111158
111180
111203
111226
111248
111271
111294
111316
111339
111362
111384
111407
111430
111452
111475
111498
111520
111543
111566
111588
111611
111634
111656
111679
111702
111724
111747
111770
111792
111815
111838
111860
111883
111906
111928
111951
111974
111996
112019
112042
112064
112087
112110
112132
112155
112178
112200
112223
112246
112268
112291
112314
112336
112359
112382
112404
112427
112450
112472
112495
112518
112540
112563
112586
112608
112631
112654
112676
112699
112722
112744
112767
112790
112812
112835
112858
112880
112903
112926
112948
112971
112994
113016
113039
113062
113084
113107
113130
113152
113175
113198
113220
113243
113266
113288
113311
113334
113356
113379
113402
113424
113447
113470
113492
113515
113538
113560
113583
113606
113628
113651
113674
113696
113719
113742
113764
113787
113810
113832
113855
113878
113900
113923
113946
113968
113991
114014
114036
114059
114082
114104
114127
114150
114172
114195
114218
114240
114263
114286
114308
114331
114354
114376
114399
114422
114444
114467
114490
114512
114535
114558
114580
114603
114626
114648
114671
114694
114716
114739
114762
114784
114807
114830
114852
114875
114898
114920
114943
114966
114988
115024
115046
115068
115090
115113
115135
115157
115179
115201
115224
115246
115268
115290
115313
115335
115357
115379
115401
115424
115446
115468
115490
115513
115535
115557
115579
115601
115624
115646
115668
115690
115713
115735
115757
115779
115801
115824
115846
115868
115890
115913
115935
115957
115979
116001
116024
116046
116068
116090
116113
116135
116157
116179
116201
116224
116246
116268
116290
116312
116335
116357
116379
116401
116424
116446
116468
116490
116512
116535
116557
116579
116601
116624
116646
116668
116690
116712
116735
116757
116779
116801
116824
116846
116868
116890
116912
116935
116957
116979
117001
117024
117046
117068
117090
117112
117135
117157
117179
117201
117224
117246
117268
117290
117312
117335
117357
117379
117401
117423
117446
117468
117490
117512
117535
117557
117579
117601
117623
117646
117668
117690
117712
117735
117757
117779
117801
117823
117846
117868
117890
117912
117935
117957
117979
118001
118023
118046
118068
118090
118112
118135
118157
118179
118201
118223
118246
118268
118290
118312
118335
118357
118379
118401
118423
118446
118468
118490
118512
118535
118557
118579
118601
118623
118646
118668
118690
118712
118734
118757
118779
118801
118823
118846
118868
118890
118912
118934
118957
118979
119001
119023
119046
119068
119090
119112
119134
119157
119179
119201
119223
119246
119268
119290
119312
119334
119357
119379
119401
119423
119446
119468
119490
119512
119534
119557
119579
119601
119623
119646
119668
119690
119712
119734
119757
119779
119801
119823
119845
119868
119890
119912
119934
119957
119979
120001
120024
120047
120070
120092
120115
120138
120160
120183
120206
120229
120251
120274
120297
120319
120342
120365
120387
120410
120433
120456
120478
120501
120524
120546
120569
120592
120615
120637
120660
120683
120705
120728
120751
120773
120796
120819
120842
120864
120887
120910
120932
120955
120978
121001
121023
121046
121069
121091
121114
121137
121159
121182
121205
121228
121250
121273
121296
121318
121341
121364
121387
121409
121432
121455
121477
121500
121523
121545
121568
121591
121614
121636
121659
121682
121704
121727
121750
121773
121795
121818
121841
121863
121886
121909
121931
121954
121977
122000
122022
122045
122068
122090
122113
122136
122159
122181
122204
122227
122249
122272
122295
122317
122340
122363
122386
122408
122431
122454
122476
122499
122522
122545
122567
122590
122613
122635
122658
122681
122703
122726
122749
122772
122794
122817
122840
122862
122885
122908
122931
122953
122976
122999
123021
123044
123067
123089
123112
123135
123158
123180
123203
123226
123248
123271
123294
123317
123339
123362
123385
123407
123430
123453
123475
123498
123521
123544
123566
123589
123612
123634
123657
123680
123703
123725
123748
123771
123793
123816
123839
123861
123884
123907
123930
123952
123975
123998
124020
124043
124066
124089
124111
124134
124157
124179
124202
124225
124247
124270
124293
124316
124338
124361
124384
124406
124429
124452
124475
124497
124520
124543
124565
124588
124611
124633
124656
124679
124702
124724
124747
124770
124792
124815
124838
124861
124883
124906
124929
124951
124974
124997
125024
125046
125068
125090
125112
125135
125157
125179
125201
125223
125246
125268
125290
125312
125334
125357
125379
125401
125423
125445
125468
125490
125512
125534
125556
125579
125601
125623
125645
125667
125690
125712
125734
125756
125778
125800
125823
125845
125867
125889
125911
125934
125956
125978
126000
126022
126045
126067
126089
126111
126133
126156
126178
126200
126222
126244
126267
126289
126311
126333
126355
126378
126400
126422
126444
126466
126488
126511
126533
126555
126577
126599
126622
126644
126666
126688
126710
126733
126755
126777
126799
126821
126844
126866
126888
126910
126932
126955
126977
126999
127021
127043
127066
127088
127110
127132
127154
127176
127199
127221
127243
127265
127287
127310
127332
127354
127376
127398
127421
127443
127465
127487
127509
127532
127554
127576
127598
127620
127643
127665
127687
127709
127731
127754
127776
127798
127820
127842
127865
127887
127909
127931
127953
127975
127998
128020
128042
128064
128086
128109
128131
128153
128175
128197
128220
128242
128264
128286
128308
128331
128353
128375
128397
128419
128442
128464
128486
128508
128530
128553
128575
128597
128619
128641
128663
128686
128708
128730
128752
128774
128797
128819
128841
128863
128885
128908
128930
128952
128974
128996
129019
129041
129063
129085
129107
129130
129152
129174
129196
129218
129241
129263
129285
129307
129329
129351
129374
129396
129418
129440
129462
129485
129507
129529
129551
129573
129596
129618
129640
129662
129684
129707
129729
129751
129773
129795
129818
129840
129862
129884
129906
129929
129951
129973
129995
130024
130046
130068
130090
130113
130135
130157
130179
130202
130224
130246
130268
130290
130313
130335
130357
130379
130402
130424
130446
130468
130491
130513
130535
130557
130579
130602
130624
130646
130668
130691
130713
130735
130757
130779
130802
130824
130846
130868
130891
130913
130935
130957
130980
131002
131024
131046
131068
131091
131113
131135
131157
131180
131202
131224
131246
131268
131291
131313
131335
131357
131380
131402
131424
131446
131469
131491
131513
131535
131557
131580
131602
131624
131646
131669
131691
131713
131735
131758
131780
131802
131824
131846
131869
131891
131913
131935
131958
131980
132002
132024
132046
132069
132091
132113
132135
132158
132180
132202
132224
132247
132269
132291
132313
132335
132358
132380
132402
132424
132447
132469
132491
132513
132535
132558
132580
132602
132624
132647
132669
132691
132713
132736
132758
132780
132802
132824
132847
132869
132891
132913
132936
132958
132980
133002
133025
133047
133069
133091
133113
133136
133158
133180
133202
133225
133247
133269
133291
133313
133336
133358
133380
133402
133425
133447
133469
133491
133514
133536
133558
133580
133602
133625
133647
133669
133691
133714
133736
133758
133780
133802
133825
133847
133869
133891
133914
133936
133958
133980
134003
134025
134047
134069
134091
134114
134136
134158
134180
134203
134225
134247
134269
134292
134314
134336
134358
134380
134403
134425
134447
134469
134492
134514
134536
134558
134580
134603
134625
134647
134669
134692
134714
134736
134758
134781
134803
134825
134847
134869
134892
134914
134936
134958
134981
135024
135046
135068
135090
135113
135135
135157
135179
135202
135224
135246
135268
135291
135313
135335
135357
135380
135402
135424
135446
135469
135491
135513
135535
135558
135580
135602
135624
135646
135669
135691
135713
135735
135758
135780
135802
135824
135847
135869
135891
135913
135936
135958
135980
136002
136025
136047
136069
136091
136114
136136
136158
136180
136203
136225
136247
136269
136291
136314
136336
136358
136380
136403
136425
136447
136469
136492
136514
136536
136558
136581
136603
136625
136647
136670
136692
136714
136736
136759
136781
136803
136825
136847
136870
136892
136914
136936
136959
136981
137003
137025
137048
137070
137092
137114
137137
137159
137181
137203
137226
137248
137270
137292
137315
137337
137359
137381
137404
137426
137448
137470
137492
137515
137537
137559
137581
137604
137626
137648
137670
137693
137715
137737
137759
137782
137804
137826
137848
137871
137893
137915
137937
137960
137982
138004
138026
138048
138071
138093
138115
138137
138160
138182
138204
138226
138249
138271
138293
138315
138338
138360
138382
138404
138427
138449
138471
138493
138516
138538
138560
138582
138605
138627
138649
138671
138693
138716
138738
138760
138782
138805
138827
138849
138871
138894
138916
138938
138960
138983
139005
139027
139049
139072
139094
139116
139138
139161
139183
139205
139227
139249
139272
139294
139316
139338
139361
139383
139405
139427
139450
139472
139494
139516
139539
139561
139583
139605
139628
139650
139672
139694
139717
139739
139761
139783
139806
139828
139850
139872
139894
139917
139939
139961
139983
140024
140046
140068
140091
140113
140135
140157
140180
140202
140224
140247
140269
140291
140313
140336
140358
140380
140403
140425
140447
140469
140492
140514
140536
140559
140581
140603
140625
140648
140670
140692
140715
140737
140759
140781
140804
140826
140848
140871
140893
140915
140937
140960
140982
141004
141027
141049
141071
141093
141116
141138
141160
141182
141205
141227
141249
141272
141294
141316
141338
141361
141383
141405
141428
141450
141472
141494
141517
141539
141561
141584
141606
141628
141650
141673
141695
141717
141740
141762
141784
141806
141829
141851
141873
141896
141918
141940
141962
141985
142007
142029
142052
142074
142096
142118
142141
142163
142185
142208
142230
142252
142274
142297
142319
142341
142363
142386
142408
142430
142453
142475
142497
142519
142542
142564
142586
142609
142631
142653
142675
142698
142720
142742
142765
142787
142809
142831
142854
142876
142898
142921
142943
142965
142987
143010
143032
143054
143077
143099
143121
143143
143166
143188
143210
143233
143255
143277
143299
143322
143344
143366
143388
143411
143433
143455
143478
143500
143522
143544
143567
143589
143611
143634
143656
143678
143700
143723
143745
143767
143790
143812
143834
143856
143879
143901
143923
143946
143968
143990
144012
144035
144057
144079
144102
144124
144146
144168
144191
144213
144235
144258
144280
144302
144324
144347
144369
144391
144414
144436
144458
144480
144503
144525
144547
144569
144592
144614
144636
144659
144681
144703
144725
144748
144770
144792
144815
144837
144859
144881
144904
144926
144948
144971
144993
145024
145046
145069
145091
145114
145136
145158
145181
145203
145226
145248
145270
145293
145315
145338
145360
145382
145405
145427
145450
145472
145494
145517
145539
145562
145584
145607
145629
145651
145674
145696
145719
145741
145763
145786
145808
145831
145853
145875
145898
145920
145943
145965
145987
146010
146032
146055
146077
146100
146122
146144
146167
146189
146212
146234
146256
146279
146301
146324
146346
146368
146391
146413
146436
146458
146480
146503
146525
146548
146570
146593
146615
146637
146660
146682
146705
146727
146749
146772
146794
146817
146839
146861
146884
146906
146929
146951
146973
146996
147018
147041
147063
147086
147108
147130
147153
147175
147198
147220
147242
147265
147287
147310
147332
147354
147377
147399
147422
147444
147466
147489
147511
147534
147556
147579
147601
147623
147646
147668
147691
147713
147735
147758
147780
147803
147825
147847
147870
147892
147915
147937
147959
147982
148004
148027
148049
148072
148094
148116
148139
148161
148184
148206
148228
148251
148273
148296
148318
148340
148363
148385
148408
148430
148452
148475
148497
148520
148542
148565
148587
148609
148632
148654
148677
148699
148721
148744
148766
148789
148811
148833
148856
148878
148901
148923
148945
148968
148990
149013
149035
149058
149080
149102
149125
149147
149170
149192
149214
149237
149259
149282
149304
149326
149349
149371
149394
149416
149438
149461
149483
149506
149528
149551
149573
149595
149618
149640
149663
149685
149707
149730
149752
149775
149797
149819
149842
149864
149887
149909
149931
149954
149976
149999
150024
150046
150069
150091
150114
150136
150159
150181
150203
150226
150248
150271
150293
150316
150338
150360
150383
150405
150428
150450
150473
150495
150517
150540
150562
150585
150607
150630
150652
150674
150697
150719
150742
150764
150787
150809
150831
150854
150876
150899
150921
150944
150966
150989
151011
151033
151056
151078
151101
151123
151146
151168
151190
151213
151235
151258
151280
151303
151325
151347
151370
151392
151415
151437
151460
151482
151504
151527
151549
151572
151594
151617
151639
151661
151684
151706
151729
151751
151774
151796
151819
151841
151863
151886
151908
151931
151953
151976
151998
152020
152043
152065
152088
152110
152133
152155
152177
152200
152222
152245
152267
152290
152312
152334
152357
152379
152402
152424
152447
152469
152491
152514
152536
152559
152581
152604
152626
152649
152671
152693
152716
152738
152761
152783
152806
152828
152850
152873
152895
152918
152940
152963
152985
153007
153030
153052
153075
153097
153120
153142
153164
153187
153209
153232
153254
153277
153299
153321
153344
153366
153389
153411
153434
153456
153479
153501
153523
153546
153568
153591
153613
153636
153658
153680
153703
153725
153748
153770
153793
153815
153837
153860
153882
153905
153927
153950
153972
153994
154017
154039
154062
154084
154107
154129
154151
154174
154196
154219
154241
154264
154286
154309
154331
154353
154376
154398
154421
154443
154466
154488
154510
154533
154555
154578
154600
154623
154645
154667
154690
154712
154735
154757
154780
154802
154824
154847
154869
154892
154914
154937
154959
154981
155026
155051
155076
155101
155125
155150
155175
155200
155225
155249
155274
155299
155324
155349
155373
155398
155423
155448
155473
155497
155522
155547
155572
155597
155621
155646
155671
155696
155721
155745
155770
155795
155820
155845
155869
155894
155919
155944
155969
155993
156018
156043
156068
156093
156117
156142
156167
156192
156217
156241
156266
156291
156316
156341
156365
156390
156415
156440
156465
156489
156514
156539
156564
156589
156613
156638
156663
156688
156713
156737
156762
156787
156812
156837
156861
156886
156911
156936
156961
156985
157010
157035
157060
157085
157109
157134
157159
157184
157209
157233
157258
157283
157308
157333
157357
157382
157407
157432
157457
157481
157506
157531
157556
157581
157605
157630
157655
157680
157705
157729
157754
157779
157804
157829
157853
157878
157903
157928
157953
157977
158002
158027
158052
158077
158101
158126
158151
158176
158201
158225
158250
158275
158300
158325
158349
158374
158399
158424
158448
158473
158498
158523
158548
158572
158597
158622
158647
158672
158696
158721
158746
158771
158796
158820
158845
158870
158895
158920
158944
158969
158994
159019
159044
159068
159093
159118
159143
159168
159192
159217
159242
159267
159292
159316
159341
159366
159391
159416
159440
159465
159490
159515
159540
159564
159589
159614
159639
159664
159688
159713
159738
159763
159788
159812
159837
159862
159887
159912
159936
159961
159986
160024
160046
160069
160091
160114
160136
160159
160181
160204
160226
160249
160271
160294
160316
160339
160361
160384
160406
160429
160451
160473
160496
160518
160541
160563
160586
160608
160631
160653
160676
160698
160721
160743
160766
160788
160811
160833
160856
160878
160901
160923
160945
160968
160990
161013
161035
161058
161080
161103
161125
161148
161170
161193
161215
161238
161260
161283
161305
161328
161350
161372
161395
161417
161440
161462
161485
161507
161530
161552
161575
161597
161620
161642
161665
161687
161710
161732
161755
161777
161800
161822
161844
161867
161889
161912
161934
161957
161979
162002
162024
162047
162069
162092
162114
162137
162159
162182
162204
162227
162249
162272
162294
162316
162339
162361
162384
162406
162429
162451
162474
162496
162519
162541
162564
162586
162609
162631
162654
162676
162699
162721
162743
162766
162788
162811
162833
162856
162878
162901
162923
162946
162968
162991
163013
163036
163058
163081
163103
163126
163148
163171
163193
163215
163238
163260
163283
163305
163328
163350
163373
163395
163418
163440
163463
163485
163508
163530
163553
163575
163598
163620
163642
163665
163687
163710
163732
163755
163777
163800
163822
163845
163867
163890
163912
163935
163957
163980
164002
164025
164047
164070
164092
164114
164137
164159
164182
164204
164227
164249
164272
164294
164317
164339
164362
164384
164407
164429
164452
164474
164497
164519
164542
164564
164586
164609
164631
164654
164676
164699
164721
164744
164766
164789
164811
164834
164856
164879
164901
164924
164946
164969
164991
165024
165046
165069
165091
165114
165136
165159
165181
165204
165226
165249
165271
165294
165316
165339
165361
165384
165406
165429
165451
165474
165496
165519
165541
165564
165586
165609
165631
165654
165676
165699
165721
165744
165766
165789
165811
165834
165856
165879
165901
165924
165946
165969
165991
166014
166036
166059
166081
166104
166126
166149
166171
166194
166216
166239
166261
166284
166306
166329
166351
166374
166396
166419
166441
166464
166486
166509
166531
166554
166576
166599
166621
166644
166666
166689
166711
166734
166756
166779
166801
166824
166846
166869
166891
166914
166936
166959
166981
167004
167026
167049
167071
167094
167116
167139
167161
167184
167206
167229
167251
167274
167296
167318
167341
167363
167386
167408
167431
167453
167476
167498
167521
167543
167566
167588
167611
167633
167656
167678
167701
167723
167746
167768
167791
167813
167836
167858
167881
167903
167926
167948
167971
167993
168016
168038
168061
168083
168106
168128
168151
168173
168196
168218
168241
168263
168286
168308
168331
168353
168376
168398
168421
168443
168466
168488
168511
168533
168556
168578
168601
168623
168646
168668
168691
168713
168736
168758
168781
168803
168826
168848
168871
168893
168916
168938
168961
168983
169006
169028
169051
169073
169096
169118
169141
169163
169186
169208
169231
169253
169276
169298
169321
169343
169366
169388
169411
169433
169456
169478
169501
169523
169546
169568
169590
169613
169635
169658
169680
169703
169725
169748
169770
169793
169815
169838
169860
169883
169905
169928
169950
169973
169995
170024
170046
170068
170090
170113
170135
170157
170179
170202
170224
170246
170268
170291
170313
170335
170357
170380
170402
170424
170446
170469
170491
170513
170535
170558
170580
170602
170624
170646
170669
170691
170713
170735
170758
170780
170802
170824
170847
170869
170891
170913
170936
170958
170980
171002
171025
171047
171069
171091
171114
171136
171158
171180
171203
171225
171247
171269
171291
171314
171336
171358
171380
171403
171425
171447
171469
171492
171514
171536
171558
171581
171603
171625
171647
171670
171692
171714
171736
171759
171781
171803
171825
171848
171870
171892
171914
171936
171959
171981
172003
172025
172048
172070
172092
172114
172137
172159
172181
172203
172226
172248
172270
172292
172315
172337
172359
172381
172404
172426
172448
172470
172493
172515
172537
172559
172581
172604
172626
172648
172670
172693
172715
172737
172759
172782
172804
172826
172848
172871
172893
172915
172937
172960
172982
173004
173026
173049
173071
173093
173115
173138
173160
173182
173204
173226
173249
173271
173293
173315
173338
173360
173382
173404
173427
173449
173471
173493
173516
173538
173560
173582
173605
173627
173649
173671
173694
173716
173738
173760
173782
173805
173827
173849
173871
173894
173916
173938
173960
173983
174005
174027
174049
174072
174094
174116
174138
174161
174183
174205
174227
174250
174272
174294
174316
174339
174361
174383
174405
174427
174450
174472
174494
174516
174539
174561
174583
174605
174628
174650
174672
174694
174717
174739
174761
174783
174806
174828
174850
174872
174895
174917
174939
174961
174984
175023
175045
175067
175089
175111
175133
175155
175177
175199
175221
175243
175265
175287
175309
175331
175353
175375
175397
175419
175441
175463
175485
175507
175529
175551
175573
175595
175617
175639
175661
175683
175705
175727
175749
175771
175793
175815
175837
175859
175881
175903
175925
175947
175969
175991
176013
176035
176056
176078
176100
176122
176144
176166
176188
176210
176232
176254
176276
176298
176320
176342
176364
176386
176408
176430
176452
176474
176496
176518
176540
176562
176584
176606
176628
176650
176672
176694
176716
176738
176760
176782
176804
176826
176848
176870
176892
176914
176936
176958
176980
177002
177024
177046
177068
177089
177111
177133
177155
177177
177199
177221
177243
177265
177287
177309
177331
177353
177375
177397
177419
177441
177463
177485
177507
177529
177551
177573
177595
177617
177639
177661
177683
177705
177727
177749
177771
177793
177815
177837
177859
177881
177903
177925
177947
177969
177991
178013
178035
178057
178079
178101
178122
178144
178166
178188
178210
178232
178254
178276
178298
178320
178342
178364
178386
178408
178430
178452
178474
178496
178518
178540
178562
178584
178606
178628
178650
178672
178694
178716
178738
178760
178782
178804
178826
178848
178870
178892
178914
178936
178958
178980
179002
179024
179046
179068
179090
179112
179134
179155
179177
179199
179221
179243
179265
179287
179309
179331
179353
179375
179397
179419
179441
179463
179485
179507
179529
179551
179573
179595
179617
179639
179661
179683
179705
179727
179749
179771
179793
179815
179837
179859
179881
179903
179925
179947
179969
179991
180024
180046
180068
180090
180113
180135
180157
180179
180201
180224
180246
180268
180290
180312
180335
180357
180379
180401
180423
180446
180468
180490
180512
180534
180557
180579
180601
180623
180645
180668
180690
180712
180734
180756
180779
180801
180823
180845
180867
180890
180912
180934
180956
180978
181001
181023
181045
181067
181089
181112
181134
181156
181178
181200
181223
181245
181267
181289
181311
181334
181356
181378
181400
181422
181445
181467
181489
181511
181533
181556
181578
181600
181622
181644
181667
181689
181711
181733
181755
181778
181800
181822
181844
181867
181889
181911
181933
181955
181978
182000
182022
182044
182066
182089
182111
182133
182155
182177
182200
182222
182244
182266
182288
182311
182333
182355
182377
182399
182422
182444
182466
182488
182510
182533
182555
182577
182599
182621
182644
182666
182688
182710
182732
182755
182777
182799
182821
182843
182866
182888
182910
182932
182954
182977
182999
183021
183043
183065
183088
183110
183132
183154
183176
183199
183221
183243
183265
183287
183310
183332
183354
183376
183398
183421
183443
183465
183487
183509
183532
183554
183576
183598
183621
183643
183665
183687
183709
183732
183754
183776
183798
183820
183843
183865
183887
183909
183931
183954
183976
183998
184020
184042
184065
184087
184109
184131
184153
184176
184198
184220
184242
184264
184287
184309
184331
184353
184375
184398
184420
184442
184464
184486
184509
184531
184553
184575
184597
184620
184642
184664
184686
184708
184731
184753
184775
184797
184819
184842
184864
184886
184908
184930
184953
184975
184997
185024
185046
185069
185091
185113
185136
185158
185181
185203
185225
185248
185270
185292
185315
185337
185360
185382
185404
185427
185449
185471
185494
185516
185539
185561
185583
185606
185628
185650
185673
185695
185718
185740
185762
185785
185807
185829
185852
185874
185897
185919
185941
185964
185986
186008
186031
186053
186076
186098
186120
186143
186165
186187
186210
186232
186255
186277
186299
186322
186344
186366
186389
186411
186434
186456
186478
186501
186523
186545
186568
186590
186613
186635
186657
186680
186702
186724
186747
186769
186792
186814
186836
186859
186881
186903
186926
186948
186971
186993
187015
187038
187060
187083
187105
187127
187150
187172
187194
187217
187239
187262
187284
187306
187329
187351
187373
187396
187418
187441
187463
187485
187508
187530
187552
187575
187597
187620
187642
187664
187687
187709
187731
187754
187776
187799
187821
187843
187866
187888
187910
187933
187955
187978
188000
188022
188045
188067
188089
188112
188134
188157
188179
188201
188224
188246
188268
188291
188313
188336
188358
188380
188403
188425
188447
188470
188492
188515
188537
188559
188582
188604
188626
188649
188671
188694
188716
188738
188761
188783
188805
188828
188850
188873
188895
188917
188940
188962
188984
189007
189029
189052
189074
189096
189119
189141
189164
189186
189208
189231
189253
189275
189298
189320
189343
189365
189387
189410
189432
189454
189477
189499
189522
189544
189566
189589
189611
189633
189656
189678
189701
189723
189745
189768
189790
189812
189835
189857
189880
189902
189924
189947
189969
189991
190024
190046
190069
190091
190113
190136
190158
190181
190203
190225
190248
190270
190292
190315
190337
190360
190382
190404
190427
190449
190471
190494
190516
190539
190561
190583
190606
190628
190650
190673
190695
190718
190740
190762
190785
190807
190829
190852
190874
190897
190919
190941
190964
190986
191008
191031
191053
191076
191098
191120
191143
191165
191187
191210
191232
191255
191277
191299
191322
191344
191366
191389
191411
191434
191456
191478
191501
191523
191545
191568
191590
191613
191635
191657
191680
191702
191724
191747
191769
191792
191814
191836
191859
191881
191903
191926
191948
191971
191993
192015
192038
192060
192082
192105
192127
192150
192172
192194
192217
192239
192261
192284
192306
192329
192351
192373
192396
192418
192440
192463
192485
192508
192530
192552
192575
192597
192619
192642
192664
192687
192709
192731
192754
192776
192798
192821
192843
192866
192888
192910
192933
192955
192977
193000
193022
193045
193067
193089
193112
193134
193156
193179
193201
193224
193246
193268
193291
193313
193335
193358
193380
193403
193425
193447
193470
193492
193514
193537
193559
193582
193604
193626
193649
193671
193693
193716
193738
193761
193783
193805
193828
193850
193872
193895
193917
193940
193962
193984
194007
194029
194051
194074
194096
194119
194141
194163
194186
194208
194230
194253
194275
194298
194320
194342
194365
194387
194409
194432
194454
194477
194499
194521
194544
194566
194588
194611
194633
194656
194678
194700
194723
194745
194767
194790
194812
194835
194857
194879
194902
194924
194946
194969
194991
195025
195048
195071
195095
195118
195141
195164
195188
195211
195234
195257
195281
195304
195327
195351
195374
195397
195420
195444
195467
195490
195513
195537
195560
195583
195607
195630
195653
195676
195700
195723
195746
195769
195793
195816
195839
195863
195886
195909
195932
195956
195979
196002
196025
196049
196072
196095
196119
196142
196165
196188
196212
196235
196258
196281
196305
196328
196351
196374
196398
196421
196444
196468
196491
196514
196537
196561
196584
196607
196630
196654
196677
196700
196724
196747
196770
196793
196817
196840
196863
196886
196910
196933
196956
196980
197003
197026
197049
197073
197096
197119
197142
197166
197189
197212
197236
197259
197282
197305
197329
197352
197375
197398
197422
197445
197468
197492
197515
197538
197561
197585
197608
197631
197654
197678
197701
197724
197747
197771
197794
197817
197841
197864
197887
197910
197934
197957
197980
198003
198027
198050
198073
198097
198120
198143
198166
198190
198213
198236
198259
198283
198306
198329
198353
198376
198399
198422
198446
198469
198492
198515
198539
198562
198585
198609
198632
198655
198678
198702
198725
198748
198771
198795
198818
198841
198865
198888
198911
198934
198958
198981
199004
199027
199051
199074
199097
199120
199144
199167
199190
199214
199237
199260
199283
199307
199330
199353
199376
199400
199423
199446
199470
199493
199516
199539
199563
199586
199609
199632
199656
199679
199702
199726
199749
199772
199795
199819
199842
199865
199888
199912
199935
199958
199982
200024
200046
200068
200091
200113
200135
200158
200180
200202
200225
200247
200269
200292
200314
200336
200359
200381
200403
200426
200448
200470
200493
200515
200537
200560
200582
200604
200627
200649
200671
200694
200716
200738
200761
200783
200805
200828
200850
200872
200895
200917
200939
200962
200984
201006
201029
201051
201073
201096
201118
201140
201163
201185
201207
201230
201252
201274
201297
201319
201341
201364
201386
201408
201431
201453
201475
201498
201520
201542
201565
201587
201609
201632
201654
201676
201699
201721
201743
201766
201788
201810
201833
201855
201877
201900
201922
201944
201967
201989
202011
202034
202056
202078
202101
202123
202145
202168
202190
202212
202235
202257
202279
202302
202324
202346
202369
202391
202413
202436
202458
202480
202503
202525
202547
202570
202592
202614
202637
202659
202681
202704
202726
202748
202771
202793
202815
202838
202860
202882
202905
202927
202949
202972
202994
203016
203039
203061
203083
203106
203128
203150
203172
203195
203217
203239
203262
203284
203306
203329
203351
203373
203396
203418
203440
203463
203485
203507
203530
203552
203574
203597
203619
203641
203664
203686
203708
203731
203753
203775
203798
203820
203842
203865
203887
203909
203932
203954
203976
203999
204021
204043
204066
204088
204110
204133
204155
204177
204200
204222
204244
204267
204289
204311
204334
204356
204378
204401
204423
204445
204468
204490
204512
204535
204557
204579
204602
204624
204646
204669
204691
204713
204736
204758
204780
204803
204825
204847
204870
204892
204914
204937
204959
204981
205024
205046
205068
205091
205113
205135
205158
205180
205202
205225
205247
205269
205291
205314
205336
205358
205381
205403
205425
205448
205470
205492
205514
205537
205559
205581
205604
205626
205648
205671
205693
205715
205738
205760
205782
205804
205827
205849
205871
205894
205916
205938
205961
205983
206005
206027
206050
206072
206094
206117
206139
206161
206184
206206
206228
206251
206273
206295
206317
206340
206362
206384
206407
206429
206451
206474
206496
206518
206540
206563
206585
206607
206630
206652
206674
206697
206719
206741
206763
206786
206808
206830
206853
206875
206897
206920
206942
206964
206987
207009
207031
207053
207076
207098
207120
207143
207165
207187
207210
207232
207254
207276
207299
207321
207343
207366
207388
207410
207433
207455
207477
207500
207522
207544
207566
207589
207611
207633
207656
207678
207700
207723
207745
207767
207789
207812
207834
207856
207879
207901
207923
207946
207968
207990
208012
208035
208057
208079
208102
208124
208146
208169
208191
208213
208236
208258
208280
208302
208325
208347
208369
208392
208414
208436
208459
208481
208503
208525
208548
208570
208592
208615
208637
208659
208682
208704
208726
208749
208771
208793
208815
208838
208860
208882
208905
208927
208949
208972
208994
209016
209038
209061
209083
209105
209128
209150
209172
209195
209217
209239
209261
209284
209306
209328
209351
209373
209395
209418
209440
209462
209485
209507
209529
209551
209574
209596
209618
209641
209663
209685
209708
209730
209752
209774
209797
209819
209841
209864
209886
209908
209931
209953
209975
209998
210024
210047
210070
210093
210115
210138
210161
210184
210206
210229
210252
210275
210298
210320
210343
210366
210389
210411
210434
210457
210480
210503
210525
210548
210571
210594
210616
210639
210662
210685
210707
210730
210753
210776
210799
210821
210844
210867
210890
210912
210935
210958
210981
211004
211026
211049
211072
211095
211117
211140
211163
211186
211208
211231
211254
211277
211300
211322
211345
211368
211391
211413
211436
211459
211482
211505
211527
211550
211573
211596
211618
211641
211664
211687
211710
211732
211755
211778
211801
211823
211846
211869
211892
211914
211937
211960
211983
212006
212028
212051
212074
212097
212119
212142
212165
212188
212211
212233
212256
212279
212302
212324
212347
212370
212393
212415
212438
212461
212484
212507
212529
212552
212575
212598
212620
212643
212666
212689
212712
212734
212757
212780
212803
212825
212848
212871
212894
212916
212939
212962
212985
213008
213030
213053
213076
213099
213121
213144
213167
213190
213213
213235
213258
213281
213304
213326
213349
213372
213395
213418
213440
213463
213486
213509
213531
213554
213577
213600
213622
213645
213668
213691
213714
213736
213759
213782
213805
213827
213850
213873
213896
213919
213941
213964
213987
214010
214032
214055
214078
214101
214123
214146
214169
214192
214215
214237
214260
214283
214306
214328
214351
214374
214397
214420
214442
214465
214488
214511
214533
214556
214579
214602
214625
214647
214670
214693
214716
214738
214761
214784
214807
214829
214852
214875
214898
214921
214943
214966
214989
215024
215047
215069
215092
215115
215137
215160
215183
215205
215228
215251
215273
215296
215319
215341
215364
215387
215409
215432
215454
215477
215500
215522
215545
215568
215590
215613
215636
215658
215681
215704
215726
215749
215772
215794
215817
215840
215862
215885
215907
215930
215953
215975
215998
216021
216043
216066
216089
216111
216134
216157
216179
216202
216225
216247
216270
216292
216315
216338
216360
216383
216406
216428
216451
216474
216496
216519
216542
216564
216587
216610
216632
216655
216678
216700
216723
216745
216768
216791
216813
216836
216859
216881
216904
216927
216949
216972
216995
217017
217040
217063
217085
217108
217130
217153
217176
217198
217221
217244
217266
217289
217312
217334
217357
217380
217402
217425
217448
217470
217493
217516
217538
217561
217583
217606
217629
217651
217674
217697
217719
217742
217765
217787
217810
217833
217855
217878
217901
217923
217946
217968
217991
218014
218036
218059
218082
218104
218127
218150
218172
218195
218218
218240
218263
218286
218308
218331
218354
218376
218399
218421
218444
218467
218489
218512
218535
218557
218580
218603
218625
218648
218671
218693
218716
218739
218761
218784
218806
218829
218852
218874
218897
218920
218942
218965
218988
219010
219033
219056
219078
219101
219124
219146
219169
219192
219214
219237
219259
219282
219305
219327
219350
219373
219395
219418
219441
219463
219486
219509
219531
219554
219577
219599
219622
219644
219667
219690
219712
219735
219758
219780
219803
219826
219848
219871
219894
219916
219939
219962
219984
220024
220046
220069
220091
220114
220136
220158
220181
220203
220226
220248
220271
220293
220315
220338
220360
220383
220405
220427
220450
220472
220495
220517
220540
220562
220584
220607
220629
220652
220674
220696
220719
220741
220764
220786
220809
220831
220853
220876
220898
220921
220943
220965
220988
221010
221033
221055
221078
221100
221122
221145
221167
221190
221212
221234
221257
221279
221302
221324
221347
221369
221391
221414
221436
221459
221481
221503
221526
221548
221571
221593
221616
221638
221660
221683
221705
221728
221750
221772
221795
221817
221840
221862
221885
221907
221929
221952
221974
221997
222019
222041
222064
222086
222109
222131
222154
222176
222198
222221
222243
222266
222288
222310
222333
222355
222378
222400
222423
222445
222467
222490
222512
222535
222557
222579
222602
222624
222647
222669
222692
222714
222736
222759
222781
222804
222826
222848
222871
222893
222916
222938
222961
222983
223005
223028
223050
223073
223095
223117
223140
223162
223185
223207
223230
223252
223274
223297
223319
223342
223364
223386
223409
223431
223454
223476
223499
223521
223543
223566
223588
223611
223633
223655
223678
223700
223723
223745
223768
223790
223812
223835
223857
223880
223902
223924
223947
223969
223992
224014
224037
224059
224081
224104
224126
224149
224171
224193
224216
224238
224261
224283
224306
224328
224350
224373
224395
224418
224440
224462
224485
224507
224530
224552
224575
224597
224619
224642
224664
224687
224709
224731
224754
224776
224799
224821
224844
224866
224888
224911
224933
224956
224978
225000
225024
225047
225070
225092
225115
225138
225161
225183
225206
225229
225252
225274
225297
225320
225343
225365
225388
225411
225434
225456
225479
225502
225525
225547
225570
225593
225616
225638
225661
225684
225707
225729
225752
225775
225797
225820
225843
225866
225888
225911
225934
225957
225979
226002
226025
226048
226070
226093
226116
226139
226161
226184
226207
226230
226252
226275
226298
226321
226343
226366
226389
226412
226434
226457
226480
226502
226525
226548
226571
226593
226616
226639
226662
226684
226707
226730
226753
226775
226798
226821
226844
226866
226889
226912
226935
226957
226980
227003
227026
227048
227071
227094
227117
227139
227162
227185
227208
227230
227253
227276
227298
227321
227344
227367
227389
227412
227435
227458
227480
227503
227526
227549
227571
227594
227617
227640
227662
227685
227708
227731
227753
227776
227799
227822
227844
227867
227890
227913
227935
227958
227981
228003
228026
228049
228072
228094
228117
228140
228163
228185
228208
228231
228254
228276
228299
228322
228345
228367
228390
228413
228436
228458
228481
228504
228527
228549
228572
228595
228618
228640
228663
228686
228709
228731
228754
228777
228799
228822
228845
228868
228890
228913
228936
228959
228981
229004
229027
229050
229072
229095
229118
229141
229163
229186
229209
229232
229254
229277
229300
229323
229345
229368
229391
229414
229436
229459
229482
229504
229527
229550
229573
229595
229618
229641
229664
229686
229709
229732
229755
229777
229800
229823
229846
229868
229891
229914
229937
229959
229982
230025
230048
230071
230094
230118
230141
230164
230187
230210
230234
230257
230280
230303
230326
230350
230373
230396
230419
230442
230466
230489
230512
230535
230558
230582
230605
230628
230651
230674
230698
230721
230744
230767
230790
230814
230837
230860
230883
230906
230930
230953
230976
230999
231023
231046
231069
231092
231115
231139
231162
231185
231208
231231
231255
231278
231301
231324
231347
231371
231394
231417
231440
231463
231487
231510
231533
231556
231579
231603
231626
231649
231672
231695
231719
231742
231765
231788
231811
231835
231858
231881
231904
231927
231951
231974
231997
232020
232044
232067
232090
232113
232136
232160
232183
232206
232229
232252
232276
232299
232322
232345
232368
232392
232415
232438
232461
232484
232508
232531
232554
232577
232600
232624
232647
232670
232693
232716
232740
232763
232786
232809
232832
232856
232879
232902
232925
232948
232972
232995
233018
233041
233065
233088
233111
233134
233157
233181
233204
233227
233250
233273
233297
233320
233343
233366
233389
233413
233436
233459
233482
233505
233529
233552
233575
233598
233621
233645
233668
233691
233714
233737
233761
233784
233807
233830
233853
233877
233900
233923
233946
233969
233993
234016
234039
234062
234086
234109
234132
234155
234178
234202
234225
234248
234271
234294
234318
234341
234364
234387
234410
234434
234457
234480
234503
234526
234550
234573
234596
234619
234642
234666
234689
234712
234735
234758
234782
234805
234828
234851
234874
234898
234921
234944
234967
234990
235024
235046
235068
235090
235113
235135
235157
235179
235202
235224
235246
235268
235291
235313
235335
235357
235380
235402
235424
235446
235469
235491
235513
235535
235558
235580
235602
235624
235647
235669
235691
235713
235736
235758
235780
235802
235825
235847
235869
235891
235914
235936
235958
235980
236003
236025
236047
236069
236092
236114
236136
236158
236181
236203
236225
236247
236270
236292
236314
236336
236359
236381
236403
236425
236448
236470
236492
236514
236537
236559
236581
236603
236626
236648
236670
236692
236715
236737
236759
236781
236804
236826
236848
236870
236893
236915
236937
236959
236982
237004
237026
237048
237071
237093
237115
237137
237160
237182
237204
237226
237249
237271
237293
237315
237338
237360
237382
237404
237427
237449
237471
237493
237515
237538
237560
237582
237604
237627
237649
237671
237693
237716
237738
237760
237782
237805
237827
237849
237871
237894
237916
237938
237960
237983
238005
238027
238049
238072
238094
238116
238138
238161
238183
238205
238227
238250
238272
238294
238316
238339
238361
238383
238405
238428
238450
238472
238494
238517
238539
238561
238583
238606
238628
238650
238672
238695
238717
238739
238761
238784
238806
238828
238850
238873
238895
238917
238939
238962
238984
239006
239028
239051
239073
239095
239117
239140
239162
239184
239206
239229
239251
239273
239295
239318
239340
239362
239384
239407
239429
239451
239473
239496
239518
239540
239562
239585
239607
239629
239651
239674
239696
239718
239740
239763
239785
239807
239829
239852
239874
239896
239918
239941
239963
239985
240024
240046
240069
240091
240113
240136
240158
240181
240203
240225
240248
240270
240293
240315
240337
240360
240382
240404
240427
240449
240472
240494
240516
240539
240561
240584
240606
240628
240651
240673
240695
240718
240740
240763
240785
240807
240830
240852
240875
240897
240919
240942
240964
240986
241009
241031
241054
241076
241098
241121
241143
241166
241188
241210
241233
241255
241277
241300
241322
241345
241367
241389
241412
241434
241457
241479
241501
241524
241546
241568
241591
241613
241636
241658
241680
241703
241725
241748
241770
241792
241815
241837
241859
241882
241904
241927
241949
241971
241994
242016
242039
242061
242083
242106
242128
242150
242173
242195
242218
242240
242262
242285
242307
242330
242352
242374
242397
242419
242441
242464
242486
242509
242531
242553
242576
242598
242621
242643
242665
242688
242710
242732
242755
242777
242800
242822
242844
242867
242889
242912
242934
242956
242979
243001
243023
243046
243068
243091
243113
243135
243158
243180
243203
243225
243247
243270
243292
243314
243337
243359
243382
243404
243426
243449
243471
243494
243516
243538
243561
243583
243605
243628
243650
243673
243695
243717
243740
243762
243785
243807
243829
243852
243874
243896
243919
243941
243964
243986
244008
244031
244053
244076
244098
244120
244143
244165
244187
244210
244232
244255
244277
244299
244322
244344
244367
244389
244411
244434
244456
244478
244501
244523
244546
244568
244590
244613
244635
244658
244680
244702
244725
244747
244769
244792
244814
244837
244859
244881
244904
244926
244949
244971
244993
245023
245045
245066
245088
245109
245131
245152
245174
245195
245217
245238
245260
245281
245303
245324
245346
245367
245389
245410
245432
245453
245475
245496
245518
245539
245561
245582
245604
245625
245647
245668
245690
245711
245733
245754
245776
245797
245819
245840
245862
245883
245905
245926
245948
245969
245991
246012
246034
246055
246077
246098
246120
246141
246163
246184
246206
246227
246249
246270
246292
246313
246335
246356
246378
246399
246421
246442
246464
246485
246507
246528
246550
246571
246593
246614
246636
246657
246679
246700
246722
246743
246765
246786
246808
246829
246851
246872
246894
246915
246937
246958
246980
247001
247023
247044
247066
247087
247109
247130
247152
247173
247195
247216
247238
247259
247281
247302
247324
247345
247367
247388
247410
247431
247453
247474
247496
247517
247539
247560
247582
247603
247625
247646
247668
247689
247711
247732
247754
247775
247797
247819
247840
247862
247883
247905
247926
247948
247969
247991
248012
248034
248055
248077
248098
248120
248141
248163
248184
248206
248227
248249
248270
248292
248313
248335
248356
248378
248399
248421
248442
248464
248485
248507
248528
248550
248571
248593
248614
248636
248657
248679
248700
248722
248743
248765
248786
248808
248829
248851
248872
248894
248915
248937
248958
248980
249001
249023
249044
249066
249087
249109
249130
249152
249173
249195
249216
249238
249259
249281
249302
249324
249345
249367
249388
249410
249431
249453
249474
249496
249517
249539
249560
249582
249603
249625
249646
249668
249689
249711
249732
249754
249775
249797
249818
249840
249861
249883
249904
249926
249947
249969
249990
250023
250045
250066
250088
250110
250131
250153
250175
250196
250218
250240
250261
250283
250305
250326
250348
250370
250391
250413
250435
250456
250478
250500
250521
250543
250565
250586
250608
250630
250651
250673
250695
250716
250738
250760
250781
250803
250825
250846
250868
250890
250911
250933
250955
250976
250998
251020
251041
251063
251085
251106
251128
251150
251171
251193
251215
251236
251258
251280
251301
251323
251345
251366
251388
251410
251431
251453
251475
251496
251518
251540
251561
251583
251605
251626
251648
251670
251691
251713
251735
251756
251778
251800
251821
251843
251865
251886
251908
251930
251951
251973
251995
252016
252038
252060
252081
252103
252125
252146
252168
252190
252211
252233
252254
252276
252298
252319
252341
252363
252384
252406
252428
252449
252471
252493
252514
252536
252558
252579
252601
252623
252644
252666
252688
252709
252731
252753
252774
252796
252818
252839
252861
252883
252904
252926
252948
252969
252991
253013
253034
253056
253078
253099
253121
253143
253164
253186
253208
253229
253251
253273
253294
253316
253338
253359
253381
253403
253424
253446
253468
253489
253511
253533
253554
253576
253598
253619
253641
253663
253684
253706
253728
253749
253771
253793
253814
253836
253858
253879
253901
253923
253944
253966
253988
254009
254031
254053
254074
254096
254118
254139
254161
254183
254204
254226
254248
254269
254291
254313
254334
254356
254378
254399
254421
254442
254464
254486
254507
254529
254551
254572
254594
254616
254637
254659
254681
254702
254724
254746
254767
254789
254811
254832
254854
254876
254897
254919
254941
254962
254984
255023
255044
255065
255087
255108
255129
255150
255172
255193
255214
255235
255257
255278
255299
255320
255342
255363
255384
255405
255427
255448
255469
255490
255512
255533
255554
255575
255597
255618
255639
255660
255682
255703
255724
255745
255767
255788
255809
255830
255852
255873
255894
255915
255937
255958
255979
256000
256022
256043
256064
256085
256107
256128
256149
256170
256192
256213
256234
256255
256277
256298
256319
256340
256362
256383
256404
256425
256447
256468
256489
256510
256532
256553
256574
256595
256617
256638
256659
256680
256702
256723
256744
256765
256787
256808
256829
256850
256872
256893
256914
256935
256957
256978
256999
257020
257042
257063
257084
257105
257127
257148
257169
257190
257212
257233
257254
257275
257297
257318
257339
257360
257382
257403
257424
257445
257467
257488
257509
257530
257552
257573
257594
257615
257637
257658
257679
257700
257722
257743
257764
257785
257807
257828
257849
257870
257892
257913
257934
257955
257977
257998
258019
258040
258062
258083
258104
258125
258147
258168
258189
258210
258232
258253
258274
258295
258317
258338
258359
258380
258402
258423
258444
258465
258487
258508
258529
258550
258572
258593
258614
258635
258657
258678
258699
258720
258742
258763
258784
258805
258827
258848
258869
258890
258912
258933
258954
258975
258997
259018
259039
259060
259082
259103
259124
259145
259167
259188
259209
259230
259252
259273
259294
259315
259337
259358
259379
259400
259422
259443
259464
259485
259507
259528
259549
259570
259592
259613
259634
259655
259677
259698
259719
259740
259762
259783
259804
259825
259847
259868
259889
259910
259932
259953
259974
259995
260023
260045
260067
260088
260110
260132
260154
260175
260197
260219
260241
260262
260284
260306
260327
260349
260371
260393
260414
260436
260458
260480
260501
260523
260545
260567
260588
260610
260632
260653
260675
260697
260719
260740
260762
260784
260806
260827
260849
260871
260892
260914
260936
260958
260979
261001
261023
261045
261066
261088
261110
261132
261153
261175
261197
261218
261240
261262
261284
261305
261327
261349
261371
261392
261414
261436
261458
261479
261501
261523
261544
261566
261588
261610
261631
261653
261675
261697
261718
261740
261762
261783
261805
261827
261849
261870
261892
261914
261936
261957
261979
262001
262023
262044
262066
262088
262109
262131
262153
262175
262196
262218
262240
262262
262283
262305
262327
262349
262370
262392
262414
262435
262457
262479
262501
262522
262544
262566
262588
262609
262631
262653
262674
262696
262718
262740
262761
262783
262805
262827
262848
262870
262892
262914
262935
262957
262979
263000
263022
263044
263066
263087
263109
263131
263153
263174
263196
263218
263240
263261
263283
263305
263326
263348
263370
263392
263413
263435
263457
263479
263500
263522
263544
263565
263587
263609
263631
263652
263674
263696
263718
263739
263761
263783
263805
263826
263848
263870
263891
263913
263935
263957
263978
264000
264022
264044
264065
264087
264109
264131
264152
264174
264196
264217
264239
264261
264283
264304
264326
264348
264370
264391
264413
264435
264456
264478
264500
264522
264543
264565
264587
264609
264630
264652
264674
264696
264717
264739
264761
264782
264804
264826
264848
264869
264891
264913
264935
264956
264978
265000
265023
265044
265066
265087
265109
265130
265152
265173
265195
265216
265238
265259
265280
265302
265323
265345
265366
265388
265409
265431
265452
265474
265495
265517
265538
265559
265581
265602
265624
265645
265667
265688
265710
265731
265753
265774
265796
265817
265838
265860
265881
265903
265924
265946
265967
265989
266010
266032
266053
266075
266096
266117
266139
266160
266182
266203
266225
266246
266268
266289
266311
266332
266354
266375
266396
266418
266439
266461
266482
266504
266525
266547
266568
266590
266611
266633
266654
266675
266697
266718
266740
266761
266783
266804
266826
266847
266869
266890
266912
266933
266954
266976
266997
267019
267040
267062
267083
267105
267126
267148
267169
267191
267212
267233
267255
267276
267298
267319
267341
267362
267384
267405
267427
267448
267470
267491
267512
267534
267555
267577
267598
267620
267641
267663
267684
267706
267727
267749
267770
267791
267813
267834
267856
267877
267899
267920
267942
267963
267985
268006
268028
268049
268070
268092
268113
268135
268156
268178
268199
268221
268242
268264
268285
268307
268328
268349
268371
268392
268414
268435
268457
268478
268500
268521
268543
268564
268586
268607
268628
268650
268671
268693
268714
268736
268757
268779
268800
268822
268843
268865
268886
268907
268929
268950
268972
268993
269015
269036
269058
269079
269101
269122
269144
269165
269186
269208
269229
269251
269272
269294
269315
269337
269358
269380
269401
269423
269444
269465
269487
269508
269530
269551
269573
269594
269616
269637
269659
269680
269702
269723
269744
269766
269787
269809
269830
269852
269873
269895
269916
269938
269959
269981
270023
270044
270065
270086
270107
270128
270149
270170
270191
270212
270233
270255
270276
270297
270318
270339
270360
270381
270402
270423
270444
270465
270486
270508
270529
270550
270571
270592
270613
270634
270655
270676
270697
270718
270739
270761
270782
270803
270824
270845
270866
270887
270908
270929
270950
270971
270992
271014
271035
271056
271077
271098
271119
271140
271161
271182
271203
271224
271245
271267
271288
271309
271330
271351
271372
271393
271414
271435
271456
271477
271498
271520
271541
271562
271583
271604
271625
271646
271667
271688
271709
271730
271751
271773
271794
271815
271836
271857
271878
271899
271920
271941
271962
271983
272004
272026
272047
272068
272089
272110
272131
272152
272173
272194
272215
272236
272257
272279
272300
272321
272342
272363
272384
272405
272426
272447
272468
272489
272510
272532
272553
272574
272595
272616
272637
272658
272679
272700
272721
272742
272763
272785
272806
272827
272848
272869
272890
272911
272932
272953
272974
272995
273016
273038
273059
273080
273101
273122
273143
273164
273185
273206
273227
273248
273269
273291
273312
273333
273354
273375
273396
273417
273438
273459
273480
273501
273522
273544
273565
273586
273607
273628
273649
273670
273691
273712
273733
273754
273775
273797
273818
273839
273860
273881
273902
273923
273944
273965
273986
274007
274028
274050
274071
274092
274113
274134
274155
274176
274197
274218
274239
274260
274281
274303
274324
274345
274366
274387
274408
274429
274450
274471
274492
274513
274534
274556
274577
274598
274619
274640
274661
274682
274703
274724
274745
274766
274788
274809
274830
274851
274872
274893
274914
274935
274956
274977
274998
275023
275045
275066
275088
275109
275131
275152
275174
275196
275217
275239
275260
275282
275303
275325
275347
275368
275390
275411
275433
275454
275476
275498
275519
275541
275562
275584
275605
275627
275649
275670
275692
275713
275735
275756
275778
275800
275821
275843
275864
275886
275907
275929
275951
275972
275994
276015
276037
276058
276080
276102
276123
276145
276166
276188
276209
276231
276253
276274
276296
276317
276339
276360
276382
276404
276425
276447
276468
276490
276511
276533
276555
276576
276598
276619
276641
276662
276684
276706
276727
276749
276770
276792
276813
276835
276857
276878
276900
276921
276943
276964
276986
277008
277029
277051
277072
277094
277115
277137
277159
277180
277202
277223
277245
277266
277288
277310
277331
277353
277374
277396
277417
277439
277461
277482
277504
277525
277547
277568
277590
277612
277633
277655
277676
277698
277719
277741
277763
277784
277806
277827
277849
277870
277892
277914
277935
277957
277978
278000
278021
278043
278065
278086
278108
278129
278151
278172
278194
278216
278237
278259
278280
278302
278323
278345
278367
278388
278410
278431
278453
278474
278496
278518
278539
278561
278582
278604
278625
278647
278669
278690
278712
278733
278755
278776
278798
278820
278841
278863
278884
278906
278927
278949
278971
278992
279014
279035
279057
279078
279100
279122
279143
279165
279186
279208
279229
279251
279273
279294
279316
279337
279359
279380
279402
279424
279445
279467
279488
279510
279531
279553
279575
279596
279618
279639
279661
279682
279704
279726
279747
279769
279790
279812
279833
279855
279877
279898
279920
279941
279963
279984
280023
280044
280065
280086
280107
280128
280150
280171
280192
280213
280234
280255
280277
280298
280319
280340
280361
280382
280403
280425
280446
280467
280488
280509
280530
280552
280573
280594
280615
280636
280657
280678
280700
280721
280742
280763
280784
280805
280827
280848
280869
280890
280911
280932
280954
280975
280996
281017
281038
281059
281080
281102
281123
281144
281165
281186
281207
281229
281250
281271
281292
281313
281334
281355
281377
281398
281419
281440
281461
281482
281504
281525
281546
281567
281588
281609
281630
281652
281673
281694
281715
281736
281757
281779
281800
281821
281842
281863
281884
281906
281927
281948
281969
281990
282011
282032
282054
282075
282096
282117
282138
282159
282181
282202
282223
282244
282265
282286
282307
282329
282350
282371
282392
282413
282434
282456
282477
282498
282519
282540
282561
282583
282604
282625
282646
282667
282688
282709
282731
282752
282773
282794
282815
282836
282858
282879
282900
282921
282942
282963
282984
283006
283027
283048
283069
283090
283111
283133
283154
283175
283196
283217
283238
283259
283281
283302
283323
283344
283365
283386
283408
283429
283450
283471
283492
283513
283535
283556
283577
283598
283619
283640
283661
283683
283704
283725
283746
283767
283788
283810
283831
283852
283873
283894
283915
283936
283958
283979
284000
284021
284042
284063
284085
284106
284127
284148
284169
284190
284212
284233
284254
284275
284296
284317
284338
284360
284381
284402
284423
284444
284465
284487
284508
284529
284550
284571
284592
284613
284635
284656
284677
284698
284719
284740
284762
284783
284804
284825
284846
284867
284888
284910
284931
284952
284973
284994
285023
285045
285067
285088
285110
285132
285154
285175
285197
285219
285241
285262
285284
285306
285328
285349
285371
285393
285415
285436
285458
285480
285501
285523
285545
285567
285588
285610
285632
285654
285675
285697
285719
285741
285762
285784
285806
285828
285849
285871
285893
285914
285936
285958
285980
286001
286023
286045
286067
286088
286110
286132
286154
286175
286197
286219
286241
286262
286284
286306
286327
286349
286371
286393
286414
286436
286458
286480
286501
286523
286545
286567
286588
286610
286632
286654
286675
286697
286719
286740
286762
286784
286806
286827
286849
286871
286893
286914
286936
286958
286980
287001
287023
287045
287067
287088
287110
287132
287153
287175
287197
287219
287240
287262
287284
287306
287327
287349
287371
287393
287414
287436
287458
287480
287501
287523
287545
287566
287588
287610
287632
287653
287675
287697
287719
287740
287762
287784
287806
287827
287849
287871
287893
287914
287936
287958
287979
288001
288023
288045
288066
288088
288110
288132
288153
288175
288197
288219
288240
288262
288284
288306
288327
288349
288371
288392
288414
288436
288458
288479
288501
288523
288545
288566
288588
288610
288632
288653
288675
288697
288719
288740
288762
288784
288806
288827
288849
288871
288892
288914
288936
288958
288979
289001
289023
289045
289066
289088
289110
289132
289153
289175
289197
289219
289240
289262
289284
289305
289327
289349
289371
289392
289414
289436
289458
289479
289501
289523
289545
289566
289588
289610
289632
289653
289675
289697
289718
289740
289762
289784
289805
289827
289849
289871
289892
289914
289936
289958
289979
290001
290023
290044
290066
290087
290109
290130
290151
290173
290194
290216
290237
290259
290280
290301
290323
290344
290366
290387
290409
290430
290451
290473
290494
290516
290537
290559
290580
290601
290623
290644
290666
290687
290709
290730
290751
290773
290794
290816
290837
290859
290880
290901
290923
290944
290966
290987
291009
291030
291051
291073
291094
291116
291137
291159
291180
291201
291223
291244
291266
291287
291309
291330
291351
291373
291394
291416
291437
291458
291480
291501
291523
291544
291566
291587
291608
291630
291651
291673
291694
291716
291737
291758
291780
291801
291823
291844
291866
291887
291908
291930
291951
291973
291994
292016
292037
292058
292080
292101
292123
292144
292166
292187
292208
292230
292251
292273
292294
292316
292337
292358
292380
292401
292423
292444
292466
292487
292508
292530
292551
292573
292594
292616
292637
292658
292680
292701
292723
292744
292765
292787
292808
292830
292851
292873
292894
292915
292937
292958
292980
293001
293023
293044
293065
293087
293108
293130
293151
293173
293194
293215
293237
293258
293280
293301
293323
293344
293365
293387
293408
293430
293451
293473
293494
293515
293537
293558
293580
293601
293623
293644
293665
293687
293708
293730
293751
293773
293794
293815
293837
293858
293880
293901
293923
293944
293965
293987
294008
294030
294051
294072
294094
294115
294137
294158
294180
294201
294222
294244
294265
294287
294308
294330
294351
294372
294394
294415
294437
294458
294480
294501
294522
294544
294565
294587
294608
294630
294651
294672
294694
294715
294737
294758
294780
294801
294822
294844
294865
294887
294908
294930
294951
294972
294994
295023
295045
295066
295088
295110
295131
295153
295175
295196
295218
295240
295261
295283
295305
295326
295348
295369
295391
295413
295434
295456
295478
295499
295521
295543
295564
295586
295608
295629
295651
295673
295694
295716
295737
295759
295781
295802
295824
295846
295867
295889
295911
295932
295954
295976
295997
296019
296040
296062
296084
296105
296127
296149
296170
296192
296214
296235
296257
296279
296300
296322
296344
296365
296387
296408
296430
296452
296473
296495
296517
296538
296560
296582
296603
296625
296647
296668
296690
296712
296733
296755
296776
296798
296820
296841
296863
296885
296906
296928
296950
296971
296993
297015
297036
297058
297079
297101
297123
297144
297166
297188
297209
297231
297253
297274
297296
297318
297339
297361
297383
297404
297426
297447
297469
297491
297512
297534
297556
297577
297599
297621
297642
297664
297686
297707
297729
297751
297772
297794
297815
297837
297859
297880
297902
297924
297945
297967
297989
298010
298032
298054
298075
298097
298118
298140
298162
298183
298205
298227
298248
298270
298292
298313
298335
298357
298378
298400
298422
298443
298465
298486
298508
298530
298551
298573
298595
298616
298638
298660
298681
298703
298725
298746
298768
298790
298811
298833
298854
298876
298898
298919
298941
298963
298984
299006
299028
299049
299071
299093
299114
299136
299157
299179
299201
299222
299244
299266
299287
299309
299331
299352
299374
299396
299417
299439
299461
299482
299504
299525
299547
299569
299590
299612
299634
299655
299677
299699
299720
299742
299764
299785
299807
299829
299850
299872
299893
299915
299937
299958
299980
300023
300045
300066
300088
300109
300131
300152
300174
300195
300217
300238
300260
300281
300303
300324
300346
300367
300389
300410
300432
300453
300475
300496
300518
300539
300561
300582
300604
300625
300647
300668
300690
300711
300733
300754
300776
300797
300819
300840
300862
300883
300905
300926
300948
300969
300991
301012
301034
301056
301077
301099
301120
301142
301163
301185
301206
301228
301249
301271
301292
301314
301335
301357
301378
301400
301421
301443
301464
301486
301507
301529
301550
301572
301593
301615
301636
301658
301679
301701
301722
301744
301765
301787
301808
301830
301851
301873
301894
301916
301937
301959
301980
302002
302023
302045
302066
302088
302110
302131
302153
302174
302196
302217
302239
302260
302282
302303
302325
302346
302368
302389
302411
302432
302454
302475
302497
302518
302540
302561
302583
302604
302626
302647
302669
302690
302712
302733
302755
302776
302798
302819
302841
302862
302884
302905
302927
302948
302970
302991
303013
303034
303056
303077
303099
303121
303142
303164
303185
303207
303228
303250
303271
303293
303314
303336
303357
303379
303400
303422
303443
303465
303486
303508
303529
303551
303572
303594
303615
303637
303658
303680
303701
303723
303744
303766
303787
303809
303830
303852
303873
303895
303916
303938
303959
303981
304002
304024
304045
304067
304088
304110
304131
304153
304175
304196
304218
304239
304261
304282
304304
304325
304347
304368
304390
304411
304433
304454
304476
304497
304519
304540
304562
304583
304605
304626
304648
304669
304691
304712
304734
304755
304777
304798
304820
304841
304863
304884
304906
304927
304949
304970
304992
305084
305167
305249
305332
305414
305497
305579
305662
305744
305827
305910
305992
306075
306157
306240
306322
306405
306487
306570
306652
306735
306818
306900
306983
307065
307148
307230
307313
307395
307478
307560
307643
307726
307808
307891
307973
308056
308138
308221
308303
308386
308469
308551
308634
308716
308799
308881
308964
309046
309129
309211
309294
309377
309459
309542
309624
309707
309789
309872
309954
310023
310044
310065
310087
310108
310129
310151
310172
310193
310215
310236
310257
310279
310300
310321
310343
310364
310385
310407
310428
310449
310471
310492
310513
310535
310556
310577
310599
310620
310641
310663
310684
310705
310727
310748
310769
310791
310812
310833
310855
310876
310897
310919
310940
310961
310983
311004
311025
311047
311068
311089
311111
311132
311153
311175
311196
311217
311239
311260
311281
311303
311324
311345
311367
311388
311409
311431
311452
311473
311495
311516
311537
311559
311580
311601
311623
311644
311665
311687
311708
311729
311751
311772
311793
311815
311836
311857
311879
311900
311921
311943
311964
311985
312007
312028
312049
312071
312092
312113
312135
312156
312177
312199
312220
312241
312263
312284
312305
312327
312348
312369
312391
312412
312433
312455
312476
312497
312519
312540
312561
312583
312604
312625
312647
312668
312689
312711
312732
312753
312775
312796
312817
312839
312860
312881
312903
312924
312945
312967
312988
313009
313031
313052
313073
313095
313116
313137
313159
313180
313201
313223
313244
313265
313287
313308
313329
313351
313372
313393
313415
313436
313457
313479
313500
313521
313543
313564
313585
313607
313628
313649
313671
313692
313713
313735
313756
313777
313798
313820
313841
313862
313884
313905
313926
313948
313969
313990
314012
314033
314054
314076
314097
314118
314140
314161
314182
314204
314225
314246
314268
314289
314310
314332
314353
314374
314396
314417
314438
314460
314481
314502
314524
314545
314566
314588
314609
314630
314652
314673
314694
314716
314737
314758
314780
314801
314822
314844
314865
314886
314908
314929
314950
314972
314993
315023
315044
315065
315086
315107
315128
315149
315170
315191
315212
315233
315255
315276
315297
315318
315339
315360
315381
315402
315423
315444
315465
315486
315508
315529
315550
315571
315592
315613
315634
315655
315676
315697
315718
315739
315761
315782
315803
315824
315845
315866
315887
315908
315929
315950
315971
315992
316014
316035
316056
316077
316098
316119
316140
316161
316182
316203
316224
316245
316267
316288
316309
316330
316351
316372
316393
316414
316435
316456
316477
316498
316520
316541
316562
316583
316604
316625
316646
316667
316688
316709
316730
316751
316773
316794
316815
316836
316857
316878
316899
316920
316941
316962
316983
317004
317026
317047
317068
317089
317110
317131
317152
317173
317194
317215
317236
317257
317279
317300
317321
317342
317363
317384
317405
317426
317447
317468
317489
317511
317532
317553
317574
317595
317616
317637
317658
317679
317700
317721
317742
317764
317785
317806
317827
317848
317869
317890
317911
317932
317953
317974
317995
318017
318038
318059
318080
318101
318122
318143
318164
318185
318206
318227
318248
318270
318291
318312
318333
318354
318375
318396
318417
318438
318459
318480
318501
318523
318544
318565
318586
318607
318628
318649
318670
318691
318712
318733
318754
318776
318797
318818
318839
318860
318881
318902
318923
318944
318965
318986
319007
319029
319050
319071
319092
319113
319134
319155
319176
319197
319218
319239
319260
319282
319303
319324
319345
319366
319387
319408
319429
319450
319471
319492
319513
319535
319556
319577
319598
319619
319640
319661
319682
319703
319724
319745
319767
319788
319809
319830
319851
319872
319893
319914
319935
319956
319977
319998
