0
27
52
78
103
128
154
179
204
230
255
281
306
331
357
382
407
433
458
483
509
534
560
585
610
636
661
686
712
737
762
788
813
839
864
889
915
940
965
991
1016
1041
1067
1092
1118
1143
1168
1194
1219
1244
1270
1295
1320
1346
1371
1397
1422
1447
1473
1498
1523
1549
1574
1599
1625
1650
1676
1701
1726
1752
1777
1802
1828
1853
1878
1904
1929
1955
1980
2005
2031
2056
2081
2107
2132
2157
2183
2208
2234
2259
2284
2310
2335
2360
2386
2411
2437
2462
2487
2513
2538
2563
2589
2614
2639
2665
2690
2716
2741
2766
2792
2817
2842
2868
2893
2918
2944
2969
2995
3020
3045
3071
3096
3121
3147
3172
3197
3223
3248
3274
3299
3324
3350
3375
3400
3426
3451
3476
3502
3527
3553
3578
3603
3629
3654
3679
3705
3730
3755
3781
3806
3832
3857
3882
3908
3933
3958
3984
4009
4034
4060
4085
4111
4136
4161
4187
4212
4237
4263
4288
4313
4339
4364
4390
4415
4440
4466
4491
4516
4542
4567
4592
4618
4643
4669
4694
4719
4745
4770
4795
4821
4846
4872
4897
4922
4948
4973
4998
5027
5052
5077
5102
5127
5152
5177
5202
5227
5252
5277
5302
5327
5352
5377
5402
5427
5452
5477
5502
5527
5552
5577
5603
5628
5653
5678
5703
5728
5753
5778
5803
5828
5853
5878
5903
5928
5953
5978
6003
6028
6053
6078
6103
6128
6153
6178
6204
6229
6254
6279
6304
6329
6354
6379
6404
6429
6454
6479
6504
6529
6554
6579
6604
6629
6654
6679
6704
6729
6754
6779
6805
6830
6855
6880
6905
6930
6955
6980
7005
7030
7055
7080
7105
7130
7155
7180
7205
7230
7255
7280
7305
7330
7355
7380
7406
7431
7456
7481
7506
7531
7556
7581
7606
7631
7656
7681
7706
7731
7756
7781
7806
7831
7856
7881
7906
7931
7956
7981
8007
8032
8057
8082
8107
8132
8157
8182
8207
8232
8257
8282
8307
8332
8357
8382
8407
8432
8457
8482
8507
8532
8557
8582
8608
8633
8658
8683
8708
8733
8758
8783
8808
8833
8858
8883
8908
8933
8958
8983
9008
9033
9058
9083
9108
9133
9158
9183
9209
9234
9259
9284
9309
9334
9359
9384
9409
9434
9459
9484
9509
9534
9559
9584
9609
9634
9659
9684
9709
9734
9759
9784
9810
9835
9860
9885
9910
9935
9960
9985
10031
10061
10091
10121
10150
10180
10210
10240
10270
10299
10329
10359
10389
10419
10448
10478
10508
10538
10567
10597
10627
10657
10687
10716
10746
10776
10806
10836
10865
10895
10925
10955
10984
11014
11044
11074
11104
11133
11163
11193
11223
11253
11282
11312
11342
11372
11402
11431
11461
11491
11521
11550
11580
11610
11640
11670
11699
11729
11759
11789
11819
11848
11878
11908
11938
11967
11997
12027
12057
12087
12116
12146
12176
12206
12236
12265
12295
12325
12355
12385
12414
12444
12474
12504
12533
12563
12593
12623
12653
12682
12712
12742
12772
12802
12831
12861
12891
12921
12950
12980
13010
13040
13070
13099
13129
13159
13189
13219
13248
13278
13308
13338
13368
13397
13427
13457
13487
13516
13546
13576
13606
13636
13665
13695
13725
13755
13785
13814
13844
13874
13904
13933
13963
13993
14023
14053
14082
14112
14142
14172
14202
14231
14261
14291
14321
14351
14380
14410
14440
14470
14499
14529
14559
14589
14619
14648
14678
14708
14738
14768
14797
14827
14857
14887
14916
14946
14976
15029
15056
15083
15110
15137
15164
15191
15218
15245
15272
15299
15326
15353
15380
15407
15434
15461
15488
15515
15542
15569
15596
15623
15650
15677
15704
15731
15758
15785
15812
15839
15866
15893
15920
15947
15975
16002
16029
16056
16083
16110
16137
16164
16191
16218
16245
16272
16299
16326
16353
16380
16407
16434
16461
16488
16515
16542
16569
16596
16623
16650
16677
16704
16731
16758
16785
16812
16839
16866
16893
16921
16948
16975
17002
17029
17056
17083
17110
17137
17164
17191
17218
17245
17272
17299
17326
17353
17380
17407
17434
17461
17488
17515
17542
17569
17596
17623
17650
17677
17704
17731
17758
17785
17812
17839
17866
17894
17921
17948
17975
18002
18029
18056
18083
18110
18137
18164
18191
18218
18245
18272
18299
18326
18353
18380
18407
18434
18461
18488
18515
18542
18569
18596
18623
18650
18677
18704
18731
18758
18785
18812
18840
18867
18894
18921
18948
18975
19002
19029
19056
19083
19110
19137
19164
19191
19218
19245
19272
19299
19326
19353
19380
19407
19434
19461
19488
19515
19542
19569
19596
19623
19650
19677
19704
19731
19758
19785
19813
19840
19867
19894
19921
19948
19975
20027
20053
20079
20105
20131
20157
20183
20209
20235
20261
20287
20313
20339
20365
20390
20416
20442
20468
20494
20520
20546
20572
20598
20624
20650
20676
20702
20728
20753
20779
20805
20831
20857
20883
20909
20935
20961
20987
21013
21039
21065
21091
21117
21142
21168
21194
21220
21246
21272
21298
21324
21350
21376
21402
21428
21454
21480
21505
21531
21557
21583
21609
21635
21661
21687
21713
21739
21765
21791
21817
21843
21869
21894
21920
21946
21972
21998
22024
22050
22076
22102
22128
22154
22180
22206
22232
22257
22283
22309
22335
22361
22387
22413
22439
22465
22491
22517
22543
22569
22595
22621
22646
22672
22698
22724
22750
22776
22802
22828
22854
22880
22906
22932
22958
22984
23009
23035
23061
23087
23113
23139
23165
23191
23217
23243
23269
23295
23321
23347
23373
23398
23424
23450
23476
23502
23528
23554
23580
23606
23632
23658
23684
23710
23736
23761
23787
23813
23839
23865
23891
23917
23943
23969
23995
24021
24047
24073
24099
24124
24150
24176
24202
24228
24254
24280
24306
24332
24358
24384
24410
24436
24462
24488
24513
24539
24565
24591
24617
24643
24669
24695
24721
24747
24773
24799
24825
24851
24876
24902
24928
24954
24980
25029
25057
25084
25112
25139
25167
25194
25222
25249
25277
25304
25332
25359
25387
25414
25442
25469
25497
25524
25552
25579
25607
25634
25662
25689
25717
25744
25772
25800
25827
25855
25882
25910
25937
25965
25992
26020
26047
26075
26102
26130
26157
26185
26212
26240
26267
26295
26322
26350
26377
26405
26432
26460
26487
26515
26543
26570
26598
26625
26653
26680
26708
26735
26763
26790
26818
26845
26873
26900
26928
26955
26983
27010
27038
27065
27093
27120
27148
27175
27203
27230
27258
27285
27313
27341
27368
27396
27423
27451
27478
27506
27533
27561
27588
27616
27643
27671
27698
27726
27753
27781
27808
27836
27863
27891
27918
27946
27973
28001
28028
28056
28084
28111
28139
28166
28194
28221
28249
28276
28304
28331
28359
28386
28414
28441
28469
28496
28524
28551
28579
28606
28634
28661
28689
28716
28744
28771
28799
28826
28854
28882
28909
28937
28964
28992
29019
29047
29074
29102
29129
29157
29184
29212
29239
29267
29294
29322
29349
29377
29404
29432
29459
29487
29514
29542
29569
29597
29625
29652
29680
29707
29735
29762
29790
29817
29845
29872
29900
29927
29955
29982
30031
30061
30090
30120
30149
30179
30209
30238
30268
30297
30327
30356
30386
30416
30445
30475
30504
30534
30563
30593
30623
30652
30682
30711
30741
30771
30800
30830
30859
30889
30918
30948
30978
31007
31037
31066
31096
31125
31155
31185
31214
31244
31273
31303
31333
31362
31392
31421
31451
31480
31510
31540
31569
31599
31628
31658
31687
31717
31747
31776
31806
31835
31865
31895
31924
31954
31983
32013
32042
32072
32102
32131
32161
32190
32220
32249
32279
32309
32338
32368
32397
32427
32457
32486
32516
32545
32575
32604
32634
32664
32693
32723
32752
32782
32811
32841
32871
32900
32930
32959
32989
33019
33048
33078
33107
33137
33166
33196
33226
33255
33285
33314
33344
33373
33403
33433
33462
33492
33521
33551
33580
33610
33640
33669
33699
33728
33758
33788
33817
33847
33876
33906
33935
33965
33995
34024
34054
34083
34113
34142
34172
34202
34231
34261
34290
34320
34350
34379
34409
34438
34468
34497
34527
34557
34586
34616
34645
34675
34704
34734
34764
34793
34823
34852
34882
34912
34941
34971
35000
35030
35058
35087
35115
35143
35172
35200
35228
35257
35285
35313
35342
35370
35398
35427
35455
35483
35512
35540
35568
35597
35625
35653
35682
35710
35738
35767
35795
35823
35852
35880
35908
35937
35965
35993
36022
36050
36078
36107
36135
36164
36192
36220
36249
36277
36305
36334
36362
36390
36419
36447
36475
36504
36532
36560
36589
36617
36645
36674
36702
36730
36759
36787
36815
36844
36872
36900
36929
36957
36985
37014
37042
37070
37099
37127
37155
37184
37212
37241
37269
37297
37326
37354
37382
37411
37439
37467
37496
37524
37552
37581
37609
37637
37666
37694
37722
37751
37779
37807
37836
37864
37892
37921
37949
37977
38006
38034
38062
38091
38119
38147
38176
38204
38232
38261
38289
38318
38346
38374
38403
38431
38459
38488
38516
38544
38573
38601
38629
38658
38686
38714
38743
38771
38799
38828
38856
38884
38913
38941
38969
38998
39026
39054
39083
39111
39139
39168
39196
39224
39253
39281
39309
39338
39366
39395
39423
39451
39480
39508
39536
39565
39593
39621
39650
39678
39706
39735
39763
39791
39820
39848
39876
39905
39933
39961
39990
45032
45062
45093
45123
45153
45184
45214
45245
45275
45305
45336
45366
45397
45427
45457
45488
45518
45549
45579
45609
45640
45670
45701
45731
45761
45792
45822
45853
45883
45913
45944
45974
46005
46035
46065
46096
46126
46157
46187
46217
46248
46278
46309
46339
46369
46400
46430
46461
46491
46521
46552
46582
46613
46643
46673
46704
46734
46765
46795
46825
46856
46886
46917
46947
46977
47008
47038
47069
47099
47129
47160
47190
47221
47251
47281
47312
47342
47373
47403
47433
47464
47494
47525
47555
47585
47616
47646
47677
47707
47737
47768
47798
47829
47859
47889
47920
47950
47981
48011
48041
48072
48102
48133
48163
48193
48224
48254
48285
48315
48345
48376
48406
48436
48467
48497
48528
48558
48588
48619
48649
48680
48710
48740
48771
48801
48832
48862
48892
48923
48953
48984
49014
49044
49075
49105
49136
49166
49196
49227
49257
49288
49318
49348
49379
49409
49440
49470
49500
49531
49561
49592
49622
49652
49683
49713
49744
49774
49804
49835
49865
49896
49926
49956
49987
50033
50065
50097
50128
50160
50192
50223
50255
50287
50318
50350
50382
50413
50445
50477
50508
50540
50572
50603
50635
50667
50698
50730
50762
50793
50825
50857
50889
50920
50952
50984
51015
51047
51079
51110
51142
51174
51205
51237
51269
51300
51332
51364
51395
51427
51459
51490
51522
51554
51585
51617
51649
51680
51712
51744
51776
51807
51839
51871
51902
51934
51966
51997
52029
52061
52092
52124
52156
52187
52219
52251
52282
52314
52346
52377
52409
52441
52472
52504
52536
52567
52599
52631
52663
52694
52726
52758
52789
52821
52853
52884
52916
52948
52979
53011
53043
53074
53106
53138
53169
53201
53233
53264
53296
53328
53359
53391
53423
53455
53486
53518
53550
53581
53613
53645
53676
53708
53740
53771
53803
53835
53866
53898
53930
53961
53993
54025
54056
54088
54120
54151
54183
54215
54246
54278
54310
54342
54373
54405
54437
54468
54500
54532
54563
54595
54627
54658
54690
54722
54753
54785
54817
54848
54880
54912
54943
54975
55030
55059
55088
55117
55145
55174
55203
55232
55260
55289
55318
55347
55375
55404
55433
55462
55490
55519
55548
55577
55605
55634
55663
55692
55720
55749
55778
55807
55835
55864
55893
55922
55951
55979
56008
56037
56066
56094
56123
56152
56181
56209
56238
56267
56296
56324
56353
56382
56411
56439
56468
56497
56526
56554
56583
56612
56641
56669
56698
56727
56756
56784
56813
56842
56871
56900
56928
56957
56986
57015
57043
57072
57101
57130
57158
57187
57216
57245
57273
57302
57331
57360
57388
57417
57446
57475
57503
57532
57561
57590
57618
57647
57676
57705
57733
57762
57791
57820
57849
57877
57906
57935
57964
57992
58021
58050
58079
58107
58136
58165
58194
58222
58251
58280
58309
58337
58366
58395
58424
58452
58481
58510
58539
58567
58596
58625
58654
58682
58711
58740
58769
58798
58826
58855
58884
58913
58941
58970
58999
59028
59056
59085
59114
59143
59171
59200
59229
59258
59286
59315
59344
59373
59401
59430
59459
59488
59516
59545
59574
59603
59631
59660
59689
59718
59747
59775
59804
59833
59862
59890
59919
59948
59977
60027
60052
60077
60103
60128
60153
60179
60204
60229
60255
60280
60305
60330
60356
60381
60406
60432
60457
60482
60508
60533
60558
60584
60609
60634
60659
60685
60710
60735
60761
60786
60811
60837
60862
60887
60912
60938
60963
60988
61014
61039
61064
61090
61115
61140
61166
61191
61216
61241
61267
61292
61317
61343
61368
61393
61419
61444
61469
61495
61520
61545
61570
61596
61621
61646
61672
61697
61722
61748
61773
61798
61823
61849
61874
61899
61925
61950
61975
62001
62026
62051
62077
62102
62127
62152
62178
62203
62228
62254
62279
62304
62330
62355
62380
62405
62431
62456
62481
62507
62532
62557
62583
62608
62633
62659
62684
62709
62734
62760
62785
62810
62836
62861
62886
62912
62937
62962
62988
63013
63038
63063
63089
63114
63139
63165
63190
63215
63241
63266
63291
63316
63342
63367
63392
63418
63443
63468
63494
63519
63544
63570
63595
63620
63645
63671
63696
63721
63747
63772
63797
63823
63848
63873
63899
63924
63949
63974
64000
64025
64050
64076
64101
64126
64152
64177
64202
64227
64253
64278
64303
64329
64354
64379
64405
64430
64455
64481
64506
64531
64556
64582
64607
64632
64658
64683
64708
64734
64759
64784
64809
64835
64860
64885
64911
64936
64961
64987
65028
65054
65080
65106
65132
65158
65184
65210
65236
65262
65288
65314
65340
65366
65392
65418
65444
65470
65496
65522
65548
65574
65600
65626
65652
65678
65704
65730
65756
65782
65808
65834
65860
65886
65912
65938
65964
65990
66016
66042
66068
66094
66120
66146
66172
66198
66224
66250
66276
66302
66328
66354
66380
66406
66432
66458
66484
66510
66536
66562
66588
66614
66640
66666
66692
66718
66744
66770
66796
66822
66848
66874
66900
66926
66952
66978
67004
67030
67056
67082
67108
67134
67160
67186
67212
67238
67264
67290
67316
67342
67368
67394
67420
67446
67472
67498
67524
67550
67576
67602
67628
67654
67680
67706
67732
67758
67784
67810
67836
67862
67888
67914
67940
67966
67992
68018
68044
68070
68096
68122
68148
68174
68200
68226
68252
68278
68304
68330
68356
68382
68408
68434
68460
68486
68512
68538
68564
68590
68616
68642
68668
68694
68720
68746
68772
68798
68824
68850
68876
68902
68928
68954
68980
69006
69032
69058
69084
69110
69136
69162
69188
69214
69240
69266
69292
69318
69344
69370
69396
69422
69448
69474
69500
69526
69552
69578
69604
69630
69656
69682
69708
69734
69760
69786
69812
69838
69864
69890
69916
69942
69968
69994
70029
70056
70083
70110
70137
70164
70192
70219
70246
70273
70300
70327
70355
70382
70409
70436
70463
70490
70518
70545
70572
70599
70626
70653
70681
70708
70735
70762
70789
70816
70844
70871
70898
70925
70952
70979
71007
71034
71061
71088
71115
71142
71170
71197
71224
71251
71278
71305
71333
71360
71387
71414
71441
71468
71496
71523
71550
71577
71604
71631
71659
71686
71713
71740
71767
71794
71822
71849
71876
71903
71930
71957
71985
72012
72039
72066
72093
72120
72148
72175
72202
72229
72256
72283
72311
72338
72365
72392
72419
72446
72474
72501
72528
72555
72582
72609
72637
72664
72691
72718
72745
72772
72800
72827
72854
72881
72908
72935
72963
72990
73017
73044
73071
73098
73126
73153
73180
73207
73234
73261
73289
73316
73343
73370
73397
73424
73451
73479
73506
73533
73560
73587
73614
73642
73669
73696
73723
73750
73777
73805
73832
73859
73886
73913
73940
73968
73995
74022
74049
74076
74103
74131
74158
74185
74212
74239
74266
74294
74321
74348
74375
74402
74429
74457
74484
74511
74538
74565
74592
74620
74647
74674
74701
74728
74755
74783
74810
74837
74864
74891
74918
74946
74973
75000
75029
75057
75084
75112
75140
75167
75195
75222
75250
75278
75305
75333
75360
75388
75416
75443
75471
75499
75526
75554
75581
75609
75637
75664
75692
75719
75747
75775
75802
75830
75857
75885
75913
75940
75968
75996
76023
76051
76078
76106
76134
76161
76189
76216
76244
76272
76299
76327
76354
76382
76410
76437
76465
76493
76520
76548
76575
76603
76631
76658
76686
76713
76741
76769
76796
76824
76851
76879
76907
76934
76962
76990
77017
77045
77072
77100
77128
77155
77183
77210
77238
77266
77293
77321
77348
77376
77404
77431
77459
77487
77514
77542
77569
77597
77625
77652
77680
77707
77735
77763
77790
77818
77845
77873
77901
77928
77956
77984
78011
78039
78066
78094
78122
78149
78177
78204
78232
78260
78287
78315
78343
78370
78398
78425
78453
78481
78508
78536
78563
78591
78619
78646
78674
78701
78729
78757
78784
78812
78840
78867
78895
78922
78950
78978
79005
79033
79060
79088
79116
79143
79171
79198
79226
79254
79281
79309
79337
79364
79392
79419
79447
79475
79502
79530
79557
79585
79613
79640
79668
79695
79723
79751
79778
79806
79834
79861
79889
79916
79944
79972
79999
80030
80058
80086
80114
80142
80171
80199
80227
80255
80283
80311
80340
80368
80396
80424
80452
80481
80509
80537
80565
80593
80621
80650
80678
80706
80734
80762
80791
80819
80847
80875
80903
80931
80960
80988
81016
81044
81072
81100
81129
81157
81185
81213
81241
81270
81298
81326
81354
81382
81410
81439
81467
81495
81523
81551
81580
81608
81636
81664
81692
81720
81749
81777
81805
81833
81861
81889
81918
81946
81974
82002
82030
82059
82087
82115
82143
82171
82199
82228
82256
82284
82312
82340
82369
82397
82425
82453
82481
82509
82538
82566
82594
82622
82650
82678
82707
82735
82763
82791
82819
82848
82876
82904
82932
82960
82988
83017
83045
83073
83101
83129
83158
83186
83214
83242
83270
83298
83327
83355
83383
83411
83439
83468
83496
83524
83552
83580
83608
83637
83665
83693
83721
83749
83777
83806
83834
83862
83890
83918
83947
83975
84003
84031
84059
84087
84116
84144
84172
84200
84228
84257
84285
84313
84341
84369
84397
84426
84454
84482
84510
84538
84566
84595
84623
84651
84679
84707
84736
84764
84792
84820
84848
84876
84905
84933
84961
84989
85028
85054
85080
85106
85132
85158
85184
85210
85236
85262
85288
85314
85341
85367
85393
85419
85445
85471
85497
85523
85549
85575
85601
85627
85654
85680
85706
85732
85758
85784
85810
85836
85862
85888
85914
85940
85967
85993
86019
86045
86071
86097
86123
86149
86175
86201
86227
86253
86279
86306
86332
86358
86384
86410
86436
86462
86488
86514
86540
86566
86592
86619
86645
86671
86697
86723
86749
86775
86801
86827
86853
86879
86905
86932
86958
86984
87010
87036
87062
87088
87114
87140
87166
87192
87218
87244
87271
87297
87323
87349
87375
87401
87427
87453
87479
87505
87531
87557
87584
87610
87636
87662
87688
87714
87740
87766
87792
87818
87844
87870
87897
87923
87949
87975
88001
88027
88053
88079
88105
88131
88157
88183
88209
88236
88262
88288
88314
88340
88366
88392
88418
88444
88470
88496
88522
88549
88575
88601
88627
88653
88679
88705
88731
88757
88783
88809
88835
88862
88888
88914
88940
88966
88992
89018
89044
89070
89096
89122
89148
89175
89201
89227
89253
89279
89305
89331
89357
89383
89409
89435
89461
89487
89514
89540
89566
89592
89618
89644
89670
89696
89722
89748
89774
89800
89827
89853
89879
89905
89931
89957
89983
90028
90055
90082
90109
90136
90163
90190
90217
90244
90271
90298
90325
90352
90379
90406
90433
90459
90486
90513
90540
90567
90594
90621
90648
90675
90702
90729
90756
90783
90810
90837
90864
90891
90917
90944
90971
90998
91025
91052
91079
91106
91133
91160
91187
91214
91241
91268
91295
91322
91348
91375
91402
91429
91456
91483
91510
91537
91564
91591
91618
91645
91672
91699
91726
91753
91780
91806
91833
91860
91887
91914
91941
91968
91995
92022
92049
92076
92103
92130
92157
92184
92211
92237
92264
92291
92318
92345
92372
92399
92426
92453
92480
92507
92534
92561
92588
92615
92642
92669
92695
92722
92749
92776
92803
92830
92857
92884
92911
92938
92965
92992
93019
93046
93073
93100
93126
93153
93180
93207
93234
93261
93288
93315
93342
93369
93396
93423
93450
93477
93504
93531
93558
93584
93611
93638
93665
93692
93719
93746
93773
93800
93827
93854
93881
93908
93935
93962
93989
94016
94042
94069
94096
94123
94150
94177
94204
94231
94258
94285
94312
94339
94366
94393
94420
94447
94473
94500
94527
94554
94581
94608
94635
94662
94689
94716
94743
94770
94797
94824
94851
94878
94905
94931
94958
94985
95027
95053
95078
95104
95129
95155
95181
95206
95232
95257
95283
95308
95334
95360
95385
95411
95436
95462
95487
95513
95539
95564
95590
95615
95641
95666
95692
95718
95743
95769
95794
95820
95845
95871
95897
95922
95948
95973
95999
96024
96050
96076
96101
96127
96152
96178
96203
96229
96255
96280
96306
96331
96357
96382
96408
96434
96459
96485
96510
96536
96562
96587
96613
96638
96664
96689
96715
96741
96766
96792
96817
96843
96868
96894
96920
96945
96971
96996
97022
97047
97073
97099
97124
97150
97175
97201
97226
97252
97278
97303
97329
97354
97380
97405
97431
97457
97482
97508
97533
97559
97584
97610
97636
97661
97687
97712
97738
97763
97789
97815
97840
97866
97891
97917
97942
97968
97994
98019
98045
98070
98096
98122
98147
98173
98198
98224
98249
98275
98301
98326
98352
98377
98403
98428
98454
98480
98505
98531
98556
98582
98607
98633
98659
98684
98710
98735
98761
98786
98812
98838
98863
98889
98914
98940
98965
98991
99017
99042
99068
99093
99119
99144
99170
99196
99221
99247
99272
99298
99323
99349
99375
99400
99426
99451
99477
99502
99528
99554
99579
99605
99630
99656
99682
99707
99733
99758
99784
99809
99835
99861
99886
99912
99937
99963
99988
100029
100057
100085
100113
100141
100169
100196
100224
100252
100280
100308
100336
100363
100391
100419
100447
100475
100503
100530
100558
100586
100614
100642
100670
100698
100725
100753
100781
100809
100837
100865
100892
100920
100948
100976
101004
101032
101059
101087
101115
101143
101171
101199
101227
101254
101282
101310
101338
101366
101394
101421
101449
101477
101505
101533
101561
101588
101616
101644
101672
101700
101728
101756
101783
101811
101839
101867
101895
101923
101950
101978
102006
102034
102062
102090
102117
102145
102173
102201
102229
102257
102285
102312
102340
102368
102396
102424
102452
102479
102507
102535
102563
102591
102619
102646
102674
102702
102730
102758
102786
102813
102841
102869
102897
102925
102953
102981
103008
103036
103064
103092
103120
103148
103175
103203
103231
103259
103287
103315
103342
103370
103398
103426
103454
103482
103510
103537
103565
103593
103621
103649
103677
103704
103732
103760
103788
103816
103844
103871
103899
103927
103955
103983
104011
104039
104066
104094
104122
104150
104178
104206
104233
104261
104289
104317
104345
104373
104400
104428
104456
104484
104512
104540
104568
104595
104623
104651
104679
104707
104735
104762
104790
104818
104846
104874
104902
104929
104957
104985
105032
105062
105093
105123
105153
105184
105214
105244
105275
105305
105335
105366
105396
105427
105457
105487
105518
105548
105578
105609
105639
105669
105700
105730
105760
105791
105821
105852
105882
105912
105943
105973
106003
106034
106064
106094
106125
106155
106185
106216
106246
106277
106307
106337
106368
106398
106428
106459
106489
106519
106550
106580
106610
106641
106671
106702
106732
106762
106793
106823
106853
106884
106914
106944
106975
107005
107035
107066
107096
107127
107157
107187
107218
107248
107278
107309
107339
107369
107400
107430
107460
107491
107521
107552
107582
107612
107643
107673
107703
107734
107764
107794
107825
107855
107885
107916
107946
107977
108007
108037
108068
108098
108128
108159
108189
108219
108250
108280
108310
108341
108371
108402
108432
108462
108493
108523
108553
108584
108614
108644
108675
108705
108735
108766
108796
108827
108857
108887
108918
108948
108978
109009
109039
109069
109100
109130
109160
109191
109221
109252
109282
109312
109343
109373
109403
109434
109464
109494
109525
109555
109585
109616
109646
109677
109707
109737
109768
109798
109828
109859
109889
109919
109950
109980
110029
110056
110083
110110
110137
110164
110191
110219
110246
110273
110300
110327
110354
110381
110408
110436
110463
110490
110517
110544
110571
110598
110626
110653
110680
110707
110734
110761
110788
110815
110843
110870
110897
110924
110951
110978
111005
111032
111060
111087
111114
111141
111168
111195
111222
111250
111277
111304
111331
111358
111385
111412
111439
111467
111494
111521
111548
111575
111602
111629
111656
111684
111711
111738
111765
111792
111819
111846
111874
111901
111928
111955
111982
112009
112036
112063
112091
112118
112145
112172
112199
112226
112253
112280
112308
112335
112362
112389
112416
112443
112470
112498
112525
112552
112579
112606
112633
112660
112687
112715
112742
112769
112796
112823
112850
112877
112905
112932
112959
112986
113013
113040
113067
113094
113122
113149
113176
113203
113230
113257
113284
113311
113339
113366
113393
113420
113447
113474
113501
113529
113556
113583
113610
113637
113664
113691
113718
113746
113773
113800
113827
113854
113881
113908
113935
113963
113990
114017
114044
114071
114098
114125
114153
114180
114207
114234
114261
114288
114315
114342
114370
114397
114424
114451
114478
114505
114532
114559
114587
114614
114641
114668
114695
114722
114749
114777
114804
114831
114858
114885
114912
114939
114966
114994
115030
115058
115086
115114
115142
115171
115199
115227
115255
115283
115312
115340
115368
115396
115424
115453
115481
115509
115537
115565
115594
115622
115650
115678
115706
115734
115763
115791
115819
115847
115875
115904
115932
115960
115988
116016
116045
116073
116101
116129
116157
116186
116214
116242
116270
116298
116327
116355
116383
116411
116439
116467
116496
116524
116552
116580
116608
116637
116665
116693
116721
116749
116778
116806
116834
116862
116890
116919
116947
116975
117003
117031
117059
117088
117116
117144
117172
117200
117229
117257
117285
117313
117341
117370
117398
117426
117454
117482
117511
117539
117567
117595
117623
117652
117680
117708
117736
117764
117792
117821
117849
117877
117905
117933
117962
117990
118018
118046
118074
118103
118131
118159
118187
118215
118244
118272
118300
118328
118356
118384
118413
118441
118469
118497
118525
118554
118582
118610
118638
118666
118695
118723
118751
118779
118807
118836
118864
118892
118920
118948
118977
119005
119033
119061
119089
119117
119146
119174
119202
119230
119258
119287
119315
119343
119371
119399
119428
119456
119484
119512
119540
119569
119597
119625
119653
119681
119709
119738
119766
119794
119822
119850
119879
119907
119935
119963
119991
120026
120051
120076
120101
120126
120151
120176
120201
120226
120251
120276
120300
120325
120350
120375
120400
120425
120450
120475
120500
120525
120550
120574
120599
120624
120649
120674
120699
120724
120749
120774
120799
120824
120848
120873
120898
120923
120948
120973
120998
121023
121048
121073
121098
121122
121147
121172
121197
121222
121247
121272
121297
121322
121347
121372
121396
121421
121446
121471
121496
121521
121546
121571
121596
121621
121646
121670
121695
121720
121745
121770
121795
121820
121845
121870
121895
121920
121944
121969
121994
122019
122044
122069
122094
122119
122144
122169
122194
122218
122243
122268
122293
122318
122343
122368
122393
122418
122443
122468
122492
122517
122542
122567
122592
122617
122642
122667
122692
122717
122742
122766
122791
122816
122841
122866
122891
122916
122941
122966
122991
123016
123040
123065
123090
123115
123140
123165
123190
123215
123240
123265
123290
123314
123339
123364
123389
123414
123439
123464
123489
123514
123539
123564
123588
123613
123638
123663
123688
123713
123738
123763
123788
123813
123838
123862
123887
123912
123937
123962
123987
124012
124037
124062
124087
124112
124136
124161
124186
124211
124236
124261
124286
124311
124336
124361
124386
124410
124435
124460
124485
124510
124535
124560
124585
124610
124635
124660
124684
124709
124734
124759
124784
124809
124834
124859
124884
124909
124934
124958
124983
125028
125054
125080
125106
125132
125158
125184
125210
125236
125262
125288
125314
125340
125366
125392
125418
125444
125470
125496
125522
125548
125574
125600
125626
125653
125679
125705
125731
125757
125783
125809
125835
125861
125887
125913
125939
125965
125991
126017
126043
126069
126095
126121
126147
126173
126199
126225
126251
126278
126304
126330
126356
126382
126408
126434
126460
126486
126512
126538
126564
126590
126616
126642
126668
126694
126720
126746
126772
126798
126824
126850
126876
126903
126929
126955
126981
127007
127033
127059
127085
127111
127137
127163
127189
127215
127241
127267
127293
127319
127345
127371
127397
127423
127449
127475
127501
127528
127554
127580
127606
127632
127658
127684
127710
127736
127762
127788
127814
127840
127866
127892
127918
127944
127970
127996
128022
128048
128074
128100
128126
128153
128179
128205
128231
128257
128283
128309
128335
128361
128387
128413
128439
128465
128491
128517
128543
128569
128595
128621
128647
128673
128699
128725
128751
128778
128804
128830
128856
128882
128908
128934
128960
128986
129012
129038
129064
129090
129116
129142
129168
129194
129220
129246
129272
129298
129324
129350
129376
129403
129429
129455
129481
129507
129533
129559
129585
129611
129637
129663
129689
129715
129741
129767
129793
129819
129845
129871
129897
129923
129949
129975
130001
130036
130070
130105
130139
130173
130208
130242
130277
130311
130345
130380
130414
130449
130483
130517
130552
130586
130621
130655
130689
130724
130758
130793
130827
130861
130896
130930
130965
130999
131033
131068
131102
131137
131171
131205
131240
131274
131309
131343
131377
131412
131446
131480
131515
131549
131584
131618
131652
131687
131721
131756
131790
131824
131859
131893
131928
131962
131996
132031
132065
132100
132134
132168
132203
132237
132272
132306
132340
132375
132409
132444
132478
132512
132547
132581
132616
132650
132684
132719
132753
132787
132822
132856
132891
132925
132959
132994
133028
133063
133097
133131
133166
133200
133235
133269
133303
133338
133372
133407
133441
133475
133510
133544
133579
133613
133647
133682
133716
133751
133785
133819
133854
133888
133923
133957
133991
134026
134060
134094
134129
134163
134198
134232
134266
134301
134335
134370
134404
134438
134473
134507
134542
134576
134610
134645
134679
134714
134748
134782
134817
134851
134886
134920
134954
134989
135030
135058
135086
135114
135142
135171
135199
135227
135255
135283
135312
135340
135368
135396
135424
135453
135481
135509
135537
135565
135594
135622
135650
135678
135706
135734
135763
135791
135819
135847
135875
135904
135932
135960
135988
136016
136045
136073
136101
136129
136157
136186
136214
136242
136270
136298
136327
136355
136383
136411
136439
136467
136496
136524
136552
136580
136608
136637
136665
136693
136721
136749
136778
136806
136834
136862
136890
136919
136947
136975
137003
137031
137060
137088
137116
137144
137172
137200
137229
137257
137285
137313
137341
137370
137398
137426
137454
137482
137511
137539
137567
137595
137623
137652
137680
137708
137736
137764
137793
137821
137849
137877
137905
137933
137962
137990
138018
138046
138074
138103
138131
138159
138187
138215
138244
138272
138300
138328
138356
138385
138413
138441
138469
138497
138526
138554
138582
138610
138638
138666
138695
138723
138751
138779
138807
138836
138864
138892
138920
138948
138977
139005
139033
139061
139089
139118
139146
139174
139202
139230
139259
139287
139315
139343
139371
139399
139428
139456
139484
139512
139540
139569
139597
139625
139653
139681
139710
139738
139766
139794
139822
139851
139879
139907
139935
139963
139992
140029
140057
140084
140112
140139
140167
140194
140222
140249
140277
140304
140332
140360
140387
140415
140442
140470
140497
140525
140552
140580
140607
140635
140663
140690
140718
140745
140773
140800
140828
140855
140883
140910
140938
140965
140993
141021
141048
141076
141103
141131
141158
141186
141213
141241
141268
141296
141324
141351
141379
141406
141434
141461
141489
141516
141544
141571
141599
141627
141654
141682
141709
141737
141764
141792
141819
141847
141874
141902
141929
141957
141985
142012
142040
142067
142095
142122
142150
142177
142205
142232
142260
142288
142315
142343
142370
142398
142425
142453
142480
142508
142535
142563
142590
142618
142646
142673
142701
142728
142756
142783
142811
142838
142866
142893
142921
142949
142976
143004
143031
143059
143086
143114
143141
143169
143196
143224
143252
143279
143307
143334
143362
143389
143417
143444
143472
143499
143527
143554
143582
143610
143637
143665
143692
143720
143747
143775
143802
143830
143857
143885
143913
143940
143968
143995
144023
144050
144078
144105
144133
144160
144188
144216
144243
144271
144298
144326
144353
144381
144408
144436
144463
144491
144518
144546
144574
144601
144629
144656
144684
144711
144739
144766
144794
144821
144849
144877
144904
144932
144959
144987
145029
145056
145083
145111
145138
145165
145192
145220
145247
145274
145301
145329
145356
145383
145411
145438
145465
145492
145520
145547
145574
145601
145629
145656
145683
145711
145738
145765
145792
145820
145847
145874
145901
145929
145956
145983
146010
146038
146065
146092
146120
146147
146174
146201
146229
146256
146283
146310
146338
146365
146392
146420
146447
146474
146501
146529
146556
146583
146610
146638
146665
146692
146720
146747
146774
146801
146829
146856
146883
146910
146938
146965
146992
147019
147047
147074
147101
147129
147156
147183
147210
147238
147265
147292
147319
147347
147374
147401
147429
147456
147483
147510
147538
147565
147592
147619
147647
147674
147701
147729
147756
147783
147810
147838
147865
147892
147919
147947
147974
148001
148028
148056
148083
148110
148138
148165
148192
148219
148247
148274
148301
148328
148356
148383
148410
148438
148465
148492
148519
148547
148574
148601
148628
148656
148683
148710
148738
148765
148792
148819
148847
148874
148901
148928
148956
148983
149010
149037
149065
149092
149119
149147
149174
149201
149228
149256
149283
149310
149337
149365
149392
149419
149447
149474
149501
149528
149556
149583
149610
149637
149665
149692
149719
149747
149774
149801
149828
149856
149883
149910
149937
149965
149992
150029
150056
150083
150110
150137
150164
150192
150219
150246
150273
150300
150327
150355
150382
150409
150436
150463
150490
150518
150545
150572
150599
150626
150653
150680
150708
150735
150762
150789
150816
150843
150871
150898
150925
150952
150979
151006
151034
151061
151088
151115
151142
151169
151196
151224
151251
151278
151305
151332
151359
151387
151414
151441
151468
151495
151522
151550
151577
151604
151631
151658
151685
151712
151740
151767
151794
151821
151848
151875
151903
151930
151957
151984
152011
152038
152066
152093
152120
152147
152174
152201
152228
152256
152283
152310
152337
152364
152391
152419
152446
152473
152500
152527
152554
152582
152609
152636
152663
152690
152717
152744
152772
152799
152826
152853
152880
152907
152935
152962
152989
153016
153043
153070
153098
153125
153152
153179
153206
153233
153260
153288
153315
153342
153369
153396
153423
153451
153478
153505
153532
153559
153586
153614
153641
153668
153695
153722
153749
153776
153804
153831
153858
153885
153912
153939
153967
153994
154021
154048
154075
154102
154130
154157
154184
154211
154238
154265
154292
154320
154347
154374
154401
154428
154455
154483
154510
154537
154564
154591
154618
154646
154673
154700
154727
154754
154781
154808
154836
154863
154890
154917
154944
154971
154999
155028
155055
155082
155109
155136
155163
155190
155217
155244
155271
155298
155325
155352
155379
155406
155432
155459
155486
155513
155540
155567
155594
155621
155648
155675
155702
155729
155756
155783
155810
155836
155863
155890
155917
155944
155971
155998
156025
156052
156079
156106
156133
156160
156187
156214
156241
156267
156294
156321
156348
156375
156402
156429
156456
156483
156510
156537
156564
156591
156618
156645
156671
156698
156725
156752
156779
156806
156833
156860
156887
156914
156941
156968
156995
157022
157049
157075
157102
157129
157156
157183
157210
157237
157264
157291
157318
157345
157372
157399
157426
157453
157480
157506
157533
157560
157587
157614
157641
157668
157695
157722
157749
157776
157803
157830
157857
157884
157910
157937
157964
157991
158018
158045
158072
158099
158126
158153
158180
158207
158234
158261
158288
158314
158341
158368
158395
158422
158449
158476
158503
158530
158557
158584
158611
158638
158665
158692
158719
158745
158772
158799
158826
158853
158880
158907
158934
158961
158988
159015
159042
159069
159096
159123
159149
159176
159203
159230
159257
159284
159311
159338
159365
159392
159419
159446
159473
159500
159527
159553
159580
159607
159634
159661
159688
159715
159742
159769
159796
159823
159850
159877
159904
159931
159958
159984
160029
160057
160085
160112
160140
160168
160195
160223
160251
160278
160306
160334
160361
160389
160417
160444
160472
160500
160527
160555
160583
160610
160638
160666
160693
160721
160749
160776
160804
160832
160859
160887
160915
160942
160970
160998
161025
161053
161081
161108
161136
161164
161191
161219
161247
161274
161302
161330
161357
161385
161413
161440
161468
161496
161523
161551
161579
161607
161634
161662
161690
161717
161745
161773
161800
161828
161856
161883
161911
161939
161966
161994
162022
162049
162077
162105
162132
162160
162188
162215
162243
162271
162298
162326
162354
162381
162409
162437
162464
162492
162520
162547
162575
162603
162630
162658
162686
162713
162741
162769
162796
162824
162852
162879
162907
162935
162962
162990
163018
163045
163073
163101
163129
163156
163184
163212
163239
163267
163295
163322
163350
163378
163405
163433
163461
163488
163516
163544
163571
163599
163627
163654
163682
163710
163737
163765
163793
163820
163848
163876
163903
163931
163959
163986
164014
164042
164069
164097
164125
164152
164180
164208
164235
164263
164291
164318
164346
164374
164401
164429
164457
164484
164512
164540
164567
164595
164623
164651
164678
164706
164734
164761
164789
164817
164844
164872
164900
164927
164955
164983
165038
165074
165110
165146
165182
165218
165254
165290
165327
165363
165399
165435
165471
165507
165543
165579
165615
165652
165688
165724
165760
165796
165832
165868
165904
165941
165977
166013
166049
166085
166121
166157
166193
166229
166266
166302
166338
166374
166410
166446
166482
166518
166555
166591
166627
166663
166699
166735
166771
166807
166843
166880
166916
166952
166988
167024
167060
167096
167132
167169
167205
167241
167277
167313
167349
167385
167421
167457
167494
167530
167566
167602
167638
167674
167710
167746
167783
167819
167855
167891
167927
167963
167999
168035
168071
168108
168144
168180
168216
168252
168288
168324
168360
168397
168433
168469
168505
168541
168577
168613
168649
168685
168722
168758
168794
168830
168866
168902
168938
168974
169011
169047
169083
169119
169155
169191
169227
169263
169299
169336
169372
169408
169444
169480
169516
169552
169588
169625
169661
169697
169733
169769
169805
169841
169877
169913
169950
169986
170029
170057
170085
170112
170140
170168
170195
170223
170251
170278
170306
170334
170361
170389
170417
170444
170472
170500
170527
170555
170583
170610
170638
170666
170693
170721
170749
170777
170804
170832
170860
170887
170915
170943
170970
170998
171026
171053
171081
171109
171136
171164
171192
171219
171247
171275
171302
171330
171358
171385
171413
171441
171469
171496
171524
171552
171579
171607
171635
171662
171690
171718
171745
171773
171801
171828
171856
171884
171911
171939
171967
171994
172022
172050
172077
172105
172133
172161
172188
172216
172244
172271
172299
172327
172354
172382
172410
172437
172465
172493
172520
172548
172576
172603
172631
172659
172686
172714
172742
172769
172797
172825
172853
172880
172908
172936
172963
172991
173019
173046
173074
173102
173129
173157
173185
173212
173240
173268
173295
173323
173351
173378
173406
173434
173461
173489
173517
173545
173572
173600
173628
173655
173683
173711
173738
173766
173794
173821
173849
173877
173904
173932
173960
173987
174015
174043
174070
174098
174126
174153
174181
174209
174237
174264
174292
174320
174347
174375
174403
174430
174458
174486
174513
174541
174569
174596
174624
174652
174679
174707
174735
174762
174790
174818
174845
174873
174901
174928
174956
174984
175031
175060
175089
175118
175147
175176
175205
175234
175263
175292
175321
175350
175380
175409
175438
175467
175496
175525
175554
175583
175612
175641
175670
175699
175729
175758
175787
175816
175845
175874
175903
175932
175961
175990
176019
176048
176077
176107
176136
176165
176194
176223
176252
176281
176310
176339
176368
176397
176426
176456
176485
176514
176543
176572
176601
176630
176659
176688
176717
176746
176775
176804
176834
176863
176892
176921
176950
176979
177008
177037
177066
177095
177124
177153
177183
177212
177241
177270
177299
177328
177357
177386
177415
177444
177473
177502
177531
177561
177590
177619
177648
177677
177706
177735
177764
177793
177822
177851
177880
177910
177939
177968
177997
178026
178055
178084
178113
178142
178171
178200
178229
178258
178288
178317
178346
178375
178404
178433
178462
178491
178520
178549
178578
178607
178637
178666
178695
178724
178753
178782
178811
178840
178869
178898
178927
178956
178986
179015
179044
179073
179102
179131
179160
179189
179218
179247
179276
179305
179334
179364
179393
179422
179451
179480
179509
179538
179567
179596
179625
179654
179683
179713
179742
179771
179800
179829
179858
179887
179916
179945
179974
180027
180052
180078
180103
180129
180154
180180
180205
180230
180256
180281
180307
180332
180358
180383
180409
180434
180459
180485
180510
180536
180561
180587
180612
180637
180663
180688
180714
180739
180765
180790
180816
180841
180866
180892
180917
180943
180968
180994
181019
181044
181070
181095
181121
181146
181172
181197
181223
181248
181273
181299
181324
181350
181375
181401
181426
181451
181477
181502
181528
181553
181579
181604
181630
181655
181680
181706
181731
181757
181782
181808
181833
181858
181884
181909
181935
181960
181986
182011
182037
182062
182087
182113
182138
182164
182189
182215
182240
182266
182291
182316
182342
182367
182393
182418
182444
182469
182494
182520
182545
182571
182596
182622
182647
182673
182698
182723
182749
182774
182800
182825
182851
182876
182901
182927
182952
182978
183003
183029
183054
183080
183105
183130
183156
183181
183207
183232
183258
183283
183308
183334
183359
183385
183410
183436
183461
183487
183512
183537
183563
183588
183614
183639
183665
183690
183715
183741
183766
183792
183817
183843
183868
183894
183919
183944
183970
183995
184021
184046
184072
184097
184123
184148
184173
184199
184224
184250
184275
184301
184326
184351
184377
184402
184428
184453
184479
184504
184530
184555
184580
184606
184631
184657
184682
184708
184733
184758
184784
184809
184835
184860
184886
184911
184937
184962
184987
185026
185051
185076
185101
185126
185151
185176
185201
185226
185251
185276
185301
185326
185351
185376
185401
185426
185451
185476
185501
185526
185551
185576
185601
185626
185651
185676
185701
185726
185750
185775
185800
185825
185850
185875
185900
185925
185950
185975
186000
186025
186050
186075
186100
186125
186150
186175
186200
186225
186250
186275
186300
186325
186350
186375
186400
186425
186450
186474
186499
186524
186549
186574
186599
186624
186649
186674
186699
186724
186749
186774
186799
186824
186849
186874
186899
186924
186949
186974
186999
187024
187049
187074
187099
187124
187149
187174
187198
187223
187248
187273
187298
187323
187348
187373
187398
187423
187448
187473
187498
187523
187548
187573
187598
187623
187648
187673
187698
187723
187748
187773
187798
187823
187848
187873
187898
187922
187947
187972
187997
188022
188047
188072
188097
188122
188147
188172
188197
188222
188247
188272
188297
188322
188347
188372
188397
188422
188447
188472
188497
188522
188547
188572
188597
188622
188646
188671
188696
188721
188746
188771
188796
188821
188846
188871
188896
188921
188946
188971
188996
189021
189046
189071
189096
189121
189146
189171
189196
189221
189246
189271
189296
189321
189346
189370
189395
189420
189445
189470
189495
189520
189545
189570
189595
189620
189645
189670
189695
189720
189745
189770
189795
189820
189845
189870
189895
189920
189945
189970
189995
190031
190060
190089
190119
190148
190177
190207
190236
190265
190295
190324
190353
190382
190412
190441
190470
190500
190529
190558
190588
190617
190646
190675
190705
190734
190763
190793
190822
190851
190881
190910
190939
190969
190998
191027
191056
191086
191115
191144
191174
191203
191232
191262
191291
191320
191349
191379
191408
191437
191467
191496
191525
191555
191584
191613
191642
191672
191701
191730
191760
191789
191818
191848
191877
191906
191936
191965
191994
192023
192053
192082
192111
192141
192170
192199
192229
192258
192287
192316
192346
192375
192404
192434
192463
192492
192522
192551
192580
192609
192639
192668
192697
192727
192756
192785
192815
192844
192873
192903
192932
192961
192990
193020
193049
193078
193108
193137
193166
193196
193225
193254
193283
193313
193342
193371
193401
193430
193459
193489
193518
193547
193577
193606
193635
193664
193694
193723
193752
193782
193811
193840
193870
193899
193928
193957
193987
194016
194045
194075
194104
194133
194163
194192
194221
194250
194280
194309
194338
194368
194397
194426
194456
194485
194514
194544
194573
194602
194631
194661
194690
194719
194749
194778
194807
194837
194866
194895
194924
194954
194983
195029
195057
195085
195113
195141
195169
195197
195225
195253
195280
195308
195336
195364
195392
195420
195448
195476
195504
195531
195559
195587
195615
195643
195671
195699
195727
195755
195782
195810
195838
195866
195894
195922
195950
195978
196006
196033
196061
196089
196117
196145
196173
196201
196229
196257
196284
196312
196340
196368
196396
196424
196452
196480
196508
196535
196563
196591
196619
196647
196675
196703
196731
196759
196786
196814
196842
196870
196898
196926
196954
196982
197010
197037
197065
197093
197121
197149
197177
197205
197233
197261
197288
197316
197344
197372
197400
197428
197456
197484
197512
197539
197567
197595
197623
197651
197679
197707
197735
197763
197790
197818
197846
197874
197902
197930
197958
197986
198014
198041
198069
198097
198125
198153
198181
198209
198237
198265
198292
198320
198348
198376
198404
198432
198460
198488
198516
198543
198571
198599
198627
198655
198683
198711
198739
198767
198794
198822
198850
198878
198906
198934
198962
198990
199018
199045
199073
199101
199129
199157
199185
199213
199241
199269
199296
199324
199352
199380
199408
199436
199464
199492
199520
199547
199575
199603
199631
199659
199687
199715
199743
199771
199798
199826
199854
199882
199910
199938
199966
199994
200029
200056
200084
200111
200138
200166
200193
200221
200248
200275
200303
200330
200358
200385
200412
200440
200467
200495
200522
200549
200577
200604
200631
200659
200686
200714
200741
200768
200796
200823
200851
200878
200905
200933
200960
200988
201015
201042
201070
201097
201125
201152
201179
201207
201234
201261
201289
201316
201344
201371
201398
201426
201453
201481
201508
201535
201563
201590
201618
201645
201672
201700
201727
201755
201782
201809
201837
201864
201891
201919
201946
201974
202001
202028
202056
202083
202111
202138
202165
202193
202220
202248
202275
202302
202330
202357
202385
202412
202439
202467
202494
202521
202549
202576
202604
202631
202658
202686
202713
202741
202768
202795
202823
202850
202878
202905
202932
202960
202987
203015
203042
203069
203097
203124
203151
203179
203206
203234
203261
203288
203316
203343
203371
203398
203425
203453
203480
203508
203535
203562
203590
203617
203645
203672
203699
203727
203754
203781
203809
203836
203864
203891
203918
203946
203973
204001
204028
204055
204083
204110
204138
204165
204192
204220
204247
204274
204302
204329
204357
204384
204411
204439
204466
204494
204521
204548
204576
204603
204631
204658
204685
204713
204740
204768
204795
204822
204850
204877
204904
204932
204959
204987
205027
205053
205079
205105
205130
205156
205182
205208
205233
205259
205285
205311
205336
205362
205388
205414
205439
205465
205491
205517
205542
205568
205594
205620
205645
205671
205697
205723
205748
205774
205800
205826
205851
205877
205903
205929
205954
205980
206006
206032
206057
206083
206109
206135
206160
206186
206212
206238
206263
206289
206315
206341
206366
206392
206418
206444
206470
206495
206521
206547
206573
206598
206624
206650
206676
206701
206727
206753
206779
206804
206830
206856
206882
206907
206933
206959
206985
207010
207036
207062
207088
207113
207139
207165
207191
207216
207242
207268
207294
207319
207345
207371
207397
207422
207448
207474
207500
207525
207551
207577
207603
207628
207654
207680
207706
207731
207757
207783
207809
207834
207860
207886
207912
207938
207963
207989
208015
208041
208066
208092
208118
208144
208169
208195
208221
208247
208272
208298
208324
208350
208375
208401
208427
208453
208478
208504
208530
208556
208581
208607
208633
208659
208684
208710
208736
208762
208787
208813
208839
208865
208890
208916
208942
208968
208993
209019
209045
209071
209096
209122
209148
209174
209199
209225
209251
209277
209302
209328
209354
209380
209406
209431
209457
209483
209509
209534
209560
209586
209612
209637
209663
209689
209715
209740
209766
209792
209818
209843
209869
209895
209921
209946
209972
209998
210025
210049
210072
210096
210119
210143
210166
210190
210213
210237
210260
210284
210307
210331
210354
210378
210401
210425
210448
210472
210495
210519
210542
210566
210589
210613
210636
210660
210683
210707
210730
210754
210777
210801
210824
210848
210871
210895
210918
210942
210966
210989
211013
211036
211060
211083
211107
211130
211154
211177
211201
211224
211248
211271
211295
211318
211342
211365
211389
211412
211436
211459
211483
211506
211530
211553
211577
211600
211624
211647
211671
211694
211718
211741
211765
211788
211812
211835
211859
211883
211906
211930
211953
211977
212000
212024
212047
212071
212094
212118
212141
212165
212188
212212
212235
212259
212282
212306
212329
212353
212376
212400
212423
212447
212470
212494
212517
212541
212564
212588
212611
212635
212658
212682
212705
212729
212752
212776
212800
212823
212847
212870
212894
212917
212941
212964
212988
213011
213035
213058
213082
213105
213129
213152
213176
213199
213223
213246
213270
213293
213317
213340
213364
213387
213411
213434
213458
213481
213505
213528
213552
213575
213599
213622
213646
213669
213693
213717
213740
213764
213787
213811
213834
213858
213881
213905
213928
213952
213975
213999
214022
214046
214069
214093
214116
214140
214163
214187
214210
214234
214257
214281
214304
214328
214351
214375
214398
214422
214445
214469
214492
214516
214539
214563
214586
214610
214634
214657
214681
214704
214728
214751
214775
214798
214822
214845
214869
214892
214916
214939
214963
214986
215026
215051
215075
215100
215125
215149
215174
215198
215223
215248
215272
215297
215322
215346
215371
215395
215420
215445
215469
215494
215519
215543
215568
215592
215617
215642
215666
215691
215716
215740
215765
215789
215814
215839
215863
215888
215913
215937
215962
215986
216011
216036
216060
216085
216110
216134
216159
216183
216208
216233
216257
216282
216307
216331
216356
216380
216405
216430
216454
216479
216504
216528
216553
216577
216602
216627
216651
216676
216700
216725
216750
216774
216799
216824
216848
216873
216897
216922
216947
216971
216996
217021
217045
217070
217094
217119
217144
217168
217193
217218
217242
217267
217291
217316
217341
217365
217390
217415
217439
217464
217488
217513
217538
217562
217587
217612
217636
217661
217685
217710
217735
217759
217784
217809
217833
217858
217882
217907
217932
217956
217981
218006
218030
218055
218079
218104
218129
218153
218178
218202
218227
218252
218276
218301
218326
218350
218375
218399
218424
218449
218473
218498
218523
218547
218572
218596
218621
218646
218670
218695
218720
218744
218769
218793
218818
218843
218867
218892
218917
218941
218966
218990
219015
219040
219064
219089
219114
219138
219163
219187
219212
219237
219261
219286
219311
219335
219360
219384
219409
219434
219458
219483
219508
219532
219557
219581
219606
219631
219655
219680
219704
219729
219754
219778
219803
219828
219852
219877
219901
219926
219951
219975
220000
220025
220049
220073
220097
220121
220144
220168
220192
220216
220240
220264
220287
220311
220335
220359
220383
220407
220430
220454
220478
220502
220526
220550
220573
220597
220621
220645
220669
220693
220716
220740
220764
220788
220812
220836
220859
220883
220907
220931
220955
220979
221002
221026
221050
221074
221098
221122
221145
221169
221193
221217
221241
221265
221288
221312
221336
221360
221384
221408
221431
221455
221479
221503
221527
221551
221574
221598
221622
221646
221670
221693
221717
221741
221765
221789
221813
221836
221860
221884
221908
221932
221956
221979
222003
222027
222051
222075
222099
222122
222146
222170
222194
222218
222242
222265
222289
222313
222337
222361
222385
222408
222432
222456
222480
222504
222528
222551
222575
222599
222623
222647
222671
222694
222718
222742
222766
222790
222814
222837
222861
222885
222909
222933
222957
222980
223004
223028
223052
223076
223100
223123
223147
223171
223195
223219
223242
223266
223290
223314
223338
223362
223385
223409
223433
223457
223481
223505
223528
223552
223576
223600
223624
223648
223671
223695
223719
223743
223767
223791
223814
223838
223862
223886
223910
223934
223957
223981
224005
224029
224053
224077
224100
224124
224148
224172
224196
224220
224243
224267
224291
224315
224339
224363
224386
224410
224434
224458
224482
224506
224529
224553
224577
224601
224625
224649
224672
224696
224720
224744
224768
224791
224815
224839
224863
224887
224911
224934
224958
224982
225028
225055
225081
225108
225134
225161
225187
225214
225240
225267
225293
225320
225346
225373
225399
225426
225452
225479
225505
225532
225558
225585
225611
225638
225664
225691
225717
225744
225771
225797
225824
225850
225877
225903
225930
225956
225983
226009
226036
226062
226089
226115
226142
226168
226195
226221
226248
226274
226301
226327
226354
226380
226407
226433
226460
226487
226513
226540
226566
226593
226619
226646
226672
226699
226725
226752
226778
226805
226831
226858
226884
226911
226937
226964
226990
227017
227043
227070
227096
227123
227149
227176
227203
227229
227256
227282
227309
227335
227362
227388
227415
227441
227468
227494
227521
227547
227574
227600
227627
227653
227680
227706
227733
227759
227786
227812
227839
227865
227892
227918
227945
227972
227998
228025
228051
228078
228104
228131
228157
228184
228210
228237
228263
228290
228316
228343
228369
228396
228422
228449
228475
228502
228528
228555
228581
228608
228634
228661
228688
228714
228741
228767
228794
228820
228847
228873
228900
228926
228953
228979
229006
229032
229059
229085
229112
229138
229165
229191
229218
229244
229271
229297
229324
229350
229377
229404
229430
229457
229483
229510
229536
229563
229589
229616
229642
229669
229695
229722
229748
229775
229801
229828
229854
229881
229907
229934
229960
229987
230029
230057
230085
230113
230141
230169
230197
230224
230252
230280
230308
230336
230364
230392
230420
230447
230475
230503
230531
230559
230587
230615
230643
230670
230698
230726
230754
230782
230810
230838
230865
230893
230921
230949
230977
231005
231033
231061
231088
231116
231144
231172
231200
231228
231256
231284
231311
231339
231367
231395
231423
231451
231479
231506
231534
231562
231590
231618
231646
231674
231702
231729
231757
231785
231813
231841
231869
231897
231925
231952
231980
232008
232036
232064
232092
232120
232147
232175
232203
232231
232259
232287
232315
232343
232370
232398
232426
232454
232482
232510
232538
232566
232593
232621
232649
232677
232705
232733
232761
232789
232816
232844
232872
232900
232928
232956
232984
233011
233039
233067
233095
233123
233151
233179
233207
233234
233262
233290
233318
233346
233374
233402
233430
233457
233485
233513
233541
233569
233597
233625
233652
233680
233708
233736
233764
233792
233820
233848
233875
233903
233931
233959
233987
234015
234043
234071
234098
234126
234154
234182
234210
234238
234266
234293
234321
234349
234377
234405
234433
234461
234489
234516
234544
234572
234600
234628
234656
234684
234712
234739
234767
234795
234823
234851
234879
234907
234934
234962
234990
235023
235045
235066
235088
235109
235131
235153
235174
235196
235217
235239
235261
235282
235304
235325
235347
235368
235390
235412
235433
235455
235476
235498
235520
235541
235563
235584
235606
235628
235649
235671
235692
235714
235735
235757
235779
235800
235822
235843
235865
235887
235908
235930
235951
235973
235995
236016
236038
236059
236081
236102
236124
236146
236167
236189
236210
236232
236254
236275
236297
236318
236340
236362
236383
236405
236426
236448
236469
236491
236513
236534
236556
236577
236599
236621
236642
236664
236685
236707
236729
236750
236772
236793
236815
236836
236858
236880
236901
236923
236944
236966
236988
237009
237031
237052
237074
237096
237117
237139
237160
237182
237203
237225
237247
237268
237290
237311
237333
237355
237376
237398
237419
237441
237463
237484
237506
237527
237549
237570
237592
237614
237635
237657
237678
237700
237722
237743
237765
237786
237808
237830
237851
237873
237894
237916
237937
237959
237981
238002
238024
238045
238067
238089
238110
238132
238153
238175
238197
238218
238240
238261
238283
238304
238326
238348
238369
238391
238412
238434
238456
238477
238499
238520
238542
238564
238585
238607
238628
238650
238671
238693
238715
238736
238758
238779
238801
238823
238844
238866
238887
238909
238931
238952
238974
238995
239017
239038
239060
239082
239103
239125
239146
239168
239190
239211
239233
239254
239276
239298
239319
239341
239362
239384
239405
239427
239449
239470
239492
239513
239535
239557
239578
239600
239621
239643
239665
239686
239708
239729
239751
239772
239794
239816
239837
239859
239880
239902
239924
239945
239967
239988
240023
240044
240066
240087
240109
240130
240152
240173
240195
240216
240238
240259
240281
240302
240324
240345
240367
240388
240409
240431
240452
240474
240495
240517
240538
240560
240581
240603
240624
240646
240667
240689
240710
240732
240753
240774
240796
240817
240839
240860
240882
240903
240925
240946
240968
240989
241011
241032
241054
241075
241097
241118
241139
241161
241182
241204
241225
241247
241268
241290
241311
241333
241354
241376
241397
241419
241440
241462
241483
241504
241526
241547
241569
241590
241612
241633
241655
241676
241698
241719
241741
241762
241784
241805
241827
241848
241869
241891
241912
241934
241955
241977
241998
242020
242041
242063
242084
242106
242127
242149
242170
242192
242213
242234
242256
242277
242299
242320
242342
242363
242385
242406
242428
242449
242471
242492
242514
242535
242557
242578
242599
242621
242642
242664
242685
242707
242728
242750
242771
242793
242814
242836
242857
242879
242900
242922
242943
242964
242986
243007
243029
243050
243072
243093
243115
243136
243158
243179
243201
243222
243244
243265
243287
243308
243329
243351
243372
243394
243415
243437
243458
243480
243501
243523
243544
243566
243587
243609
243630
243652
243673
243694
243716
243737
243759
243780
243802
243823
243845
243866
243888
243909
243931
243952
243974
243995
244017
244038
244059
244081
244102
244124
244145
244167
244188
244210
244231
244253
244274
244296
244317
244339
244360
244382
244403
244424
244446
244467
244489
244510
244532
244553
244575
244596
244618
244639
244661
244682
244704
244725
244747
244768
244789
244811
244832
244854
244875
244897
244918
244940
244961
244983
245024
245046
245069
245091
245114
245136
245159
245181
245203
245226
245248
245271
245293
245316
245338
245360
245383
245405
245428
245450
245473
245495
245518
245540
245562
245585
245607
245630
245652
245675
245697
245719
245742
245764
245787
245809
245832
245854
245876
245899
245921
245944
245966
245989
246011
246034
246056
246078
246101
246123
246146
246168
246191
246213
246235
246258
246280
246303
246325
246348
246370
246393
246415
246437
246460
246482
246505
246527
246550
246572
246594
246617
246639
246662
246684
246707
246729
246751
246774
246796
246819
246841
246864
246886
246909
246931
246953
246976
246998
247021
247043
247066
247088
247110
247133
247155
247178
247200
247223
247245
247268
247290
247312
247335
247357
247380
247402
247425
247447
247469
247492
247514
247537
247559
247582
247604
247626
247649
247671
247694
247716
247739
247761
247784
247806
247828
247851
247873
247896
247918
247941
247963
247985
248008
248030
248053
248075
248098
248120
248143
248165
248187
248210
248232
248255
248277
248300
248322
248344
248367
248389
248412
248434
248457
248479
248501
248524
248546
248569
248591
248614
248636
248659
248681
248703
248726
248748
248771
248793
248816
248838
248860
248883
248905
248928
248950
248973
248995
249018
249040
249062
249085
249107
249130
249152
249175
249197
249219
249242
249264
249287
249309
249332
249354
249376
249399
249421
249444
249466
249489
249511
249534
249556
249578
249601
249623
249646
249668
249691
249713
249735
249758
249780
249803
249825
249848
249870
249892
249915
249937
249960
249982
250026
250050
250074
250099
250123
250147
250171
250196
250220
250244
250268
250293
250317
250341
250365
250390
250414
250438
250462
250487
250511
250535
250559
250584
250608
250632
250656
250681
250705
250729
250754
250778
250802
250826
250851
250875
250899
250923
250948
250972
250996
251020
251045
251069
251093
251117
251142
251166
251190
251214
251239
251263
251287
251311
251336
251360
251384
251409
251433
251457
251481
251506
251530
251554
251578
251603
251627
251651
251675
251700
251724
251748
251772
251797
251821
251845
251869
251894
251918
251942
251966
251991
252015
252039
252064
252088
252112
252136
252161
252185
252209
252233
252258
252282
252306
252330
252355
252379
252403
252427
252452
252476
252500
252524
252549
252573
252597
252621
252646
252670
252694
252719
252743
252767
252791
252816
252840
252864
252888
252913
252937
252961
252985
253010
253034
253058
253082
253107
253131
253155
253179
253204
253228
253252
253276
253301
253325
253349
253374
253398
253422
253446
253471
253495
253519
253543
253568
253592
253616
253640
253665
253689
253713
253737
253762
253786
253810
253834
253859
253883
253907
253931
253956
253980
254004
254029
254053
254077
254101
254126
254150
254174
254198
254223
254247
254271
254295
254320
254344
254368
254392
254417
254441
254465
254489
254514
254538
254562
254586
254611
254635
254659
254684
254708
254732
254756
254781
254805
254829
254853
254878
254902
254926
254950
254975
254999
255024
255047
255069
255092
255115
255137
255160
255183
255205
255228
255251
255273
255296
255319
255341
255364
255387
255409
255432
255455
255477
255500
255523
255545
255568
255591
255613
255636
255659
255681
255704
255727
255749
255772
255795
255817
255840
255863
255885
255908
255931
255953
255976
255999
256021
256044
256067
256089
256112
256135
256157
256180
256203
256225
256248
256271
256293
256316
256339
256361
256384
256407
256429
256452
256475
256497
256520
256543
256565
256588
256611
256633
256656
256679
256701
256724
256747
256769
256792
256815
256837
256860
256883
256905
256928
256951
256973
256996
257018
257041
257064
257086
257109
257132
257154
257177
257200
257222
257245
257268
257290
257313
257336
257358
257381
257404
257426
257449
257472
257494
257517
257540
257562
257585
257608
257630
257653
257676
257698
257721
257744
257766
257789
257812
257834
257857
257880
257902
257925
257948
257970
257993
258016
258038
258061
258084
258106
258129
258152
258174
258197
258220
258242
258265
258288
258310
258333
258356
258378
258401
258424
258446
258469
258492
258514
258537
258560
258582
258605
258628
258650
258673
258696
258718
258741
258764
258786
258809
258832
258854
258877
258900
258922
258945
258968
258990
259013
259035
259058
259081
259103
259126
259149
259171
259194
259217
259239
259262
259285
259307
259330
259353
259375
259398
259421
259443
259466
259489
259511
259534
259557
259579
259602
259625
259647
259670
259693
259715
259738
259761
259783
259806
259829
259851
259874
259897
259919
259942
259965
259987
260032
260063
260094
260125
260156
260187
260218
260249
260280
260310
260341
260372
260403
260434
260465
260496
260527
260558
260588
260619
260650
260681
260712
260743
260774
260805
260836
260866
260897
260928
260959
260990
261021
261052
261083
261114
261144
261175
261206
261237
261268
261299
261330
261361
261392
261422
261453
261484
261515
261546
261577
261608
261639
261670
261701
261731
261762
261793
261824
261855
261886
261917
261948
261979
262009
262040
262071
262102
262133
262164
262195
262226
262257
262287
262318
262349
262380
262411
262442
262473
262504
262535
262565
262596
262627
262658
262689
262720
262751
262782
262813
262843
262874
262905
262936
262967
262998
263029
263060
263091
263122
263152
263183
263214
263245
263276
263307
263338
263369
263400
263430
263461
263492
263523
263554
263585
263616
263647
263678
263708
263739
263770
263801
263832
263863
263894
263925
263956
263986
264017
264048
264079
264110
264141
264172
264203
264234
264264
264295
264326
264357
264388
264419
264450
264481
264512
264543
264573
264604
264635
264666
264697
264728
264759
264790
264821
264851
264882
264913
264944
264975
265024
265047
265070
265093
265116
265139
265162
265185
265208
265231
265254
265277
265300
265322
265345
265368
265391
265414
265437
265460
265483
265506
265529
265552
265575
265598
265621
265643
265666
265689
265712
265735
265758
265781
265804
265827
265850
265873
265896
265919
265941
265964
265987
266010
266033
266056
266079
266102
266125
266148
266171
266194
266217
266240
266262
266285
266308
266331
266354
266377
266400
266423
266446
266469
266492
266515
266538
266560
266583
266606
266629
266652
266675
266698
266721
266744
266767
266790
266813
266836
266859
266881
266904
266927
266950
266973
266996
267019
267042
267065
267088
267111
267134
267157
267179
267202
267225
267248
267271
267294
267317
267340
267363
267386
267409
267432
267455
267478
267500
267523
267546
267569
267592
267615
267638
267661
267684
267707
267730
267753
267776
267798
267821
267844
267867
267890
267913
267936
267959
267982
268005
268028
268051
268074
268097
268119
268142
268165
268188
268211
268234
268257
268280
268303
268326
268349
268372
268395
268417
268440
268463
268486
268509
268532
268555
268578
268601
268624
268647
268670
268693
268716
268738
268761
268784
268807
268830
268853
268876
268899
268922
268945
268968
268991
269014
269037
269059
269082
269105
269128
269151
269174
269197
269220
269243
269266
269289
269312
269335
269357
269380
269403
269426
269449
269472
269495
269518
269541
269564
269587
269610
269633
269656
269678
269701
269724
269747
269770
269793
269816
269839
269862
269885
269908
269931
269954
269976
269999
270027
270053
270079
270105
270131
270157
270183
270209
270235
270260
270286
270312
270338
270364
270390
270416
270442
270468
270493
270519
270545
270571
270597
270623
270649
270675
270701
270726
270752
270778
270804
270830
270856
270882
270908
270934
270959
270985
271011
271037
271063
271089
271115
271141
271167
271193
271218
271244
271270
271296
271322
271348
271374
271400
271426
271451
271477
271503
271529
271555
271581
271607
271633
271659
271684
271710
271736
271762
271788
271814
271840
271866
271892
271917
271943
271969
271995
272021
272047
272073
272099
272125
272151
272176
272202
272228
272254
272280
272306
272332
272358
272384
272409
272435
272461
272487
272513
272539
272565
272591
272617
272642
272668
272694
272720
272746
272772
272798
272824
272850
272875
272901
272927
272953
272979
273005
273031
273057
273083
273108
273134
273160
273186
273212
273238
273264
273290
273316
273342
273367
273393
273419
273445
273471
273497
273523
273549
273575
273600
273626
273652
273678
273704
273730
273756
273782
273808
273833
273859
273885
273911
273937
273963
273989
274015
274041
274066
274092
274118
274144
274170
274196
274222
274248
274274
274300
274325
274351
274377
274403
274429
274455
274481
274507
274533
274558
274584
274610
274636
274662
274688
274714
274740
274766
274791
274817
274843
274869
274895
274921
274947
274973
274999
275027
275053
275079
275105
275131
275157
275182
275208
275234
275260
275286
275312
275338
275363
275389
275415
275441
275467
275493
275519
275544
275570
275596
275622
275648
275674
275700
275725
275751
275777
275803
275829
275855
275881
275906
275932
275958
275984
276010
276036
276062
276087
276113
276139
276165
276191
276217
276243
276268
276294
276320
276346
276372
276398
276423
276449
276475
276501
276527
276553
276579
276604
276630
276656
276682
276708
276734
276760
276785
276811
276837
276863
276889
276915
276941
276966
276992
277018
277044
277070
277096
277122
277147
277173
277199
277225
277251
277277
277303
277328
277354
277380
277406
277432
277458
277484
277509
277535
277561
277587
277613
277639
277664
277690
277716
277742
277768
277794
277820
277845
277871
277897
277923
277949
277975
278001
278026
278052
278078
278104
278130
278156
278182
278207
278233
278259
278285
278311
278337
278363
278388
278414
278440
278466
278492
278518
278544
278569
278595
278621
278647
278673
278699
278725
278750
278776
278802
278828
278854
278880
278905
278931
278957
278983
279009
279035
279061
279086
279112
279138
279164
279190
279216
279242
279267
279293
279319
279345
279371
279397
279423
279448
279474
279500
279526
279552
279578
279604
279629
279655
279681
279707
279733
279759
279785
279810
279836
279862
279888
279914
279940
279966
279991
280025
280048
280072
280095
280118
280142
280165
280188
280212
280235
280258
280282
280305
280328
280352
280375
280398
280422
280445
280468
280492
280515
280538
280562
280585
280608
280632
280655
280679
280702
280725
280749
280772
280795
280819
280842
280865
280889
280912
280935
280959
280982
281005
281029
281052
281075
281099
281122
281145
281169
281192
281215
281239
281262
281285
281309
281332
281356
281379
281402
281426
281449
281472
281496
281519
281542
281566
281589
281612
281636
281659
281682
281706
281729
281752
281776
281799
281822
281846
281869
281892
281916
281939
281963
281986
282009
282033
282056
282079
282103
282126
282149
282173
282196
282219
282243
282266
282289
282313
282336
282359
282383
282406
282429
282453
282476
282499
282523
282546
282569
282593
282616
282640
282663
282686
282710
282733
282756
282780
282803
282826
282850
282873
282896
282920
282943
282966
282990
283013
283036
283060
283083
283106
283130
283153
283176
283200
283223
283247
283270
283293
283317
283340
283363
283387
283410
283433
283457
283480
283503
283527
283550
283573
283597
283620
283643
283667
283690
283713
283737
283760
283783
283807
283830
283853
283877
283900
283924
283947
283970
283994
284017
284040
284064
284087
284110
284134
284157
284180
284204
284227
284250
284274
284297
284320
284344
284367
284390
284414
284437
284460
284484
284507
284531
284554
284577
284601
284624
284647
284671
284694
284717
284741
284764
284787
284811
284834
284857
284881
284904
284927
284951
284974
284997
285027
285052
285077
285102
285127
285152
285177
285202
285227
285252
285277
285302
285327
285352
285377
285402
285427
285452
285477
285502
285528
285553
285578
285603
285628
285653
285678
285703
285728
285753
285778
285803
285828
285853
285878
285903
285928
285953
285978
286003
286028
286054
286079
286104
286129
286154
286179
286204
286229
286254
286279
286304
286329
286354
286379
286404
286429
286454
286479
286504
286529
286555
286580
286605
286630
286655
286680
286705
286730
286755
286780
286805
286830
286855
286880
286905
286930
286955
286980
287005
287030
287055
287081
287106
287131
287156
287181
287206
287231
287256
287281
287306
287331
287356
287381
287406
287431
287456
287481
287506
287531
287556
287581
287607
287632
287657
287682
287707
287732
287757
287782
287807
287832
287857
287882
287907
287932
287957
287982
288007
288032
288057
288082
288108
288133
288158
288183
288208
288233
288258
288283
288308
288333
288358
288383
288408
288433
288458
288483
288508
288533
288558
288583
288608
288634
288659
288684
288709
288734
288759
288784
288809
288834
288859
288884
288909
288934
288959
288984
289009
289034
289059
289084
289109
289135
289160
289185
289210
289235
289260
289285
289310
289335
289360
289385
289410
289435
289460
289485
289510
289535
289560
289585
289610
289635
289661
289686
289711
289736
289761
289786
289811
289836
289861
289886
289911
289936
289961
289986
290025
290049
290073
290096
290120
290144
290168
290191
290215
290239
290262
290286
290310
290334
290357
290381
290405
290429
290452
290476
290500
290523
290547
290571
290595
290618
290642
290666
290690
290713
290737
290761
290784
290808
290832
290856
290879
290903
290927
290951
290974
290998
291022
291045
291069
291093
291117
291140
291164
291188
291212
291235
291259
291283
291306
291330
291354
291378
291401
291425
291449
291472
291496
291520
291544
291567
291591
291615
291639
291662
291686
291710
291733
291757
291781
291805
291828
291852
291876
291900
291923
291947
291971
291994
292018
292042
292066
292089
292113
292137
292161
292184
292208
292232
292255
292279
292303
292327
292350
292374
292398
292422
292445
292469
292493
292516
292540
292564
292588
292611
292635
292659
292683
292706
292730
292754
292777
292801
292825
292849
292872
292896
292920
292943
292967
292991
293015
293038
293062
293086
293110
293133
293157
293181
293204
293228
293252
293276
293299
293323
293347
293371
293394
293418
293442
293465
293489
293513
293537
293560
293584
293608
293632
293655
293679
293703
293726
293750
293774
293798
293821
293845
293869
293893
293916
293940
293964
293987
294011
294035
294059
294082
294106
294130
294154
294177
294201
294225
294248
294272
294296
294320
294343
294367
294391
294414
294438
294462
294486
294509
294533
294557
294581
294604
294628
294652
294675
294699
294723
294747
294770
294794
294818
294842
294865
294889
294913
294936
294960
294984
295023
295044
295065
295087
295108
295129
295151
295172
295193
295214
295236
295257
295278
295300
295321
295342
295363
295385
295406
295427
295449
295470
295491
295512
295534
295555
295576
295598
295619
295640
295661
295683
295704
295725
295747
295768
295789
295810
295832
295853
295874
295896
295917
295938
295960
295981
296002
296023
296045
296066
296087
296109
296130
296151
296172
296194
296215
296236
296258
296279
296300
296321
296343
296364
296385
296407
296428
296449
296470
296492
296513
296534
296556
296577
296598
296619
296641
296662
296683
296705
296726
296747
296769
296790
296811
296832
296854
296875
296896
296918
296939
296960
296981
297003
297024
297045
297067
297088
297109
297130
297152
297173
297194
297216
297237
297258
297279
297301
297322
297343
297365
297386
297407
297428
297450
297471
297492
297514
297535
297556
297578
297599
297620
297641
297663
297684
297705
297727
297748
297769
297790
297812
297833
297854
297876
297897
297918
297939
297961
297982
298003
298025
298046
298067
298088
298110
298131
298152
298174
298195
298216
298237
298259
298280
298301
298323
298344
298365
298387
298408
298429
298450
298472
298493
298514
298536
298557
298578
298599
298621
298642
298663
298685
298706
298727
298748
298770
298791
298812
298834
298855
298876
298897
298919
298940
298961
298983
299004
299025
299046
299068
299089
299110
299132
299153
299174
299196
299217
299238
299259
299281
299302
299323
299345
299366
299387
299408
299430
299451
299472
299494
299515
299536
299557
299579
299600
299621
299643
299664
299685
299706
299728
299749
299770
299792
299813
299834
299855
299877
299898
299919
299941
299962
299983
300024
300047
300070
300093
300116
300139
300161
300184
300207
300230
300253
300276
300299
300321
300344
300367
300390
300413
300436
300459
300481
300504
300527
300550
300573
300596
300618
300641
300664
300687
300710
300733
300756
300778
300801
300824
300847
300870
300893
300916
300938
300961
300984
301007
301030
301053
301075
301098
301121
301144
301167
301190
301213
301235
301258
301281
301304
301327
301350
301373
301395
301418
301441
301464
301487
301510
301533
301555
301578
301601
301624
301647
301670
301692
301715
301738
301761
301784
301807
301830
301852
301875
301898
301921
301944
301967
301990
302012
302035
302058
302081
302104
302127
302149
302172
302195
302218
302241
302264
302287
302309
302332
302355
302378
302401
302424
302447
302469
302492
302515
302538
302561
302584
302607
302629
302652
302675
302698
302721
302744
302766
302789
302812
302835
302858
302881
302904
302926
302949
302972
302995
303018
303041
303064
303086
303109
303132
303155
303178
303201
303223
303246
303269
303292
303315
303338
303361
303383
303406
303429
303452
303475
303498
303521
303543
303566
303589
303612
303635
303658
303681
303703
303726
303749
303772
303795
303818
303840
303863
303886
303909
303932
303955
303978
304000
304023
304046
304069
304092
304115
304138
304160
304183
304206
304229
304252
304275
304297
304320
304343
304366
304389
304412
304435
304457
304480
304503
304526
304549
304572
304595
304617
304640
304663
304686
304709
304732
304755
304777
304800
304823
304846
304869
304892
304914
304937
304960
304983
305024
305047
305070
305093
305116
305139
305162
305185
305208
305231
305254
305277
305300
305323
305346
305369
305391
305414
305437
305460
305483
305506
305529
305552
305575
305598
305621
305644
305667
305690
305713
305736
305759
305781
305804
305827
305850
305873
305896
305919
305942
305965
305988
306011
306034
306057
306080
306103
306126
306149
306171
306194
306217
306240
306263
306286
306309
306332
306355
306378
306401
306424
306447
306470
306493
306516
306539
306561
306584
306607
306630
306653
306676
306699
306722
306745
306768
306791
306814
306837
306860
306883
306906
306929
306951
306974
306997
307020
307043
307066
307089
307112
307135
307158
307181
307204
307227
307250
307273
307296
307319
307341
307364
307387
307410
307433
307456
307479
307502
307525
307548
307571
307594
307617
307640
307663
307686
307708
307731
307754
307777
307800
307823
307846
307869
307892
307915
307938
307961
307984
308007
308030
308053
308076
308098
308121
308144
308167
308190
308213
308236
308259
308282
308305
308328
308351
308374
308397
308420
308443
308466
308488
308511
308534
308557
308580
308603
308626
308649
308672
308695
308718
308741
308764
308787
308810
308833
308856
308878
308901
308924
308947
308970
308993
309016
309039
309062
309085
309108
309131
309154
309177
309200
309223
309246
309268
309291
309314
309337
309360
309383
309406
309429
309452
309475
309498
309521
309544
309567
309590
309613
309636
309658
309681
309704
309727
309750
309773
309796
309819
309842
309865
309888
309911
309934
309957
309980
310027
310052
310077
310102
310127
310152
310177
310202
310227
310252
310277
310302
310328
310353
310378
310403
310428
310453
310478
310503
310528
310553
310578
310603
310628
310654
310679
310704
310729
310754
310779
310804
310829
310854
310879
310904
310929
310955
310980
311005
311030
311055
311080
311105
311130
311155
311180
311205
311230
311255
311281
311306
311331
311356
311381
311406
311431
311456
311481
311506
311531
311556
311582
311607
311632
311657
311682
311707
311732
311757
311782
311807
311832
311857
311882
311908
311933
311958
311983
312008
312033
312058
312083
312108
312133
312158
312183
312209
312234
312259
312284
312309
312334
312359
312384
312409
312434
312459
312484
312509
312535
312560
312585
312610
312635
312660
312685
312710
312735
312760
312785
312810
312836
312861
312886
312911
312936
312961
312986
313011
313036
313061
313086
313111
313136
313162
313187
313212
313237
313262
313287
313312
313337
313362
313387
313412
313437
313463
313488
313513
313538
313563
313588
313613
313638
313663
313688
313713
313738
313763
313789
313814
313839
313864
313889
313914
313939
313964
313989
314014
314039
314064
314090
314115
314140
314165
314190
314215
314240
314265
314290
314315
314340
314365
314390
314416
314441
314466
314491
314516
314541
314566
314591
314616
314641
314666
314691
314717
314742
314767
314792
314817
314842
314867
314892
314917
314942
314967
314992
315024
315046
315069
315091
315113
315136
315158
315181
315203
315225
315248
315270
315292
315315
315337
315360
315382
315404
315427
315449
315471
315494
315516
315539
315561
315583
315606
315628
315651
315673
315695
315718
315740
315762
315785
315807
315830
315852
315874
315897
315919
315941
315964
315986
316009
316031
316053
316076
316098
316121
316143
316165
316188
316210
316232
316255
316277
316300
316322
316344
316367
316389
316411
316434
316456
316479
316501
316523
316546
316568
316590
316613
316635
316658
316680
316702
316725
316747
316770
316792
316814
316837
316859
316881
316904
316926
316949
316971
316993
317016
317038
317060
317083
317105
317128
317150
317172
317195
317217
317240
317262
317284
317307
317329
317351
317374
317396
317419
317441
317463
317486
317508
317530
317553
317575
317598
317620
317642
317665
317687
317709
317732
317754
317777
317799
317821
317844
317866
317889
317911
317933
317956
317978
318000
318023
318045
318068
318090
318112
318135
318157
318179
318202
318224
318247
318269
318291
318314
318336
318359
318381
318403
318426
318448
318470
318493
318515
318538
318560
318582
318605
318627
318649
318672
318694
318717
318739
318761
318784
318806
318829
318851
318873
318896
318918
318940
318963
318985
319008
319030
319052
319075
319097
319119
319142
319164
319187
319209
319231
319254
319276
319298
319321
319343
319366
319388
319410
319433
319455
319478
319500
319522
319545
319567
319589
319612
319634
319657
319679
319701
319724
319746
319768
319791
319813
319836
319858
319880
319903
319925
319948
319970
319992
