0
25
49
72
96
120
143
167
190
214
238
261
285
308
332
356
379
403
426
450
474
497
521
545
568
592
615
639
663
686
710
733
757
781
804
828
851
875
899
922
946
970
993
1017
1040
1064
1088
1111
1135
1158
1182
1206
1229
1253
1276
1300
1324
1347
1371
1394
1418
1442
1465
1489
1513
1536
1560
1583
1607
1631
1654
1678
1701
1725
1749
1772
1796
1819
1843
1867
1890
1914
1938
1961
1985
2008
2032
2056
2079
2103
2126
2150
2174
2197
2221
2244
2268
2292
2315
2339
2362
2386
2410
2433
2457
2481
2504
2528
2551
2575
2599
2622
2646
2669
2693
2717
2740
2764
2787
2811
2835
2858
2882
2906
2929
2953
2976
3000
3024
3047
3071
3094
3118
3142
3165
3189
3212
3236
3260
3283
3307
3331
3354
3378
3401
3425
3449
3472
3496
3519
3543
3567
3590
3614
3637
3661
3685
3708
3732
3755
3779
3803
3826
3850
3874
3897
3921
3944
3968
3992
4015
4039
4062
4086
4110
4133
4157
4180
4204
4228
4251
4275
4299
4322
4346
4369
4393
4417
4440
4464
4487
4511
4535
4558
4582
4605
4629
4653
4676
4700
4723
4747
4771
4794
4818
4842
4865
4889
4912
4936
4960
4983
5025
5049
5073
5096
5120
5144
5168
5191
5215
5239
5262
5286
5310
5334
5357
5381
5405
5428
5452
5476
5500
5523
5547
5571
5594
5618
5642
5666
5689
5713
5737
5760
5784
5808
5832
5855
5879
5903
5926
5950
5974
5998
6021
6045
6069
6092
6116
6140
6164
6187
6211
6235
6258
6282
6306
6330
6353
6377
6401
6425
6448
6472
6496
6519
6543
6567
6591
6614
6638
6662
6685
6709
6733
6757
6780
6804
6828
6851
6875
6899
6923
6946
6970
6994
7017
7041
7065
7089
7112
7136
7160
7183
7207
7231
7255
7278
7302
7326
7349
7373
7397
7421
7444
7468
7492
7515
7539
7563
7587
7610
7634
7658
7682
7705
7729
7753
7776
7800
7824
7848
7871
7895
7919
7942
7966
7990
8014
8037
8061
8085
8108
8132
8156
8180
8203
8227
8251
8274
8298
8322
8346
8369
8393
8417
8440
8464
8488
8512
8535
8559
8583
8606
8630
8654
8678
8701
8725
8749
8772
8796
8820
8844
8867
8891
8915
8938
8962
8986
9010
9033
9057
9081
9105
9128
9152
9176
9199
9223
9247
9271
9294
9318
9342
9365
9389
9413
9437
9460
9484
9508
9531
9555
9579
9603
9626
9650
9674
9697
9721
9745
9769
9792
9816
9840
9863
9887
9911
9935
9958
9982
10025
10049
10073
10097
10121
10144
10168
10192
10216
10240
10264
10287
10311
10335
10359
10383
10407
10430
10454
10478
10502
10526
10550
10573
10597
10621
10645
10669
10692
10716
10740
10764
10788
10812
10835
10859
10883
10907
10931
10955
10978
11002
11026
11050
11074
11098
11121
11145
11169
11193
11217
11241
11264
11288
11312
11336
11360
11383
11407
11431
11455
11479
11503
11526
11550
11574
11598
11622
11646
11669
11693
11717
11741
11765
11789
11812
11836
11860
11884
11908
11932
11955
11979
12003
12027
12051
12074
12098
12122
12146
12170
12194
12217
12241
12265
12289
12313
12337
12360
12384
12408
12432
12456
12480
12503
12527
12551
12575
12599
12623
12646
12670
12694
12718
12742
12765
12789
12813
12837
12861
12885
12908
12932
12956
12980
13004
13028
13051
13075
13099
13123
13147
13171
13194
13218
13242
13266
13290
13314
13337
13361
13385
13409
13433
13456
13480
13504
13528
13552
13576
13599
13623
13647
13671
13695
13719
13742
13766
13790
13814
13838
13862
13885
13909
13933
13957
13981
14005
14028
14052
14076
14100
14124
14147
14171
14195
14219
14243
14267
14290
14314
14338
14362
14386
14410
14433
14457
14481
14505
14529
14553
14576
14600
14624
14648
14672
14696
14719
14743
14767
14791
14815
14838
14862
14886
14910
14934
14958
14981
15026
15050
15074
15098
15122
15146
15170
15195
15219
15243
15267
15291
15315
15339
15364
15388
15412
15436
15460
15484
15508
15533
15557
15581
15605
15629
15653
15677
15702
15726
15750
15774
15798
15822
15846
15871
15895
15919
15943
15967
15991
16015
16040
16064
16088
16112
16136
16160
16184
16209
16233
16257
16281
16305
16329
16353
16378
16402
16426
16450
16474
16498
16522
16546
16571
16595
16619
16643
16667
16691
16715
16740
16764
16788
16812
16836
16860
16884
16909
16933
16957
16981
17005
17029
17053
17078
17102
17126
17150
17174
17198
17222
17247
17271
17295
17319
17343
17367
17391
17416
17440
17464
17488
17512
17536
17560
17585
17609
17633
17657
17681
17705
17729
17754
17778
17802
17826
17850
17874
17898
17923
17947
17971
17995
18019
18043
18067
18091
18116
18140
18164
18188
18212
18236
18260
18285
18309
18333
18357
18381
18405
18429
18454
18478
18502
18526
18550
18574
18598
18623
18647
18671
18695
18719
18743
18767
18792
18816
18840
18864
18888
18912
18936
18961
18985
19009
19033
19057
19081
19105
19130
19154
19178
19202
19226
19250
19274
19299
19323
19347
19371
19395
19419
19443
19467
19492
19516
19540
19564
19588
19612
19636
19661
19685
19709
19733
19757
19781
19805
19830
19854
19878
19902
19926
19950
19974
19999
20026
20051
20075
20100
20125
20149
20174
20198
20223
20248
20272
20297
20321
20346
20371
20395
20420
20444
20469
20494
20518
20543
20567
20592
20617
20641
20666
20691
20715
20740
20764
20789
20814
20838
20863
20887
20912
20937
20961
20986
21010
21035
21060
21084
21109
21133
21158
21183
21207
21232
21256
21281
21306
21330
21355
21380
21404
21429
21453
21478
21503
21527
21552
21576
21601
21626
21650
21675
21699
21724
21749
21773
21798
21822
21847
21872
21896
21921
21945
21970
21995
22019
22044
22069
22093
22118
22142
22167
22192
22216
22241
22265
22290
22315
22339
22364
22388
22413
22438
22462
22487
22511
22536
22561
22585
22610
22634
22659
22684
22708
22733
22758
22782
22807
22831
22856
22881
22905
22930
22954
22979
23004
23028
23053
23077
23102
23127
23151
23176
23200
23225
23250
23274
23299
23323
23348
23373
23397
23422
23447
23471
23496
23520
23545
23570
23594
23619
23643
23668
23693
23717
23742
23766
23791
23816
23840
23865
23889
23914
23939
23963
23988
24012
24037
24062
24086
24111
24136
24160
24185
24209
24234
24259
24283
24308
24332
24357
24382
24406
24431
24455
24480
24505
24529
24554
24578
24603
24628
24652
24677
24701
24726
24751
24775
24800
24825
24849
24874
24898
24923
24948
24972
24997
25026
25050
25075
25099
25123
25148
25172
25196
25221
25245
25269
25294
25318
25343
25367
25391
25416
25440
25464
25489
25513
25537
25562
25586
25611
25635
25659
25684
25708
25732
25757
25781
25805
25830
25854
25878
25903
25927
25952
25976
26000
26025
26049
26073
26098
26122
26146
26171
26195
26220
26244
26268
26293
26317
26341
26366
26390
26414
26439
26463
26487
26512
26536
26561
26585
26609
26634
26658
26682
26707
26731
26755
26780
26804
26829
26853
26877
26902
26926
26950
26975
26999
27023
27048
27072
27097
27121
27145
27170
27194
27218
27243
27267
27291
27316
27340
27364
27389
27413
27438
27462
27486
27511
27535
27559
27584
27608
27632
27657
27681
27706
27730
27754
27779
27803
27827
27852
27876
27900
27925
27949
27973
27998
28022
28047
28071
28095
28120
28144
28168
28193
28217
28241
28266
28290
28315
28339
28363
28388
28412
28436
28461
28485
28509
28534
28558
28582
28607
28631
28656
28680
28704
28729
28753
28777
28802
28826
28850
28875
28899
28924
28948
28972
28997
29021
29045
29070
29094
29118
29143
29167
29192
29216
29240
29265
29289
29313
29338
29362
29386
29411
29435
29459
29484
29508
29533
29557
29581
29606
29630
29654
29679
29703
29727
29752
29776
29801
29825
29849
29874
29898
29922
29947
29971
29995
30027
30052
30077
30102
30127
30152
30177
30203
30228
30253
30278
30303
30328
30353
30379
30404
30429
30454
30479
30504
30529
30555
30580
30605
30630
30655
30680
30705
30731
30756
30781
30806
30831
30856
30881
30906
30932
30957
30982
31007
31032
31057
31082
31108
31133
31158
31183
31208
31233
31258
31284
31309
31334
31359
31384
31409
31434
31460
31485
31510
31535
31560
31585
31610
31636
31661
31686
31711
31736
31761
31786
31811
31837
31862
31887
31912
31937
31962
31987
32013
32038
32063
32088
32113
32138
32163
32189
32214
32239
32264
32289
32314
32339
32365
32390
32415
32440
32465
32490
32515
32541
32566
32591
32616
32641
32666
32691
32716
32742
32767
32792
32817
32842
32867
32892
32918
32943
32968
32993
33018
33043
33068
33094
33119
33144
33169
33194
33219
33244
33270
33295
33320
33345
33370
33395
33420
33446
33471
33496
33521
33546
33571
33596
33621
33647
33672
33697
33722
33747
33772
33797
33823
33848
33873
33898
33923
33948
33973
33999
34024
34049
34074
34099
34124
34149
34175
34200
34225
34250
34275
34300
34325
34351
34376
34401
34426
34451
34476
34501
34526
34552
34577
34602
34627
34652
34677
34702
34728
34753
34778
34803
34828
34853
34878
34904
34929
34954
34979
35025
35049
35073
35097
35121
35145
35169
35193
35217
35241
35265
35289
35313
35337
35361
35385
35409
35433
35457
35481
35505
35529
35553
35577
35601
35625
35649
35673
35697
35721
35745
35769
35793
35817
35841
35865
35889
35913
35937
35961
35985
36009
36033
36057
36081
36105
36129
36153
36177
36201
36225
36249
36273
36297
36321
36345
36369
36393
36417
36441
36465
36489
36513
36537
36561
36585
36609
36633
36657
36681
36705
36729
36753
36777
36801
36825
36849
36873
36897
36921
36945
36969
36993
37017
37041
37065
37089
37113
37137
37161
37185
37209
37233
37257
37281
37305
37329
37353
37377
37401
37425
37449
37473
37497
37521
37545
37569
37593
37617
37641
37665
37689
37713
37737
37761
37785
37809
37833
37857
37881
37905
37929
37953
37977
38001
38025
38049
38073
38097
38121
38144
38168
38192
38216
38240
38264
38288
38312
38336
38360
38384
38408
38432
38456
38480
38504
38528
38552
38576
38600
38624
38648
38672
38696
38720
38744
38768
38792
38816
38840
38864
38888
38912
38936
38960
38984
39008
39032
39056
39080
39104
39128
39152
39176
39200
39224
39248
39272
39296
39320
39344
39368
39392
39416
39440
39464
39488
39512
39536
39560
39584
39608
39632
39656
39680
39704
39728
39752
39776
39800
39824
39848
39872
39896
39920
39944
39968
39992
40026
40050
40074
40098
40122
40146
40170
40194
40218
40242
40266
40290
40314
40338
40362
40386
40410
40434
40458
40482
40506
40530
40554
40578
40602
40626
40650
40674
40698
40722
40746
40770
40794
40818
40842
40867
40891
40915
40939
40963
40987
41011
41035
41059
41083
41107
41131
41155
41179
41203
41227
41251
41275
41299
41323
41347
41371
41395
41419
41443
41467
41491
41515
41539
41563
41587
41611
41635
41659
41683
41707
41732
41756
41780
41804
41828
41852
41876
41900
41924
41948
41972
41996
42020
42044
42068
42092
42116
42140
42164
42188
42212
42236
42260
42284
42308
42332
42356
42380
42404
42428
42452
42476
42500
42524
42548
42572
42597
42621
42645
42669
42693
42717
42741
42765
42789
42813
42837
42861
42885
42909
42933
42957
42981
43005
43029
43053
43077
43101
43125
43149
43173
43197
43221
43245
43269
43293
43317
43341
43365
43389
43413
43437
43462
43486
43510
43534
43558
43582
43606
43630
43654
43678
43702
43726
43750
43774
43798
43822
43846
43870
43894
43918
43942
43966
43990
44014
44038
44062
44086
44110
44134
44158
44182
44206
44230
44254
44278
44302
44327
44351
44375
44399
44423
44447
44471
44495
44519
44543
44567
44591
44615
44639
44663
44687
44711
44735
44759
44783
44807
44831
44855
44879
44903
44927
44951
44975
44999
45026
45051
45076
45100
45125
45150
45175
45199
45224
45249
45274
45298
45323
45348
45373
45397
45422
45447
45472
45496
45521
45546
45571
45595
45620
45645
45670
45694
45719
45744
45769
45793
45818
45843
45868
45892
45917
45942
45967
45991
46016
46041
46066
46090
46115
46140
46165
46189
46214
46239
46264
46288
46313
46338
46363
46387
46412
46437
46462
46486
46511
46536
46561
46585
46610
46635
46660
46684
46709
46734
46759
46783
46808
46833
46858
46882
46907
46932
46957
46981
47006
47031
47056
47080
47105
47130
47155
47179
47204
47229
47254
47278
47303
47328
47353
47377
47402
47427
47451
47476
47501
47526
47550
47575
47600
47625
47649
47674
47699
47724
47748
47773
47798
47823
47847
47872
47897
47922
47946
47971
47996
48021
48045
48070
48095
48120
48144
48169
48194
48219
48243
48268
48293
48318
48342
48367
48392
48417
48441
48466
48491
48516
48540
48565
48590
48615
48639
48664
48689
48714
48738
48763
48788
48813
48837
48862
48887
48912
48936
48961
48986
49011
49035
49060
49085
49110
49134
49159
49184
49209
49233
49258
49283
49308
49332
49357
49382
49407
49431
49456
49481
49506
49530
49555
49580
49605
49629
49654
49679
49704
49728
49753
49778
49802
49827
49852
49877
49901
49926
49951
49976
50000
50026
50051
50076
50100
50125
50150
50175
50199
50224
50249
50274
50298
50323
50348
50373
50397
50422
50447
50472
50496
50521
50546
50571
50595
50620
50645
50670
50694
50719
50744
50769
50793
50818
50843
50868
50892
50917
50942
50966
50991
51016
51041
51065
51090
51115
51140
51164
51189
51214
51239
51263
51288
51313
51338
51362
51387
51412
51437
51461
51486
51511
51536
51560
51585
51610
51635
51659
51684
51709
51734
51758
51783
51808
51833
51857
51882
51907
51931
51956
51981
52006
52030
52055
52080
52105
52129
52154
52179
52204
52228
52253
52278
52303
52327
52352
52377
52402
52426
52451
52476
52501
52525
52550
52575
52600
52624
52649
52674
52699
52723
52748
52773
52797
52822
52847
52872
52896
52921
52946
52971
52995
53020
53045
53070
53094
53119
53144
53169
53193
53218
53243
53268
53292
53317
53342
53367
53391
53416
53441
53466
53490
53515
53540
53565
53589
53614
53639
53664
53688
53713
53738
53762
53787
53812
53837
53861
53886
53911
53936
53960
53985
54010
54035
54059
54084
54109
54134
54158
54183
54208
54233
54257
54282
54307
54332
54356
54381
54406
54431
54455
54480
54505
54530
54554
54579
54604
54628
54653
54678
54703
54727
54752
54777
54802
54826
54851
54876
54901
54925
54950
54975
55000
55030
55059
55088
55117
55146
55175
55204
55233
55262
55291
55320
55349
55378
55407
55436
55465
55494
55523
55551
55580
55609
55638
55667
55696
55725
55754
55783
55812
55841
55870
55899
55928
55957
55986
56015
56044
56072
56101
56130
56159
56188
56217
56246
56275
56304
56333
56362
56391
56420
56449
56478
56507
56536
56565
56593
56622
56651
56680
56709
56738
56767
56796
56825
56854
56883
56912
56941
56970
56999
57028
57057
57086
57114
57143
57172
57201
57230
57259
57288
57317
57346
57375
57404
57433
57462
57491
57520
57549
57578
57607
57635
57664
57693
57722
57751
57780
57809
57838
57867
57896
57925
57954
57983
58012
58041
58070
58099
58128
58157
58185
58214
58243
58272
58301
58330
58359
58388
58417
58446
58475
58504
58533
58562
58591
58620
58649
58678
58706
58735
58764
58793
58822
58851
58880
58909
58938
58967
58996
59025
59054
59083
59112
59141
59170
59199
59227
59256
59285
59314
59343
59372
59401
59430
59459
59488
59517
59546
59575
59604
59633
59662
59691
59720
59748
59777
59806
59835
59864
59893
59922
59951
59980
60026
60050
60074
60098
60123
60147
60171
60195
60219
60244
60268
60292
60316
60340
60365
60389
60413
60437
60462
60486
60510
60534
60558
60583
60607
60631
60655
60679
60704
60728
60752
60776
60801
60825
60849
60873
60897
60922
60946
60970
60994
61018
61043
61067
61091
61115
61140
61164
61188
61212
61236
61261
61285
61309
61333
61357
61382
61406
61430
61454
61479
61503
61527
61551
61575
61600
61624
61648
61672
61696
61721
61745
61769
61793
61818
61842
61866
61890
61914
61939
61963
61987
62011
62035
62060
62084
62108
62132
62157
62181
62205
62229
62253
62278
62302
62326
62350
62374
62399
62423
62447
62471
62496
62520
62544
62568
62592
62617
62641
62665
62689
62713
62738
62762
62786
62810
62835
62859
62883
62907
62931
62956
62980
63004
63028
63052
63077
63101
63125
63149
63174
63198
63222
63246
63270
63295
63319
63343
63367
63391
63416
63440
63464
63488
63513
63537
63561
63585
63609
63634
63658
63682
63706
63730
63755
63779
63803
63827
63852
63876
63900
63924
63948
63973
63997
64021
64045
64069
64094
64118
64142
64166
64191
64215
64239
64263
64287
64312
64336
64360
64384
64408
64433
64457
64481
64505
64530
64554
64578
64602
64626
64651
64675
64699
64723
64747
64772
64796
64820
64844
64869
64893
64917
64941
64965
64990
65026
65051
65076
65101
65126
65151
65176
65200
65225
65250
65275
65300
65325
65350
65374
65399
65424
65449
65474
65499
65524
65548
65573
65598
65623
65648
65673
65698
65723
65747
65772
65797
65822
65847
65872
65897
65921
65946
65971
65996
66021
66046
66071
66095
66120
66145
66170
66195
66220
66245
66270
66294
66319
66344
66369
66394
66419
66444
66468
66493
66518
66543
66568
66593
66618
66642
66667
66692
66717
66742
66767
66792
66817
66841
66866
66891
66916
66941
66966
66991
67015
67040
67065
67090
67115
67140
67165
67189
67214
67239
67264
67289
67314
67339
67364
67388
67413
67438
67463
67488
67513
67538
67562
67587
67612
67637
67662
67687
67712
67736
67761
67786
67811
67836
67861
67886
67911
67935
67960
67985
68010
68035
68060
68085
68109
68134
68159
68184
68209
68234
68259
68283
68308
68333
68358
68383
68408
68433
68457
68482
68507
68532
68557
68582
68607
68632
68656
68681
68706
68731
68756
68781
68806
68830
68855
68880
68905
68930
68955
68980
69004
69029
69054
69079
69104
69129
69154
69179
69203
69228
69253
69278
69303
69328
69353
69377
69402
69427
69452
69477
69502
69527
69551
69576
69601
69626
69651
69676
69701
69726
69750
69775
69800
69825
69850
69875
69900
69924
69949
69974
69999
70026
70051
70076
70101
70126
70151
70175
70200
70225
70250
70275
70300
70324
70349
70374
70399
70424
70449
70473
70498
70523
70548
70573
70598
70622
70647
70672
70697
70722
70747
70771
70796
70821
70846
70871
70896
70920
70945
70970
70995
71020
71045
71069
71094
71119
71144
71169
71194
71219
71243
71268
71293
71318
71343
71368
71392
71417
71442
71467
71492
71517
71541
71566
71591
71616
71641
71666
71690
71715
71740
71765
71790
71815
71839
71864
71889
71914
71939
71964
71988
72013
72038
72063
72088
72113
72137
72162
72187
72212
72237
72262
72287
72311
72336
72361
72386
72411
72436
72460
72485
72510
72535
72560
72585
72609
72634
72659
72684
72709
72734
72758
72783
72808
72833
72858
72883
72907
72932
72957
72982
73007
73032
73056
73081
73106
73131
73156
73181
73205
73230
73255
73280
73305
73330
73354
73379
73404
73429
73454
73479
73504
73528
73553
73578
73603
73628
73653
73677
73702
73727
73752
73777
73802
73826
73851
73876
73901
73926
73951
73975
74000
74025
74050
74075
74100
74124
74149
74174
74199
74224
74249
74273
74298
74323
74348
74373
74398
74422
74447
74472
74497
74522
74547
74572
74596
74621
74646
74671
74696
74721
74745
74770
74795
74820
74845
74870
74894
74919
74944
74969
74994
75026
75051
75076
75100
75125
75150
75175
75199
75224
75249
75273
75298
75323
75348
75372
75397
75422
75446
75471
75496
75521
75545
75570
75595
75619
75644
75669
75694
75718
75743
75768
75793
75817
75842
75867
75891
75916
75941
75966
75990
76015
76040
76064
76089
76114
76139
76163
76188
76213
76237
76262
76287
76312
76336
76361
76386
76411
76435
76460
76485
76509
76534
76559
76584
76608
76633
76658
76682
76707
76732
76757
76781
76806
76831
76855
76880
76905
76930
76954
76979
77004
77029
77053
77078
77103
77127
77152
77177
77202
77226
77251
77276
77300
77325
77350
77375
77399
77424
77449
77473
77498
77523
77548
77572
77597
77622
77647
77671
77696
77721
77745
77770
77795
77820
77844
77869
77894
77918
77943
77968
77993
78017
78042
78067
78091
78116
78141
78166
78190
78215
78240
78265
78289
78314
78339
78363
78388
78413
78438
78462
78487
78512
78536
78561
78586
78611
78635
78660
78685
78709
78734
78759
78784
78808
78833
78858
78883
78907
78932
78957
78981
79006
79031
79056
79080
79105
79130
79154
79179
79204
79229
79253
79278
79303
79327
79352
79377
79402
79426
79451
79476
79501
79525
79550
79575
79599
79624
79649
79674
79698
79723
79748
79772
79797
79822
79847
79871
79896
79921
79945
79970
79995
80025
80049
80073
80097
80121
80145
80169
80193
80217
80241
80265
80289
80313
80337
80361
80385
80409
80433
80457
80481
80505
80529
80553
80577
80601
80625
80649
80673
80697
80721
80745
80769
80793
80817
80841
80865
80889
80913
80937
80961
80985
81009
81033
81057
81081
81105
81129
81153
81177
81201
81225
81249
81273
81297
81321
81345
81369
81393
81417
81441
81465
81489
81513
81537
81561
81585
81609
81633
81657
81681
81705
81729
81753
81777
81801
81825
81849
81873
81897
81921
81945
81969
81993
82017
82041
82065
82089
82113
82137
82161
82185
82209
82233
82257
82281
82305
82329
82353
82377
82401
82425
82449
82473
82497
82521
82545
82569
82593
82617
82641
82665
82689
82713
82737
82761
82785
82809
82833
82857
82881
82905
82929
82953
82977
83001
83025
83049
83073
83097
83121
83145
83169
83193
83217
83241
83265
83289
83313
83337
83361
83385
83409
83433
83457
83481
83505
83529
83553
83577
83601
83625
83649
83673
83697
83721
83745
83769
83793
83817
83841
83865
83889
83913
83937
83961
83985
84009
84033
84057
84081
84105
84129
84153
84177
84201
84225
84249
84273
84297
84321
84345
84369
84393
84417
84441
84465
84489
84513
84537
84561
84585
84609
84633
84657
84681
84705
84729
84753
84777
84801
84825
84849
84873
84897
84921
84945
84969
84993
85026
85051
85075
85100
85124
85149
85173
85198
85222
85247
85271
85296
85320
85345
85369
85394
85418
85443
85467
85492
85516
85541
85565
85590
85614
85639
85663
85688
85712
85737
85761
85786
85810
85835
85859
85884
85908
85933
85957
85982
86006
86031
86055
86080
86104
86129
86154
86178
86203
86227
86252
86276
86301
86325
86350
86374
86399
86423
86448
86472
86497
86521
86546
86570
86595
86619
86644
86668
86693
86717
86742
86766
86791
86815
86840
86864
86889
86913
86938
86962
86987
87011
87036
87060
87085
87109
87134
87158
87183
87207
87232
87256
87281
87306
87330
87355
87379
87404
87428
87453
87477
87502
87526
87551
87575
87600
87624
87649
87673
87698
87722
87747
87771
87796
87820
87845
87869
87894
87918
87943
87967
87992
88016
88041
88065
88090
88114
88139
88163
88188
88212
88237
88261
88286
88310
88335
88359
88384
88409
88433
88458
88482
88507
88531
88556
88580
88605
88629
88654
88678
88703
88727
88752
88776
88801
88825
88850
88874
88899
88923
88948
88972
88997
89021
89046
89070
89095
89119
89144
89168
89193
89217
89242
89266
89291
89315
89340
89364
89389
89413
89438
89462
89487
89511
89536
89561
89585
89610
89634
89659
89683
89708
89732
89757
89781
89806
89830
89855
89879
89904
89928
89953
89977
90025
90049
90073
90097
90121
90145
90169
90193
90217
90241
90264
90288
90312
90336
90360
90384
90408
90432
90456
90480
90504
90527
90551
90575
90599
90623
90647
90671
90695
90719
90743
90766
90790
90814
90838
90862
90886
90910
90934
90958
90982
91006
91029
91053
91077
91101
91125
91149
91173
91197
91221
91245
91269
91292
91316
91340
91364
91388
91412
91436
91460
91484
91508
91531
91555
91579
91603
91627
91651
91675
91699
91723
91747
91771
91794
91818
91842
91866
91890
91914
91938
91962
91986
92010
92033
92057
92081
92105
92129
92153
92177
92201
92225
92249
92273
92296
92320
92344
92368
92392
92416
92440
92464
92488
92512
92536
92559
92583
92607
92631
92655
92679
92703
92727
92751
92775
92798
92822
92846
92870
92894
92918
92942
92966
92990
93014
93038
93061
93085
93109
93133
93157
93181
93205
93229
93253
93277
93301
93324
93348
93372
93396
93420
93444
93468
93492
93516
93540
93563
93587
93611
93635
93659
93683
93707
93731
93755
93779
93803
93826
93850
93874
93898
93922
93946
93970
93994
94018
94042
94065
94089
94113
94137
94161
94185
94209
94233
94257
94281
94305
94328
94352
94376
94400
94424
94448
94472
94496
94520
94544
94568
94591
94615
94639
94663
94687
94711
94735
94759
94783
94807
94830
94854
94878
94902
94926
94950
94974
94998
95026
95051
95076
95101
95126
95151
95176
95201
95226
95250
95275
95300
95325
95350
95375
95400
95425
95450
95475
95499
95524
95549
95574
95599
95624
95649
95674
95699
95724
95748
95773
95798
95823
95848
95873
95898
95923
95948
95973
95997
96022
96047
96072
96097
96122
96147
96172
96197
96222
96246
96271
96296
96321
96346
96371
96396
96421
96446
96471
96495
96520
96545
96570
96595
96620
96645
96670
96695
96719
96744
96769
96794
96819
96844
96869
96894
96919
96944
96968
96993
97018
97043
97068
97093
97118
97143
97168
97193
97217
97242
97267
97292
97317
97342
97367
97392
97417
97442
97466
97491
97516
97541
97566
97591
97616
97641
97666
97691
97715
97740
97765
97790
97815
97840
97865
97890
97915
97940
97964
97989
98014
98039
98064
98089
98114
98139
98164
98188
98213
98238
98263
98288
98313
98338
98363
98388
98413
98437
98462
98487
98512
98537
98562
98587
98612
98637
98662
98686
98711
98736
98761
98786
98811
98836
98861
98886
98911
98935
98960
98985
99010
99035
99060
99085
99110
99135
99160
99184
99209
99234
99259
99284
99309
99334
99359
99384
99409
99433
99458
99483
99508
99533
99558
99583
99608
99633
99657
99682
99707
99732
99757
99782
99807
99832
99857
99882
99906
99931
99956
99981
100027
100052
100077
100102
100127
100152
100177
100202
100227
100252
100277
100302
100327
100352
100377
100402
100427
100452
100477
100502
100527
100552
100577
100602
100627
100652
100677
100702
100727
100752
100777
100803
100828
100853
100878
100903
100928
100953
100978
101003
101028
101053
101078
101103
101128
101153
101178
101203
101228
101253
101278
101303
101328
101353
101378
101403
101428
101453
101478
101503
101528
101553
101578
101604
101629
101654
101679
101704
101729
101754
101779
101804
101829
101854
101879
101904
101929
101954
101979
102004
102029
102054
102079
102104
102129
102154
102179
102204
102229
102254
102279
102304
102329
102354
102379
102405
102430
102455
102480
102505
102530
102555
102580
102605
102630
102655
102680
102705
102730
102755
102780
102805
102830
102855
102880
102905
102930
102955
102980
103005
103030
103055
103080
103105
103130
103155
103180
103206
103231
103256
103281
103306
103331
103356
103381
103406
103431
103456
103481
103506
103531
103556
103581
103606
103631
103656
103681
103706
103731
103756
103781
103806
103831
103856
103881
103906
103931
103956
103981
104007
104032
104057
104082
104107
104132
104157
104182
104207
104232
104257
104282
104307
104332
104357
104382
104407
104432
104457
104482
104507
104532
104557
104582
104607
104632
104657
104682
104707
104732
104757
104782
104808
104833
104858
104883
104908
104933
104958
104983
105026
105051
105075
105100
105124
105149
105173
105198
105222
105247
105271
105296
105320
105345
105370
105394
105419
105443
105468
105492
105517
105541
105566
105590
105615
105639
105664
105689
105713
105738
105762
105787
105811
105836
105860
105885
105909
105934
105958
105983
106008
106032
106057
106081
106106
106130
106155
106179
106204
106228
106253
106277
106302
106326
106351
106376
106400
106425
106449
106474
106498
106523
106547
106572
106596
106621
106645
106670
106695
106719
106744
106768
106793
106817
106842
106866
106891
106915
106940
106964
106989
107014
107038
107063
107087
107112
107136
107161
107185
107210
107234
107259
107283
107308
107333
107357
107382
107406
107431
107455
107480
107504
107529
107553
107578
107602
107627
107651
107676
107701
107725
107750
107774
107799
107823
107848
107872
107897
107921
107946
107970
107995
108020
108044
108069
108093
108118
108142
108167
108191
108216
108240
108265
108289
108314
108339
108363
108388
108412
108437
108461
108486
108510
108535
108559
108584
108608
108633
108657
108682
108707
108731
108756
108780
108805
108829
108854
108878
108903
108927
108952
108976
109001
109026
109050
109075
109099
109124
109148
109173
109197
109222
109246
109271
109295
109320
109345
109369
109394
109418
109443
109467
109492
109516
109541
109565
109590
109614
109639
109664
109688
109713
109737
109762
109786
109811
109835
109860
109884
109909
109933
109958
109982
110025
110049
110072
110096
110119
110143
110166
110190
110214
110237
110261
110284
110308
110331
110355
110378
110402
110426
110449
110473
110496
110520
110543
110567
110591
110614
110638
110661
110685
110708
110732
110755
110779
110803
110826
110850
110873
110897
110920
110944
110968
110991
111015
111038
111062
111085
111109
111132
111156
111180
111203
111227
111250
111274
111297
111321
111345
111368
111392
111415
111439
111462
111486
111509
111533
111557
111580
111604
111627
111651
111674
111698
111722
111745
111769
111792
111816
111839
111863
111886
111910
111934
111957
111981
112004
112028
112051
112075
112098
112122
112146
112169
112193
112216
112240
112263
112287
112311
112334
112358
112381
112405
112428
112452
112475
112499
112523
112546
112570
112593
112617
112640
112664
112688
112711
112735
112758
112782
112805
112829
112852
112876
112900
112923
112947
112970
112994
113017
113041
113065
113088
113112
113135
113159
113182
113206
113229
113253
113277
113300
113324
113347
113371
113394
113418
113442
113465
113489
113512
113536
113559
113583
113606
113630
113654
113677
113701
113724
113748
113771
113795
113819
113842
113866
113889
113913
113936
113960
113983
114007
114031
114054
114078
114101
114125
114148
114172
114195
114219
114243
114266
114290
114313
114337
114360
114384
114408
114431
114455
114478
114502
114525
114549
114572
114596
114620
114643
114667
114690
114714
114737
114761
114785
114808
114832
114855
114879
114902
114926
114949
114973
114997
115027
115052
115077
115102
115127
115152
115178
115203
115228
115253
115278
115303
115328
115354
115379
115404
115429
115454
115479
115505
115530
115555
115580
115605
115630
115655
115681
115706
115731
115756
115781
115806
115831
115857
115882
115907
115932
115957
115982
116008
116033
116058
116083
116108
116133
116158
116184
116209
116234
116259
116284
116309
116334
116360
116385
116410
116435
116460
116485
116511
116536
116561
116586
116611
116636
116661
116687
116712
116737
116762
116787
116812
116838
116863
116888
116913
116938
116963
116988
117014
117039
117064
117089
117114
117139
117164
117190
117215
117240
117265
117290
117315
117341
117366
117391
117416
117441
117466
117491
117517
117542
117567
117592
117617
117642
117667
117693
117718
117743
117768
117793
117818
117844
117869
117894
117919
117944
117969
117994
118020
118045
118070
118095
118120
118145
118171
118196
118221
118246
118271
118296
118321
118347
118372
118397
118422
118447
118472
118497
118523
118548
118573
118598
118623
118648
118674
118699
118724
118749
118774
118799
118824
118850
118875
118900
118925
118950
118975
119000
119026
119051
119076
119101
119126
119151
119177
119202
119227
119252
119277
119302
119327
119353
119378
119403
119428
119453
119478
119504
119529
119554
119579
119604
119629
119654
119680
119705
119730
119755
119780
119805
119830
119856
119881
119906
119931
119956
119981
120027
120053
120078
120104
120130
120155
120181
120207
120232
120258
120284
120309
120335
120360
120386
120412
120437
120463
120489
120514
120540
120566
120591
120617
120642
120668
120694
120719
120745
120771
120796
120822
120848
120873
120899
120924
120950
120976
121001
121027
121053
121078
121104
121130
121155
121181
121206
121232
121258
121283
121309
121335
121360
121386
121412
121437
121463
121489
121514
121540
121565
121591
121617
121642
121668
121694
121719
121745
121771
121796
121822
121847
121873
121899
121924
121950
121976
122001
122027
122053
122078
122104
122129
122155
122181
122206
122232
122258
122283
122309
122335
122360
122386
122411
122437
122463
122488
122514
122540
122565
122591
122617
122642
122668
122694
122719
122745
122770
122796
122822
122847
122873
122899
122924
122950
122976
123001
123027
123052
123078
123104
123129
123155
123181
123206
123232
123258
123283
123309
123334
123360
123386
123411
123437
123463
123488
123514
123540
123565
123591
123616
123642
123668
123693
123719
123745
123770
123796
123822
123847
123873
123899
123924
123950
123975
124001
124027
124052
124078
124104
124129
124155
124181
124206
124232
124257
124283
124309
124334
124360
124386
124411
124437
124463
124488
124514
124539
124565
124591
124616
124642
124668
124693
124719
124745
124770
124796
124821
124847
124873
124898
124924
124950
124975
125001
125025
125049
125073
125097
125121
125145
125169
125193
125217
125241
125265
125289
125313
125337
125361
125385
125409
125432
125456
125480
125504
125528
125552
125576
125600
125624
125648
125672
125696
125720
125744
125768
125792
125816
125840
125863
125887
125911
125935
125959
125983
126007
126031
126055
126079
126103
126127
126151
126175
126199
126223
126247
126270
126294
126318
126342
126366
126390
126414
126438
126462
126486
126510
126534
126558
126582
126606
126630
126654
126678
126701
126725
126749
126773
126797
126821
126845
126869
126893
126917
126941
126965
126989
127013
127037
127061
127085
127108
127132
127156
127180
127204
127228
127252
127276
127300
127324
127348
127372
127396
127420
127444
127468
127492
127516
127539
127563
127587
127611
127635
127659
127683
127707
127731
127755
127779
127803
127827
127851
127875
127899
127923
127946
127970
127994
128018
128042
128066
128090
128114
128138
128162
128186
128210
128234
128258
128282
128306
128330
128354
128377
128401
128425
128449
128473
128497
128521
128545
128569
128593
128617
128641
128665
128689
128713
128737
128761
128784
128808
128832
128856
128880
128904
128928
128952
128976
129000
129024
129048
129072
129096
129120
129144
129168
129192
129215
129239
129263
129287
129311
129335
129359
129383
129407
129431
129455
129479
129503
129527
129551
129575
129599
129623
129646
129670
129694
129718
129742
129766
129790
129814
129838
129862
129886
129910
129934
129958
129982
130025
130049
130073
130097
130120
130144
130168
130192
130215
130239
130263
130287
130311
130334
130358
130382
130406
130429
130453
130477
130501
130525
130548
130572
130596
130620
130643
130667
130691
130715
130739
130762
130786
130810
130834
130857
130881
130905
130929
130952
130976
131000
131024
131048
131071
131095
131119
131143
131166
131190
131214
131238
131262
131285
131309
131333
131357
131380
131404
131428
131452
131476
131499
131523
131547
131571
131594
131618
131642
131666
131689
131713
131737
131761
131785
131808
131832
131856
131880
131903
131927
131951
131975
131999
132022
132046
132070
132094
132117
132141
132165
132189
132213
132236
132260
132284
132308
132331
132355
132379
132403
132427
132450
132474
132498
132522
132545
132569
132593
132617
132640
132664
132688
132712
132736
132759
132783
132807
132831
132854
132878
132902
132926
132950
132973
132997
133021
133045
133068
133092
133116
133140
133164
133187
133211
133235
133259
133282
133306
133330
133354
133377
133401
133425
133449
133473
133496
133520
133544
133568
133591
133615
133639
133663
133687
133710
133734
133758
133782
133805
133829
133853
133877
133901
133924
133948
133972
133996
134019
134043
134067
134091
134115
134138
134162
134186
134210
134233
134257
134281
134305
134328
134352
134376
134400
134424
134447
134471
134495
134519
134542
134566
134590
134614
134638
134661
134685
134709
134733
134756
134780
134804
134828
134852
134875
134899
134923
134947
134970
134994
135026
135050
135074
135098
135122
135146
135170
135194
135218
135243
135267
135291
135315
135339
135363
135387
135411
135435
135459
135484
135508
135532
135556
135580
135604
135628
135652
135676
135701
135725
135749
135773
135797
135821
135845
135869
135893
135917
135942
135966
135990
136014
136038
136062
136086
136110
136134
136159
136183
136207
136231
136255
136279
136303
136327
136351
136375
136400
136424
136448
136472
136496
136520
136544
136568
136592
136617
136641
136665
136689
136713
136737
136761
136785
136809
136833
136858
136882
136906
136930
136954
136978
137002
137026
137050
137075
137099
137123
137147
137171
137195
137219
137243
137267
137291
137316
137340
137364
137388
137412
137436
137460
137484
137508
137533
137557
137581
137605
137629
137653
137677
137701
137725
137749
137774
137798
137822
137846
137870
137894
137918
137942
137966
137991
138015
138039
138063
138087
138111
138135
138159
138183
138207
138232
138256
138280
138304
138328
138352
138376
138400
138424
138449
138473
138497
138521
138545
138569
138593
138617
138641
138665
138690
138714
138738
138762
138786
138810
138834
138858
138882
138907
138931
138955
138979
139003
139027
139051
139075
139099
139123
139148
139172
139196
139220
139244
139268
139292
139316
139340
139365
139389
139413
139437
139461
139485
139509
139533
139557
139581
139606
139630
139654
139678
139702
139726
139750
139774
139798
139823
139847
139871
139895
139919
139943
139967
139991
140025
140049
140072
140096
140119
140143
140166
140190
140213
140237
140261
140284
140308
140331
140355
140378
140402
140425
140449
140473
140496
140520
140543
140567
140590
140614
140637
140661
140685
140708
140732
140755
140779
140802
140826
140849
140873
140897
140920
140944
140967
140991
141014
141038
141061
141085
141109
141132
141156
141179
141203
141226
141250
141273
141297
141321
141344
141368
141391
141415
141438
141462
141485
141509
141533
141556
141580
141603
141627
141650
141674
141697
141721
141745
141768
141792
141815
141839
141862
141886
141909
141933
141957
141980
142004
142027
142051
142074
142098
142121
142145
142169
142192
142216
142239
142263
142286
142310
142333
142357
142380
142404
142428
142451
142475
142498
142522
142545
142569
142592
142616
142640
142663
142687
142710
142734
142757
142781
142804
142828
142852
142875
142899
142922
142946
142969
142993
143016
143040
143064
143087
143111
143134
143158
143181
143205
143228
143252
143276
143299
143323
143346
143370
143393
143417
143440
143464
143488
143511
143535
143558
143582
143605
143629
143652
143676
143700
143723
143747
143770
143794
143817
143841
143864
143888
143912
143935
143959
143982
144006
144029
144053
144076
144100
144124
144147
144171
144194
144218
144241
144265
144288
144312
144336
144359
144383
144406
144430
144453
144477
144500
144524
144547
144571
144595
144618
144642
144665
144689
144712
144736
144759
144783
144807
144830
144854
144877
144901
144924
144948
144971
144995
145025
145049
145073
145097
145120
145144
145168
145192
145216
145239
145263
145287
145311
145334
145358
145382
145406
145430
145453
145477
145501
145525
145548
145572
145596
145620
145644
145667
145691
145715
145739
145762
145786
145810
145834
145858
145881
145905
145929
145953
145976
146000
146024
146048
146072
146095
146119
146143
146167
146191
146214
146238
146262
146286
146309
146333
146357
146381
146405
146428
146452
146476
146500
146523
146547
146571
146595
146619
146642
146666
146690
146714
146737
146761
146785
146809
146833
146856
146880
146904
146928
146951
146975
146999
147023
147047
147070
147094
147118
147142
147166
147189
147213
147237
147261
147284
147308
147332
147356
147380
147403
147427
147451
147475
147498
147522
147546
147570
147594
147617
147641
147665
147689
147712
147736
147760
147784
147808
147831
147855
147879
147903
147926
147950
147974
147998
148022
148045
148069
148093
148117
148140
148164
148188
148212
148236
148259
148283
148307
148331
148355
148378
148402
148426
148450
148473
148497
148521
148545
148569
148592
148616
148640
148664
148687
148711
148735
148759
148783
148806
148830
148854
148878
148901
148925
148949
148973
148997
149020
149044
149068
149092
149115
149139
149163
149187
149211
149234
149258
149282
149306
149330
149353
149377
149401
149425
149448
149472
149496
149520
149544
149567
149591
149615
149639
149662
149686
149710
149734
149758
149781
149805
149829
149853
149876
149900
149924
149948
149972
149995
150023
150044
150065
150087
150108
150129
150151
150172
150193
150215
150236
150257
150279
150300
150321
150343
150364
150385
150407
150428
150449
150471
150492
150513
150535
150556
150577
150599
150620
150641
150663
150684
150705
150727
150748
150769
150791
150812
150833
150855
150876
150897
150919
150940
150961
150983
151004
151025
151047
151068
151089
151111
151132
151153
151175
151196
151217
151239
151260
151281
151303
151324
151345
151366
151388
151409
151430
151452
151473
151494
151516
151537
151558
151580
151601
151622
151644
151665
151686
151708
151729
151750
151772
151793
151814
151836
151857
151878
151900
151921
151942
151964
151985
152006
152028
152049
152070
152092
152113
152134
152156
152177
152198
152220
152241
152262
152284
152305
152326
152348
152369
152390
152412
152433
152454
152476
152497
152518
152540
152561
152582
152604
152625
152646
152668
152689
152710
152731
152753
152774
152795
152817
152838
152859
152881
152902
152923
152945
152966
152987
153009
153030
153051
153073
153094
153115
153137
153158
153179
153201
153222
153243
153265
153286
153307
153329
153350
153371
153393
153414
153435
153457
153478
153499
153521
153542
153563
153585
153606
153627
153649
153670
153691
153713
153734
153755
153777
153798
153819
153841
153862
153883
153905
153926
153947
153969
153990
154011
154032
154054
154075
154096
154118
154139
154160
154182
154203
154224
154246
154267
154288
154310
154331
154352
154374
154395
154416
154438
154459
154480
154502
154523
154544
154566
154587
154608
154630
154651
154672
154694
154715
154736
154758
154779
154800
154822
154843
154864
154886
154907
154928
154950
154971
154992
155022
155042
155063
155083
155104
155124
155144
155165
155185
155206
155226
155247
155267
155287
155308
155328
155349
155369
155390
155410
155430
155451
155471
155492
155512
155533
155553
155573
155594
155614
155635
155655
155675
155696
155716
155737
155757
155778
155798
155818
155839
155859
155880
155900
155921
155941
155961
155982
156002
156023
156043
156064
156084
156104
156125
156145
156166
156186
156207
156227
156247
156268
156288
156309
156329
156349
156370
156390
156411
156431
156452
156472
156492
156513
156533
156554
156574
156595
156615
156635
156656
156676
156697
156717
156738
156758
156778
156799
156819
156840
156860
156881
156901
156921
156942
156962
156983
157003
157023
157044
157064
157085
157105
157126
157146
157166
157187
157207
157228
157248
157269
157289
157309
157330
157350
157371
157391
157412
157432
157452
157473
157493
157514
157534
157555
157575
157595
157616
157636
157657
157677
157697
157718
157738
157759
157779
157800
157820
157840
157861
157881
157902
157922
157943
157963
157983
158004
158024
158045
158065
158086
158106
158126
158147
158167
158188
158208
158229
158249
158269
158290
158310
158331
158351
158371
158392
158412
158433
158453
158474
158494
158514
158535
158555
158576
158596
158617
158637
158657
158678
158698
158719
158739
158760
158780
158800
158821
158841
158862
158882
158903
158923
158943
158964
158984
159005
159025
159045
159066
159086
159107
159127
159148
159168
159188
159209
159229
159250
159270
159291
159311
159331
159352
159372
159393
159413
159434
159454
159474
159495
159515
159536
159556
159577
159597
159617
159638
159658
159679
159699
159719
159740
159760
159781
159801
159822
159842
159862
159883
159903
159924
159944
159965
159985
160023
160044
160066
160087
160109
160130
160152
160173
160195
160216
160238
160259
160281
160302
160324
160345
160366
160388
160409
160431
160452
160474
160495
160517
160538
160560
160581
160603
160624
160646
160667
160688
160710
160731
160753
160774
160796
160817
160839
160860
160882
160903
160925
160946
160968
160989
161010
161032
161053
161075
161096
161118
161139
161161
161182
161204
161225
161247
161268
161290
161311
161333
161354
161375
161397
161418
161440
161461
161483
161504
161526
161547
161569
161590
161612
161633
161655
161676
161697
161719
161740
161762
161783
161805
161826
161848
161869
161891
161912
161934
161955
161977
161998
162019
162041
162062
162084
162105
162127
162148
162170
162191
162213
162234
162256
162277
162299
162320
162342
162363
162384
162406
162427
162449
162470
162492
162513
162535
162556
162578
162599
162621
162642
162664
162685
162706
162728
162749
162771
162792
162814
162835
162857
162878
162900
162921
162943
162964
162986
163007
163028
163050
163071
163093
163114
163136
163157
163179
163200
163222
163243
163265
163286
163308
163329
163351
163372
163393
163415
163436
163458
163479
163501
163522
163544
163565
163587
163608
163630
163651
163673
163694
163715
163737
163758
163780
163801
163823
163844
163866
163887
163909
163930
163952
163973
163995
164016
164037
164059
164080
164102
164123
164145
164166
164188
164209
164231
164252
164274
164295
164317
164338
164360
164381
164402
164424
164445
164467
164488
164510
164531
164553
164574
164596
164617
164639
164660
164682
164703
164724
164746
164767
164789
164810
164832
164853
164875
164896
164918
164939
164961
164982
165022
165042
165063
165083
165104
165124
165145
165165
165186
165206
165227
165247
165268
165288
165309
165329
165350
165370
165391
165411
165432
165452
165473
165493
165514
165534
165555
165575
165596
165616
165637
165657
165678
165698
165719
165739
165760
165780
165801
165821
165842
165862
165883
165903
165924
165944
165965
165985
166006
166026
166047
166067
166088
166108
166129
166149
166170
166190
166211
166231
166252
166272
166293
166313
166334
166354
166375
166395
166416
166436
166456
166477
166497
166518
166538
166559
166579
166600
166620
166641
166661
166682
166702
166723
166743
166764
166784
166805
166825
166846
166866
166887
166907
166928
166948
166969
166989
167010
167030
167051
167071
167092
167112
167133
167153
167174
167194
167215
167235
167256
167276
167297
167317
167338
167358
167379
167399
167420
167440
167461
167481
167502
167522
167543
167563
167584
167604
167625
167645
167666
167686
167707
167727
167748
167768
167789
167809
167830
167850
167870
167891
167911
167932
167952
167973
167993
168014
168034
168055
168075
168096
168116
168137
168157
168178
168198
168219
168239
168260
168280
168301
168321
168342
168362
168383
168403
168424
168444
168465
168485
168506
168526
168547
168567
168588
168608
168629
168649
168670
168690
168711
168731
168752
168772
168793
168813
168834
168854
168875
168895
168916
168936
168957
168977
168998
169018
169039
169059
169080
169100
169121
169141
169162
169182
169203
169223
169244
169264
169285
169305
169325
169346
169366
169387
169407
169428
169448
169469
169489
169510
169530
169551
169571
169592
169612
169633
169653
169674
169694
169715
169735
169756
169776
169797
169817
169838
169858
169879
169899
169920
169940
169961
169981
170022
170043
170063
170084
170105
170125
170146
170167
170187
170208
170229
170249
170270
170290
170311
170332
170352
170373
170394
170414
170435
170456
170476
170497
170518
170538
170559
170579
170600
170621
170641
170662
170683
170703
170724
170745
170765
170786
170807
170827
170848
170868
170889
170910
170930
170951
170972
170992
171013
171034
171054
171075
171096
171116
171137
171157
171178
171199
171219
171240
171261
171281
171302
171323
171343
171364
171385
171405
171426
171446
171467
171488
171508
171529
171550
171570
171591
171612
171632
171653
171673
171694
171715
171735
171756
171777
171797
171818
171839
171859
171880
171901
171921
171942
171962
171983
172004
172024
172045
172066
172086
172107
172128
172148
172169
172190
172210
172231
172251
172272
172293
172313
172334
172355
172375
172396
172417
172437
172458
172479
172499
172520
172540
172561
172582
172602
172623
172644
172664
172685
172706
172726
172747
172768
172788
172809
172829
172850
172871
172891
172912
172933
172953
172974
172995
173015
173036
173057
173077
173098
173118
173139
173160
173180
173201
173222
173242
173263
173284
173304
173325
173345
173366
173387
173407
173428
173449
173469
173490
173511
173531
173552
173573
173593
173614
173634
173655
173676
173696
173717
173738
173758
173779
173800
173820
173841
173862
173882
173903
173923
173944
173965
173985
174006
174027
174047
174068
174089
174109
174130
174151
174171
174192
174212
174233
174254
174274
174295
174316
174336
174357
174378
174398
174419
174440
174460
174481
174501
174522
174543
174563
174584
174605
174625
174646
174667
174687
174708
174729
174749
174770
174790
174811
174832
174852
174873
174894
174914
174935
174956
174976
174997
175023
175044
175066
175087
175108
175130
175151
175172
175194
175215
175236
175258
175279
175300
175322
175343
175365
175386
175407
175429
175450
175471
175493
175514
175535
175557
175578
175599
175621
175642
175664
175685
175706
175728
175749
175770
175792
175813
175834
175856
175877
175898
175920
175941
175963
175984
176005
176027
176048
176069
176091
176112
176133
176155
176176
176197
176219
176240
176261
176283
176304
176326
176347
176368
176390
176411
176432
176454
176475
176496
176518
176539
176560
176582
176603
176625
176646
176667
176689
176710
176731
176753
176774
176795
176817
176838
176859
176881
176902
176924
176945
176966
176988
177009
177030
177052
177073
177094
177116
177137
177158
177180
177201
177222
177244
177265
177287
177308
177329
177351
177372
177393
177415
177436
177457
177479
177500
177521
177543
177564
177586
177607
177628
177650
177671
177692
177714
177735
177756
177778
177799
177820
177842
177863
177885
177906
177927
177949
177970
177991
178013
178034
178055
178077
178098
178119
178141
178162
178184
178205
178226
178248
178269
178290
178312
178333
178354
178376
178397
178418
178440
178461
178482
178504
178525
178547
178568
178589
178611
178632
178653
178675
178696
178717
178739
178760
178781
178803
178824
178846
178867
178888
178910
178931
178952
178974
178995
179016
179038
179059
179080
179102
179123
179145
179166
179187
179209
179230
179251
179273
179294
179315
179337
179358
179379
179401
179422
179443
179465
179486
179508
179529
179550
179572
179593
179614
179636
179657
179678
179700
179721
179742
179764
179785
179807
179828
179849
179871
179892
179913
179935
179956
179977
179999
180022
180043
180063
180084
180104
180125
180145
180166
180186
180207
180227
180248
180268
180289
180310
180330
180351
180371
180392
180412
180433
180453
180474
180494
180515
180535
180556
180577
180597
180618
180638
180659
180679
180700
180720
180741
180761
180782
180802
180823
180844
180864
180885
180905
180926
180946
180967
180987
181008
181028
181049
181069
181090
181111
181131
181152
181172
181193
181213
181234
181254
181275
181295
181316
181336
181357
181378
181398
181419
181439
181460
181480
181501
181521
181542
181562
181583
181603
181624
181644
181665
181686
181706
181727
181747
181768
181788
181809
181829
181850
181870
181891
181911
181932
181953
181973
181994
182014
182035
182055
182076
182096
182117
182137
182158
182178
182199
182220
182240
182261
182281
182302
182322
182343
182363
182384
182404
182425
182445
182466
182487
182507
182528
182548
182569
182589
182610
182630
182651
182671
182692
182712
182733
182754
182774
182795
182815
182836
182856
182877
182897
182918
182938
182959
182979
183000
183020
183041
183062
183082
183103
183123
183144
183164
183185
183205
183226
183246
183267
183287
183308
183329
183349
183370
183390
183411
183431
183452
183472
183493
183513
183534
183554
183575
183596
183616
183637
183657
183678
183698
183719
183739
183760
183780
183801
183821
183842
183863
183883
183904
183924
183945
183965
183986
184006
184027
184047
184068
184088
184109
184130
184150
184171
184191
184212
184232
184253
184273
184294
184314
184335
184355
184376
184397
184417
184438
184458
184479
184499
184520
184540
184561
184581
184602
184622
184643
184663
184684
184705
184725
184746
184766
184787
184807
184828
184848
184869
184889
184910
184930
184951
184972
184992
185022
185043
185064
185085
185106
185127
185148
185169
185190
185210
185231
185252
185273
185294
185315
185336
185357
185378
185399
185419
185440
185461
185482
185503
185524
185545
185566
185587
185607
185628
185649
185670
185691
185712
185733
185754
185775
185796
185816
185837
185858
185879
185900
185921
185942
185963
185984
186005
186025
186046
186067
186088
186109
186130
186151
186172
186193
186213
186234
186255
186276
186297
186318
186339
186360
186381
186402
186422
186443
186464
186485
186506
186527
186548
186569
186590
186610
186631
186652
186673
186694
186715
186736
186757
186778
186799
186819
186840
186861
186882
186903
186924
186945
186966
186987
187008
187028
187049
187070
187091
187112
187133
187154
187175
187196
187216
187237
187258
187279
187300
187321
187342
187363
187384
187405
187425
187446
187467
187488
187509
187530
187551
187572
187593
187614
187634
187655
187676
187697
187718
187739
187760
187781
187802
187822
187843
187864
187885
187906
187927
187948
187969
187990
188011
188031
188052
188073
188094
188115
188136
188157
188178
188199
188219
188240
188261
188282
188303
188324
188345
188366
188387
188408
188428
188449
188470
188491
188512
188533
188554
188575
188596
188617
188637
188658
188679
188700
188721
188742
188763
188784
188805
188825
188846
188867
188888
188909
188930
188951
188972
188993
189014
189034
189055
189076
189097
189118
189139
189160
189181
189202
189223
189243
189264
189285
189306
189327
189348
189369
189390
189411
189431
189452
189473
189494
189515
189536
189557
189578
189599
189620
189640
189661
189682
189703
189724
189745
189766
189787
189808
189828
189849
189870
189891
189912
189933
189954
189975
189996
190022
190043
190064
190085
190105
190126
190147
190168
190188
190209
190230
190251
190271
190292
190313
190334
190354
190375
190396
190417
190437
190458
190479
190500
190520
190541
190562
190583
190603
190624
190645
190666
190686
190707
190728
190749
190769
190790
190811
190832
190852
190873
190894
190915
190935
190956
190977
190998
191018
191039
191060
191081
191101
191122
191143
191164
191184
191205
191226
191247
191267
191288
191309
191330
191350
191371
191392
191413
191433
191454
191475
191496
191516
191537
191558
191579
191599
191620
191641
191662
191682
191703
191724
191745
191765
191786
191807
191828
191848
191869
191890
191911
191931
191952
191973
191994
192014
192035
192056
192077
192097
192118
192139
192160
192180
192201
192222
192243
192263
192284
192305
192326
192347
192367
192388
192409
192430
192450
192471
192492
192513
192533
192554
192575
192596
192616
192637
192658
192679
192699
192720
192741
192762
192782
192803
192824
192845
192865
192886
192907
192928
192948
192969
192990
193011
193031
193052
193073
193094
193114
193135
193156
193177
193197
193218
193239
193260
193280
193301
193322
193343
193363
193384
193405
193426
193446
193467
193488
193509
193529
193550
193571
193592
193612
193633
193654
193675
193695
193716
193737
193758
193778
193799
193820
193841
193861
193882
193903
193924
193944
193965
193986
194007
194027
194048
194069
194090
194110
194131
194152
194173
194193
194214
194235
194256
194276
194297
194318
194339
194359
194380
194401
194422
194442
194463
194484
194505
194525
194546
194567
194588
194609
194629
194650
194671
194692
194712
194733
194754
194775
194795
194816
194837
194858
194878
194899
194920
194941
194961
194982
195022
195043
195063
195084
195104
195125
195146
195166
195187
195207
195228
195249
195269
195290
195310
195331
195352
195372
195393
195413
195434
195455
195475
195496
195516
195537
195558
195578
195599
195619
195640
195661
195681
195702
195722
195743
195763
195784
195805
195825
195846
195866
195887
195908
195928
195949
195969
195990
196011
196031
196052
196072
196093
196114
196134
196155
196175
196196
196217
196237
196258
196278
196299
196320
196340
196361
196381
196402
196422
196443
196464
196484
196505
196525
196546
196567
196587
196608
196628
196649
196670
196690
196711
196731
196752
196773
196793
196814
196834
196855
196876
196896
196917
196937
196958
196979
196999
197020
197040
197061
197081
197102
197123
197143
197164
197184
197205
197226
197246
197267
197287
197308
197329
197349
197370
197390
197411
197432
197452
197473
197493
197514
197535
197555
197576
197596
197617
197638
197658
197679
197699
197720
197740
197761
197782
197802
197823
197843
197864
197885
197905
197926
197946
197967
197988
198008
198029
198049
198070
198091
198111
198132
198152
198173
198194
198214
198235
198255
198276
198297
198317
198338
198358
198379
198399
198420
198441
198461
198482
198502
198523
198544
198564
198585
198605
198626
198647
198667
198688
198708
198729
198750
198770
198791
198811
198832
198853
198873
198894
198914
198935
198956
198976
198997
199017
199038
199058
199079
199100
199120
199141
199161
199182
199203
199223
199244
199264
199285
199306
199326
199347
199367
199388
199409
199429
199450
199470
199491
199512
199532
199553
199573
199594
199615
199635
199656
199676
199697
199717
199738
199759
199779
199800
199820
199841
199862
199882
199903
199923
199944
199965
199985
200022
200043
200063
200084
200105
200125
200146
200166
200187
200208
200228
200249
200270
200290
200311
200331
200352
200373
200393
200414
200434
200455
200476
200496
200517
200538
200558
200579
200599
200620
200641
200661
200682
200702
200723
200744
200764
200785
200806
200826
200847
200867
200888
200909
200929
200950
200970
200991
201012
201032
201053
201074
201094
201115
201135
201156
201177
201197
201218
201238
201259
201280
201300
201321
201342
201362
201383
201403
201424
201445
201465
201486
201506
201527
201548
201568
201589
201610
201630
201651
201671
201692
201713
201733
201754
201774
201795
201816
201836
201857
201878
201898
201919
201939
201960
201981
202001
202022
202042
202063
202084
202104
202125
202146
202166
202187
202207
202228
202249
202269
202290
202310
202331
202352
202372
202393
202414
202434
202455
202475
202496
202517
202537
202558
202578
202599
202620
202640
202661
202682
202702
202723
202743
202764
202785
202805
202826
202846
202867
202888
202908
202929
202950
202970
202991
203011
203032
203053
203073
203094
203114
203135
203156
203176
203197
203218
203238
203259
203279
203300
203321
203341
203362
203382
203403
203424
203444
203465
203486
203506
203527
203547
203568
203589
203609
203630
203650
203671
203692
203712
203733
203754
203774
203795
203815
203836
203857
203877
203898
203918
203939
203960
203980
204001
204022
204042
204063
204083
204104
204125
204145
204166
204186
204207
204228
204248
204269
204290
204310
204331
204351
204372
204393
204413
204434
204454
204475
204496
204516
204537
204558
204578
204599
204619
204640
204661
204681
204702
204723
204743
204764
204784
204805
204826
204846
204867
204887
204908
204929
204949
204970
204991
205022
205043
205064
205084
205105
205126
205147
205167
205188
205209
205229
205250
205271
205292
205312
205333
205354
205374
205395
205416
205437
205457
205478
205499
205519
205540
205561
205582
205602
205623
205644
205665
205685
205706
205727
205747
205768
205789
205810
205830
205851
205872
205892
205913
205934
205955
205975
205996
206017
206037
206058
206079
206100
206120
206141
206162
206182
206203
206224
206245
206265
206286
206307
206328
206348
206369
206390
206410
206431
206452
206473
206493
206514
206535
206555
206576
206597
206618
206638
206659
206680
206700
206721
206742
206763
206783
206804
206825
206845
206866
206887
206908
206928
206949
206970
206991
207011
207032
207053
207073
207094
207115
207136
207156
207177
207198
207218
207239
207260
207281
207301
207322
207343
207363
207384
207405
207426
207446
207467
207488
207508
207529
207550
207571
207591
207612
207633
207654
207674
207695
207716
207736
207757
207778
207799
207819
207840
207861
207881
207902
207923
207944
207964
207985
208006
208026
208047
208068
208089
208109
208130
208151
208171
208192
208213
208234
208254
208275
208296
208317
208337
208358
208379
208399
208420
208441
208462
208482
208503
208524
208544
208565
208586
208607
208627
208648
208669
208689
208710
208731
208752
208772
208793
208814
208835
208855
208876
208897
208917
208938
208959
208980
209000
209021
209042
209062
209083
209104
209125
209145
209166
209187
209207
209228
209249
209270
209290
209311
209332
209352
209373
209394
209415
209435
209456
209477
209498
209518
209539
209560
209580
209601
209622
209643
209663
209684
209705
209725
209746
209767
209788
209808
209829
209850
209870
209891
209912
209933
209953
209974
209995
210022
210043
210064
210085
210106
210127
210148
210169
210189
210210
210231
210252
210273
210294
210315
210336
210356
210377
210398
210419
210440
210461
210482
210503
210523
210544
210565
210586
210607
210628
210649
210670
210691
210711
210732
210753
210774
210795
210816
210837
210858
210878
210899
210920
210941
210962
210983
211004
211025
211045
211066
211087
211108
211129
211150
211171
211192
211213
211233
211254
211275
211296
211317
211338
211359
211380
211400
211421
211442
211463
211484
211505
211526
211547
211567
211588
211609
211630
211651
211672
211693
211714
211735
211755
211776
211797
211818
211839
211860
211881
211902
211922
211943
211964
211985
212006
212027
212048
212069
212089
212110
212131
212152
212173
212194
212215
212236
212257
212277
212298
212319
212340
212361
212382
212403
212424
212444
212465
212486
212507
212528
212549
212570
212591
212611
212632
212653
212674
212695
212716
212737
212758
212779
212799
212820
212841
212862
212883
212904
212925
212946
212966
212987
213008
213029
213050
213071
213092
213113
213133
213154
213175
213196
213217
213238
213259
213280
213300
213321
213342
213363
213384
213405
213426
213447
213468
213488
213509
213530
213551
213572
213593
213614
213635
213655
213676
213697
213718
213739
213760
213781
213802
213822
213843
213864
213885
213906
213927
213948
213969
213990
214010
214031
214052
214073
214094
214115
214136
214157
214177
214198
214219
214240
214261
214282
214303
214324
214344
214365
214386
214407
214428
214449
214470
214491
214512
214532
214553
214574
214595
214616
214637
214658
214679
214699
214720
214741
214762
214783
214804
214825
214846
214866
214887
214908
214929
214950
214971
214992
215022
215043
215064
215084
215105
215126
215146
215167
215188
215208
215229
215250
215270
215291
215312
215333
215353
215374
215395
215415
215436
215457
215477
215498
215519
215539
215560
215581
215601
215622
215643
215664
215684
215705
215726
215746
215767
215788
215808
215829
215850
215870
215891
215912
215933
215953
215974
215995
216015
216036
216057
216077
216098
216119
216139
216160
216181
216201
216222
216243
216264
216284
216305
216326
216346
216367
216388
216408
216429
216450
216470
216491
216512
216533
216553
216574
216595
216615
216636
216657
216677
216698
216719
216739
216760
216781
216801
216822
216843
216864
216884
216905
216926
216946
216967
216988
217008
217029
217050
217070
217091
217112
217133
217153
217174
217195
217215
217236
217257
217277
217298
217319
217339
217360
217381
217401
217422
217443
217464
217484
217505
217526
217546
217567
217588
217608
217629
217650
217670
217691
217712
217733
217753
217774
217795
217815
217836
217857
217877
217898
217919
217939
217960
217981
218001
218022
218043
218064
218084
218105
218126
218146
218167
218188
218208
218229
218250
218270
218291
218312
218333
218353
218374
218395
218415
218436
218457
218477
218498
218519
218539
218560
218581
218601
218622
218643
218664
218684
218705
218726
218746
218767
218788
218808
218829
218850
218870
218891
218912
218933
218953
218974
218995
219015
219036
219057
219077
219098
219119
219139
219160
219181
219201
219222
219243
219264
219284
219305
219326
219346
219367
219388
219408
219429
219450
219470
219491
219512
219533
219553
219574
219595
219615
219636
219657
219677
219698
219719
219739
219760
219781
219801
219822
219843
219864
219884
219905
219926
219946
219967
219988
220022
220042
220063
220083
220103
220124
220144
220164
220185
220205
220226
220246
220266
220287
220307
220327
220348
220368
220389
220409
220429
220450
220470
220490
220511
220531
220551
220572
220592
220613
220633
220653
220674
220694
220714
220735
220755
220776
220796
220816
220837
220857
220877
220898
220918
220938
220959
220979
221000
221020
221040
221061
221081
221101
221122
221142
221163
221183
221203
221224
221244
221264
221285
221305
221325
221346
221366
221387
221407
221427
221448
221468
221488
221509
221529
221550
221570
221590
221611
221631
221651
221672
221692
221712
221733
221753
221774
221794
221814
221835
221855
221875
221896
221916
221937
221957
221977
221998
222018
222038
222059
222079
222099
222120
222140
222161
222181
222201
222222
222242
222262
222283
222303
222324
222344
222364
222385
222405
222425
222446
222466
222486
222507
222527
222548
222568
222588
222609
222629
222649
222670
222690
222711
222731
222751
222772
222792
222812
222833
222853
222873
222894
222914
222935
222955
222975
222996
223016
223036
223057
223077
223098
223118
223138
223159
223179
223199
223220
223240
223260
223281
223301
223322
223342
223362
223383
223403
223423
223444
223464
223485
223505
223525
223546
223566
223586
223607
223627
223647
223668
223688
223709
223729
223749
223770
223790
223810
223831
223851
223872
223892
223912
223933
223953
223973
223994
224014
224034
224055
224075
224096
224116
224136
224157
224177
224197
224218
224238
224259
224279
224299
224320
224340
224360
224381
224401
224422
224442
224462
224483
224503
224523
224544
224564
224584
224605
224625
224646
224666
224686
224707
224727
224747
224768
224788
224809
224829
224849
224870
224890
224910
224931
224951
224971
224992
225022
225042
225063
225083
225104
225124
225145
225165
225186
225206
225227
225247
225267
225288
225308
225329
225349
225370
225390
225411
225431
225452
225472
225492
225513
225533
225554
225574
225595
225615
225636
225656
225677
225697
225717
225738
225758
225779
225799
225820
225840
225861
225881
225902
225922
225942
225963
225983
226004
226024
226045
226065
226086
226106
226127
226147
226168
226188
226208
226229
226249
226270
226290
226311
226331
226352
226372
226393
226413
226433
226454
226474
226495
226515
226536
226556
226577
226597
226618
226638
226658
226679
226699
226720
226740
226761
226781
226802
226822
226843
226863
226883
226904
226924
226945
226965
226986
227006
227027
227047
227068
227088
227109
227129
227149
227170
227190
227211
227231
227252
227272
227293
227313
227334
227354
227374
227395
227415
227436
227456
227477
227497
227518
227538
227559
227579
227599
227620
227640
227661
227681
227702
227722
227743
227763
227784
227804
227824
227845
227865
227886
227906
227927
227947
227968
227988
228009
228029
228050
228070
228090
228111
228131
228152
228172
228193
228213
228234
228254
228275
228295
228315
228336
228356
228377
228397
228418
228438
228459
228479
228500
228520
228540
228561
228581
228602
228622
228643
228663
228684
228704
228725
228745
228765
228786
228806
228827
228847
228868
228888
228909
228929
228950
228970
228991
229011
229031
229052
229072
229093
229113
229134
229154
229175
229195
229216
229236
229256
229277
229297
229318
229338
229359
229379
229400
229420
229441
229461
229481
229502
229522
229543
229563
229584
229604
229625
229645
229666
229686
229706
229727
229747
229768
229788
229809
229829
229850
229870
229891
229911
229932
229952
229972
229993
230022
230042
230062
230082
230102
230122
230142
230163
230183
230203
230223
230243
230263
230283
230304
230324
230344
230364
230384
230404
230424
230445
230465
230485
230505
230525
230545
230565
230586
230606
230626
230646
230666
230686
230706
230727
230747
230767
230787
230807
230827
230847
230868
230888
230908
230928
230948
230968
230988
231009
231029
231049
231069
231089
231109
231129
231149
231170
231190
231210
231230
231250
231270
231290
231311
231331
231351
231371
231391
231411
231431
231452
231472
231492
231512
231532
231552
231572
231593
231613
231633
231653
231673
231693
231713
231734
231754
231774
231794
231814
231834
231854
231875
231895
231915
231935
231955
231975
231995
232016
232036
232056
232076
232096
232116
232136
232157
232177
232197
232217
232237
232257
232277
232297
232318
232338
232358
232378
232398
232418
232438
232459
232479
232499
232519
232539
232559
232579
232600
232620
232640
232660
232680
232700
232720
232741
232761
232781
232801
232821
232841
232861
232882
232902
232922
232942
232962
232982
233002
233023
233043
233063
233083
233103
233123
233143
233164
233184
233204
233224
233244
233264
233284
233305
233325
233345
233365
233385
233405
233425
233445
233466
233486
233506
233526
233546
233566
233586
233607
233627
233647
233667
233687
233707
233727
233748
233768
233788
233808
233828
233848
233868
233889
233909
233929
233949
233969
233989
234009
234030
234050
234070
234090
234110
234130
234150
234171
234191
234211
234231
234251
234271
234291
234312
234332
234352
234372
234392
234412
234432
234453
234473
234493
234513
234533
234553
234573
234593
234614
234634
234654
234674
234694
234714
234734
234755
234775
234795
234815
234835
234855
234875
234896
234916
234936
234956
234976
234996
235022
235042
235062
235082
235102
235122
235142
235163
235183
235203
235223
235243
235263
235283
235303
235324
235344
235364
235384
235404
235424
235444
235464
235485
235505
235525
235545
235565
235585
235605
235625
235646
235666
235686
235706
235726
235746
235766
235786
235807
235827
235847
235867
235887
235907
235927
235948
235968
235988
236008
236028
236048
236068
236088
236109
236129
236149
236169
236189
236209
236229
236249
236270
236290
236310
236330
236350
236370
236390
236410
236431
236451
236471
236491
236511
236531
236551
236571
236592
236612
236632
236652
236672
236692
236712
236733
236753
236773
236793
236813
236833
236853
236873
236894
236914
236934
236954
236974
236994
237014
237034
237055
237075
237095
237115
237135
237155
237175
237195
237216
237236
237256
237276
237296
237316
237336
237356
237377
237397
237417
237437
237457
237477
237497
237518
237538
237558
237578
237598
237618
237638
237658
237679
237699
237719
237739
237759
237779
237799
237819
237840
237860
237880
237900
237920
237940
237960
237980
238001
238021
238041
238061
238081
238101
238121
238141
238162
238182
238202
238222
238242
238262
238282
238303
238323
238343
238363
238383
238403
238423
238443
238464
238484
238504
238524
238544
238564
238584
238604
238625
238645
238665
238685
238705
238725
238745
238765
238786
238806
238826
238846
238866
238886
238906
238926
238947
238967
238987
239007
239027
239047
239067
239088
239108
239128
239148
239168
239188
239208
239228
239249
239269
239289
239309
239329
239349
239369
239389
239410
239430
239450
239470
239490
239510
239530
239550
239571
239591
239611
239631
239651
239671
239691
239711
239732
239752
239772
239792
239812
239832
239852
239873
239893
239913
239933
239953
239973
239993
240022
240042
240062
240082
240102
240122
240142
240162
240182
240202
240223
240243
240263
240283
240303
240323
240343
240363
240383
240403
240424
240444
240464
240484
240504
240524
240544
240564
240584
240604
240624
240645
240665
240685
240705
240725
240745
240765
240785
240805
240825
240846
240866
240886
240906
240926
240946
240966
240986
241006
241026
241047
241067
241087
241107
241127
241147
241167
241187
241207
241227
241247
241268
241288
241308
241328
241348
241368
241388
241408
241428
241448
241469
241489
241509
241529
241549
241569
241589
241609
241629
241649
241670
241690
241710
241730
241750
241770
241790
241810
241830
241850
241870
241891
241911
241931
241951
241971
241991
242011
242031
242051
242071
242092
242112
242132
242152
242172
242192
242212
242232
242252
242272
242292
242313
242333
242353
242373
242393
242413
242433
242453
242473
242493
242514
242534
242554
242574
242594
242614
242634
242654
242674
242694
242715
242735
242755
242775
242795
242815
242835
242855
242875
242895
242915
242936
242956
242976
242996
243016
243036
243056
243076
243096
243116
243137
243157
243177
243197
243217
243237
243257
243277
243297
243317
243338
243358
243378
243398
243418
243438
243458
243478
243498
243518
243538
243559
243579
243599
243619
243639
243659
243679
243699
243719
243739
243760
243780
243800
243820
243840
243860
243880
243900
243920
243940
243961
243981
244001
244021
244041
244061
244081
244101
244121
244141
244161
244182
244202
244222
244242
244262
244282
244302
244322
244342
244362
244383
244403
244423
244443
244463
244483
244503
244523
244543
244563
244583
244604
244624
244644
244664
244684
244704
244724
244744
244764
244784
244805
244825
244845
244865
244885
244905
244925
244945
244965
244985
245022
245043
245063
245084
245104
245125
245146
245166
245187
245207
245228
245249
245269
245290
245310
245331
245351
245372
245393
245413
245434
245454
245475
245496
245516
245537
245557
245578
245598
245619
245640
245660
245681
245701
245722
245743
245763
245784
245804
245825
245845
245866
245887
245907
245928
245948
245969
245990
246010
246031
246051
246072
246092
246113
246134
246154
246175
246195
246216
246237
246257
246278
246298
246319
246339
246360
246381
246401
246422
246442
246463
246484
246504
246525
246545
246566
246586
246607
246628
246648
246669
246689
246710
246731
246751
246772
246792
246813
246833
246854
246875
246895
246916
246936
246957
246978
246998
247019
247039
247060
247080
247101
247122
247142
247163
247183
247204
247225
247245
247266
247286
247307
247327
247348
247369
247389
247410
247430
247451
247472
247492
247513
247533
247554
247574
247595
247616
247636
247657
247677
247698
247719
247739
247760
247780
247801
247821
247842
247863
247883
247904
247924
247945
247966
247986
248007
248027
248048
248069
248089
248110
248130
248151
248171
248192
248213
248233
248254
248274
248295
248316
248336
248357
248377
248398
248418
248439
248460
248480
248501
248521
248542
248563
248583
248604
248624
248645
248665
248686
248707
248727
248748
248768
248789
248810
248830
248851
248871
248892
248912
248933
248954
248974
248995
249015
249036
249057
249077
249098
249118
249139
249159
249180
249201
249221
249242
249262
249283
249304
249324
249345
249365
249386
249406
249427
249448
249468
249489
249509
249530
249551
249571
249592
249612
249633
249653
249674
249695
249715
249736
249756
249777
249798
249818
249839
249859
249880
249900
249921
249942
249962
249983
250022
250043
250064
250085
250106
250127
250148
250169
250190
250211
250232
250252
250273
250294
250315
250336
250357
250378
250399
250420
250441
250462
250483
250503
250524
250545
250566
250587
250608
250629
250650
250671
250692
250713
250734
250754
250775
250796
250817
250838
250859
250880
250901
250922
250943
250964
250984
251005
251026
251047
251068
251089
251110
251131
251152
251173
251194
251215
251235
251256
251277
251298
251319
251340
251361
251382
251403
251424
251445
251466
251486
251507
251528
251549
251570
251591
251612
251633
251654
251675
251696
251716
251737
251758
251779
251800
251821
251842
251863
251884
251905
251926
251947
251967
251988
252009
252030
252051
252072
252093
252114
252135
252156
252177
252198
252218
252239
252260
252281
252302
252323
252344
252365
252386
252407
252428
252448
252469
252490
252511
252532
252553
252574
252595
252616
252637
252658
252679
252699
252720
252741
252762
252783
252804
252825
252846
252867
252888
252909
252930
252950
252971
252992
253013
253034
253055
253076
253097
253118
253139
253160
253180
253201
253222
253243
253264
253285
253306
253327
253348
253369
253390
253411
253431
253452
253473
253494
253515
253536
253557
253578
253599
253620
253641
253662
253682
253703
253724
253745
253766
253787
253808
253829
253850
253871
253892
253912
253933
253954
253975
253996
254017
254038
254059
254080
254101
254122
254143
254163
254184
254205
254226
254247
254268
254289
254310
254331
254352
254373
254394
254414
254435
254456
254477
254498
254519
254540
254561
254582
254603
254624
254644
254665
254686
254707
254728
254749
254770
254791
254812
254833
254854
254875
254895
254916
254937
254958
254979
255000
255022
255042
255062
255083
255103
255123
255144
255164
255184
255205
255225
255245
255266
255286
255306
255327
255347
255367
255388
255408
255428
255449
255469
255489
255510
255530
255550
255570
255591
255611
255631
255652
255672
255692
255713
255733
255753
255774
255794
255814
255835
255855
255875
255896
255916
255936
255957
255977
255997
256018
256038
256058
256078
256099
256119
256139
256160
256180
256200
256221
256241
256261
256282
256302
256322
256343
256363
256383
256404
256424
256444
256465
256485
256505
256526
256546
256566
256587
256607
256627
256647
256668
256688
256708
256729
256749
256769
256790
256810
256830
256851
256871
256891
256912
256932
256952
256973
256993
257013
257034
257054
257074
257095
257115
257135
257155
257176
257196
257216
257237
257257
257277
257298
257318
257338
257359
257379
257399
257420
257440
257460
257481
257501
257521
257542
257562
257582
257603
257623
257643
257664
257684
257704
257724
257745
257765
257785
257806
257826
257846
257867
257887
257907
257928
257948
257968
257989
258009
258029
258050
258070
258090
258111
258131
258151
258172
258192
258212
258232
258253
258273
258293
258314
258334
258354
258375
258395
258415
258436
258456
258476
258497
258517
258537
258558
258578
258598
258619
258639
258659
258680
258700
258720
258741
258761
258781
258801
258822
258842
258862
258883
258903
258923
258944
258964
258984
259005
259025
259045
259066
259086
259106
259127
259147
259167
259188
259208
259228
259249
259269
259289
259309
259330
259350
259370
259391
259411
259431
259452
259472
259492
259513
259533
259553
259574
259594
259614
259635
259655
259675
259696
259716
259736
259757
259777
259797
259818
259838
259858
259878
259899
259919
259939
259960
259980
260000
260029
260056
260083
260110
260137
260164
260191
260219
260246
260273
260300
260327
260354
260381
260409
260436
260463
260490
260517
260544
260571
260599
260626
260653
260680
260707
260734
260761
260789
260816
260843
260870
260897
260924
260951
260979
261006
261033
261060
261087
261114
261141
261168
261196
261223
261250
261277
261304
261331
261358
261386
261413
261440
261467
261494
261521
261548
261576
261603
261630
261657
261684
261711
261738
261766
261793
261820
261847
261874
261901
261928
261956
261983
262010
262037
262064
262091
262118
262146
262173
262200
262227
262254
262281
262308
262335
262363
262390
262417
262444
262471
262498
262525
262553
262580
262607
262634
262661
262688
262715
262743
262770
262797
262824
262851
262878
262905
262933
262960
262987
263014
263041
263068
263095
263123
263150
263177
263204
263231
263258
263285
263313
263340
263367
263394
263421
263448
263475
263502
263530
263557
263584
263611
263638
263665
263692
263720
263747
263774
263801
263828
263855
263882
263910
263937
263964
263991
264018
264045
264072
264100
264127
264154
264181
264208
264235
264262
264290
264317
264344
264371
264398
264425
264452
264480
264507
264534
264561
264588
264615
264642
264669
264697
264724
264751
264778
264805
264832
264859
264887
264914
264941
264968
264995
265022
265043
265063
265084
265104
265125
265145
265166
265186
265207
265227
265248
265269
265289
265310
265330
265351
265371
265392
265412
265433
265453
265474
265495
265515
265536
265556
265577
265597
265618
265638
265659
265679
265700
265720
265741
265762
265782
265803
265823
265844
265864
265885
265905
265926
265946
265967
265988
266008
266029
266049
266070
266090
266111
266131
266152
266172
266193
266214
266234
266255
266275
266296
266316
266337
266357
266378
266398
266419
266439
266460
266481
266501
266522
266542
266563
266583
266604
266624
266645
266665
266686
266707
266727
266748
266768
266789
266809
266830
266850
266871
266891
266912
266933
266953
266974
266994
267015
267035
267056
267076
267097
267117
267138
267158
267179
267200
267220
267241
267261
267282
267302
267323
267343
267364
267384
267405
267426
267446
267467
267487
267508
267528
267549
267569
267590
267610
267631
267652
267672
267693
267713
267734
267754
267775
267795
267816
267836
267857
267877
267898
267919
267939
267960
267980
268001
268021
268042
268062
268083
268103
268124
268145
268165
268186
268206
268227
268247
268268
268288
268309
268329
268350
268370
268391
268412
268432
268453
268473
268494
268514
268535
268555
268576
268596
268617
268638
268658
268679
268699
268720
268740
268761
268781
268802
268822
268843
268864
268884
268905
268925
268946
268966
268987
269007
269028
269048
269069
269089
269110
269131
269151
269172
269192
269213
269233
269254
269274
269295
269315
269336
269357
269377
269398
269418
269439
269459
269480
269500
269521
269541
269562
269583
269603
269624
269644
269665
269685
269706
269726
269747
269767
269788
269808
269829
269850
269870
269891
269911
269932
269952
269973
269993
270022
270043
270064
270084
270105
270126
270147
270167
270188
270209
270229
270250
270271
270292
270312
270333
270354
270374
270395
270416
270437
270457
270478
270499
270520
270540
270561
270582
270602
270623
270644
270665
270685
270706
270727
270747
270768
270789
270810
270830
270851
270872
270893
270913
270934
270955
270975
270996
271017
271038
271058
271079
271100
271120
271141
271162
271183
271203
271224
271245
271266
271286
271307
271328
271348
271369
271390
271411
271431
271452
271473
271493
271514
271535
271556
271576
271597
271618
271639
271659
271680
271701
271721
271742
271763
271784
271804
271825
271846
271866
271887
271908
271929
271949
271970
271991
272012
272032
272053
272074
272094
272115
272136
272157
272177
272198
272219
272239
272260
272281
272302
272322
272343
272364
272385
272405
272426
272447
272467
272488
272509
272530
272550
272571
272592
272612
272633
272654
272675
272695
272716
272737
272758
272778
272799
272820
272840
272861
272882
272903
272923
272944
272965
272985
273006
273027
273048
273068
273089
273110
273131
273151
273172
273193
273213
273234
273255
273276
273296
273317
273338
273358
273379
273400
273421
273441
273462
273483
273504
273524
273545
273566
273586
273607
273628
273649
273669
273690
273711
273731
273752
273773
273794
273814
273835
273856
273877
273897
273918
273939
273959
273980
274001
274022
274042
274063
274084
274104
274125
274146
274167
274187
274208
274229
274250
274270
274291
274312
274332
274353
274374
274395
274415
274436
274457
274477
274498
274519
274540
274560
274581
274602
274623
274643
274664
274685
274705
274726
274747
274768
274788
274809
274830
274850
274871
274892
274913
274933
274954
274975
274996
275022
275042
275062
275083
275103
275123
275143
275164
275184
275204
275224
275245
275265
275285
275306
275326
275346
275366
275387
275407
275427
275447
275468
275488
275508
275529
275549
275569
275589
275610
275630
275650
275670
275691
275711
275731
275752
275772
275792
275812
275833
275853
275873
275893
275914
275934
275954
275975
275995
276015
276035
276056
276076
276096
276116
276137
276157
276177
276198
276218
276238
276258
276279
276299
276319
276339
276360
276380
276400
276421
276441
276461
276481
276502
276522
276542
276562
276583
276603
276623
276644
276664
276684
276704
276725
276745
276765
276785
276806
276826
276846
276866
276887
276907
276927
276948
276968
276988
277008
277029
277049
277069
277089
277110
277130
277150
277171
277191
277211
277231
277252
277272
277292
277312
277333
277353
277373
277394
277414
277434
277454
277475
277495
277515
277535
277556
277576
277596
277617
277637
277657
277677
277698
277718
277738
277758
277779
277799
277819
277840
277860
277880
277900
277921
277941
277961
277981
278002
278022
278042
278063
278083
278103
278123
278144
278164
278184
278204
278225
278245
278265
278286
278306
278326
278346
278367
278387
278407
278427
278448
278468
278488
278508
278529
278549
278569
278590
278610
278630
278650
278671
278691
278711
278731
278752
278772
278792
278813
278833
278853
278873
278894
278914
278934
278954
278975
278995
279015
279036
279056
279076
279096
279117
279137
279157
279177
279198
279218
279238
279259
279279
279299
279319
279340
279360
279380
279400
279421
279441
279461
279482
279502
279522
279542
279563
279583
279603
279623
279644
279664
279684
279705
279725
279745
279765
279786
279806
279826
279846
279867
279887
279907
279928
279948
279968
279988
280029
280056
280083
280111
280138
280165
280193
280220
280247
280275
280302
280329
280357
280384
280411
280438
280466
280493
280520
280548
280575
280602
280630
280657
280684
280712
280739
280766
280793
280821
280848
280875
280903
280930
280957
280985
281012
281039
281067
281094
281121
281149
281176
281203
281230
281258
281285
281312
281340
281367
281394
281422
281449
281476
281504
281531
281558
281585
281613
281640
281667
281695
281722
281749
281777
281804
281831
281859
281886
281913
281941
281968
281995
282022
282050
282077
282104
282132
282159
282186
282214
282241
282268
282296
282323
282350
282377
282405
282432
282459
282487
282514
282541
282569
282596
282623
282651
282678
282705
282732
282760
282787
282814
282842
282869
282896
282924
282951
282978
283006
283033
283060
283088
283115
283142
283169
283197
283224
283251
283279
283306
283333
283361
283388
283415
283443
283470
283497
283524
283552
283579
283606
283634
283661
283688
283716
283743
283770
283798
283825
283852
283880
283907
283934
283961
283989
284016
284043
284071
284098
284125
284153
284180
284207
284235
284262
284289
284316
284344
284371
284398
284426
284453
284480
284508
284535
284562
284590
284617
284644
284672
284699
284726
284753
284781
284808
284835
284863
284890
284917
284945
284972
284999
285022
285043
285063
285084
285104
285125
285145
285166
285187
285207
285228
285248
285269
285289
285310
285331
285351
285372
285392
285413
285433
285454
285475
285495
285516
285536
285557
285577
285598
285619
285639
285660
285680
285701
285721
285742
285763
285783
285804
285824
285845
285865
285886
285907
285927
285948
285968
285989
286009
286030
286051
286071
286092
286112
286133
286153
286174
286195
286215
286236
286256
286277
286297
286318
286339
286359
286380
286400
286421
286441
286462
286482
286503
286524
286544
286565
286585
286606
286626
286647
286668
286688
286709
286729
286750
286770
286791
286812
286832
286853
286873
286894
286914
286935
286956
286976
286997
287017
287038
287058
287079
287100
287120
287141
287161
287182
287202
287223
287244
287264
287285
287305
287326
287346
287367
287388
287408
287429
287449
287470
287490
287511
287532
287552
287573
287593
287614
287634
287655
287676
287696
287717
287737
287758
287778
287799
287820
287840
287861
287881
287902
287922
287943
287963
287984
288005
288025
288046
288066
288087
288107
288128
288149
288169
288190
288210
288231
288251
288272
288293
288313
288334
288354
288375
288395
288416
288437
288457
288478
288498
288519
288539
288560
288581
288601
288622
288642
288663
288683
288704
288725
288745
288766
288786
288807
288827
288848
288869
288889
288910
288930
288951
288971
288992
289013
289033
289054
289074
289095
289115
289136
289157
289177
289198
289218
289239
289259
289280
289301
289321
289342
289362
289383
289403
289424
289444
289465
289486
289506
289527
289547
289568
289588
289609
289630
289650
289671
289691
289712
289732
289753
289774
289794
289815
289835
289856
289876
289897
289918
289938
289959
289979
290000
290022
290043
290064
290085
290106
290127
290147
290168
290189
290210
290231
290252
290273
290293
290314
290335
290356
290377
290398
290418
290439
290460
290481
290502
290523
290544
290564
290585
290606
290627
290648
290669
290689
290710
290731
290752
290773
290794
290815
290835
290856
290877
290898
290919
290940
290960
290981
291002
291023
291044
291065
291086
291106
291127
291148
291169
291190
291211
291231
291252
291273
291294
291315
291336
291357
291377
291398
291419
291440
291461
291482
291502
291523
291544
291565
291586
291607
291628
291648
291669
291690
291711
291732
291753
291773
291794
291815
291836
291857
291878
291899
291919
291940
291961
291982
292003
292024
292044
292065
292086
292107
292128
292149
292170
292190
292211
292232
292253
292274
292295
292315
292336
292357
292378
292399
292420
292441
292461
292482
292503
292524
292545
292566
292586
292607
292628
292649
292670
292691
292712
292732
292753
292774
292795
292816
292837
292857
292878
292899
292920
292941
292962
292983
293003
293024
293045
293066
293087
293108
293128
293149
293170
293191
293212
293233
293254
293274
293295
293316
293337
293358
293379
293399
293420
293441
293462
293483
293504
293525
293545
293566
293587
293608
293629
293650
293670
293691
293712
293733
293754
293775
293796
293816
293837
293858
293879
293900
293921
293941
293962
293983
294004
294025
294046
294067
294087
294108
294129
294150
294171
294192
294212
294233
294254
294275
294296
294317
294338
294358
294379
294400
294421
294442
294463
294483
294504
294525
294546
294567
294588
294609
294629
294650
294671
294692
294713
294734
294754
294775
294796
294817
294838
294859
294880
294900
294921
294942
294963
294984
295022
295043
295064
295085
295106
295127
295148
295169
295189
295210
295231
295252
295273
295294
295315
295336
295356
295377
295398
295419
295440
295461
295482
295503
295524
295544
295565
295586
295607
295628
295649
295670
295691
295711
295732
295753
295774
295795
295816
295837
295858
295879
295899
295920
295941
295962
295983
296004
296025
296046
296066
296087
296108
296129
296150
296171
296192
296213
296234
296254
296275
296296
296317
296338
296359
296380
296401
296421
296442
296463
296484
296505
296526
296547
296568
296589
296609
296630
296651
296672
296693
296714
296735
296756
296776
296797
296818
296839
296860
296881
296902
296923
296944
296964
296985
297006
297027
297048
297069
297090
297111
297131
297152
297173
297194
297215
297236
297257
297278
297299
297319
297340
297361
297382
297403
297424
297445
297466
297486
297507
297528
297549
297570
297591
297612
297633
297654
297674
297695
297716
297737
297758
297779
297800
297821
297841
297862
297883
297904
297925
297946
297967
297988
298008
298029
298050
298071
298092
298113
298134
298155
298176
298196
298217
298238
298259
298280
298301
298322
298343
298363
298384
298405
298426
298447
298468
298489
298510
298531
298551
298572
298593
298614
298635
298656
298677
298698
298718
298739
298760
298781
298802
298823
298844
298865
298886
298906
298927
298948
298969
298990
299011
299032
299053
299073
299094
299115
299136
299157
299178
299199
299220
299241
299261
299282
299303
299324
299345
299366
299387
299408
299428
299449
299470
299491
299512
299533
299554
299575
299596
299616
299637
299658
299679
299700
299721
299742
299763
299783
299804
299825
299846
299867
299888
299909
299930
299951
299971
299992
300022
300042
300063
300083
300103
300124
300144
300164
300185
300205
300225
300246
300266
300286
300307
300327
300348
300368
300388
300409
300429
300449
300470
300490
300510
300531
300551
300571
300592
300612
300633
300653
300673
300694
300714
300734
300755
300775
300795
300816
300836
300856
300877
300897
300917
300938
300958
300979
300999
301019
301040
301060
301080
301101
301121
301141
301162
301182
301202
301223
301243
301264
301284
301304
301325
301345
301365
301386
301406
301426
301447
301467
301487
301508
301528
301548
301569
301589
301610
301630
301650
301671
301691
301711
301732
301752
301772
301793
301813
301833
301854
301874
301895
301915
301935
301956
301976
301996
302017
302037
302057
302078
302098
302118
302139
302159
302179
302200
302220
302241
302261
302281
302302
302322
302342
302363
302383
302403
302424
302444
302464
302485
302505
302526
302546
302566
302587
302607
302627
302648
302668
302688
302709
302729
302749
302770
302790
302810
302831
302851
302872
302892
302912
302933
302953
302973
302994
303014
303034
303055
303075
303095
303116
303136
303157
303177
303197
303218
303238
303258
303279
303299
303319
303340
303360
303380
303401
303421
303441
303462
303482
303503
303523
303543
303564
303584
303604
303625
303645
303665
303686
303706
303726
303747
303767
303788
303808
303828
303849
303869
303889
303910
303930
303950
303971
303991
304011
304032
304052
304072
304093
304113
304134
304154
304174
304195
304215
304235
304256
304276
304296
304317
304337
304357
304378
304398
304419
304439
304459
304480
304500
304520
304541
304561
304581
304602
304622
304642
304663
304683
304703
304724
304744
304765
304785
304805
304826
304846
304866
304887
304907
304927
304948
304968
304988
305023
305044
305065
305087
305108
305129
305151
305172
305193
305215
305236
305257
305278
305300
305321
305342
305364
305385
305406
305428
305449
305470
305491
305513
305534
305555
305577
305598
305619
305641
305662
305683
305704
305726
305747
305768
305790
305811
305832
305854
305875
305896
305917
305939
305960
305981
306003
306024
306045
306067
306088
306109
306131
306152
306173
306194
306216
306237
306258
306280
306301
306322
306344
306365
306386
306407
306429
306450
306471
306493
306514
306535
306557
306578
306599
306620
306642
306663
306684
306706
306727
306748
306770
306791
306812
306833
306855
306876
306897
306919
306940
306961
306983
307004
307025
307046
307068
307089
307110
307132
307153
307174
307196
307217
307238
307260
307281
307302
307323
307345
307366
307387
307409
307430
307451
307473
307494
307515
307536
307558
307579
307600
307622
307643
307664
307686
307707
307728
307749
307771
307792
307813
307835
307856
307877
307899
307920
307941
307962
307984
308005
308026
308048
308069
308090
308112
308133
308154
308175
308197
308218
308239
308261
308282
308303
308325
308346
308367
308389
308410
308431
308452
308474
308495
308516
308538
308559
308580
308602
308623
308644
308665
308687
308708
308729
308751
308772
308793
308815
308836
308857
308878
308900
308921
308942
308964
308985
309006
309028
309049
309070
309091
309113
309134
309155
309177
309198
309219
309241
309262
309283
309304
309326
309347
309368
309390
309411
309432
309454
309475
309496
309518
309539
309560
309581
309603
309624
309645
309667
309688
309709
309731
309752
309773
309794
309816
309837
309858
309880
309901
309922
309944
309965
309986
310022
310042
310062
310083
310103
310123
310144
310164
310184
310204
310225
310245
310265
310286
310306
310326
310347
310367
310387
310407
310428
310448
310468
310489
310509
310529
310550
310570
310590
310610
310631
310651
310671
310692
310712
310732
310753
310773
310793
310813
310834
310854
310874
310895
310915
310935
310956
310976
310996
311016
311037
311057
311077
311098
311118
311138
311159
311179
311199
311219
311240
311260
311280
311301
311321
311341
311362
311382
311402
311422
311443
311463
311483
311504
311524
311544
311565
311585
311605
311625
311646
311666
311686
311707
311727
311747
311767
311788
311808
311828
311849
311869
311889
311910
311930
311950
311970
311991
312011
312031
312052
312072
312092
312113
312133
312153
312173
312194
312214
312234
312255
312275
312295
312316
312336
312356
312376
312397
312417
312437
312458
312478
312498
312519
312539
312559
312579
312600
312620
312640
312661
312681
312701
312722
312742
312762
312782
312803
312823
312843
312864
312884
312904
312925
312945
312965
312985
313006
313026
313046
313067
313087
313107
313128
313148
313168
313188
313209
313229
313249
313270
313290
313310
313330
313351
313371
313391
313412
313432
313452
313473
313493
313513
313533
313554
313574
313594
313615
313635
313655
313676
313696
313716
313736
313757
313777
313797
313818
313838
313858
313879
313899
313919
313939
313960
313980
314000
314021
314041
314061
314082
314102
314122
314142
314163
314183
314203
314224
314244
314264
314285
314305
314325
314345
314366
314386
314406
314427
314447
314467
314488
314508
314528
314548
314569
314589
314609
314630
314650
314670
314691
314711
314731
314751
314772
314792
314812
314833
314853
314873
314893
314914
314934
314954
314975
314995
315022
315043
315063
315084
315104
315125
315146
315166
315187
315207
315228
315249
315269
315290
315310
315331
315352
315372
315393
315413
315434
315455
315475
315496
315516
315537
315558
315578
315599
315619
315640
315660
315681
315702
315722
315743
315763
315784
315805
315825
315846
315866
315887
315908
315928
315949
315969
315990
316011
316031
316052
316072
316093
316114
316134
316155
316175
316196
316217
316237
316258
316278
316299
316319
316340
316361
316381
316402
316422
316443
316464
316484
316505
316525
316546
316567
316587
316608
316628
316649
316670
316690
316711
316731
316752
316773
316793
316814
316834
316855
316876
316896
316917
316937
316958
316978
316999
317020
317040
317061
317081
317102
317123
317143
317164
317184
317205
317226
317246
317267
317287
317308
317329
317349
317370
317390
317411
317432
317452
317473
317493
317514
317534
317555
317576
317596
317617
317637
317658
317679
317699
317720
317740
317761
317782
317802
317823
317843
317864
317885
317905
317926
317946
317967
317988
318008
318029
318049
318070
318091
318111
318132
318152
318173
318193
318214
318235
318255
318276
318296
318317
318338
318358
318379
318399
318420
318441
318461
318482
318502
318523
318544
318564
318585
318605
318626
318647
318667
318688
318708
318729
318750
318770
318791
318811
318832
318852
318873
318894
318914
318935
318955
318976
318997
319017
319038
319058
319079
319100
319120
319141
319161
319182
319203
319223
319244
319264
319285
319306
319326
319347
319367
319388
319408
319429
319450
319470
319491
319511
319532
319553
319573
319594
319614
319635
319656
319676
319697
319717
319738
319759
319779
319800
319820
319841
319862
319882
319903
319923
319944
319965
319985
