0
29
57
84
112
140
167
195
223
250
278
306
333
361
389
416
444
472
499
527
555
582
610
638
665
693
721
748
776
804
831
859
887
914
942
970
997
1025
1053
1080
1108
1136
1163
1191
1219
1246
1274
1302
1329
1357
1385
1412
1440
1468
1495
1523
1551
1578
1606
1634
1661
1689
1717
1744
1772
1800
1827
1855
1883
1910
1938
1966
1993
2021
2049
2076
2104
2132
2159
2187
2215
2242
2270
2298
2325
2353
2381
2408
2436
2464
2491
2519
2547
2574
2602
2630
2657
2685
2713
2740
2768
2796
2823
2851
2879
2906
2934
2962
2989
3017
3045
3072
3100
3128
3155
3183
3211
3238
3266
3294
3321
3349
3377
3404
3432
3460
3487
3515
3543
3570
3598
3626
3653
3681
3709
3736
3764
3792
3819
3847
3875
3902
3930
3958
3985
4013
4041
4068
4096
4124
4151
4179
4207
4234
4262
4290
4317
4345
4373
4400
4428
4456
4483
4511
4539
4566
4594
4622
4649
4677
4705
4732
4760
4788
4815
4843
4871
4898
4926
4954
4981
5027
5052
5078
5103
5128
5154
5179
5205
5230
5255
5281
5306
5331
5357
5382
5408
5433
5458
5484
5509
5535
5560
5585
5611
5636
5661
5687
5712
5738
5763
5788
5814
5839
5865
5890
5915
5941
5966
5991
6017
6042
6068
6093
6118
6144
6169
6195
6220
6245
6271
6296
6321
6347
6372
6398
6423
6448
6474
6499
6525
6550
6575
6601
6626
6651
6677
6702
6728
6753
6778
6804
6829
6855
6880
6905
6931
6956
6981
7007
7032
7058
7083
7108
7134
7159
7185
7210
7235
7261
7286
7311
7337
7362
7388
7413
7438
7464
7489
7515
7540
7565
7591
7616
7641
7667
7692
7718
7743
7768
7794
7819
7845
7870
7895
7921
7946
7971
7997
8022
8048
8073
8098
8124
8149
8175
8200
8225
8251
8276
8301
8327
8352
8378
8403
8428
8454
8479
8505
8530
8555
8581
8606
8631
8657
8682
8708
8733
8758
8784
8809
8835
8860
8885
8911
8936
8961
8987
9012
9038
9063
9088
9114
9139
9165
9190
9215
9241
9266
9291
9317
9342
9368
9393
9418
9444
9469
9495
9520
9545
9571
9596
9621
9647
9672
9698
9723
9748
9774
9799
9825
9850
9875
9901
9926
9951
9977
10026
10051
10076
10101
10126
10151
10176
10201
10226
10251
10276
10301
10326
10351
10376
10401
10426
10451
10476
10501
10526
10551
10576
10601
10626
10651
10676
10701
10726
10751
10776
10801
10826
10851
10876
10901
10926
10951
10976
11001
11026
11051
11076
11101
11126
11151
11176
11201
11226
11251
11276
11301
11326
11351
11376
11401
11426
11451
11476
11501
11526
11551
11576
11601
11626
11651
11676
11701
11726
11751
11776
11801
11826
11851
11876
11901
11926
11951
11976
12001
12026
12051
12076
12101
12126
12151
12176
12201
12226
12251
12276
12301
12326
12351
12376
12401
12426
12451
12476
12501
12526
12551
12576
12601
12626
12651
12676
12701
12726
12751
12776
12801
12826
12851
12876
12901
12926
12951
12976
13001
13026
13051
13076
13101
13126
13151
13176
13201
13226
13251
13276
13301
13326
13351
13376
13401
13426
13451
13476
13501
13526
13551
13576
13601
13626
13651
13676
13701
13726
13751
13776
13801
13826
13851
13876
13901
13926
13951
13976
14001
14026
14051
14076
14101
14126
14151
14176
14201
14226
14251
14276
14301
14326
14351
14376
14401
14426
14451
14476
14501
14526
14551
14576
14601
14626
14651
14676
14701
14726
14751
14776
14801
14826
14851
14876
14901
14926
14951
14976
15001
15026
15050
15074
15099
15123
15147
15172
15196
15220
15245
15269
15293
15318
15342
15366
15390
15415
15439
15463
15488
15512
15536
15561
15585
15609
15634
15658
15682
15706
15731
15755
15779
15804
15828
15852
15877
15901
15925
15950
15974
15998
16022
16047
16071
16095
16120
16144
16168
16193
16217
16241
16266
16290
16314
16338
16363
16387
16411
16436
16460
16484
16509
16533
16557
16582
16606
16630
16654
16679
16703
16727
16752
16776
16800
16825
16849
16873
16898
16922
16946
16971
16995
17019
17043
17068
17092
17116
17141
17165
17189
17214
17238
17262
17287
17311
17335
17359
17384
17408
17432
17457
17481
17505
17530
17554
17578
17603
17627
17651
17675
17700
17724
17748
17773
17797
17821
17846
17870
17894
17919
17943
17967
17991
18016
18040
18064
18089
18113
18137
18162
18186
18210
18235
18259
18283
18307
18332
18356
18380
18405
18429
18453
18478
18502
18526
18551
18575
18599
18623
18648
18672
18696
18721
18745
18769
18794
18818
18842
18867
18891
18915
18940
18964
18988
19012
19037
19061
19085
19110
19134
19158
19183
19207
19231
19256
19280
19304
19328
19353
19377
19401
19426
19450
19474
19499
19523
19547
19572
19596
19620
19644
19669
19693
19717
19742
19766
19790
19815
19839
19863
19888
19912
19936
19960
19985
20025
20049
20072
20096
20119
20143
20166
20190
20213
20237
20261
20284
20308
20331
20355
20378
20402
20425
20449
20473
20496
20520
20543
20567
20590
20614
20637
20661
20685
20708
20732
20755
20779
20802
20826
20849
20873
20897
20920
20944
20967
20991
21014
21038
21061
21085
21109
21132
21156
21179
21203
21226
21250
21273
21297
21321
21344
21368
21391
21415
21438
21462
21485
21509
21533
21556
21580
21603
21627
21650
21674
21697
21721
21745
21768
21792
21815
21839
21862
21886
21909
21933
21957
21980
22004
22027
22051
22074
22098
22121
22145
22169
22192
22216
22239
22263
22286
22310
22333
22357
22380
22404
22428
22451
22475
22498
22522
22545
22569
22592
22616
22640
22663
22687
22710
22734
22757
22781
22804
22828
22852
22875
22899
22922
22946
22969
22993
23016
23040
23064
23087
23111
23134
23158
23181
23205
23228
23252
23276
23299
23323
23346
23370
23393
23417
23440
23464
23488
23511
23535
23558
23582
23605
23629
23652
23676
23700
23723
23747
23770
23794
23817
23841
23864
23888
23912
23935
23959
23982
24006
24029
24053
24076
24100
24124
24147
24171
24194
24218
24241
24265
24288
24312
24336
24359
24383
24406
24430
24453
24477
24500
24524
24547
24571
24595
24618
24642
24665
24689
24712
24736
24759
24783
24807
24830
24854
24877
24901
24924
24948
24971
24995
25027
25052
25077
25103
25128
25153
25179
25204
25229
25254
25280
25305
25330
25356
25381
25406
25431
25457
25482
25507
25533
25558
25583
25609
25634
25659
25684
25710
25735
25760
25786
25811
25836
25861
25887
25912
25937
25963
25988
26013
26038
26064
26089
26114
26140
26165
26190
26216
26241
26266
26291
26317
26342
26367
26393
26418
26443
26468
26494
26519
26544
26570
26595
26620
26645
26671
26696
26721
26747
26772
26797
26823
26848
26873
26898
26924
26949
26974
27000
27025
27050
27075
27101
27126
27151
27177
27202
27227
27252
27278
27303
27328
27354
27379
27404
27430
27455
27480
27505
27531
27556
27581
27607
27632
27657
27682
27708
27733
27758
27784
27809
27834
27859
27885
27910
27935
27961
27986
28011
28037
28062
28087
28112
28138
28163
28188
28214
28239
28264
28289
28315
28340
28365
28391
28416
28441
28466
28492
28517
28542
28568
28593
28618
28644
28669
28694
28719
28745
28770
28795
28821
28846
28871
28896
28922
28947
28972
28998
29023
29048
29073
29099
29124
29149
29175
29200
29225
29251
29276
29301
29326
29352
29377
29402
29428
29453
29478
29503
29529
29554
29579
29605
29630
29655
29681
29706
29731
29756
29782
29807
29832
29858
29883
29908
29933
29959
29984
30026
30050
30074
30098
30122
30146
30170
30194
30218
30242
30266
30290
30315
30339
30363
30387
30411
30435
30459
30483
30507
30531
30555
30579
30604
30628
30652
30676
30700
30724
30748
30772
30796
30820
30844
30868
30893
30917
30941
30965
30989
31013
31037
31061
31085
31109
31133
31157
31182
31206
31230
31254
31278
31302
31326
31350
31374
31398
31422
31446
31470
31495
31519
31543
31567
31591
31615
31639
31663
31687
31711
31735
31759
31784
31808
31832
31856
31880
31904
31928
31952
31976
32000
32024
32048
32073
32097
32121
32145
32169
32193
32217
32241
32265
32289
32313
32337
32362
32386
32410
32434
32458
32482
32506
32530
32554
32578
32602
32626
32651
32675
32699
32723
32747
32771
32795
32819
32843
32867
32891
32915
32939
32964
32988
33012
33036
33060
33084
33108
33132
33156
33180
33204
33228
33253
33277
33301
33325
33349
33373
33397
33421
33445
33469
33493
33517
33542
33566
33590
33614
33638
33662
33686
33710
33734
33758
33782
33806
33831
33855
33879
33903
33927
33951
33975
33999
34023
34047
34071
34095
34120
34144
34168
34192
34216
34240
34264
34288
34312
34336
34360
34384
34408
34433
34457
34481
34505
34529
34553
34577
34601
34625
34649
34673
34697
34722
34746
34770
34794
34818
34842
34866
34890
34914
34938
34962
34986
35027
35052
35077
35102
35127
35152
35178
35203
35228
35253
35278
35303
35329
35354
35379
35404
35429
35454
35480
35505
35530
35555
35580
35605
35631
35656
35681
35706
35731
35756
35781
35807
35832
35857
35882
35907
35932
35958
35983
36008
36033
36058
36083
36109
36134
36159
36184
36209
36234
36260
36285
36310
36335
36360
36385
36411
36436
36461
36486
36511
36536
36561
36587
36612
36637
36662
36687
36712
36738
36763
36788
36813
36838
36863
36889
36914
36939
36964
36989
37014
37040
37065
37090
37115
37140
37165
37191
37216
37241
37266
37291
37316
37341
37367
37392
37417
37442
37467
37492
37518
37543
37568
37593
37618
37643
37669
37694
37719
37744
37769
37794
37820
37845
37870
37895
37920
37945
37970
37996
38021
38046
38071
38096
38121
38147
38172
38197
38222
38247
38272
38298
38323
38348
38373
38398
38423
38449
38474
38499
38524
38549
38574
38600
38625
38650
38675
38700
38725
38750
38776
38801
38826
38851
38876
38901
38927
38952
38977
39002
39027
39052
39078
39103
39128
39153
39178
39203
39229
39254
39279
39304
39329
39354
39380
39405
39430
39455
39480
39505
39530
39556
39581
39606
39631
39656
39681
39707
39732
39757
39782
39807
39832
39858
39883
39908
39933
39958
39983
40031
40060
40090
40119
40149
40178
40208
40237
40266
40296
40325
40355
40384
40414
40443
40472
40502
40531
40561
40590
40620
40649
40678
40708
40737
40767
40796
40826
40855
40884
40914
40943
40973
41002
41032
41061
41090
41120
41149
41179
41208
41238
41267
41296
41326
41355
41385
41414
41444
41473
41502
41532
41561
41591
41620
41650
41679
41708
41738
41767
41797
41826
41856
41885
41914
41944
41973
42003
42032
42062
42091
42120
42150
42179
42209
42238
42268
42297
42327
42356
42385
42415
42444
42474
42503
42533
42562
42591
42621
42650
42680
42709
42739
42768
42797
42827
42856
42886
42915
42945
42974
43003
43033
43062
43092
43121
43151
43180
43209
43239
43268
43298
43327
43357
43386
43415
43445
43474
43504
43533
43563
43592
43621
43651
43680
43710
43739
43769
43798
43827
43857
43886
43916
43945
43975
44004
44033
44063
44092
44122
44151
44181
44210
44239
44269
44298
44328
44357
44387
44416
44446
44475
44504
44534
44563
44593
44622
44652
44681
44710
44740
44769
44799
44828
44858
44887
44916
44946
44975
45027
45052
45077
45102
45127
45152
45177
45202
45227
45252
45277
45302
45327
45353
45378
45403
45428
45453
45478
45503
45528
45553
45578
45603
45628
45653
45679
45704
45729
45754
45779
45804
45829
45854
45879
45904
45929
45954
45979
46005
46030
46055
46080
46105
46130
46155
46180
46205
46230
46255
46280
46305
46331
46356
46381
46406
46431
46456
46481
46506
46531
46556
46581
46606
46631
46657
46682
46707
46732
46757
46782
46807
46832
46857
46882
46907
46932
46957
46983
47008
47033
47058
47083
47108
47133
47158
47183
47208
47233
47258
47283
47309
47334
47359
47384
47409
47434
47459
47484
47509
47534
47559
47584
47609
47635
47660
47685
47710
47735
47760
47785
47810
47835
47860
47885
47910
47935
47961
47986
48011
48036
48061
48086
48111
48136
48161
48186
48211
48236
48261
48286
48312
48337
48362
48387
48412
48437
48462
48487
48512
48537
48562
48587
48612
48638
48663
48688
48713
48738
48763
48788
48813
48838
48863
48888
48913
48938
48964
48989
49014
49039
49064
49089
49114
49139
49164
49189
49214
49239
49264
49290
49315
49340
49365
49390
49415
49440
49465
49490
49515
49540
49565
49590
49616
49641
49666
49691
49716
49741
49766
49791
49816
49841
49866
49891
49916
49942
49967
49992
50028
50055
50081
50108
50134
50161
50188
50214
50241
50267
50294
50321
50347
50374
50400
50427
50454
50480
50507
50533
50560
50587
50613
50640
50666
50693
50720
50746
50773
50799
50826
50853
50879
50906
50932
50959
50985
51012
51039
51065
51092
51118
51145
51172
51198
51225
51251
51278
51305
51331
51358
51384
51411
51438
51464
51491
51517
51544
51571
51597
51624
51650
51677
51704
51730
51757
51783
51810
51836
51863
51890
51916
51943
51969
51996
52023
52049
52076
52102
52129
52156
52182
52209
52235
52262
52289
52315
52342
52368
52395
52422
52448
52475
52501
52528
52555
52581
52608
52634
52661
52687
52714
52741
52767
52794
52820
52847
52874
52900
52927
52953
52980
53007
53033
53060
53086
53113
53140
53166
53193
53219
53246
53273
53299
53326
53352
53379
53406
53432
53459
53485
53512
53538
53565
53592
53618
53645
53671
53698
53725
53751
53778
53804
53831
53858
53884
53911
53937
53964
53991
54017
54044
54070
54097
54124
54150
54177
54203
54230
54257
54283
54310
54336
54363
54390
54416
54443
54469
54496
54522
54549
54576
54602
54629
54655
54682
54709
54735
54762
54788
54815
54842
54868
54895
54921
54948
54975
55001
55028
55055
55082
55109
55135
55162
55189
55216
55242
55269
55296
55323
55349
55376
55403
55430
55456
55483
55510
55537
55563
55590
55617
55644
55671
55697
55724
55751
55778
55804
55831
55858
55885
55911
55938
55965
55992
56018
56045
56072
56099
56125
56152
56179
56206
56233
56259
56286
56313
56340
56366
56393
56420
56447
56473
56500
56527
56554
56580
56607
56634
56661
56687
56714
56741
56768
56795
56821
56848
56875
56902
56928
56955
56982
57009
57035
57062
57089
57116
57142
57169
57196
57223
57249
57276
57303
57330
57357
57383
57410
57437
57464
57490
57517
57544
57571
57597
57624
57651
57678
57704
57731
57758
57785
57811
57838
57865
57892
57919
57945
57972
57999
58026
58052
58079
58106
58133
58159
58186
58213
58240
58266
58293
58320
58347
58373
58400
58427
58454
58481
58507
58534
58561
58588
58614
58641
58668
58695
58721
58748
58775
58802
58828
58855
58882
58909
58935
58962
58989
59016
59043
59069
59096
59123
59150
59176
59203
59230
59257
59283
59310
59337
59364
59390
59417
59444
59471
59497
59524
59551
59578
59605
59631
59658
59685
59712
59738
59765
59792
59819
59845
59872
59899
59926
59952
59979
60025
60049
60073
60097
60121
60145
60169
60193
60217
60240
60264
60288
60312
60336
60360
60384
60408
60432
60455
60479
60503
60527
60551
60575
60599
60623
60647
60670
60694
60718
60742
60766
60790
60814
60838
60862
60885
60909
60933
60957
60981
61005
61029
61053
61077
61101
61124
61148
61172
61196
61220
61244
61268
61292
61316
61339
61363
61387
61411
61435
61459
61483
61507
61531
61554
61578
61602
61626
61650
61674
61698
61722
61746
61769
61793
61817
61841
61865
61889
61913
61937
61961
61984
62008
62032
62056
62080
62104
62128
62152
62176
62200
62223
62247
62271
62295
62319
62343
62367
62391
62415
62438
62462
62486
62510
62534
62558
62582
62606
62630
62653
62677
62701
62725
62749
62773
62797
62821
62845
62868
62892
62916
62940
62964
62988
63012
63036
63060
63084
63107
63131
63155
63179
63203
63227
63251
63275
63299
63322
63346
63370
63394
63418
63442
63466
63490
63514
63537
63561
63585
63609
63633
63657
63681
63705
63729
63752
63776
63800
63824
63848
63872
63896
63920
63944
63967
63991
64015
64039
64063
64087
64111
64135
64159
64183
64206
64230
64254
64278
64302
64326
64350
64374
64398
64421
64445
64469
64493
64517
64541
64565
64589
64613
64636
64660
64684
64708
64732
64756
64780
64804
64828
64851
64875
64899
64923
64947
64971
64995
65034
65066
65098
65130
65162
65194
65226
65258
65290
65322
65354
65386
65418
65450
65482
65514
65546
65578
65610
65642
65674
65706
65738
65770
65802
65834
65866
65898
65930
65962
65994
66026
66058
66090
66122
66154
66186
66218
66250
66282
66314
66346
66378
66410
66442
66474
66506
66538
66570
66602
66634
66666
66698
66730
66762
66794
66826
66858
66890
66922
66954
66986
67018
67050
67082
67114
67146
67178
67210
67242
67274
67306
67338
67370
67402
67434
67466
67498
67530
67562
67594
67626
67658
67690
67722
67754
67786
67818
67850
67882
67914
67946
67978
68010
68042
68074
68106
68138
68170
68202
68234
68266
68298
68330
68362
68394
68426
68458
68490
68522
68554
68586
68618
68650
68682
68714
68746
68778
68810
68842
68874
68906
68938
68970
69002
69034
69066
69098
69130
69162
69194
69226
69258
69290
69322
69354
69386
69418
69450
69482
69514
69546
69578
69610
69642
69674
69706
69738
69770
69802
69834
69866
69898
69930
69962
69994
70025
70048
70071
70095
70118
70141
70165
70188
70211
70235
70258
70281
70305
70328
70351
70375
70398
70421
70445
70468
70491
70515
70538
70561
70585
70608
70631
70655
70678
70701
70725
70748
70771
70795
70818
70841
70865
70888
70911
70935
70958
70981
71005
71028
71051
71075
71098
71121
71145
71168
71191
71215
71238
71261
71285
71308
71331
71355
71378
71401
71425
71448
71471
71495
71518
71541
71564
71588
71611
71634
71658
71681
71704
71728
71751
71774
71798
71821
71844
71868
71891
71914
71938
71961
71984
72008
72031
72054
72078
72101
72124
72148
72171
72194
72218
72241
72264
72288
72311
72334
72358
72381
72404
72428
72451
72474
72498
72521
72544
72568
72591
72614
72638
72661
72684
72708
72731
72754
72778
72801
72824
72848
72871
72894
72918
72941
72964
72988
73011
73034
73057
73081
73104
73127
73151
73174
73197
73221
73244
73267
73291
73314
73337
73361
73384
73407
73431
73454
73477
73501
73524
73547
73571
73594
73617
73641
73664
73687
73711
73734
73757
73781
73804
73827
73851
73874
73897
73921
73944
73967
73991
74014
74037
74061
74084
74107
74131
74154
74177
74201
74224
74247
74271
74294
74317
74341
74364
74387
74411
74434
74457
74481
74504
74527
74550
74574
74597
74620
74644
74667
74690
74714
74737
74760
74784
74807
74830
74854
74877
74900
74924
74947
74970
74994
75026
75051
75076
75100
75125
75150
75174
75199
75224
75248
75273
75298
75322
75347
75372
75396
75421
75446
75470
75495
75520
75544
75569
75594
75618
75643
75668
75692
75717
75742
75766
75791
75816
75840
75865
75890
75914
75939
75964
75988
76013
76038
76062
76087
76112
76136
76161
76186
76210
76235
76260
76284
76309
76334
76358
76383
76408
76432
76457
76482
76506
76531
76556
76580
76605
76630
76654
76679
76704
76728
76753
76778
76802
76827
76852
76876
76901
76926
76950
76975
77000
77024
77049
77074
77098
77123
77148
77172
77197
77222
77246
77271
77296
77320
77345
77370
77394
77419
77444
77469
77493
77518
77543
77567
77592
77617
77641
77666
77691
77715
77740
77765
77789
77814
77839
77863
77888
77913
77937
77962
77987
78011
78036
78061
78085
78110
78135
78159
78184
78209
78233
78258
78283
78307
78332
78357
78381
78406
78431
78455
78480
78505
78529
78554
78579
78603
78628
78653
78677
78702
78727
78751
78776
78801
78825
78850
78875
78899
78924
78949
78973
78998
79023
79047
79072
79097
79121
79146
79171
79195
79220
79245
79269
79294
79319
79343
79368
79393
79417
79442
79467
79491
79516
79541
79565
79590
79615
79639
79664
79689
79713
79738
79763
79787
79812
79837
79861
79886
79911
79936
79960
79985
80028
80054
80080
80106
80132
80158
80184
80210
80236
80262
80288
80314
80340
80366
80392
80418
80444
80470
80496
80522
80548
80574
80600
80626
80652
80679
80705
80731
80757
80783
80809
80835
80861
80887
80913
80939
80965
80991
81017
81043
81069
81095
81121
81147
81173
81199
81225
81251
81277
81303
81330
81356
81382
81408
81434
81460
81486
81512
81538
81564
81590
81616
81642
81668
81694
81720
81746
81772
81798
81824
81850
81876
81902
81928
81954
81980
82007
82033
82059
82085
82111
82137
82163
82189
82215
82241
82267
82293
82319
82345
82371
82397
82423
82449
82475
82501
82527
82553
82579
82605
82631
82658
82684
82710
82736
82762
82788
82814
82840
82866
82892
82918
82944
82970
82996
83022
83048
83074
83100
83126
83152
83178
83204
83230
83256
83282
83309
83335
83361
83387
83413
83439
83465
83491
83517
83543
83569
83595
83621
83647
83673
83699
83725
83751
83777
83803
83829
83855
83881
83907
83933
83959
83986
84012
84038
84064
84090
84116
84142
84168
84194
84220
84246
84272
84298
84324
84350
84376
84402
84428
84454
84480
84506
84532
84558
84584
84610
84637
84663
84689
84715
84741
84767
84793
84819
84845
84871
84897
84923
84949
84975
85001
85025
85049
85073
85096
85120
85144
85168
85191
85215
85239
85263
85286
85310
85334
85357
85381
85405
85429
85452
85476
85500
85524
85547
85571
85595
85619
85642
85666
85690
85713
85737
85761
85785
85808
85832
85856
85880
85903
85927
85951
85974
85998
86022
86046
86069
86093
86117
86141
86164
86188
86212
86236
86259
86283
86307
86330
86354
86378
86402
86425
86449
86473
86497
86520
86544
86568
86591
86615
86639
86663
86686
86710
86734
86758
86781
86805
86829
86853
86876
86900
86924
86947
86971
86995
87019
87042
87066
87090
87114
87137
87161
87185
87208
87232
87256
87280
87303
87327
87351
87375
87398
87422
87446
87470
87493
87517
87541
87564
87588
87612
87636
87659
87683
87707
87731
87754
87778
87802
87825
87849
87873
87897
87920
87944
87968
87992
88015
88039
88063
88087
88110
88134
88158
88181
88205
88229
88253
88276
88300
88324
88348
88371
88395
88419
88442
88466
88490
88514
88537
88561
88585
88609
88632
88656
88680
88704
88727
88751
88775
88798
88822
88846
88870
88893
88917
88941
88965
88988
89012
89036
89059
89083
89107
89131
89154
89178
89202
89226
89249
89273
89297
89321
89344
89368
89392
89415
89439
89463
89487
89510
89534
89558
89582
89605
89629
89653
89676
89700
89724
89748
89771
89795
89819
89843
89866
89890
89914
89938
89961
89985
90025
90049
90072
90096
90119
90143
90167
90190
90214
90237
90261
90284
90308
90332
90355
90379
90402
90426
90450
90473
90497
90520
90544
90567
90591
90615
90638
90662
90685
90709
90733
90756
90780
90803
90827
90850
90874
90898
90921
90945
90968
90992
91016
91039
91063
91086
91110
91133
91157
91181
91204
91228
91251
91275
91299
91322
91346
91369
91393
91416
91440
91464
91487
91511
91534
91558
91582
91605
91629
91652
91676
91699
91723
91747
91770
91794
91817
91841
91864
91888
91912
91935
91959
91982
92006
92030
92053
92077
92100
92124
92147
92171
92195
92218
92242
92265
92289
92313
92336
92360
92383
92407
92430
92454
92478
92501
92525
92548
92572
92596
92619
92643
92666
92690
92713
92737
92761
92784
92808
92831
92855
92879
92902
92926
92949
92973
92996
93020
93044
93067
93091
93114
93138
93162
93185
93209
93232
93256
93279
93303
93327
93350
93374
93397
93421
93444
93468
93492
93515
93539
93562
93586
93610
93633
93657
93680
93704
93727
93751
93775
93798
93822
93845
93869
93893
93916
93940
93963
93987
94010
94034
94058
94081
94105
94128
94152
94176
94199
94223
94246
94270
94293
94317
94341
94364
94388
94411
94435
94459
94482
94506
94529
94553
94576
94600
94624
94647
94671
94694
94718
94742
94765
94789
94812
94836
94859
94883
94907
94930
94954
94977
95001
95025
95049
95073
95097
95121
95145
95169
95193
95217
95241
95265
95289
95312
95336
95360
95384
95408
95432
95456
95480
95504
95528
95552
95576
95599
95623
95647
95671
95695
95719
95743
95767
95791
95815
95839
95863
95886
95910
95934
95958
95982
96006
96030
96054
96078
96102
96126
96150
96173
96197
96221
96245
96269
96293
96317
96341
96365
96389
96413
96437
96460
96484
96508
96532
96556
96580
96604
96628
96652
96676
96700
96724
96747
96771
96795
96819
96843
96867
96891
96915
96939
96963
96987
97011
97035
97058
97082
97106
97130
97154
97178
97202
97226
97250
97274
97298
97322
97345
97369
97393
97417
97441
97465
97489
97513
97537
97561
97585
97609
97632
97656
97680
97704
97728
97752
97776
97800
97824
97848
97872
97896
97919
97943
97967
97991
98015
98039
98063
98087
98111
98135
98159
98183
98206
98230
98254
98278
98302
98326
98350
98374
98398
98422
98446
98470
98493
98517
98541
98565
98589
98613
98637
98661
98685
98709
98733
98757
98781
98804
98828
98852
98876
98900
98924
98948
98972
98996
99020
99044
99068
99091
99115
99139
99163
99187
99211
99235
99259
99283
99307
99331
99355
99378
99402
99426
99450
99474
99498
99522
99546
99570
99594
99618
99642
99665
99689
99713
99737
99761
99785
99809
99833
99857
99881
99905
99929
99952
99976
100000
100029
100056
100083
100110
100137
100164
100191
100218
100245
100272
100299
100326
100353
100380
100407
100434
100461
100488
100515
100542
100569
100596
100623
100650
100677
100704
100731
100758
100785
100812
100839
100866
100893
100920
100947
100974
101001
101028
101055
101082
101109
101136
101163
101190
101217
101244
101271
101298
101325
101352
101379
101406
101433
101460
101488
101515
101542
101569
101596
101623
101650
101677
101704
101731
101758
101785
101812
101839
101866
101893
101920
101947
101974
102001
102028
102055
102082
102109
102136
102163
102190
102217
102244
102271
102298
102325
102352
102379
102406
102433
102460
102487
102514
102541
102568
102595
102622
102649
102676
102703
102730
102757
102784
102811
102838
102865
102892
102919
102947
102974
103001
103028
103055
103082
103109
103136
103163
103190
103217
103244
103271
103298
103325
103352
103379
103406
103433
103460
103487
103514
103541
103568
103595
103622
103649
103676
103703
103730
103757
103784
103811
103838
103865
103892
103919
103946
103973
104000
104027
104054
104081
104108
104135
104162
104189
104216
104243
104270
104297
104324
104351
104378
104406
104433
104460
104487
104514
104541
104568
104595
104622
104649
104676
104703
104730
104757
104784
104811
104838
104865
104892
104919
104946
104973
105000
105026
105050
105075
105099
105124
105148
105173
105197
105222
105246
105271
105295
105320
105344
105369
105393
105418
105442
105467
105491
105516
105540
105565
105589
105614
105638
105663
105687
105712
105736
105761
105785
105810
105834
105859
105883
105908
105932
105957
105981
106005
106030
106054
106079
106103
106128
106152
106177
106201
106226
106250
106275
106299
106324
106348
106373
106397
106422
106446
106471
106495
106520
106544
106569
106593
106618
106642
106667
106691
106716
106740
106765
106789
106814
106838
106863
106887
106912
106936
106961
106985
107009
107034
107058
107083
107107
107132
107156
107181
107205
107230
107254
107279
107303
107328
107352
107377
107401
107426
107450
107475
107499
107524
107548
107573
107597
107622
107646
107671
107695
107720
107744
107769
107793
107818
107842
107867
107891
107916
107940
107965
107989
108013
108038
108062
108087
108111
108136
108160
108185
108209
108234
108258
108283
108307
108332
108356
108381
108405
108430
108454
108479
108503
108528
108552
108577
108601
108626
108650
108675
108699
108724
108748
108773
108797
108822
108846
108871
108895
108920
108944
108969
108993
109017
109042
109066
109091
109115
109140
109164
109189
109213
109238
109262
109287
109311
109336
109360
109385
109409
109434
109458
109483
109507
109532
109556
109581
109605
109630
109654
109679
109703
109728
109752
109777
109801
109826
109850
109875
109899
109924
109948
109973
109997
110034
110066
110098
110130
110162
110194
110226
110258
110290
110322
110354
110386
110419
110451
110483
110515
110547
110579
110611
110643
110675
110707
110739
110771
110804
110836
110868
110900
110932
110964
110996
111028
111060
111092
111124
111156
111189
111221
111253
111285
111317
111349
111381
111413
111445
111477
111509
111541
111574
111606
111638
111670
111702
111734
111766
111798
111830
111862
111894
111926
111959
111991
112023
112055
112087
112119
112151
112183
112215
112247
112279
112311
112344
112376
112408
112440
112472
112504
112536
112568
112600
112632
112664
112696
112729
112761
112793
112825
112857
112889
112921
112953
112985
113017
113049
113081
113114
113146
113178
113210
113242
113274
113306
113338
113370
113402
113434
113466
113499
113531
113563
113595
113627
113659
113691
113723
113755
113787
113819
113851
113884
113916
113948
113980
114012
114044
114076
114108
114140
114172
114204
114236
114269
114301
114333
114365
114397
114429
114461
114493
114525
114557
114589
114621
114654
114686
114718
114750
114782
114814
114846
114878
114910
114942
114974
115027
115053
115079
115105
115130
115156
115182
115208
115233
115259
115285
115311
115336
115362
115388
115414
115439
115465
115491
115517
115542
115568
115594
115620
115646
115671
115697
115723
115749
115774
115800
115826
115852
115877
115903
115929
115955
115980
116006
116032
116058
116083
116109
116135
116161
116187
116212
116238
116264
116290
116315
116341
116367
116393
116418
116444
116470
116496
116521
116547
116573
116599
116624
116650
116676
116702
116727
116753
116779
116805
116831
116856
116882
116908
116934
116959
116985
117011
117037
117062
117088
117114
117140
117165
117191
117217
117243
117268
117294
117320
117346
117372
117397
117423
117449
117475
117500
117526
117552
117578
117603
117629
117655
117681
117706
117732
117758
117784
117809
117835
117861
117887
117912
117938
117964
117990
118016
118041
118067
118093
118119
118144
118170
118196
118222
118247
118273
118299
118325
118350
118376
118402
118428
118453
118479
118505
118531
118557
118582
118608
118634
118660
118685
118711
118737
118763
118788
118814
118840
118866
118891
118917
118943
118969
118994
119020
119046
119072
119098
119123
119149
119175
119201
119226
119252
119278
119304
119329
119355
119381
119407
119432
119458
119484
119510
119535
119561
119587
119613
119638
119664
119690
119716
119742
119767
119793
119819
119845
119870
119896
119922
119948
119973
119999
120037
120072
120107
120142
120177
120212
120247
120282
120318
120353
120388
120423
120458
120493
120528
120563
120598
120634
120669
120704
120739
120774
120809
120844
120879
120915
120950
120985
121020
121055
121090
121125
121160
121195
121231
121266
121301
121336
121371
121406
121441
121476
121512
121547
121582
121617
121652
121687
121722
121757
121792
121828
121863
121898
121933
121968
122003
122038
122073
122109
122144
122179
122214
122249
122284
122319
122354
122389
122425
122460
122495
122530
122565
122600
122635
122670
122706
122741
122776
122811
122846
122881
122916
122951
122986
123022
123057
123092
123127
123162
123197
123232
123267
123303
123338
123373
123408
123443
123478
123513
123548
123583
123619
123654
123689
123724
123759
123794
123829
123864
123900
123935
123970
124005
124040
124075
124110
124145
124180
124216
124251
124286
124321
124356
124391
124426
124461
124497
124532
124567
124602
124637
124672
124707
124742
124777
124813
124848
124883
124918
124953
124988
125032
125062
125093
125123
125154
125184
125214
125245
125275
125306
125336
125366
125397
125427
125458
125488
125519
125549
125579
125610
125640
125671
125701
125731
125762
125792
125823
125853
125883
125914
125944
125975
126005
126036
126066
126096
126127
126157
126188
126218
126248
126279
126309
126340
126370
126400
126431
126461
126492
126522
126553
126583
126613
126644
126674
126705
126735
126765
126796
126826
126857
126887
126917
126948
126978
127009
127039
127070
127100
127130
127161
127191
127222
127252
127282
127313
127343
127374
127404
127434
127465
127495
127526
127556
127587
127617
127647
127678
127708
127739
127769
127799
127830
127860
127891
127921
127951
127982
128012
128043
128073
128104
128134
128164
128195
128225
128256
128286
128316
128347
128377
128408
128438
128468
128499
128529
128560
128590
128621
128651
128681
128712
128742
128773
128803
128833
128864
128894
128925
128955
128985
129016
129046
129077
129107
129138
129168
129198
129229
129259
129290
129320
129350
129381
129411
129442
129472
129502
129533
129563
129594
129624
129655
129685
129715
129746
129776
129807
129837
129867
129898
129928
129959
129989
130027
130053
130079
130105
130131
130157
130183
130209
130235
130261
130287
130313
130339
130364
130390
130416
130442
130468
130494
130520
130546
130572
130598
130624
130650
130676
130702
130727
130753
130779
130805
130831
130857
130883
130909
130935
130961
130987
131013
131039
131064
131090
131116
131142
131168
131194
131220
131246
131272
131298
131324
131350
131376
131402
131427
131453
131479
131505
131531
131557
131583
131609
131635
131661
131687
131713
131739
131764
131790
131816
131842
131868
131894
131920
131946
131972
131998
132024
132050
132076
132102
132127
132153
132179
132205
132231
132257
132283
132309
132335
132361
132387
132413
132439
132465
132490
132516
132542
132568
132594
132620
132646
132672
132698
132724
132750
132776
132802
132827
132853
132879
132905
132931
132957
132983
133009
133035
133061
133087
133113
133139
133165
133190
133216
133242
133268
133294
133320
133346
133372
133398
133424
133450
133476
133502
133527
133553
133579
133605
133631
133657
133683
133709
133735
133761
133787
133813
133839
133865
133890
133916
133942
133968
133994
134020
134046
134072
134098
134124
134150
134176
134202
134227
134253
134279
134305
134331
134357
134383
134409
134435
134461
134487
134513
134539
134565
134590
134616
134642
134668
134694
134720
134746
134772
134798
134824
134850
134876
134902
134928
134953
134979
135025
135048
135072
135095
135118
135142
135165
135189
135212
135235
135259
135282
135306
135329
135352
135376
135399
135423
135446
135469
135493
135516
135540
135563
135586
135610
135633
135657
135680
135703
135727
135750
135774
135797
135820
135844
135867
135891
135914
135937
135961
135984
136008
136031
136054
136078
136101
136125
136148
136171
136195
136218
136242
136265
136288
136312
136335
136359
136382
136405
136429
136452
136476
136499
136522
136546
136569
136593
136616
136639
136663
136686
136710
136733
136756
136780
136803
136827
136850
136873
136897
136920
136944
136967
136990
137014
137037
137061
137084
137107
137131
137154
137178
137201
137224
137248
137271
137295
137318
137341
137365
137388
137412
137435
137458
137482
137505
137529
137552
137575
137599
137622
137646
137669
137692
137716
137739
137763
137786
137809
137833
137856
137880
137903
137926
137950
137973
137997
138020
138043
138067
138090
138114
138137
138160
138184
138207
138231
138254
138277
138301
138324
138348
138371
138394
138418
138441
138465
138488
138511
138535
138558
138582
138605
138628
138652
138675
138699
138722
138745
138769
138792
138816
138839
138862
138886
138909
138933
138956
138979
139003
139026
139050
139073
139096
139120
139143
139167
139190
139213
139237
139260
139284
139307
139330
139354
139377
139401
139424
139447
139471
139494
139518
139541
139564
139588
139611
139635
139658
139681
139705
139728
139752
139775
139798
139822
139845
139869
139892
139915
139939
139962
139986
140027
140053
140079
140105
140130
140156
140182
140208
140234
140259
140285
140311
140337
140363
140388
140414
140440
140466
140491
140517
140543
140569
140595
140620
140646
140672
140698
140724
140749
140775
140801
140827
140852
140878
140904
140930
140956
140981
141007
141033
141059
141085
141110
141136
141162
141188
141213
141239
141265
141291
141317
141342
141368
141394
141420
141446
141471
141497
141523
141549
141574
141600
141626
141652
141678
141703
141729
141755
141781
141807
141832
141858
141884
141910
141935
141961
141987
142013
142039
142064
142090
142116
142142
142168
142193
142219
142245
142271
142296
142322
142348
142374
142400
142425
142451
142477
142503
142529
142554
142580
142606
142632
142658
142683
142709
142735
142761
142786
142812
142838
142864
142890
142915
142941
142967
142993
143019
143044
143070
143096
143122
143147
143173
143199
143225
143251
143276
143302
143328
143354
143380
143405
143431
143457
143483
143508
143534
143560
143586
143612
143637
143663
143689
143715
143741
143766
143792
143818
143844
143869
143895
143921
143947
143973
143998
144024
144050
144076
144102
144127
144153
144179
144205
144230
144256
144282
144308
144334
144359
144385
144411
144437
144463
144488
144514
144540
144566
144591
144617
144643
144669
144695
144720
144746
144772
144798
144824
144849
144875
144901
144927
144953
144978
145029
145056
145083
145110
145137
145164
145191
145218
145245
145272
145299
145326
145353
145380
145407
145434
145461
145488
145515
145542
145569
145596
145623
145650
145677
145704
145731
145758
145785
145812
145839
145866
145893
145920
145947
145974
146001
146028
146055
146082
146109
146136
146163
146190
146217
146244
146271
146298
146325
146352
146379
146406
146433
146460
146487
146514
146541
146568
146595
146622
146649
146676
146703
146730
146757
146784
146811
146839
146866
146893
146920
146947
146974
147001
147028
147055
147082
147109
147136
147163
147190
147217
147244
147271
147298
147325
147352
147379
147406
147433
147460
147487
147514
147541
147568
147595
147622
147649
147676
147703
147730
147757
147784
147811
147838
147865
147892
147919
147946
147973
148000
148027
148054
148081
148108
148135
148162
148189
148216
148243
148270
148297
148324
148351
148378
148405
148432
148459
148486
148513
148540
148567
148594
148621
148649
148676
148703
148730
148757
148784
148811
148838
148865
148892
148919
148946
148973
149000
149027
149054
149081
149108
149135
149162
149189
149216
149243
149270
149297
149324
149351
149378
149405
149432
149459
149486
149513
149540
149567
149594
149621
149648
149675
149702
149729
149756
149783
149810
149837
149864
149891
149918
149945
149972
149999
150025
150048
150072
150095
150119
150142
150166
150189
150213
150236
150260
150283
150307
150330
150354
150377
150400
150424
150447
150471
150494
150518
150541
150565
150588
150612
150635
150659
150682
150706
150729
150753
150776
150799
150823
150846
150870
150893
150917
150940
150964
150987
151011
151034
151058
151081
151105
151128
151151
151175
151198
151222
151245
151269
151292
151316
151339
151363
151386
151410
151433
151457
151480
151504
151527
151550
151574
151597
151621
151644
151668
151691
151715
151738
151762
151785
151809
151832
151856
151879
151902
151926
151949
151973
151996
152020
152043
152067
152090
152114
152137
152161
152184
152208
152231
152255
152278
152301
152325
152348
152372
152395
152419
152442
152466
152489
152513
152536
152560
152583
152607
152630
152654
152677
152700
152724
152747
152771
152794
152818
152841
152865
152888
152912
152935
152959
152982
153006
153029
153052
153076
153099
153123
153146
153170
153193
153217
153240
153264
153287
153311
153334
153358
153381
153405
153428
153451
153475
153498
153522
153545
153569
153592
153616
153639
153663
153686
153710
153733
153757
153780
153803
153827
153850
153874
153897
153921
153944
153968
153991
154015
154038
154062
154085
154109
154132
154156
154179
154202
154226
154249
154273
154296
154320
154343
154367
154390
154414
154437
154461
154484
154508
154531
154555
154578
154601
154625
154648
154672
154695
154719
154742
154766
154789
154813
154836
154860
154883
154907
154930
154953
154977
155000
155028
155054
155080
155106
155132
155158
155184
155210
155236
155262
155288
155315
155341
155367
155393
155419
155445
155471
155497
155523
155549
155575
155602
155628
155654
155680
155706
155732
155758
155784
155810
155836
155862
155888
155915
155941
155967
155993
156019
156045
156071
156097
156123
156149
156175
156202
156228
156254
156280
156306
156332
156358
156384
156410
156436
156462
156488
156515
156541
156567
156593
156619
156645
156671
156697
156723
156749
156775
156802
156828
156854
156880
156906
156932
156958
156984
157010
157036
157062
157089
157115
157141
157167
157193
157219
157245
157271
157297
157323
157349
157375
157402
157428
157454
157480
157506
157532
157558
157584
157610
157636
157662
157689
157715
157741
157767
157793
157819
157845
157871
157897
157923
157949
157975
158002
158028
158054
158080
158106
158132
158158
158184
158210
158236
158262
158289
158315
158341
158367
158393
158419
158445
158471
158497
158523
158549
158575
158602
158628
158654
158680
158706
158732
158758
158784
158810
158836
158862
158889
158915
158941
158967
158993
159019
159045
159071
159097
159123
159149
159176
159202
159228
159254
159280
159306
159332
159358
159384
159410
159436
159462
159489
159515
159541
159567
159593
159619
159645
159671
159697
159723
159749
159776
159802
159828
159854
159880
159906
159932
159958
159984
160025
160049
160072
160096
160120
160143
160167
160191
160214
160238
160261
160285
160309
160332
160356
160380
160403
160427
160451
160474
160498
160521
160545
160569
160592
160616
160640
160663
160687
160710
160734
160758
160781
160805
160829
160852
160876
160900
160923
160947
160970
160994
161018
161041
161065
161089
161112
161136
161159
161183
161207
161230
161254
161278
161301
161325
161349
161372
161396
161419
161443
161467
161490
161514
161538
161561
161585
161608
161632
161656
161679
161703
161727
161750
161774
161798
161821
161845
161868
161892
161916
161939
161963
161987
162010
162034
162058
162081
162105
162128
162152
162176
162199
162223
162247
162270
162294
162317
162341
162365
162388
162412
162436
162459
162483
162507
162530
162554
162577
162601
162625
162648
162672
162696
162719
162743
162766
162790
162814
162837
162861
162885
162908
162932
162956
162979
163003
163026
163050
163074
163097
163121
163145
163168
163192
163215
163239
163263
163286
163310
163334
163357
163381
163405
163428
163452
163475
163499
163523
163546
163570
163594
163617
163641
163665
163688
163712
163735
163759
163783
163806
163830
163854
163877
163901
163924
163948
163972
163995
164019
164043
164066
164090
164114
164137
164161
164184
164208
164232
164255
164279
164303
164326
164350
164373
164397
164421
164444
164468
164492
164515
164539
164563
164586
164610
164633
164657
164681
164704
164728
164752
164775
164799
164822
164846
164870
164893
164917
164941
164964
164988
165026
165051
165076
165101
165125
165150
165175
165200
165225
165249
165274
165299
165324
165349
165373
165398
165423
165448
165472
165497
165522
165547
165572
165596
165621
165646
165671
165696
165720
165745
165770
165795
165819
165844
165869
165894
165919
165943
165968
165993
166018
166043
166067
166092
166117
166142
166166
166191
166216
166241
166266
166290
166315
166340
166365
166390
166414
166439
166464
166489
166513
166538
166563
166588
166613
166637
166662
166687
166712
166737
166761
166786
166811
166836
166860
166885
166910
166935
166960
166984
167009
167034
167059
167084
167108
167133
167158
167183
167207
167232
167257
167282
167307
167331
167356
167381
167406
167431
167455
167480
167505
167530
167554
167579
167604
167629
167654
167678
167703
167728
167753
167778
167802
167827
167852
167877
167901
167926
167951
167976
168001
168025
168050
168075
168100
168125
168149
168174
168199
168224
168248
168273
168298
168323
168348
168372
168397
168422
168447
168472
168496
168521
168546
168571
168596
168620
168645
168670
168695
168719
168744
168769
168794
168819
168843
168868
168893
168918
168943
168967
168992
169017
169042
169066
169091
169116
169141
169166
169190
169215
169240
169265
169290
169314
169339
169364
169389
169413
169438
169463
169488
169513
169537
169562
169587
169612
169637
169661
169686
169711
169736
169760
169785
169810
169835
169860
169884
169909
169934
169959
169984
170028
170055
170081
170108
170135
170161
170188
170215
170241
170268
170295
170321
170348
170375
170401
170428
170455
170481
170508
170535
170561
170588
170615
170641
170668
170695
170721
170748
170775
170801
170828
170855
170881
170908
170935
170961
170988
171015
171041
171068
171095
171121
171148
171175
171201
171228
171255
171281
171308
171335
171361
171388
171415
171441
171468
171495
171521
171548
171575
171601
171628
171655
171681
171708
171735
171761
171788
171815
171841
171868
171895
171921
171948
171975
172001
172028
172055
172081
172108
172135
172161
172188
172215
172241
172268
172295
172321
172348
172375
172401
172428
172455
172481
172508
172534
172561
172588
172614
172641
172668
172694
172721
172748
172774
172801
172828
172854
172881
172908
172934
172961
172988
173014
173041
173068
173094
173121
173148
173174
173201
173228
173254
173281
173308
173334
173361
173388
173414
173441
173468
173494
173521
173548
173574
173601
173628
173654
173681
173708
173734
173761
173788
173814
173841
173868
173894
173921
173948
173974
174001
174028
174054
174081
174108
174134
174161
174188
174214
174241
174268
174294
174321
174348
174374
174401
174428
174454
174481
174508
174534
174561
174588
174614
174641
174668
174694
174721
174748
174774
174801
174828
174854
174881
174908
174934
174961
174988
175028
175054
175080
175106
175132
175158
175185
175211
175237
175263
175289
175315
175341
175368
175394
175420
175446
175472
175498
175524
175551
175577
175603
175629
175655
175681
175707
175734
175760
175786
175812
175838
175864
175890
175917
175943
175969
175995
176021
176047
176073
176100
176126
176152
176178
176204
176230
176256
176283
176309
176335
176361
176387
176413
176439
176466
176492
176518
176544
176570
176596
176622
176649
176675
176701
176727
176753
176779
176806
176832
176858
176884
176910
176936
176962
176989
177015
177041
177067
177093
177119
177145
177172
177198
177224
177250
177276
177302
177328
177355
177381
177407
177433
177459
177485
177511
177538
177564
177590
177616
177642
177668
177694
177721
177747
177773
177799
177825
177851
177877
177904
177930
177956
177982
178008
178034
178060
178087
178113
178139
178165
178191
178217
178243
178270
178296
178322
178348
178374
178400
178426
178453
178479
178505
178531
178557
178583
178610
178636
178662
178688
178714
178740
178766
178793
178819
178845
178871
178897
178923
178949
178976
179002
179028
179054
179080
179106
179132
179159
179185
179211
179237
179263
179289
179315
179342
179368
179394
179420
179446
179472
179498
179525
179551
179577
179603
179629
179655
179681
179708
179734
179760
179786
179812
179838
179864
179891
179917
179943
179969
179995
180055
180109
180162
180216
180270
180323
180377
180431
180484
180538
180592
180645
180699
180753
180806
180860
180914
180967
181021
181075
181128
181182
181236
181289
181343
181396
181450
181504
181557
181611
181665
181718
181772
181826
181879
181933
181987
182040
182094
182148
182201
182255
182309
182362
182416
182470
182523
182577
182630
182684
182738
182791
182845
182899
182952
183006
183060
183113
183167
183221
183274
183328
183382
183435
183489
183543
183596
183650
183704
183757
183811
183865
183918
183972
184025
184079
184133
184186
184240
184294
184347
184401
184455
184508
184562
184616
184669
184723
184777
184830
184884
184938
184991
185028
185054
185081
185107
185133
185160
185186
185212
185239
185265
185292
185318
185344
185371
185397
185423
185450
185476
185503
185529
185555
185582
185608
185634
185661
185687
185714
185740
185766
185793
185819
185845
185872
185898
185925
185951
185977
186004
186030
186056
186083
186109
186136
186162
186188
186215
186241
186267
186294
186320
186347
186373
186399
186426
186452
186478
186505
186531
186558
186584
186610
186637
186663
186689
186716
186742
186769
186795
186821
186848
186874
186900
186927
186953
186980
187006
187032
187059
187085
187111
187138
187164
187191
187217
187243
187270
187296
187322
187349
187375
187402
187428
187454
187481
187507
187533
187560
187586
187613
187639
187665
187692
187718
187744
187771
187797
187824
187850
187876
187903
187929
187955
187982
188008
188035
188061
188087
188114
188140
188166
188193
188219
188246
188272
188298
188325
188351
188377
188404
188430
188457
188483
188509
188536
188562
188588
188615
188641
188668
188694
188720
188747
188773
188799
188826
188852
188879
188905
188931
188958
188984
189010
189037
189063
189090
189116
189142
189169
189195
189221
189248
189274
189300
189327
189353
189380
189406
189432
189459
189485
189511
189538
189564
189591
189617
189643
189670
189696
189722
189749
189775
189802
189828
189854
189881
189907
189933
189960
189986
190025
190049
190072
190096
190120
190143
190167
190190
190214
190238
190261
190285
190308
190332
190356
190379
190403
190426
190450
190474
190497
190521
190544
190568
190592
190615
190639
190663
190686
190710
190733
190757
190781
190804
190828
190851
190875
190899
190922
190946
190969
190993
191017
191040
191064
191087
191111
191135
191158
191182
191206
191229
191253
191276
191300
191324
191347
191371
191394
191418
191442
191465
191489
191512
191536
191560
191583
191607
191630
191654
191678
191701
191725
191748
191772
191796
191819
191843
191867
191890
191914
191937
191961
191985
192008
192032
192055
192079
192103
192126
192150
192173
192197
192221
192244
192268
192291
192315
192339
192362
192386
192410
192433
192457
192480
192504
192528
192551
192575
192598
192622
192646
192669
192693
192716
192740
192764
192787
192811
192834
192858
192882
192905
192929
192953
192976
193000
193023
193047
193071
193094
193118
193141
193165
193189
193212
193236
193259
193283
193307
193330
193354
193377
193401
193425
193448
193472
193495
193519
193543
193566
193590
193614
193637
193661
193684
193708
193732
193755
193779
193802
193826
193850
193873
193897
193920
193944
193968
193991
194015
194038
194062
194086
194109
194133
194157
194180
194204
194227
194251
194275
194298
194322
194345
194369
194393
194416
194440
194463
194487
194511
194534
194558
194581
194605
194629
194652
194676
194700
194723
194747
194770
194794
194818
194841
194865
194888
194912
194936
194959
194983
195027
195053
195079
195105
195131
195157
195182
195208
195234
195260
195286
195312
195337
195363
195389
195415
195441
195467
195492
195518
195544
195570
195596
195622
195648
195673
195699
195725
195751
195777
195803
195828
195854
195880
195906
195932
195958
195983
196009
196035
196061
196087
196113
196138
196164
196190
196216
196242
196268
196294
196319
196345
196371
196397
196423
196449
196474
196500
196526
196552
196578
196604
196629
196655
196681
196707
196733
196759
196785
196810
196836
196862
196888
196914
196940
196965
196991
197017
197043
197069
197095
197120
197146
197172
197198
197224
197250
197275
197301
197327
197353
197379
197405
197431
197456
197482
197508
197534
197560
197586
197611
197637
197663
197689
197715
197741
197766
197792
197818
197844
197870
197896
197922
197947
197973
197999
198025
198051
198077
198102
198128
198154
198180
198206
198232
198257
198283
198309
198335
198361
198387
198412
198438
198464
198490
198516
198542
198568
198593
198619
198645
198671
198697
198723
198748
198774
198800
198826
198852
198878
198903
198929
198955
198981
199007
199033
199059
199084
199110
199136
199162
199188
199214
199239
199265
199291
199317
199343
199369
199394
199420
199446
199472
199498
199524
199549
199575
199601
199627
199653
199679
199705
199730
199756
199782
199808
199834
199860
199885
199911
199937
199963
199989
200027
200052
200077
200102
200127
200152
200178
200203
200228
200253
200278
200303
200329
200354
200379
200404
200429
200454
200479
200505
200530
200555
200580
200605
200630
200656
200681
200706
200731
200756
200781
200806
200832
200857
200882
200907
200932
200957
200983
201008
201033
201058
201083
201108
201133
201159
201184
201209
201234
201259
201284
201310
201335
201360
201385
201410
201435
201460
201486
201511
201536
201561
201586
201611
201637
201662
201687
201712
201737
201762
201787
201813
201838
201863
201888
201913
201938
201964
201989
202014
202039
202064
202089
202114
202140
202165
202190
202215
202240
202265
202291
202316
202341
202366
202391
202416
202441
202467
202492
202517
202542
202567
202592
202618
202643
202668
202693
202718
202743
202768
202794
202819
202844
202869
202894
202919
202945
202970
202995
203020
203045
203070
203095
203121
203146
203171
203196
203221
203246
203272
203297
203322
203347
203372
203397
203422
203448
203473
203498
203523
203548
203573
203599
203624
203649
203674
203699
203724
203749
203775
203800
203825
203850
203875
203900
203926
203951
203976
204001
204026
204051
204076
204102
204127
204152
204177
204202
204227
204253
204278
204303
204328
204353
204378
204403
204429
204454
204479
204504
204529
204554
204580
204605
204630
204655
204680
204705
204730
204756
204781
204806
204831
204856
204881
204907
204932
204957
204982
205026
205051
205075
205100
205125
205149
205174
205199
205223
205248
205273
205297
205322
205346
205371
205396
205420
205445
205470
205494
205519
205544
205568
205593
205618
205642
205667
205691
205716
205741
205765
205790
205815
205839
205864
205889
205913
205938
205963
205987
206012
206036
206061
206086
206110
206135
206160
206184
206209
206234
206258
206283
206308
206332
206357
206381
206406
206431
206455
206480
206505
206529
206554
206579
206603
206628
206653
206677
206702
206726
206751
206776
206800
206825
206850
206874
206899
206924
206948
206973
206998
207022
207047
207071
207096
207121
207145
207170
207195
207219
207244
207269
207293
207318
207343
207367
207392
207416
207441
207466
207490
207515
207540
207564
207589
207614
207638
207663
207688
207712
207737
207761
207786
207811
207835
207860
207885
207909
207934
207959
207983
208008
208033
208057
208082
208106
208131
208156
208180
208205
208230
208254
208279
208304
208328
208353
208378
208402
208427
208451
208476
208501
208525
208550
208575
208599
208624
208649
208673
208698
208723
208747
208772
208796
208821
208846
208870
208895
208920
208944
208969
208994
209018
209043
209068
209092
209117
209141
209166
209191
209215
209240
209265
209289
209314
209339
209363
209388
209413
209437
209462
209486
209511
209536
209560
209585
209610
209634
209659
209684
209708
209733
209758
209782
209807
209831
209856
209881
209905
209930
209955
209979
210026
210051
210075
210100
210124
210149
210174
210198
210223
210247
210272
210297
210321
210346
210370
210395
210420
210444
210469
210493
210518
210543
210567
210592
210616
210641
210666
210690
210715
210739
210764
210789
210813
210838
210862
210887
210912
210936
210961
210985
211010
211035
211059
211084
211108
211133
211158
211182
211207
211231
211256
211281
211305
211330
211354
211379
211404
211428
211453
211477
211502
211527
211551
211576
211600
211625
211650
211674
211699
211723
211748
211773
211797
211822
211846
211871
211896
211920
211945
211969
211994
212019
212043
212068
212092
212117
212142
212166
212191
212215
212240
212265
212289
212314
212338
212363
212388
212412
212437
212461
212486
212511
212535
212560
212584
212609
212634
212658
212683
212707
212732
212757
212781
212806
212830
212855
212880
212904
212929
212953
212978
213003
213027
213052
213076
213101
213126
213150
213175
213199
213224
213249
213273
213298
213322
213347
213372
213396
213421
213445
213470
213495
213519
213544
213568
213593
213618
213642
213667
213691
213716
213741
213765
213790
213814
213839
213864
213888
213913
213937
213962
213987
214011
214036
214060
214085
214110
214134
214159
214183
214208
214233
214257
214282
214306
214331
214356
214380
214405
214429
214454
214479
214503
214528
214552
214577
214602
214626
214651
214675
214700
214725
214749
214774
214798
214823
214848
214872
214897
214921
214946
214971
214995
215029
215056
215084
215111
215138
215166
215193
215220
215248
215275
215303
215330
215357
215385
215412
215439
215467
215494
215522
215549
215576
215604
215631
215658
215686
215713
215740
215768
215795
215823
215850
215877
215905
215932
215959
215987
216014
216042
216069
216096
216124
216151
216178
216206
216233
216261
216288
216315
216343
216370
216397
216425
216452
216479
216507
216534
216562
216589
216616
216644
216671
216698
216726
216753
216781
216808
216835
216863
216890
216917
216945
216972
216999
217027
217054
217082
217109
217136
217164
217191
217218
217246
217273
217301
217328
217355
217383
217410
217437
217465
217492
217520
217547
217574
217602
217629
217656
217684
217711
217738
217766
217793
217821
217848
217875
217903
217930
217957
217985
218012
218040
218067
218094
218122
218149
218176
218204
218231
218259
218286
218313
218341
218368
218395
218423
218450
218477
218505
218532
218560
218587
218614
218642
218669
218696
218724
218751
218779
218806
218833
218861
218888
218915
218943
218970
218997
219025
219052
219080
219107
219134
219162
219189
219216
219244
219271
219299
219326
219353
219381
219408
219435
219463
219490
219518
219545
219572
219600
219627
219654
219682
219709
219736
219764
219791
219819
219846
219873
219901
219928
219955
219983
220028
220055
220081
220108
220134
220161
220187
220214
220240
220267
220294
220320
220347
220373
220400
220426
220453
220479
220506
220532
220559
220586
220612
220639
220665
220692
220718
220745
220771
220798
220825
220851
220878
220904
220931
220957
220984
221010
221037
221063
221090
221117
221143
221170
221196
221223
221249
221276
221302
221329
221356
221382
221409
221435
221462
221488
221515
221541
221568
221594
221621
221648
221674
221701
221727
221754
221780
221807
221833
221860
221887
221913
221940
221966
221993
222019
222046
222072
222099
222125
222152
222179
222205
222232
222258
222285
222311
222338
222364
222391
222418
222444
222471
222497
222524
222550
222577
222603
222630
222656
222683
222710
222736
222763
222789
222816
222842
222869
222895
222922
222949
222975
223002
223028
223055
223081
223108
223134
223161
223187
223214
223241
223267
223294
223320
223347
223373
223400
223426
223453
223480
223506
223533
223559
223586
223612
223639
223665
223692
223718
223745
223772
223798
223825
223851
223878
223904
223931
223957
223984
224011
224037
224064
224090
224117
224143
224170
224196
224223
224249
224276
224303
224329
224356
224382
224409
224435
224462
224488
224515
224542
224568
224595
224621
224648
224674
224701
224727
224754
224780
224807
224834
224860
224887
224913
224940
224966
224993
225027
225052
225078
225103
225129
225154
225180
225205
225231
225256
225282
225307
225333
225358
225384
225409
225435
225460
225486
225511
225537
225562
225587
225613
225638
225664
225689
225715
225740
225766
225791
225817
225842
225868
225893
225919
225944
225970
225995
226021
226046
226072
226097
226122
226148
226173
226199
226224
226250
226275
226301
226326
226352
226377
226403
226428
226454
226479
226505
226530
226556
226581
226607
226632
226658
226683
226708
226734
226759
226785
226810
226836
226861
226887
226912
226938
226963
226989
227014
227040
227065
227091
227116
227142
227167
227193
227218
227243
227269
227294
227320
227345
227371
227396
227422
227447
227473
227498
227524
227549
227575
227600
227626
227651
227677
227702
227728
227753
227779
227804
227829
227855
227880
227906
227931
227957
227982
228008
228033
228059
228084
228110
228135
228161
228186
228212
228237
228263
228288
228314
228339
228364
228390
228415
228441
228466
228492
228517
228543
228568
228594
228619
228645
228670
228696
228721
228747
228772
228798
228823
228849
228874
228900
228925
228950
228976
229001
229027
229052
229078
229103
229129
229154
229180
229205
229231
229256
229282
229307
229333
229358
229384
229409
229435
229460
229485
229511
229536
229562
229587
229613
229638
229664
229689
229715
229740
229766
229791
229817
229842
229868
229893
229919
229944
229970
229995
230026
230051
230076
230101
230125
230150
230175
230200
230224
230249
230274
230299
230323
230348
230373
230398
230422
230447
230472
230497
230521
230546
230571
230596
230620
230645
230670
230695
230719
230744
230769
230794
230818
230843
230868
230893
230917
230942
230967
230992
231016
231041
231066
231091
231115
231140
231165
231190
231214
231239
231264
231289
231314
231338
231363
231388
231413
231437
231462
231487
231512
231536
231561
231586
231611
231635
231660
231685
231710
231734
231759
231784
231809
231833
231858
231883
231908
231932
231957
231982
232007
232031
232056
232081
232106
232130
232155
232180
232205
232229
232254
232279
232304
232328
232353
232378
232403
232427
232452
232477
232502
232527
232551
232576
232601
232626
232650
232675
232700
232725
232749
232774
232799
232824
232848
232873
232898
232923
232947
232972
232997
233022
233046
233071
233096
233121
233145
233170
233195
233220
233244
233269
233294
233319
233343
233368
233393
233418
233442
233467
233492
233517
233541
233566
233591
233616
233640
233665
233690
233715
233740
233764
233789
233814
233839
233863
233888
233913
233938
233962
233987
234012
234037
234061
234086
234111
234136
234160
234185
234210
234235
234259
234284
234309
234334
234358
234383
234408
234433
234457
234482
234507
234532
234556
234581
234606
234631
234655
234680
234705
234730
234754
234779
234804
234829
234853
234878
234903
234928
234953
234977
235028
235054
235081
235107
235134
235160
235187
235213
235239
235266
235292
235319
235345
235372
235398
235424
235451
235477
235504
235530
235557
235583
235610
235636
235662
235689
235715
235742
235768
235795
235821
235847
235874
235900
235927
235953
235980
236006
236032
236059
236085
236112
236138
236165
236191
236218
236244
236270
236297
236323
236350
236376
236403
236429
236455
236482
236508
236535
236561
236588
236614
236640
236667
236693
236720
236746
236773
236799
236826
236852
236878
236905
236931
236958
236984
237011
237037
237063
237090
237116
237143
237169
237196
237222
237248
237275
237301
237328
237354
237381
237407
237434
237460
237486
237513
237539
237566
237592
237619
237645
237671
237698
237724
237751
237777
237804
237830
237857
237883
237909
237936
237962
237989
238015
238042
238068
238094
238121
238147
238174
238200
238227
238253
238279
238306
238332
238359
238385
238412
238438
238465
238491
238517
238544
238570
238597
238623
238650
238676
238702
238729
238755
238782
238808
238835
238861
238887
238914
238940
238967
238993
239020
239046
239073
239099
239125
239152
239178
239205
239231
239258
239284
239310
239337
239363
239390
239416
239443
239469
239495
239522
239548
239575
239601
239628
239654
239681
239707
239733
239760
239786
239813
239839
239866
239892
239918
239945
239971
239998
240025
240048
240071
240095
240118
240141
240164
240188
240211
240234
240257
240281
240304
240327
240351
240374
240397
240420
240444
240467
240490
240513
240537
240560
240583
240607
240630
240653
240676
240700
240723
240746
240769
240793
240816
240839
240863
240886
240909
240932
240956
240979
241002
241025
241049
241072
241095
241118
241142
241165
241188
241212
241235
241258
241281
241305
241328
241351
241374
241398
241421
241444
241468
241491
241514
241537
241561
241584
241607
241630
241654
241677
241700
241724
241747
241770
241793
241817
241840
241863
241886
241910
241933
241956
241980
242003
242026
242049
242073
242096
242119
242142
242166
242189
242212
242235
242259
242282
242305
242329
242352
242375
242398
242422
242445
242468
242491
242515
242538
242561
242585
242608
242631
242654
242678
242701
242724
242747
242771
242794
242817
242841
242864
242887
242910
242934
242957
242980
243003
243027
243050
243073
243097
243120
243143
243166
243190
243213
243236
243259
243283
243306
243329
243352
243376
243399
243422
243446
243469
243492
243515
243539
243562
243585
243608
243632
243655
243678
243702
243725
243748
243771
243795
243818
243841
243864
243888
243911
243934
243958
243981
244004
244027
244051
244074
244097
244120
244144
244167
244190
244213
244237
244260
244283
244307
244330
244353
244376
244400
244423
244446
244469
244493
244516
244539
244563
244586
244609
244632
244656
244679
244702
244725
244749
244772
244795
244819
244842
244865
244888
244912
244935
244958
244981
245025
245048
245072
245095
245118
245142
245165
245189
245212
245235
245259
245282
245306
245329
245352
245376
245399
245423
245446
245469
245493
245516
245540
245563
245586
245610
245633
245657
245680
245703
245727
245750
245774
245797
245820
245844
245867
245891
245914
245937
245961
245984
246008
246031
246054
246078
246101
246125
246148
246171
246195
246218
246241
246265
246288
246312
246335
246358
246382
246405
246429
246452
246475
246499
246522
246546
246569
246592
246616
246639
246663
246686
246709
246733
246756
246780
246803
246826
246850
246873
246897
246920
246943
246967
246990
247014
247037
247060
247084
247107
247131
247154
247177
247201
247224
247248
247271
247294
247318
247341
247364
247388
247411
247435
247458
247481
247505
247528
247552
247575
247598
247622
247645
247669
247692
247715
247739
247762
247786
247809
247832
247856
247879
247903
247926
247949
247973
247996
248020
248043
248066
248090
248113
248137
248160
248183
248207
248230
248254
248277
248300
248324
248347
248371
248394
248417
248441
248464
248487
248511
248534
248558
248581
248604
248628
248651
248675
248698
248721
248745
248768
248792
248815
248838
248862
248885
248909
248932
248955
248979
249002
249026
249049
249072
249096
249119
249143
249166
249189
249213
249236
249260
249283
249306
249330
249353
249377
249400
249423
249447
249470
249494
249517
249540
249564
249587
249610
249634
249657
249681
249704
249727
249751
249774
249798
249821
249844
249868
249891
249915
249938
249961
249985
250026
250050
250074
250098
250122
250146
250171
250195
250219
250243
250267
250291
250316
250340
250364
250388
250412
250436
250461
250485
250509
250533
250557
250581
250606
250630
250654
250678
250702
250726
250751
250775
250799
250823
250847
250871
250895
250920
250944
250968
250992
251016
251040
251065
251089
251113
251137
251161
251185
251210
251234
251258
251282
251306
251330
251355
251379
251403
251427
251451
251475
251500
251524
251548
251572
251596
251620
251644
251669
251693
251717
251741
251765
251789
251814
251838
251862
251886
251910
251934
251959
251983
252007
252031
252055
252079
252104
252128
252152
252176
252200
252224
252249
252273
252297
252321
252345
252369
252393
252418
252442
252466
252490
252514
252538
252563
252587
252611
252635
252659
252683
252708
252732
252756
252780
252804
252828
252853
252877
252901
252925
252949
252973
252998
253022
253046
253070
253094
253118
253142
253167
253191
253215
253239
253263
253287
253312
253336
253360
253384
253408
253432
253457
253481
253505
253529
253553
253577
253602
253626
253650
253674
253698
253722
253747
253771
253795
253819
253843
253867
253891
253916
253940
253964
253988
254012
254036
254061
254085
254109
254133
254157
254181
254206
254230
254254
254278
254302
254326
254351
254375
254399
254423
254447
254471
254496
254520
254544
254568
254592
254616
254640
254665
254689
254713
254737
254761
254785
254810
254834
254858
254882
254906
254930
254955
254979
255027
255052
255077
255102
255127
255152
255177
255202
255227
255252
255277
255302
255327
255352
255377
255402
255427
255452
255477
255502
255527
255552
255577
255602
255628
255653
255678
255703
255728
255753
255778
255803
255828
255853
255878
255903
255928
255953
255978
256003
256028
256053
256078
256103
256128
256153
256178
256203
256228
256254
256279
256304
256329
256354
256379
256404
256429
256454
256479
256504
256529
256554
256579
256604
256629
256654
256679
256704
256729
256754
256779
256804
256829
256855
256880
256905
256930
256955
256980
257005
257030
257055
257080
257105
257130
257155
257180
257205
257230
257255
257280
257305
257330
257355
257380
257405
257430
257455
257481
257506
257531
257556
257581
257606
257631
257656
257681
257706
257731
257756
257781
257806
257831
257856
257881
257906
257931
257956
257981
258006
258031
258056
258082
258107
258132
258157
258182
258207
258232
258257
258282
258307
258332
258357
258382
258407
258432
258457
258482
258507
258532
258557
258582
258607
258632
258657
258682
258708
258733
258758
258783
258808
258833
258858
258883
258908
258933
258958
258983
259008
259033
259058
259083
259108
259133
259158
259183
259208
259233
259258
259283
259308
259334
259359
259384
259409
259434
259459
259484
259509
259534
259559
259584
259609
259634
259659
259684
259709
259734
259759
259784
259809
259834
259859
259884
259909
259935
259960
259985
260027
260052
260077
260102
260127
260152
260177
260202
260227
260252
260277
260302
260327
260352
260377
260402
260427
260452
260477
260502
260528
260553
260578
260603
260628
260653
260678
260703
260728
260753
260778
260803
260828
260853
260878
260903
260928
260953
260978
261003
261029
261054
261079
261104
261129
261154
261179
261204
261229
261254
261279
261304
261329
261354
261379
261404
261429
261454
261479
261504
261529
261555
261580
261605
261630
261655
261680
261705
261730
261755
261780
261805
261830
261855
261880
261905
261930
261955
261980
262005
262030
262056
262081
262106
262131
262156
262181
262206
262231
262256
262281
262306
262331
262356
262381
262406
262431
262456
262481
262506
262531
262557
262582
262607
262632
262657
262682
262707
262732
262757
262782
262807
262832
262857
262882
262907
262932
262957
262982
263007
263032
263057
263083
263108
263133
263158
263183
263208
263233
263258
263283
263308
263333
263358
263383
263408
263433
263458
263483
263508
263533
263558
263584
263609
263634
263659
263684
263709
263734
263759
263784
263809
263834
263859
263884
263909
263934
263959
263984
264009
264034
264059
264084
264110
264135
264160
264185
264210
264235
264260
264285
264310
264335
264360
264385
264410
264435
264460
264485
264510
264535
264560
264585
264611
264636
264661
264686
264711
264736
264761
264786
264811
264836
264861
264886
264911
264936
264961
264986
265027
265052
265077
265102
265128
265153
265178
265203
265228
265254
265279
265304
265329
265355
265380
265405
265430
265455
265481
265506
265531
265556
265582
265607
265632
265657
265682
265708
265733
265758
265783
265809
265834
265859
265884
265909
265935
265960
265985
266010
266035
266061
266086
266111
266136
266162
266187
266212
266237
266262
266288
266313
266338
266363
266389
266414
266439
266464
266489
266515
266540
266565
266590
266616
266641
266666
266691
266716
266742
266767
266792
266817
266842
266868
266893
266918
266943
266969
266994
267019
267044
267069
267095
267120
267145
267170
267196
267221
267246
267271
267296
267322
267347
267372
267397
267423
267448
267473
267498
267523
267549
267574
267599
267624
267650
267675
267700
267725
267750
267776
267801
267826
267851
267876
267902
267927
267952
267977
268003
268028
268053
268078
268103
268129
268154
268179
268204
268230
268255
268280
268305
268330
268356
268381
268406
268431
268457
268482
268507
268532
268557
268583
268608
268633
268658
268683
268709
268734
268759
268784
268810
268835
268860
268885
268910
268936
268961
268986
269011
269037
269062
269087
269112
269137
269163
269188
269213
269238
269264
269289
269314
269339
269364
269390
269415
269440
269465
269490
269516
269541
269566
269591
269617
269642
269667
269692
269717
269743
269768
269793
269818
269844
269869
269894
269919
269944
269970
269995
270028
270054
270080
270106
270132
270158
270184
270210
270236
270262
270288
270315
270341
270367
270393
270419
270445
270471
270497
270523
270549
270575
270602
270628
270654
270680
270706
270732
270758
270784
270810
270836
270862
270889
270915
270941
270967
270993
271019
271045
271071
271097
271123
271149
271175
271202
271228
271254
271280
271306
271332
271358
271384
271410
271436
271462
271489
271515
271541
271567
271593
271619
271645
271671
271697
271723
271749
271776
271802
271828
271854
271880
271906
271932
271958
271984
272010
272036
272063
272089
272115
272141
272167
272193
272219
272245
272271
272297
272323
272349
272376
272402
272428
272454
272480
272506
272532
272558
272584
272610
272636
272663
272689
272715
272741
272767
272793
272819
272845
272871
272897
272923
272950
272976
273002
273028
273054
273080
273106
273132
273158
273184
273210
273236
273263
273289
273315
273341
273367
273393
273419
273445
273471
273497
273523
273550
273576
273602
273628
273654
273680
273706
273732
273758
273784
273810
273837
273863
273889
273915
273941
273967
273993
274019
274045
274071
274097
274124
274150
274176
274202
274228
274254
274280
274306
274332
274358
274384
274410
274437
274463
274489
274515
274541
274567
274593
274619
274645
274671
274697
274724
274750
274776
274802
274828
274854
274880
274906
274932
274958
274984
275035
275069
275103
275137
275171
275205
275238
275272
275306
275340
275374
275408
275442
275475
275509
275543
275577
275611
275645
275679
275712
275746
275780
275814
275848
275882
275915
275949
275983
276017
276051
276085
276119
276152
276186
276220
276254
276288
276322
276356
276389
276423
276457
276491
276525
276559
276592
276626
276660
276694
276728
276762
276796
276829
276863
276897
276931
276965
276999
277033
277066
277100
277134
277168
277202
277236
277269
277303
277337
277371
277405
277439
277473
277506
277540
277574
277608
277642
277676
277710
277743
277777
277811
277845
277879
277913
277946
277980
278014
278048
278082
278116
278150
278183
278217
278251
278285
278319
278353
278387
278420
278454
278488
278522
278556
278590
278624
278657
278691
278725
278759
278793
278827
278860
278894
278928
278962
278996
279030
279064
279097
279131
279165
279199
279233
279267
279301
279334
279368
279402
279436
279470
279504
279537
279571
279605
279639
279673
279707
279741
279774
279808
279842
279876
279910
279944
279978
280027
280052
280077
280103
280128
280153
280179
280204
280229
280255
280280
280305
280331
280356
280381
280407
280432
280457
280482
280508
280533
280558
280584
280609
280634
280660
280685
280710
280736
280761
280786
280812
280837
280862
280888
280913
280938
280963
280989
281014
281039
281065
281090
281115
281141
281166
281191
281217
281242
281267
281293
281318
281343
281369
281394
281419
281444
281470
281495
281520
281546
281571
281596
281622
281647
281672
281698
281723
281748
281774
281799
281824
281849
281875
281900
281925
281951
281976
282001
282027
282052
282077
282103
282128
282153
282179
282204
282229
282255
282280
282305
282330
282356
282381
282406
282432
282457
282482
282508
282533
282558
282584
282609
282634
282660
282685
282710
282736
282761
282786
282811
282837
282862
282887
282913
282938
282963
282989
283014
283039
283065
283090
283115
283141
283166
283191
283216
283242
283267
283292
283318
283343
283368
283394
283419
283444
283470
283495
283520
283546
283571
283596
283622
283647
283672
283697
283723
283748
283773
283799
283824
283849
283875
283900
283925
283951
283976
284001
284027
284052
284077
284103
284128
284153
284178
284204
284229
284254
284280
284305
284330
284356
284381
284406
284432
284457
284482
284508
284533
284558
284583
284609
284634
284659
284685
284710
284735
284761
284786
284811
284837
284862
284887
284913
284938
284963
284989
285028
285054
285081
285107
285134
285160
285187
285213
285240
285266
285293
285319
285346
285372
285398
285425
285451
285478
285504
285531
285557
285584
285610
285637
285663
285690
285716
285742
285769
285795
285822
285848
285875
285901
285928
285954
285981
286007
286034
286060
286086
286113
286139
286166
286192
286219
286245
286272
286298
286325
286351
286378
286404
286430
286457
286483
286510
286536
286563
286589
286616
286642
286669
286695
286722
286748
286774
286801
286827
286854
286880
286907
286933
286960
286986
287013
287039
287066
287092
287118
287145
287171
287198
287224
287251
287277
287304
287330
287357
287383
287410
287436
287462
287489
287515
287542
287568
287595
287621
287648
287674
287701
287727
287754
287780
287806
287833
287859
287886
287912
287939
287965
287992
288018
288045
288071
288098
288124
288150
288177
288203
288230
288256
288283
288309
288336
288362
288389
288415
288442
288468
288494
288521
288547
288574
288600
288627
288653
288680
288706
288733
288759
288786
288812
288838
288865
288891
288918
288944
288971
288997
289024
289050
289077
289103
289130
289156
289183
289209
289235
289262
289288
289315
289341
289368
289394
289421
289447
289474
289500
289527
289553
289579
289606
289632
289659
289685
289712
289738
289765
289791
289818
289844
289871
289897
289923
289950
289976
290027
290052
290078
290103
290128
290154
290179
290205
290230
290255
290281
290306
290332
290357
290382
290408
290433
290458
290484
290509
290535
290560
290585
290611
290636
290662
290687
290712
290738
290763
290788
290814
290839
290865
290890
290915
290941
290966
290992
291017
291042
291068
291093
291118
291144
291169
291195
291220
291245
291271
291296
291322
291347
291372
291398
291423
291449
291474
291499
291525
291550
291575
291601
291626
291652
291677
291702
291728
291753
291779
291804
291829
291855
291880
291905
291931
291956
291982
292007
292032
292058
292083
292109
292134
292159
292185
292210
292235
292261
292286
292312
292337
292362
292388
292413
292439
292464
292489
292515
292540
292565
292591
292616
292642
292667
292692
292718
292743
292769
292794
292819
292845
292870
292896
292921
292946
292972
292997
293022
293048
293073
293099
293124
293149
293175
293200
293226
293251
293276
293302
293327
293352
293378
293403
293429
293454
293479
293505
293530
293556
293581
293606
293632
293657
293682
293708
293733
293759
293784
293809
293835
293860
293886
293911
293936
293962
293987
294013
294038
294063
294089
294114
294139
294165
294190
294216
294241
294266
294292
294317
294343
294368
294393
294419
294444
294469
294495
294520
294546
294571
294596
294622
294647
294673
294698
294723
294749
294774
294799
294825
294850
294876
294901
294926
294952
294977
295027
295052
295077
295103
295128
295153
295179
295204
295229
295254
295280
295305
295330
295356
295381
295406
295432
295457
295482
295507
295533
295558
295583
295609
295634
295659
295685
295710
295735
295760
295786
295811
295836
295862
295887
295912
295938
295963
295988
296013
296039
296064
296089
296115
296140
296165
296191
296216
296241
296266
296292
296317
296342
296368
296393
296418
296444
296469
296494
296519
296545
296570
296595
296621
296646
296671
296697
296722
296747
296772
296798
296823
296848
296874
296899
296924
296950
296975
297000
297025
297051
297076
297101
297127
297152
297177
297203
297228
297253
297278
297304
297329
297354
297380
297405
297430
297456
297481
297506
297531
297557
297582
297607
297633
297658
297683
297709
297734
297759
297784
297810
297835
297860
297886
297911
297936
297962
297987
298012
298037
298063
298088
298113
298139
298164
298189
298215
298240
298265
298290
298316
298341
298366
298392
298417
298442
298468
298493
298518
298543
298569
298594
298619
298645
298670
298695
298721
298746
298771
298796
298822
298847
298872
298898
298923
298948
298974
298999
299024
299049
299075
299100
299125
299151
299176
299201
299227
299252
299277
299302
299328
299353
299378
299404
299429
299454
299480
299505
299530
299555
299581
299606
299631
299657
299682
299707
299733
299758
299783
299808
299834
299859
299884
299910
299935
299960
299986
300026
300051
300075
300100
300125
300149
300174
300199
300223
300248
300272
300297
300322
300346
300371
300396
300420
300445
300469
300494
300519
300543
300568
300593
300617
300642
300666
300691
300716
300740
300765
300790
300814
300839
300863
300888
300913
300937
300962
300987
301011
301036
301061
301085
301110
301134
301159
301184
301208
301233
301258
301282
301307
301331
301356
301381
301405
301430
301455
301479
301504
301528
301553
301578
301602
301627
301652
301676
301701
301725
301750
301775
301799
301824
301849
301873
301898
301922
301947
301972
301996
302021
302046
302070
302095
302120
302144
302169
302193
302218
302243
302267
302292
302317
302341
302366
302390
302415
302440
302464
302489
302514
302538
302563
302587
302612
302637
302661
302686
302711
302735
302760
302784
302809
302834
302858
302883
302908
302932
302957
302981
303006
303031
303055
303080
303105
303129
303154
303179
303203
303228
303252
303277
303302
303326
303351
303376
303400
303425
303449
303474
303499
303523
303548
303573
303597
303622
303646
303671
303696
303720
303745
303770
303794
303819
303843
303868
303893
303917
303942
303967
303991
304016
304040
304065
304090
304114
304139
304164
304188
304213
304238
304262
304287
304311
304336
304361
304385
304410
304435
304459
304484
304508
304533
304558
304582
304607
304632
304656
304681
304705
304730
304755
304779
304804
304829
304853
304878
304902
304927
304952
304976
305001
305026
305051
305076
305101
305126
305150
305175
305200
305225
305250
305274
305299
305324
305349
305374
305399
305423
305448
305473
305498
305523
305547
305572
305597
305622
305647
305672
305696
305721
305746
305771
305796
305820
305845
305870
305895
305920
305945
305969
305994
306019
306044
306069
306093
306118
306143
306168
306193
306218
306242
306267
306292
306317
306342
306366
306391
306416
306441
306466
306491
306515
306540
306565
306590
306615
306639
306664
306689
306714
306739
306764
306788
306813
306838
306863
306888
306912
306937
306962
306987
307012
307037
307061
307086
307111
307136
307161
307185
307210
307235
307260
307285
307310
307334
307359
307384
307409
307434
307458
307483
307508
307533
307558
307583
307607
307632
307657
307682
307707
307731
307756
307781
307806
307831
307856
307880
307905
307930
307955
307980
308004
308029
308054
308079
308104
308129
308153
308178
308203
308228
308253
308277
308302
308327
308352
308377
308402
308426
308451
308476
308501
308526
308550
308575
308600
308625
308650
308675
308699
308724
308749
308774
308799
308823
308848
308873
308898
308923
308948
308972
308997
309022
309047
309072
309096
309121
309146
309171
309196
309221
309245
309270
309295
309320
309345
309369
309394
309419
309444
309469
309494
309518
309543
309568
309593
309618
309642
309667
309692
309717
309742
309767
309791
309816
309841
309866
309891
309915
309940
309965
309990
310030
310059
310088
310117
310146
310174
310203
310232
310261
310290
310318
310347
310376
310405
310434
310462
310491
310520
310549
310578
310607
310635
310664
310693
310722
310751
310779
310808
310837
310866
310895
310923
310952
310981
311010
311039
311068
311096
311125
311154
311183
311212
311240
311269
311298
311327
311356
311384
311413
311442
311471
311500
311529
311557
311586
311615
311644
311673
311701
311730
311759
311788
311817
311845
311874
311903
311932
311961
311990
312018
312047
312076
312105
312134
312162
312191
312220
312249
312278
312306
312335
312364
312393
312422
312451
312479
312508
312537
312566
312595
312623
312652
312681
312710
312739
312767
312796
312825
312854
312883
312912
312940
312969
312998
313027
313056
313084
313113
313142
313171
313200
313228
313257
313286
313315
313344
313373
313401
313430
313459
313488
313517
313545
313574
313603
313632
313661
313689
313718
313747
313776
313805
313834
313862
313891
313920
313949
313978
314006
314035
314064
314093
314122
314150
314179
314208
314237
314266
314295
314323
314352
314381
314410
314439
314467
314496
314525
314554
314583
314611
314640
314669
314698
314727
314756
314784
314813
314842
314871
314900
314928
314957
314986
315031
315060
315090
315119
315148
315178
315207
315237
315266
315295
315325
315354
315384
315413
315442
315472
315501
315530
315560
315589
315619
315648
315677
315707
315736
315766
315795
315824
315854
315883
315912
315942
315971
316001
316030
316059
316089
316118
316148
316177
316206
316236
316265
316295
316324
316353
316383
316412
316441
316471
316500
316530
316559
316588
316618
316647
316677
316706
316735
316765
316794
316823
316853
316882
316912
316941
316970
317000
317029
317059
317088
317117
317147
317176
317205
317235
317264
317294
317323
317352
317382
317411
317441
317470
317499
317529
317558
317588
317617
317646
317676
317705
317734
317764
317793
317823
317852
317881
317911
317940
317970
317999
318028
318058
318087
318116
318146
318175
318205
318234
318263
318293
318322
318352
318381
318410
318440
318469
318499
318528
318557
318587
318616
318645
318675
318704
318734
318763
318792
318822
318851
318881
318910
318939
318969
318998
319027
319057
319086
319116
319145
319174
319204
319233
319263
319292
319321
319351
319380
319409
319439
319468
319498
319527
319556
319586
319615
319645
319674
319703
319733
319762
319792
319821
319850
319880
319909
319938
319968
319997
