0
26
50
74
98
122
146
170
194
219
243
267
291
315
339
363
387
411
436
460
484
508
532
556
580
604
629
653
677
701
725
749
773
797
821
846
870
894
918
942
966
990
1014
1039
1063
1087
1111
1135
1159
1183
1207
1231
1256
1280
1304
1328
1352
1376
1400
1424
1449
1473
1497
1521
1545
1569
1593
1617
1641
1666
1690
1714
1738
1762
1786
1810
1834
1859
1883
1907
1931
1955
1979
2003
2027
2051
2076
2100
2124
2148
2172
2196
2220
2244
2269
2293
2317
2341
2365
2389
2413
2437
2461
2486
2510
2534
2558
2582
2606
2630
2654
2679
2703
2727
2751
2775
2799
2823
2847
2871
2896
2920
2944
2968
2992
3016
3040
3064
3089
3113
3137
3161
3185
3209
3233
3257
3281
3306
3330
3354
3378
3402
3426
3450
3474
3498
3523
3547
3571
3595
3619
3643
3667
3691
3716
3740
3764
3788
3812
3836
3860
3884
3908
3933
3957
3981
4005
4029
4053
4077
4101
4126
4150
4174
4198
4222
4246
4270
4294
4318
4343
4367
4391
4415
4439
4463
4487
4511
4536
4560
4584
4608
4632
4656
4680
4704
4728
4753
4777
4801
4825
4849
4873
4897
4921
4946
4970
4994
5025
5049
5072
5096
5120
5143
5167
5191
5214
5238
5262
5285
5309
5333
5356
5380
5404
5427
5451
5475
5498
5522
5546
5569
5593
5617
5640
5664
5688
5711
5735
5759
5782
5806
5830
5853
5877
5901
5924
5948
5972
5995
6019
6043
6066
6090
6114
6137
6161
6185
6208
6232
6256
6279
6303
6327
6350
6374
6398
6421
6445
6469
6492
6516
6540
6563
6587
6611
6634
6658
6682
6705
6729
6753
6776
6800
6824
6847
6871
6895
6918
6942
6966
6989
7013
7037
7060
7084
7108
7131
7155
7179
7202
7226
7250
7273
7297
7321
7344
7368
7392
7415
7439
7463
7486
7510
7534
7557
7581
7605
7628
7652
7676
7699
7723
7747
7770
7794
7818
7841
7865
7889
7912
7936
7960
7983
8007
8031
8054
8078
8102
8125
8149
8173
8196
8220
8244
8267
8291
8315
8338
8362
8386
8409
8433
8457
8480
8504
8528
8551
8575
8599
8622
8646
8670
8693
8717
8741
8764
8788
8812
8835
8859
8883
8906
8930
8954
8977
9001
9025
9048
9072
9096
9119
9143
9167
9190
9214
9238
9261
9285
9309
9332
9356
9380
9403
9427
9451
9474
9498
9522
9545
9569
9593
9616
9640
9664
9687
9711
9735
9758
9782
9806
9829
9853
9877
9900
9924
9948
9971
9995
10037
10072
10108
10143
10178
10214
10249
10284
10320
10355
10391
10426
10461
10497
10532
10567
10603
10638
10674
10709
10744
10780
10815
10850
10886
10921
10956
10992
11027
11063
11098
11133
11169
11204
11239
11275
11310
11346
11381
11416
11452
11487
11522
11558
11593
11629
11664
11699
11735
11770
11805
11841
11876
11911
11947
11982
12018
12053
12088
12124
12159
12194
12230
12265
12301
12336
12371
12407
12442
12477
12513
12548
12584
12619
12654
12690
12725
12760
12796
12831
12866
12902
12937
12973
13008
13043
13079
13114
13149
13185
13220
13256
13291
13326
13362
13397
13432
13468
13503
13539
13574
13609
13645
13680
13715
13751
13786
13821
13857
13892
13928
13963
13998
14034
14069
14104
14140
14175
14211
14246
14281
14317
14352
14387
14423
14458
14493
14529
14564
14600
14635
14670
14706
14741
14776
14812
14847
14883
14918
14953
14989
15033
15065
15096
15128
15160
15191
15223
15255
15286
15318
15350
15381
15413
15445
15476
15508
15540
15571
15603
15635
15666
15698
15730
15761
15793
15824
15856
15888
15919
15951
15983
16014
16046
16078
16109
16141
16173
16204
16236
16268
16299
16331
16363
16394
16426
16458
16489
16521
16552
16584
16616
16647
16679
16711
16742
16774
16806
16837
16869
16901
16932
16964
16996
17027
17059
17091
17122
17154
17186
17217
17249
17280
17312
17344
17375
17407
17439
17470
17502
17534
17565
17597
17629
17660
17692
17724
17755
17787
17819
17850
17882
17914
17945
17977
18008
18040
18072
18103
18135
18167
18198
18230
18262
18293
18325
18357
18388
18420
18452
18483
18515
18547
18578
18610
18642
18673
18705
18736
18768
18800
18831
18863
18895
18926
18958
18990
19021
19053
19085
19116
19148
19180
19211
19243
19275
19306
19338
19370
19401
19433
19464
19496
19528
19559
19591
19623
19654
19686
19718
19749
19781
19813
19844
19876
19908
19939
19971
20028
20055
20081
20108
20134
20161
20188
20214
20241
20267
20294
20321
20347
20374
20400
20427
20453
20480
20507
20533
20560
20586
20613
20640
20666
20693
20719
20746
20773
20799
20826
20852
20879
20905
20932
20959
20985
21012
21038
21065
21092
21118
21145
21171
21198
21225
21251
21278
21304
21331
21357
21384
21411
21437
21464
21490
21517
21544
21570
21597
21623
21650
21677
21703
21730
21756
21783
21809
21836
21863
21889
21916
21942
21969
21996
22022
22049
22075
22102
22128
22155
22182
22208
22235
22261
22288
22315
22341
22368
22394
22421
22448
22474
22501
22527
22554
22580
22607
22634
22660
22687
22713
22740
22767
22793
22820
22846
22873
22900
22926
22953
22979
23006
23032
23059
23086
23112
23139
23165
23192
23219
23245
23272
23298
23325
23352
23378
23405
23431
23458
23484
23511
23538
23564
23591
23617
23644
23671
23697
23724
23750
23777
23804
23830
23857
23883
23910
23936
23963
23990
24016
24043
24069
24096
24123
24149
24176
24202
24229
24255
24282
24309
24335
24362
24388
24415
24442
24468
24495
24521
24548
24575
24601
24628
24654
24681
24707
24734
24761
24787
24814
24840
24867
24894
24920
24947
24973
25000
25034
25066
25099
25131
25164
25196
25229
25261
25294
25326
25359
25391
25424
25456
25489
25521
25554
25586
25619
25651
25684
25716
25749
25781
25814
25846
25879
25911
25944
25976
26008
26041
26073
26106
26138
26171
26203
26236
26268
26301
26333
26366
26398
26431
26463
26496
26528
26561
26593
26626
26658
26691
26723
26756
26788
26821
26853
26886
26918
26951
26983
27015
27048
27080
27113
27145
27178
27210
27243
27275
27308
27340
27373
27405
27438
27470
27503
27535
27568
27600
27633
27665
27698
27730
27763
27795
27828
27860
27893
27925
27957
27990
28022
28055
28087
28120
28152
28185
28217
28250
28282
28315
28347
28380
28412
28445
28477
28510
28542
28575
28607
28640
28672
28705
28737
28770
28802
28835
28867
28900
28932
28964
28997
29029
29062
29094
29127
29159
29192
29224
29257
29289
29322
29354
29387
29419
29452
29484
29517
29549
29582
29614
29647
29679
29712
29744
29777
29809
29842
29874
29906
29939
29971
30027
30053
30078
30104
30130
30155
30181
30206
30232
30258
30283
30309
30334
30360
30386
30411
30437
30463
30488
30514
30539
30565
30591
30616
30642
30667
30693
30719
30744
30770
30796
30821
30847
30872
30898
30924
30949
30975
31000
31026
31052
31077
31103
31129
31154
31180
31205
31231
31257
31282
31308
31333
31359
31385
31410
31436
31462
31487
31513
31538
31564
31590
31615
31641
31666
31692
31718
31743
31769
31795
31820
31846
31871
31897
31923
31948
31974
31999
32025
32051
32076
32102
32128
32153
32179
32204
32230
32256
32281
32307
32332
32358
32384
32409
32435
32461
32486
32512
32537
32563
32589
32614
32640
32665
32691
32717
32742
32768
32794
32819
32845
32870
32896
32922
32947
32973
32998
33024
33050
33075
33101
33126
33152
33178
33203
33229
33255
33280
33306
33331
33357
33383
33408
33434
33459
33485
33511
33536
33562
33588
33613
33639
33664
33690
33716
33741
33767
33792
33818
33844
33869
33895
33921
33946
33972
33997
34023
34049
34074
34100
34125
34151
34177
34202
34228
34254
34279
34305
34330
34356
34382
34407
34433
34458
34484
34510
34535
34561
34587
34612
34638
34663
34689
34715
34740
34766
34791
34817
34843
34868
34894
34920
34945
34971
34996
35026
35050
35074
35098
35123
35147
35171
35195
35219
35244
35268
35292
35316
35340
35365
35389
35413
35437
35461
35486
35510
35534
35558
35582
35607
35631
35655
35679
35704
35728
35752
35776
35800
35825
35849
35873
35897
35921
35946
35970
35994
36018
36042
36067
36091
36115
36139
36163
36188
36212
36236
36260
36284
36309
36333
36357
36381
36406
36430
36454
36478
36502
36527
36551
36575
36599
36623
36648
36672
36696
36720
36744
36769
36793
36817
36841
36865
36890
36914
36938
36962
36986
37011
37035
37059
37083
37108
37132
37156
37180
37204
37229
37253
37277
37301
37325
37350
37374
37398
37422
37446
37471
37495
37519
37543
37567
37592
37616
37640
37664
37689
37713
37737
37761
37785
37810
37834
37858
37882
37906
37931
37955
37979
38003
38027
38052
38076
38100
38124
38148
38173
38197
38221
38245
38269
38294
38318
38342
38366
38391
38415
38439
38463
38487
38512
38536
38560
38584
38608
38633
38657
38681
38705
38729
38754
38778
38802
38826
38850
38875
38899
38923
38947
38971
38996
39020
39044
39068
39093
39117
39141
39165
39189
39214
39238
39262
39286
39310
39335
39359
39383
39407
39431
39456
39480
39504
39528
39552
39577
39601
39625
39649
39673
39698
39722
39746
39770
39795
39819
39843
39867
39891
39916
39940
39964
39988
40027
40053
40079
40105
40130
40156
40182
40208
40233
40259
40285
40311
40336
40362
40388
40414
40439
40465
40491
40517
40542
40568
40594
40620
40645
40671
40697
40723
40748
40774
40800
40826
40851
40877
40903
40929
40954
40980
41006
41032
41057
41083
41109
41135
41160
41186
41212
41238
41263
41289
41315
41341
41366
41392
41418
41444
41469
41495
41521
41547
41572
41598
41624
41650
41675
41701
41727
41753
41778
41804
41830
41856
41881
41907
41933
41959
41984
42010
42036
42062
42087
42113
42139
42165
42190
42216
42242
42268
42293
42319
42345
42371
42396
42422
42448
42474
42499
42525
42551
42577
42602
42628
42654
42680
42705
42731
42757
42783
42808
42834
42860
42886
42911
42937
42963
42989
43015
43040
43066
43092
43118
43143
43169
43195
43221
43246
43272
43298
43324
43349
43375
43401
43427
43452
43478
43504
43530
43555
43581
43607
43633
43658
43684
43710
43736
43761
43787
43813
43839
43864
43890
43916
43942
43967
43993
44019
44045
44070
44096
44122
44148
44173
44199
44225
44251
44276
44302
44328
44354
44379
44405
44431
44457
44482
44508
44534
44560
44585
44611
44637
44663
44688
44714
44740
44766
44791
44817
44843
44869
44894
44920
44946
44972
44997
45026
45051
45076
45101
45126
45150
45175
45200
45225
45250
45275
45299
45324
45349
45374
45399
45423
45448
45473
45498
45523
45548
45572
45597
45622
45647
45672
45697
45721
45746
45771
45796
45821
45845
45870
45895
45920
45945
45970
45994
46019
46044
46069
46094
46119
46143
46168
46193
46218
46243
46267
46292
46317
46342
46367
46392
46416
46441
46466
46491
46516
46541
46565
46590
46615
46640
46665
46689
46714
46739
46764
46789
46814
46838
46863
46888
46913
46938
46962
46987
47012
47037
47062
47087
47111
47136
47161
47186
47211
47236
47260
47285
47310
47335
47360
47384
47409
47434
47459
47484
47509
47533
47558
47583
47608
47633
47658
47682
47707
47732
47757
47782
47806
47831
47856
47881
47906
47931
47955
47980
48005
48030
48055
48080
48104
48129
48154
48179
48204
48228
48253
48278
48303
48328
48353
48377
48402
48427
48452
48477
48501
48526
48551
48576
48601
48626
48650
48675
48700
48725
48750
48775
48799
48824
48849
48874
48899
48923
48948
48973
48998
49023
49048
49072
49097
49122
49147
49172
49197
49221
49246
49271
49296
49321
49345
49370
49395
49420
49445
49470
49494
49519
49544
49569
49594
49619
49643
49668
49693
49718
49743
49767
49792
49817
49842
49867
49892
49916
49941
49966
49991
50027
50053
50079
50105
50131
50157
50183
50209
50235
50261
50287
50313
50339
50365
50391
50417
50443
50469
50495
50521
50547
50573
50599
50625
50651
50677
50703
50729
50755
50781
50807
50833
50859
50885
50911
50937
50963
50989
51015
51041
51067
51093
51119
51145
51171
51197
51223
51249
51275
51301
51327
51353
51379
51405
51431
51457
51483
51509
51535
51561
51587
51613
51639
51665
51691
51717
51743
51769
51795
51821
51847
51873
51899
51925
51951
51977
52003
52029
52055
52081
52107
52133
52159
52185
52211
52237
52263
52289
52315
52341
52367
52393
52419
52445
52471
52497
52523
52549
52575
52601
52627
52653
52679
52705
52731
52757
52783
52809
52835
52861
52887
52913
52939
52965
52991
53017
53043
53069
53095
53121
53147
53173
53199
53225
53251
53277
53303
53329
53355
53381
53407
53433
53459
53485
53511
53537
53563
53589
53615
53641
53667
53693
53719
53745
53771
53797
53823
53849
53875
53901
53927
53953
53979
54005
54031
54057
54083
54109
54135
54160
54186
54212
54238
54264
54290
54316
54342
54368
54394
54420
54446
54472
54498
54524
54550
54576
54602
54628
54654
54680
54706
54732
54758
54784
54810
54836
54862
54888
54914
54940
54966
54992
55026
55050
55074
55099
55123
55147
55172
55196
55220
55245
55269
55293
55318
55342
55366
55391
55415
55439
55464
55488
55512
55537
55561
55585
55609
55634
55658
55682
55707
55731
55755
55780
55804
55828
55853
55877
55901
55926
55950
55974
55999
56023
56047
56072
56096
56120
56144
56169
56193
56217
56242
56266
56290
56315
56339
56363
56388
56412
56436
56461
56485
56509
56534
56558
56582
56607
56631
56655
56680
56704
56728
56752
56777
56801
56825
56850
56874
56898
56923
56947
56971
56996
57020
57044
57069
57093
57117
57142
57166
57190
57215
57239
57263
57287
57312
57336
57360
57385
57409
57433
57458
57482
57506
57531
57555
57579
57604
57628
57652
57677
57701
57725
57750
57774
57798
57823
57847
57871
57895
57920
57944
57968
57993
58017
58041
58066
58090
58114
58139
58163
58187
58212
58236
58260
58285
58309
58333
58358
58382
58406
58430
58455
58479
58503
58528
58552
58576
58601
58625
58649
58674
58698
58722
58747
58771
58795
58820
58844
58868
58893
58917
58941
58966
58990
59014
59038
59063
59087
59111
59136
59160
59184
59209
59233
59257
59282
59306
59330
59355
59379
59403
59428
59452
59476
59501
59525
59549
59573
59598
59622
59646
59671
59695
59719
59744
59768
59792
59817
59841
59865
59890
59914
59938
59963
59987
60028
60055
60082
60109
60136
60162
60189
60216
60243
60270
60296
60323
60350
60377
60404
60430
60457
60484
60511
60538
60564
60591
60618
60645
60672
60698
60725
60752
60779
60806
60833
60859
60886
60913
60940
60967
60993
61020
61047
61074
61101
61127
61154
61181
61208
61235
61261
61288
61315
61342
61369
61395
61422
61449
61476
61503
61529
61556
61583
61610
61637
61664
61690
61717
61744
61771
61798
61824
61851
61878
61905
61932
61958
61985
62012
62039
62066
62092
62119
62146
62173
62200
62226
62253
62280
62307
62334
62360
62387
62414
62441
62468
62495
62521
62548
62575
62602
62629
62655
62682
62709
62736
62763
62789
62816
62843
62870
62897
62923
62950
62977
63004
63031
63057
63084
63111
63138
63165
63191
63218
63245
63272
63299
63326
63352
63379
63406
63433
63460
63486
63513
63540
63567
63594
63620
63647
63674
63701
63728
63754
63781
63808
63835
63862
63888
63915
63942
63969
63996
64022
64049
64076
64103
64130
64157
64183
64210
64237
64264
64291
64317
64344
64371
64398
64425
64451
64478
64505
64532
64559
64585
64612
64639
64666
64693
64719
64746
64773
64800
64827
64854
64880
64907
64934
64961
64988
65028
65055
65082
65108
65135
65162
65188
65215
65242
65268
65295
65322
65349
65375
65402
65429
65455
65482
65509
65535
65562
65589
65615
65642
65669
65696
65722
65749
65776
65802
65829
65856
65882
65909
65936
65962
65989
66016
66043
66069
66096
66123
66149
66176
66203
66229
66256
66283
66310
66336
66363
66390
66416
66443
66470
66496
66523
66550
66576
66603
66630
66657
66683
66710
66737
66763
66790
66817
66843
66870
66897
66923
66950
66977
67004
67030
67057
67084
67110
67137
67164
67190
67217
67244
67270
67297
67324
67351
67377
67404
67431
67457
67484
67511
67537
67564
67591
67618
67644
67671
67698
67724
67751
67778
67804
67831
67858
67884
67911
67938
67965
67991
68018
68045
68071
68098
68125
68151
68178
68205
68231
68258
68285
68312
68338
68365
68392
68418
68445
68472
68498
68525
68552
68578
68605
68632
68659
68685
68712
68739
68765
68792
68819
68845
68872
68899
68926
68952
68979
69006
69032
69059
69086
69112
69139
69166
69192
69219
69246
69273
69299
69326
69353
69379
69406
69433
69459
69486
69513
69539
69566
69593
69620
69646
69673
69700
69726
69753
69780
69806
69833
69860
69886
69913
69940
69967
69993
70027
70053
70078
70104
70129
70155
70181
70206
70232
70257
70283
70308
70334
70360
70385
70411
70436
70462
70487
70513
70539
70564
70590
70615
70641
70666
70692
70718
70743
70769
70794
70820
70845
70871
70897
70922
70948
70973
70999
71024
71050
71076
71101
71127
71152
71178
71203
71229
71255
71280
71306
71331
71357
71382
71408
71434
71459
71485
71510
71536
71561
71587
71613
71638
71664
71689
71715
71740
71766
71792
71817
71843
71868
71894
71919
71945
71971
71996
72022
72047
72073
72098
72124
72150
72175
72201
72226
72252
72277
72303
72329
72354
72380
72405
72431
72456
72482
72508
72533
72559
72584
72610
72635
72661
72687
72712
72738
72763
72789
72814
72840
72866
72891
72917
72942
72968
72993
73019
73045
73070
73096
73121
73147
73172
73198
73224
73249
73275
73300
73326
73351
73377
73403
73428
73454
73479
73505
73530
73556
73582
73607
73633
73658
73684
73709
73735
73761
73786
73812
73837
73863
73888
73914
73940
73965
73991
74016
74042
74067
74093
74119
74144
74170
74195
74221
74246
74272
74298
74323
74349
74374
74400
74425
74451
74477
74502
74528
74553
74579
74604
74630
74656
74681
74707
74732
74758
74783
74809
74835
74860
74886
74911
74937
74963
74988
75030
75059
75087
75116
75144
75173
75201
75230
75258
75287
75316
75344
75373
75401
75430
75458
75487
75515
75544
75573
75601
75630
75658
75687
75715
75744
75772
75801
75829
75858
75887
75915
75944
75972
76001
76029
76058
76086
76115
76144
76172
76201
76229
76258
76286
76315
76343
76372
76401
76429
76458
76486
76515
76543
76572
76600
76629
76657
76686
76715
76743
76772
76800
76829
76857
76886
76914
76943
76972
77000
77029
77057
77086
77114
77143
77171
77200
77229
77257
77286
77314
77343
77371
77400
77428
77457
77485
77514
77543
77571
77600
77628
77657
77685
77714
77742
77771
77800
77828
77857
77885
77914
77942
77971
77999
78028
78057
78085
78114
78142
78171
78199
78228
78256
78285
78313
78342
78371
78399
78428
78456
78485
78513
78542
78570
78599
78628
78656
78685
78713
78742
78770
78799
78827
78856
78885
78913
78942
78970
78999
79027
79056
79084
79113
79141
79170
79199
79227
79256
79284
79313
79341
79370
79398
79427
79456
79484
79513
79541
79570
79598
79627
79655
79684
79713
79741
79770
79798
79827
79855
79884
79912
79941
79969
79998
80026
80051
80075
80100
80124
80149
80173
80198
80222
80247
80271
80296
80321
80345
80370
80394
80419
80443
80468
80492
80517
80541
80566
80591
80615
80640
80664
80689
80713
80738
80762
80787
80811
80836
80861
80885
80910
80934
80959
80983
81008
81032
81057
81081
81106
81130
81155
81180
81204
81229
81253
81278
81302
81327
81351
81376
81400
81425
81450
81474
81499
81523
81548
81572
81597
81621
81646
81670
81695
81720
81744
81769
81793
81818
81842
81867
81891
81916
81940
81965
81990
82014
82039
82063
82088
82112
82137
82161
82186
82210
82235
82259
82284
82309
82333
82358
82382
82407
82431
82456
82480
82505
82529
82554
82579
82603
82628
82652
82677
82701
82726
82750
82775
82799
82824
82849
82873
82898
82922
82947
82971
82996
83020
83045
83069
83094
83119
83143
83168
83192
83217
83241
83266
83290
83315
83339
83364
83388
83413
83438
83462
83487
83511
83536
83560
83585
83609
83634
83658
83683
83708
83732
83757
83781
83806
83830
83855
83879
83904
83928
83953
83978
84002
84027
84051
84076
84100
84125
84149
84174
84198
84223
84248
84272
84297
84321
84346
84370
84395
84419
84444
84468
84493
84517
84542
84567
84591
84616
84640
84665
84689
84714
84738
84763
84787
84812
84837
84861
84886
84910
84935
84959
84984
85027
85052
85077
85102
85127
85152
85178
85203
85228
85253
85278
85303
85329
85354
85379
85404
85429
85454
85480
85505
85530
85555
85580
85605
85630
85656
85681
85706
85731
85756
85781
85807
85832
85857
85882
85907
85932
85958
85983
86008
86033
86058
86083
86108
86134
86159
86184
86209
86234
86259
86285
86310
86335
86360
86385
86410
86436
86461
86486
86511
86536
86561
86587
86612
86637
86662
86687
86712
86737
86763
86788
86813
86838
86863
86888
86914
86939
86964
86989
87014
87039
87065
87090
87115
87140
87165
87190
87215
87241
87266
87291
87316
87341
87366
87392
87417
87442
87467
87492
87517
87543
87568
87593
87618
87643
87668
87693
87719
87744
87769
87794
87819
87844
87870
87895
87920
87945
87970
87995
88021
88046
88071
88096
88121
88146
88172
88197
88222
88247
88272
88297
88322
88348
88373
88398
88423
88448
88473
88499
88524
88549
88574
88599
88624
88650
88675
88700
88725
88750
88775
88800
88826
88851
88876
88901
88926
88951
88977
89002
89027
89052
89077
89102
89128
89153
89178
89203
89228
89253
89278
89304
89329
89354
89379
89404
89429
89455
89480
89505
89530
89555
89580
89606
89631
89656
89681
89706
89731
89757
89782
89807
89832
89857
89882
89907
89933
89958
89983
90032
90062
90092
90122
90152
90182
90212
90242
90272
90302
90332
90362
90392
90422
90452
90482
90512
90542
90572
90602
90632
90662
90692
90722
90752
90782
90812
90842
90872
90902
90932
90962
90992
91022
91052
91082
91112
91142
91172
91202
91232
91262
91292
91322
91352
91382
91412
91442
91472
91502
91532
91562
91592
91622
91652
91682
91712
91742
91772
91802
91832
91862
91892
91922
91952
91982
92012
92042
92072
92102
92132
92162
92192
92222
92253
92283
92313
92343
92373
92403
92433
92463
92493
92523
92553
92583
92613
92643
92673
92703
92733
92763
92793
92823
92853
92883
92913
92943
92973
93003
93033
93063
93093
93123
93153
93183
93213
93243
93273
93303
93333
93363
93393
93423
93453
93483
93513
93543
93573
93603
93633
93663
93693
93723
93753
93783
93813
93843
93873
93903
93933
93963
93993
94023
94053
94083
94113
94143
94173
94203
94233
94263
94293
94323
94353
94383
94413
94443
94474
94504
94534
94564
94594
94624
94654
94684
94714
94744
94774
94804
94834
94864
94894
94924
94954
94984
95024
95046
95068
95091
95113
95135
95158
95180
95202
95225
95247
95269
95292
95314
95336
95359
95381
95403
95425
95448
95470
95492
95515
95537
95559
95582
95604
95626
95649
95671
95693
95716
95738
95760
95783
95805
95827
95849
95872
95894
95916
95939
95961
95983
96006
96028
96050
96073
96095
96117
96140
96162
96184
96207
96229
96251
96273
96296
96318
96340
96363
96385
96407
96430
96452
96474
96497
96519
96541
96564
96586
96608
96631
96653
96675
96697
96720
96742
96764
96787
96809
96831
96854
96876
96898
96921
96943
96965
96988
97010
97032
97055
97077
97099
97121
97144
97166
97188
97211
97233
97255
97278
97300
97322
97345
97367
97389
97412
97434
97456
97479
97501
97523
97545
97568
97590
97612
97635
97657
97679
97702
97724
97746
97769
97791
97813
97836
97858
97880
97903
97925
97947
97969
97992
98014
98036
98059
98081
98103
98126
98148
98170
98193
98215
98237
98260
98282
98304
98327
98349
98371
98393
98416
98438
98460
98483
98505
98527
98550
98572
98594
98617
98639
98661
98684
98706
98728
98751
98773
98795
98817
98840
98862
98884
98907
98929
98951
98974
98996
99018
99041
99063
99085
99108
99130
99152
99175
99197
99219
99241
99264
99286
99308
99331
99353
99375
99398
99420
99442
99465
99487
99509
99532
99554
99576
99599
99621
99643
99665
99688
99710
99732
99755
99777
99799
99822
99844
99866
99889
99911
99933
99956
99978
100000
100025
100049
100072
100096
100119
100143
100166
100190
100214
100237
100261
100284
100308
100331
100355
100379
100402
100426
100449
100473
100496
100520
100544
100567
100591
100614
100638
100661
100685
100709
100732
100756
100779
100803
100826
100850
100874
100897
100921
100944
100968
100991
101015
101039
101062
101086
101109
101133
101156
101180
101204
101227
101251
101274
101298
101321
101345
101369
101392
101416
101439
101463
101486
101510
101534
101557
101581
101604
101628
101651
101675
101699
101722
101746
101769
101793
101816
101840
101864
101887
101911
101934
101958
101981
102005
102029
102052
102076
102099
102123
102146
102170
102194
102217
102241
102264
102288
102311
102335
102359
102382
102406
102429
102453
102476
102500
102524
102547
102571
102594
102618
102641
102665
102689
102712
102736
102759
102783
102806
102830
102854
102877
102901
102924
102948
102971
102995
103019
103042
103066
103089
103113
103136
103160
103184
103207
103231
103254
103278
103301
103325
103349
103372
103396
103419
103443
103466
103490
103514
103537
103561
103584
103608
103631
103655
103679
103702
103726
103749
103773
103796
103820
103844
103867
103891
103914
103938
103961
103985
104009
104032
104056
104079
104103
104126
104150
104174
104197
104221
104244
104268
104291
104315
104339
104362
104386
104409
104433
104456
104480
104504
104527
104551
104574
104598
104621
104645
104669
104692
104716
104739
104763
104786
104810
104834
104857
104881
104904
104928
104951
104975
104999
105026
105050
105074
105098
105122
105146
105170
105194
105218
105242
105266
105290
105314
105338
105362
105386
105410
105434
105458
105482
105507
105531
105555
105579
105603
105627
105651
105675
105699
105723
105747
105771
105795
105819
105843
105867
105891
105915
105939
105963
105987
106012
106036
106060
106084
106108
106132
106156
106180
106204
106228
106252
106276
106300
106324
106348
106372
106396
106420
106444
106468
106492
106517
106541
106565
106589
106613
106637
106661
106685
106709
106733
106757
106781
106805
106829
106853
106877
106901
106925
106949
106973
106997
107022
107046
107070
107094
107118
107142
107166
107190
107214
107238
107262
107286
107310
107334
107358
107382
107406
107430
107454
107478
107503
107527
107551
107575
107599
107623
107647
107671
107695
107719
107743
107767
107791
107815
107839
107863
107887
107911
107935
107959
107983
108008
108032
108056
108080
108104
108128
108152
108176
108200
108224
108248
108272
108296
108320
108344
108368
108392
108416
108440
108464
108488
108513
108537
108561
108585
108609
108633
108657
108681
108705
108729
108753
108777
108801
108825
108849
108873
108897
108921
108945
108969
108993
109018
109042
109066
109090
109114
109138
109162
109186
109210
109234
109258
109282
109306
109330
109354
109378
109402
109426
109450
109474
109498
109523
109547
109571
109595
109619
109643
109667
109691
109715
109739
109763
109787
109811
109835
109859
109883
109907
109931
109955
109979
110028
110055
110082
110109
110136
110163
110189
110216
110243
110270
110297
110324
110351
110377
110404
110431
110458
110485
110512
110538
110565
110592
110619
110646
110673
110700
110726
110753
110780
110807
110834
110861
110888
110914
110941
110968
110995
111022
111049
111075
111102
111129
111156
111183
111210
111237
111263
111290
111317
111344
111371
111398
111425
111451
111478
111505
111532
111559
111586
111612
111639
111666
111693
111720
111747
111774
111800
111827
111854
111881
111908
111935
111962
111988
112015
112042
112069
112096
112123
112149
112176
112203
112230
112257
112284
112311
112337
112364
112391
112418
112445
112472
112499
112525
112552
112579
112606
112633
112660
112686
112713
112740
112767
112794
112821
112848
112874
112901
112928
112955
112982
113009
113036
113062
113089
113116
113143
113170
113197
113223
113250
113277
113304
113331
113358
113385
113411
113438
113465
113492
113519
113546
113573
113599
113626
113653
113680
113707
113734
113760
113787
113814
113841
113868
113895
113922
113948
113975
114002
114029
114056
114083
114110
114136
114163
114190
114217
114244
114271
114297
114324
114351
114378
114405
114432
114459
114485
114512
114539
114566
114593
114620
114647
114673
114700
114727
114754
114781
114808
114834
114861
114888
114915
114942
114969
114996
115025
115048
115072
115095
115118
115142
115165
115188
115212
115235
115259
115282
115305
115329
115352
115375
115399
115422
115446
115469
115492
115516
115539
115562
115586
115609
115633
115656
115679
115703
115726
115749
115773
115796
115819
115843
115866
115890
115913
115936
115960
115983
116006
116030
116053
116077
116100
116123
116147
116170
116193
116217
116240
116264
116287
116310
116334
116357
116380
116404
116427
116450
116474
116497
116521
116544
116567
116591
116614
116637
116661
116684
116708
116731
116754
116778
116801
116824
116848
116871
116895
116918
116941
116965
116988
117011
117035
117058
117082
117105
117128
117152
117175
117198
117222
117245
117268
117292
117315
117339
117362
117385
117409
117432
117455
117479
117502
117526
117549
117572
117596
117619
117642
117666
117689
117713
117736
117759
117783
117806
117829
117853
117876
117899
117923
117946
117970
117993
118016
118040
118063
118086
118110
118133
118157
118180
118203
118227
118250
118273
118297
118320
118344
118367
118390
118414
118437
118460
118484
118507
118530
118554
118577
118601
118624
118647
118671
118694
118717
118741
118764
118788
118811
118834
118858
118881
118904
118928
118951
118975
118998
119021
119045
119068
119091
119115
119138
119162
119185
119208
119232
119255
119278
119302
119325
119348
119372
119395
119419
119442
119465
119489
119512
119535
119559
119582
119606
119629
119652
119676
119699
119722
119746
119769
119793
119816
119839
119863
119886
119909
119933
119956
119979
120024
120047
120070
120093
120115
120138
120161
120184
120207
120229
120252
120275
120298
120321
120343
120366
120389
120412
120435
120457
120480
120503
120526
120549
120571
120594
120617
120640
120663
120685
120708
120731
120754
120777
120799
120822
120845
120868
120891
120913
120936
120959
120982
121005
121027
121050
121073
121096
121119
121141
121164
121187
121210
121232
121255
121278
121301
121324
121346
121369
121392
121415
121438
121460
121483
121506
121529
121552
121574
121597
121620
121643
121666
121688
121711
121734
121757
121780
121802
121825
121848
121871
121894
121916
121939
121962
121985
122008
122030
122053
122076
122099
122122
122144
122167
122190
122213
122236
122258
122281
122304
122327
122349
122372
122395
122418
122441
122463
122486
122509
122532
122555
122577
122600
122623
122646
122669
122691
122714
122737
122760
122783
122805
122828
122851
122874
122897
122919
122942
122965
122988
123011
123033
123056
123079
123102
123125
123147
123170
123193
123216
123239
123261
123284
123307
123330
123353
123375
123398
123421
123444
123466
123489
123512
123535
123558
123580
123603
123626
123649
123672
123694
123717
123740
123763
123786
123808
123831
123854
123877
123900
123922
123945
123968
123991
124014
124036
124059
124082
124105
124128
124150
124173
124196
124219
124242
124264
124287
124310
124333
124356
124378
124401
124424
124447
124470
124492
124515
124538
124561
124583
124606
124629
124652
124675
124697
124720
124743
124766
124789
124811
124834
124857
124880
124903
124925
124948
124971
124994
125027
125052
125077
125103
125128
125153
125178
125204
125229
125254
125279
125305
125330
125355
125381
125406
125431
125456
125482
125507
125532
125557
125583
125608
125633
125658
125684
125709
125734
125760
125785
125810
125835
125861
125886
125911
125936
125962
125987
126012
126038
126063
126088
126113
126139
126164
126189
126214
126240
126265
126290
126315
126341
126366
126391
126417
126442
126467
126492
126518
126543
126568
126593
126619
126644
126669
126695
126720
126745
126770
126796
126821
126846
126871
126897
126922
126947
126972
126998
127023
127048
127074
127099
127124
127149
127175
127200
127225
127250
127276
127301
127326
127352
127377
127402
127427
127453
127478
127503
127528
127554
127579
127604
127629
127655
127680
127705
127731
127756
127781
127806
127832
127857
127882
127907
127933
127958
127983
128009
128034
128059
128084
128110
128135
128160
128185
128211
128236
128261
128286
128312
128337
128362
128388
128413
128438
128463
128489
128514
128539
128564
128590
128615
128640
128666
128691
128716
128741
128767
128792
128817
128842
128868
128893
128918
128943
128969
128994
129019
129045
129070
129095
129120
129146
129171
129196
129221
129247
129272
129297
129323
129348
129373
129398
129424
129449
129474
129499
129525
129550
129575
129600
129626
129651
129676
129702
129727
129752
129777
129803
129828
129853
129878
129904
129929
129954
129979
130027
130053
130079
130105
130131
130157
130183
130209
130235
130261
130287
130313
130339
130365
130391
130417
130443
130469
130495
130521
130547
130573
130599
130625
130651
130677
130703
130729
130755
130781
130807
130833
130859
130885
130911
130937
130963
130989
131015
131041
131067
131093
131119
131145
131171
131197
131223
131249
131275
131301
131327
131353
131379
131405
131431
131457
131483
131509
131535
131561
131587
131613
131639
131665
131691
131717
131743
131769
131795
131821
131847
131873
131899
131925
131951
131977
132003
132029
132055
132081
132107
132133
132159
132185
132211
132237
132263
132289
132315
132341
132367
132393
132418
132444
132470
132496
132522
132548
132574
132600
132626
132652
132678
132704
132730
132756
132782
132808
132834
132860
132886
132912
132938
132964
132990
133016
133042
133068
133094
133120
133146
133172
133198
133224
133250
133276
133302
133328
133354
133380
133406
133432
133458
133484
133510
133536
133562
133588
133614
133640
133666
133692
133718
133744
133770
133796
133822
133848
133874
133900
133926
133952
133978
134004
134030
134056
134082
134108
134134
134160
134186
134212
134238
134264
134290
134316
134342
134368
134394
134420
134446
134472
134498
134524
134550
134576
134602
134628
134654
134680
134706
134732
134758
134784
134810
134835
134861
134887
134913
134939
134965
134991
135028
135054
135080
135106
135132
135158
135184
135210
135236
135262
135288
135314
135340
135366
135392
135418
135444
135470
135496
135522
135548
135574
135600
135626
135652
135678
135704
135730
135756
135782
135808
135834
135860
135886
135912
135938
135964
135990
136016
136042
136068
136094
136120
136146
136172
136198
136224
136250
136276
136302
136328
136354
136380
136406
136432
136458
136484
136510
136536
136562
136588
136615
136641
136667
136693
136719
136745
136771
136797
136823
136849
136875
136901
136927
136953
136979
137005
137031
137057
137083
137109
137135
137161
137187
137213
137239
137265
137291
137317
137343
137369
137395
137421
137447
137473
137499
137525
137551
137577
137603
137629
137655
137681
137707
137733
137759
137785
137811
137837
137863
137889
137915
137941
137967
137993
138019
138045
138071
138097
138123
138149
138175
138201
138228
138254
138280
138306
138332
138358
138384
138410
138436
138462
138488
138514
138540
138566
138592
138618
138644
138670
138696
138722
138748
138774
138800
138826
138852
138878
138904
138930
138956
138982
139008
139034
139060
139086
139112
139138
139164
139190
139216
139242
139268
139294
139320
139346
139372
139398
139424
139450
139476
139502
139528
139554
139580
139606
139632
139658
139684
139710
139736
139762
139788
139815
139841
139867
139893
139919
139945
139971
139997
140025
140048
140072
140095
140119
140142
140165
140189
140212
140236
140259
140283
140306
140329
140353
140376
140400
140423
140447
140470
140493
140517
140540
140564
140587
140610
140634
140657
140681
140704
140728
140751
140774
140798
140821
140845
140868
140892
140915
140938
140962
140985
141009
141032
141055
141079
141102
141126
141149
141173
141196
141219
141243
141266
141290
141313
141337
141360
141383
141407
141430
141454
141477
141501
141524
141547
141571
141594
141618
141641
141664
141688
141711
141735
141758
141782
141805
141828
141852
141875
141899
141922
141946
141969
141992
142016
142039
142063
142086
142109
142133
142156
142180
142203
142227
142250
142273
142297
142320
142344
142367
142391
142414
142437
142461
142484
142508
142531
142554
142578
142601
142625
142648
142672
142695
142718
142742
142765
142789
142812
142836
142859
142882
142906
142929
142953
142976
143000
143023
143046
143070
143093
143117
143140
143163
143187
143210
143234
143257
143281
143304
143327
143351
143374
143398
143421
143445
143468
143491
143515
143538
143562
143585
143608
143632
143655
143679
143702
143726
143749
143772
143796
143819
143843
143866
143890
143913
143936
143960
143983
144007
144030
144053
144077
144100
144124
144147
144171
144194
144217
144241
144264
144288
144311
144335
144358
144381
144405
144428
144452
144475
144499
144522
144545
144569
144592
144616
144639
144662
144686
144709
144733
144756
144780
144803
144826
144850
144873
144897
144920
144944
144967
144990
145032
145062
145092
145123
145153
145183
145214
145244
145274
145305
145335
145365
145396
145426
145456
145487
145517
145547
145578
145608
145638
145669
145699
145729
145760
145790
145820
145850
145881
145911
145941
145972
146002
146032
146063
146093
146123
146154
146184
146214
146245
146275
146305
146336
146366
146396
146427
146457
146487
146518
146548
146578
146609
146639
146669
146699
146730
146760
146790
146821
146851
146881
146912
146942
146972
147003
147033
147063
147094
147124
147154
147185
147215
147245
147276
147306
147336
147367
147397
147427
147458
147488
147518
147548
147579
147609
147639
147670
147700
147730
147761
147791
147821
147852
147882
147912
147943
147973
148003
148034
148064
148094
148125
148155
148185
148216
148246
148276
148307
148337
148367
148397
148428
148458
148488
148519
148549
148579
148610
148640
148670
148701
148731
148761
148792
148822
148852
148883
148913
148943
148974
149004
149034
149065
149095
149125
149156
149186
149216
149246
149277
149307
149337
149368
149398
149428
149459
149489
149519
149550
149580
149610
149641
149671
149701
149732
149762
149792
149823
149853
149883
149914
149944
149974
150025
150049
150073
150096
150120
150144
150167
150191
150215
150238
150262
150286
150309
150333
150357
150380
150404
150428
150451
150475
150499
150522
150546
150570
150593
150617
150641
150664
150688
150712
150735
150759
150783
150806
150830
150854
150877
150901
150925
150948
150972
150996
151019
151043
151067
151090
151114
151138
151161
151185
151209
151232
151256
151280
151303
151327
151351
151374
151398
151422
151445
151469
151493
151516
151540
151564
151587
151611
151635
151658
151682
151706
151729
151753
151777
151800
151824
151848
151872
151895
151919
151943
151966
151990
152014
152037
152061
152085
152108
152132
152156
152179
152203
152227
152250
152274
152298
152321
152345
152369
152392
152416
152440
152463
152487
152511
152534
152558
152582
152605
152629
152653
152676
152700
152724
152747
152771
152795
152818
152842
152866
152889
152913
152937
152960
152984
153008
153031
153055
153079
153102
153126
153150
153173
153197
153221
153244
153268
153292
153315
153339
153363
153386
153410
153434
153457
153481
153505
153528
153552
153576
153599
153623
153647
153671
153694
153718
153742
153765
153789
153813
153836
153860
153884
153907
153931
153955
153978
154002
154026
154049
154073
154097
154120
154144
154168
154191
154215
154239
154262
154286
154310
154333
154357
154381
154404
154428
154452
154475
154499
154523
154546
154570
154594
154617
154641
154665
154688
154712
154736
154759
154783
154807
154830
154854
154878
154901
154925
154949
154972
154996
155025
155048
155072
155095
155118
155142
155165
155189
155212
155235
155259
155282
155305
155329
155352
155376
155399
155422
155446
155469
155492
155516
155539
155563
155586
155609
155633
155656
155679
155703
155726
155750
155773
155796
155820
155843
155867
155890
155913
155937
155960
155983
156007
156030
156054
156077
156100
156124
156147
156170
156194
156217
156241
156264
156287
156311
156334
156357
156381
156404
156428
156451
156474
156498
156521
156544
156568
156591
156615
156638
156661
156685
156708
156732
156755
156778
156802
156825
156848
156872
156895
156919
156942
156965
156989
157012
157035
157059
157082
157106
157129
157152
157176
157199
157222
157246
157269
157293
157316
157339
157363
157386
157409
157433
157456
157480
157503
157526
157550
157573
157597
157620
157643
157667
157690
157713
157737
157760
157784
157807
157830
157854
157877
157900
157924
157947
157971
157994
158017
158041
158064
158087
158111
158134
158158
158181
158204
158228
158251
158275
158298
158321
158345
158368
158391
158415
158438
158462
158485
158508
158532
158555
158578
158602
158625
158649
158672
158695
158719
158742
158765
158789
158812
158836
158859
158882
158906
158929
158952
158976
158999
159023
159046
159069
159093
159116
159140
159163
159186
159210
159233
159256
159280
159303
159327
159350
159373
159397
159420
159443
159467
159490
159514
159537
159560
159584
159607
159630
159654
159677
159701
159724
159747
159771
159794
159817
159841
159864
159888
159911
159934
159958
159981
160024
160047
160070
160092
160115
160138
160161
160183
160206
160229
160252
160274
160297
160320
160343
160365
160388
160411
160433
160456
160479
160502
160524
160547
160570
160593
160615
160638
160661
160684
160706
160729
160752
160775
160797
160820
160843
160865
160888
160911
160934
160956
160979
161002
161025
161047
161070
161093
161116
161138
161161
161184
161207
161229
161252
161275
161297
161320
161343
161366
161388
161411
161434
161457
161479
161502
161525
161548
161570
161593
161616
161638
161661
161684
161707
161729
161752
161775
161798
161820
161843
161866
161889
161911
161934
161957
161980
162002
162025
162048
162070
162093
162116
162139
162161
162184
162207
162230
162252
162275
162298
162321
162343
162366
162389
162412
162434
162457
162480
162502
162525
162548
162571
162593
162616
162639
162662
162684
162707
162730
162753
162775
162798
162821
162843
162866
162889
162912
162934
162957
162980
163003
163025
163048
163071
163094
163116
163139
163162
163185
163207
163230
163253
163275
163298
163321
163344
163366
163389
163412
163435
163457
163480
163503
163526
163548
163571
163594
163617
163639
163662
163685
163707
163730
163753
163776
163798
163821
163844
163867
163889
163912
163935
163958
163980
164003
164026
164048
164071
164094
164117
164139
164162
164185
164208
164230
164253
164276
164299
164321
164344
164367
164390
164412
164435
164458
164480
164503
164526
164549
164571
164594
164617
164640
164662
164685
164708
164731
164753
164776
164799
164822
164844
164867
164890
164912
164935
164958
164981
165025
165048
165071
165094
165117
165140
165163
165186
165209
165232
165255
165279
165302
165325
165348
165371
165394
165417
165440
165463
165486
165509
165533
165556
165579
165602
165625
165648
165671
165694
165717
165740
165763
165787
165810
165833
165856
165879
165902
165925
165948
165971
165994
166017
166041
166064
166087
166110
166133
166156
166179
166202
166225
166248
166271
166295
166318
166341
166364
166387
166410
166433
166456
166479
166502
166525
166549
166572
166595
166618
166641
166664
166687
166710
166733
166756
166779
166803
166826
166849
166872
166895
166918
166941
166964
166987
167010
167033
167056
167080
167103
167126
167149
167172
167195
167218
167241
167264
167287
167310
167334
167357
167380
167403
167426
167449
167472
167495
167518
167541
167564
167588
167611
167634
167657
167680
167703
167726
167749
167772
167795
167818
167842
167865
167888
167911
167934
167957
167980
168003
168026
168049
168072
168096
168119
168142
168165
168188
168211
168234
168257
168280
168303
168326
168350
168373
168396
168419
168442
168465
168488
168511
168534
168557
168580
168604
168627
168650
168673
168696
168719
168742
168765
168788
168811
168834
168857
168881
168904
168927
168950
168973
168996
169019
169042
169065
169088
169111
169135
169158
169181
169204
169227
169250
169273
169296
169319
169342
169365
169389
169412
169435
169458
169481
169504
169527
169550
169573
169596
169619
169643
169666
169689
169712
169735
169758
169781
169804
169827
169850
169873
169897
169920
169943
169966
169989
170023
170045
170067
170089
170111
170133
170154
170176
170198
170220
170242
170264
170286
170307
170329
170351
170373
170395
170417
170438
170460
170482
170504
170526
170548
170570
170591
170613
170635
170657
170679
170701
170723
170744
170766
170788
170810
170832
170854
170875
170897
170919
170941
170963
170985
171007
171028
171050
171072
171094
171116
171138
171160
171181
171203
171225
171247
171269
171291
171312
171334
171356
171378
171400
171422
171444
171465
171487
171509
171531
171553
171575
171596
171618
171640
171662
171684
171706
171728
171749
171771
171793
171815
171837
171859
171881
171902
171924
171946
171968
171990
172012
172033
172055
172077
172099
172121
172143
172165
172186
172208
172230
172252
172274
172296
172318
172339
172361
172383
172405
172427
172449
172470
172492
172514
172536
172558
172580
172602
172623
172645
172667
172689
172711
172733
172754
172776
172798
172820
172842
172864
172886
172907
172929
172951
172973
172995
173017
173039
173060
173082
173104
173126
173148
173170
173191
173213
173235
173257
173279
173301
173323
173344
173366
173388
173410
173432
173454
173476
173497
173519
173541
173563
173585
173607
173628
173650
173672
173694
173716
173738
173760
173781
173803
173825
173847
173869
173891
173913
173934
173956
173978
174000
174022
174044
174065
174087
174109
174131
174153
174175
174197
174218
174240
174262
174284
174306
174328
174349
174371
174393
174415
174437
174459
174481
174502
174524
174546
174568
174590
174612
174634
174655
174677
174699
174721
174743
174765
174786
174808
174830
174852
174874
174896
174918
174939
174961
174983
175025
175048
175072
175095
175118
175142
175165
175188
175212
175235
175259
175282
175305
175329
175352
175375
175399
175422
175446
175469
175492
175516
175539
175562
175586
175609
175633
175656
175679
175703
175726
175749
175773
175796
175820
175843
175866
175890
175913
175936
175960
175983
176007
176030
176053
176077
176100
176123
176147
176170
176194
176217
176240
176264
176287
176310
176334
176357
176381
176404
176427
176451
176474
176497
176521
176544
176568
176591
176614
176638
176661
176684
176708
176731
176755
176778
176801
176825
176848
176871
176895
176918
176942
176965
176988
177012
177035
177058
177082
177105
177128
177152
177175
177199
177222
177245
177269
177292
177315
177339
177362
177386
177409
177432
177456
177479
177502
177526
177549
177573
177596
177619
177643
177666
177689
177713
177736
177760
177783
177806
177830
177853
177876
177900
177923
177947
177970
177993
178017
178040
178063
178087
178110
178134
178157
178180
178204
178227
178250
178274
178297
178321
178344
178367
178391
178414
178437
178461
178484
178508
178531
178554
178578
178601
178624
178648
178671
178695
178718
178741
178765
178788
178811
178835
178858
178882
178905
178928
178952
178975
178998
179022
179045
179069
179092
179115
179139
179162
179185
179209
179232
179255
179279
179302
179326
179349
179372
179396
179419
179442
179466
179489
179513
179536
179559
179583
179606
179629
179653
179676
179700
179723
179746
179770
179793
179816
179840
179863
179887
179910
179933
179957
179980
180026
180051
180075
180100
180125
180149
180174
180199
180223
180248
180273
180297
180322
180346
180371
180396
180420
180445
180470
180494
180519
180544
180568
180593
180617
180642
180667
180691
180716
180741
180765
180790
180815
180839
180864
180888
180913
180938
180962
180987
181012
181036
181061
181086
181110
181135
181159
181184
181209
181233
181258
181283
181307
181332
181357
181381
181406
181430
181455
181480
181504
181529
181554
181578
181603
181628
181652
181677
181701
181726
181751
181775
181800
181825
181849
181874
181899
181923
181948
181973
181997
182022
182046
182071
182096
182120
182145
182170
182194
182219
182244
182268
182293
182317
182342
182367
182391
182416
182441
182465
182490
182515
182539
182564
182588
182613
182638
182662
182687
182712
182736
182761
182786
182810
182835
182859
182884
182909
182933
182958
182983
183007
183032
183057
183081
183106
183130
183155
183180
183204
183229
183254
183278
183303
183328
183352
183377
183401
183426
183451
183475
183500
183525
183549
183574
183599
183623
183648
183673
183697
183722
183746
183771
183796
183820
183845
183870
183894
183919
183944
183968
183993
184017
184042
184067
184091
184116
184141
184165
184190
184215
184239
184264
184288
184313
184338
184362
184387
184412
184436
184461
184486
184510
184535
184559
184584
184609
184633
184658
184683
184707
184732
184757
184781
184806
184830
184855
184880
184904
184929
184954
184978
185026
185051
185075
185100
185125
185149
185174
185199
185223
185248
185273
185297
185322
185347
185371
185396
185421
185445
185470
185495
185519
185544
185569
185593
185618
185643
185667
185692
185717
185741
185766
185791
185815
185840
185865
185889
185914
185939
185963
185988
186013
186037
186062
186087
186111
186136
186161
186185
186210
186235
186259
186284
186309
186333
186358
186383
186407
186432
186457
186481
186506
186531
186555
186580
186605
186629
186654
186679
186703
186728
186753
186777
186802
186827
186851
186876
186901
186925
186950
186975
186999
187024
187049
187073
187098
187123
187147
187172
187197
187221
187246
187271
187295
187320
187345
187369
187394
187419
187443
187468
187493
187517
187542
187567
187591
187616
187641
187665
187690
187715
187739
187764
187789
187813
187838
187863
187887
187912
187937
187961
187986
188011
188035
188060
188085
188109
188134
188159
188183
188208
188233
188257
188282
188307
188331
188356
188381
188405
188430
188455
188479
188504
188529
188553
188578
188603
188627
188652
188677
188701
188726
188751
188775
188800
188825
188849
188874
188899
188923
188948
188973
188997
189022
189047
189071
189096
189121
189145
189170
189195
189219
189244
189269
189293
189318
189343
189367
189392
189417
189441
189466
189491
189515
189540
189565
189589
189614
189639
189663
189688
189713
189737
189762
189787
189811
189836
189861
189885
189910
189935
189959
189984
190029
190056
190083
190111
190138
190165
190192
190220
190247
190274
190301
190329
190356
190383
190410
190438
190465
190492
190519
190547
190574
190601
190628
190656
190683
190710
190737
190765
190792
190819
190847
190874
190901
190928
190956
190983
191010
191037
191065
191092
191119
191146
191174
191201
191228
191255
191283
191310
191337
191364
191392
191419
191446
191473
191501
191528
191555
191582
191610
191637
191664
191692
191719
191746
191773
191801
191828
191855
191882
191910
191937
191964
191991
192019
192046
192073
192100
192128
192155
192182
192209
192237
192264
192291
192318
192346
192373
192400
192428
192455
192482
192509
192537
192564
192591
192618
192646
192673
192700
192727
192755
192782
192809
192836
192864
192891
192918
192945
192973
193000
193027
193054
193082
193109
193136
193163
193191
193218
193245
193273
193300
193327
193354
193382
193409
193436
193463
193491
193518
193545
193572
193600
193627
193654
193681
193709
193736
193763
193790
193818
193845
193872
193899
193927
193954
193981
194008
194036
194063
194090
194118
194145
194172
194199
194227
194254
194281
194308
194336
194363
194390
194417
194445
194472
194499
194526
194554
194581
194608
194635
194663
194690
194717
194744
194772
194799
194826
194854
194881
194908
194935
194963
194990
195031
195060
195090
195119
195148
195178
195207
195236
195266
195295
195324
195354
195383
195413
195442
195471
195501
195530
195559
195589
195618
195647
195677
195706
195735
195765
195794
195824
195853
195882
195912
195941
195970
196000
196029
196058
196088
196117
196146
196176
196205
196235
196264
196293
196323
196352
196381
196411
196440
196469
196499
196528
196558
196587
196616
196646
196675
196704
196734
196763
196792
196822
196851
196880
196910
196939
196969
196998
197027
197057
197086
197115
197145
197174
197203
197233
197262
197291
197321
197350
197380
197409
197438
197468
197497
197526
197556
197585
197614
197644
197673
197702
197732
197761
197791
197820
197849
197879
197908
197937
197967
197996
198025
198055
198084
198114
198143
198172
198202
198231
198260
198290
198319
198348
198378
198407
198436
198466
198495
198525
198554
198583
198613
198642
198671
198701
198730
198759
198789
198818
198847
198877
198906
198936
198965
198994
199024
199053
199082
199112
199141
199170
199200
199229
199258
199288
199317
199347
199376
199405
199435
199464
199493
199523
199552
199581
199611
199640
199670
199699
199728
199758
199787
199816
199846
199875
199904
199934
199963
199992
200026
200050
200074
200099
200123
200147
200171
200196
200220
200244
200268
200293
200317
200341
200365
200390
200414
200438
200462
200487
200511
200535
200559
200584
200608
200632
200656
200681
200705
200729
200753
200778
200802
200826
200850
200875
200899
200923
200948
200972
200996
201020
201045
201069
201093
201117
201142
201166
201190
201214
201239
201263
201287
201311
201336
201360
201384
201408
201433
201457
201481
201505
201530
201554
201578
201602
201627
201651
201675
201699
201724
201748
201772
201797
201821
201845
201869
201894
201918
201942
201966
201991
202015
202039
202063
202088
202112
202136
202160
202185
202209
202233
202257
202282
202306
202330
202354
202379
202403
202427
202451
202476
202500
202524
202548
202573
202597
202621
202646
202670
202694
202718
202743
202767
202791
202815
202840
202864
202888
202912
202937
202961
202985
203009
203034
203058
203082
203106
203131
203155
203179
203203
203228
203252
203276
203300
203325
203349
203373
203397
203422
203446
203470
203495
203519
203543
203567
203592
203616
203640
203664
203689
203713
203737
203761
203786
203810
203834
203858
203883
203907
203931
203955
203980
204004
204028
204052
204077
204101
204125
204149
204174
204198
204222
204246
204271
204295
204319
204344
204368
204392
204416
204441
204465
204489
204513
204538
204562
204586
204610
204635
204659
204683
204707
204732
204756
204780
204804
204829
204853
204877
204901
204926
204950
204974
204998
205024
205047
205069
205092
205114
205137
205159
205182
205204
205227
205249
205272
205294
205317
205339
205362
205385
205407
205430
205452
205475
205497
205520
205542
205565
205587
205610
205632
205655
205677
205700
205723
205745
205768
205790
205813
205835
205858
205880
205903
205925
205948
205970
205993
206015
206038
206061
206083
206106
206128
206151
206173
206196
206218
206241
206263
206286
206308
206331
206353
206376
206399
206421
206444
206466
206489
206511
206534
206556
206579
206601
206624
206646
206669
206691
206714
206737
206759
206782
206804
206827
206849
206872
206894
206917
206939
206962
206984
207007
207029
207052
207075
207097
207120
207142
207165
207187
207210
207232
207255
207277
207300
207322
207345
207367
207390
207413
207435
207458
207480
207503
207525
207548
207570
207593
207615
207638
207660
207683
207705
207728
207751
207773
207796
207818
207841
207863
207886
207908
207931
207953
207976
207998
208021
208043
208066
208089
208111
208134
208156
208179
208201
208224
208246
208269
208291
208314
208336
208359
208381
208404
208427
208449
208472
208494
208517
208539
208562
208584
208607
208629
208652
208674
208697
208719
208742
208765
208787
208810
208832
208855
208877
208900
208922
208945
208967
208990
209012
209035
209057
209080
209103
209125
209148
209170
209193
209215
209238
209260
209283
209305
209328
209350
209373
209395
209418
209441
209463
209486
209508
209531
209553
209576
209598
209621
209643
209666
209688
209711
209733
209756
209779
209801
209824
209846
209869
209891
209914
209936
209959
209981
210032
210062
210093
210123
210154
210184
210215
210245
210276
210306
210337
210367
210397
210428
210458
210489
210519
210550
210580
210611
210641
210672
210702
210732
210763
210793
210824
210854
210885
210915
210946
210976
211007
211037
211067
211098
211128
211159
211189
211220
211250
211281
211311
211342
211372
211402
211433
211463
211494
211524
211555
211585
211616
211646
211677
211707
211737
211768
211798
211829
211859
211890
211920
211951
211981
212012
212042
212072
212103
212133
212164
212194
212225
212255
212286
212316
212347
212377
212407
212438
212468
212499
212529
212560
212590
212621
212651
212682
212712
212742
212773
212803
212834
212864
212895
212925
212956
212986
213017
213047
213077
213108
213138
213169
213199
213230
213260
213291
213321
213352
213382
213412
213443
213473
213504
213534
213565
213595
213626
213656
213687
213717
213748
213778
213808
213839
213869
213900
213930
213961
213991
214022
214052
214083
214113
214143
214174
214204
214235
214265
214296
214326
214357
214387
214418
214448
214478
214509
214539
214570
214600
214631
214661
214692
214722
214753
214783
214813
214844
214874
214905
214935
214966
214996
215023
215045
215067
215089
215111
215132
215154
215176
215198
215220
215241
215263
215285
215307
215329
215351
215372
215394
215416
215438
215460
215481
215503
215525
215547
215569
215591
215612
215634
215656
215678
215700
215721
215743
215765
215787
215809
215831
215852
215874
215896
215918
215940
215961
215983
216005
216027
216049
216071
216092
216114
216136
216158
216180
216201
216223
216245
216267
216289
216311
216332
216354
216376
216398
216420
216441
216463
216485
216507
216529
216551
216572
216594
216616
216638
216660
216681
216703
216725
216747
216769
216791
216812
216834
216856
216878
216900
216921
216943
216965
216987
217009
217031
217052
217074
217096
217118
217140
217161
217183
217205
217227
217249
217271
217292
217314
217336
217358
217380
217401
217423
217445
217467
217489
217511
217532
217554
217576
217598
217620
217641
217663
217685
217707
217729
217751
217772
217794
217816
217838
217860
217881
217903
217925
217947
217969
217991
218012
218034
218056
218078
218100
218121
218143
218165
218187
218209
218231
218252
218274
218296
218318
218340
218361
218383
218405
218427
218449
218471
218492
218514
218536
218558
218580
218601
218623
218645
218667
218689
218711
218732
218754
218776
218798
218820
218841
218863
218885
218907
218929
218951
218972
218994
219016
219038
219060
219081
219103
219125
219147
219169
219191
219212
219234
219256
219278
219300
219321
219343
219365
219387
219409
219431
219452
219474
219496
219518
219540
219561
219583
219605
219627
219649
219671
219692
219714
219736
219758
219780
219801
219823
219845
219867
219889
219911
219932
219954
219976
219998
220024
220046
220068
220090
220113
220135
220157
220179
220201
220224
220246
220268
220290
220312
220335
220357
220379
220401
220423
220446
220468
220490
220512
220535
220557
220579
220601
220623
220646
220668
220690
220712
220734
220757
220779
220801
220823
220845
220868
220890
220912
220934
220957
220979
221001
221023
221045
221068
221090
221112
221134
221156
221179
221201
221223
221245
221267
221290
221312
221334
221356
221379
221401
221423
221445
221467
221490
221512
221534
221556
221578
221601
221623
221645
221667
221689
221712
221734
221756
221778
221801
221823
221845
221867
221889
221912
221934
221956
221978
222000
222023
222045
222067
222089
222111
222134
222156
222178
222200
222222
222245
222267
222289
222311
222334
222356
222378
222400
222422
222445
222467
222489
222511
222533
222556
222578
222600
222622
222644
222667
222689
222711
222733
222756
222778
222800
222822
222844
222867
222889
222911
222933
222955
222978
223000
223022
223044
223066
223089
223111
223133
223155
223178
223200
223222
223244
223266
223289
223311
223333
223355
223377
223400
223422
223444
223466
223488
223511
223533
223555
223577
223600
223622
223644
223666
223688
223711
223733
223755
223777
223799
223822
223844
223866
223888
223910
223933
223955
223977
223999
224021
224044
224066
224088
224110
224133
224155
224177
224199
224221
224244
224266
224288
224310
224332
224355
224377
224399
224421
224443
224466
224488
224510
224532
224555
224577
224599
224621
224643
224666
224688
224710
224732
224754
224777
224799
224821
224843
224865
224888
224910
224932
224954
224977
224999
225027
225052
225077
225102
225128
225153
225178
225203
225229
225254
225279
225304
225330
225355
225380
225405
225431
225456
225481
225506
225532
225557
225582
225607
225632
225658
225683
225708
225733
225759
225784
225809
225834
225860
225885
225910
225935
225961
225986
226011
226036
226062
226087
226112
226137
226162
226188
226213
226238
226263
226289
226314
226339
226364
226390
226415
226440
226465
226491
226516
226541
226566
226592
226617
226642
226667
226692
226718
226743
226768
226793
226819
226844
226869
226894
226920
226945
226970
226995
227021
227046
227071
227096
227122
227147
227172
227197
227223
227248
227273
227298
227323
227349
227374
227399
227424
227450
227475
227500
227525
227551
227576
227601
227626
227652
227677
227702
227727
227753
227778
227803
227828
227853
227879
227904
227929
227954
227980
228005
228030
228055
228081
228106
228131
228156
228182
228207
228232
228257
228283
228308
228333
228358
228383
228409
228434
228459
228484
228510
228535
228560
228585
228611
228636
228661
228686
228712
228737
228762
228787
228813
228838
228863
228888
228914
228939
228964
228989
229014
229040
229065
229090
229115
229141
229166
229191
229216
229242
229267
229292
229317
229343
229368
229393
229418
229444
229469
229494
229519
229544
229570
229595
229620
229645
229671
229696
229721
229746
229772
229797
229822
229847
229873
229898
229923
229948
229974
229999
230033
230065
230097
230128
230160
230192
230223
230255
230287
230319
230350
230382
230414
230445
230477
230509
230541
230572
230604
230636
230667
230699
230731
230763
230794
230826
230858
230889
230921
230953
230985
231016
231048
231080
231111
231143
231175
231207
231238
231270
231302
231333
231365
231397
231429
231460
231492
231524
231555
231587
231619
231651
231682
231714
231746
231777
231809
231841
231873
231904
231936
231968
231999
232031
232063
232095
232126
232158
232190
232221
232253
232285
232317
232348
232380
232412
232443
232475
232507
232539
232570
232602
232634
232665
232697
232729
232761
232792
232824
232856
232887
232919
232951
232983
233014
233046
233078
233109
233141
233173
233205
233236
233268
233300
233331
233363
233395
233427
233458
233490
233522
233553
233585
233617
233649
233680
233712
233744
233775
233807
233839
233871
233902
233934
233966
233997
234029
234061
234093
234124
234156
234188
234219
234251
234283
234315
234346
234378
234410
234441
234473
234505
234537
234568
234600
234632
234663
234695
234727
234758
234790
234822
234854
234885
234917
234949
234980
235025
235049
235073
235096
235120
235144
235167
235191
235215
235239
235262
235286
235310
235333
235357
235381
235405
235428
235452
235476
235499
235523
235547
235571
235594
235618
235642
235665
235689
235713
235736
235760
235784
235808
235831
235855
235879
235902
235926
235950
235974
235997
236021
236045
236068
236092
236116
236140
236163
236187
236211
236234
236258
236282
236305
236329
236353
236377
236400
236424
236448
236471
236495
236519
236543
236566
236590
236614
236637
236661
236685
236709
236732
236756
236780
236803
236827
236851
236874
236898
236922
236946
236969
236993
237017
237040
237064
237088
237112
237135
237159
237183
237206
237230
237254
237278
237301
237325
237349
237372
237396
237420
237443
237467
237491
237515
237538
237562
237586
237609
237633
237657
237681
237704
237728
237752
237775
237799
237823
237847
237870
237894
237918
237941
237965
237989
238012
238036
238060
238084
238107
238131
238155
238178
238202
238226
238250
238273
238297
238321
238344
238368
238392
238416
238439
238463
238487
238510
238534
238558
238581
238605
238629
238653
238676
238700
238724
238747
238771
238795
238819
238842
238866
238890
238913
238937
238961
238985
239008
239032
239056
239079
239103
239127
239150
239174
239198
239222
239245
239269
239293
239316
239340
239364
239388
239411
239435
239459
239482
239506
239530
239554
239577
239601
239625
239648
239672
239696
239719
239743
239767
239791
239814
239838
239862
239885
239909
239933
239957
239980
240025
240049
240073
240096
240120
240144
240167
240191
240215
240238
240262
240286
240309
240333
240357
240380
240404
240428
240452
240475
240499
240523
240546
240570
240594
240617
240641
240665
240688
240712
240736
240759
240783
240807
240830
240854
240878
240902
240925
240949
240973
240996
241020
241044
241067
241091
241115
241138
241162
241186
241209
241233
241257
241281
241304
241328
241352
241375
241399
241423
241446
241470
241494
241517
241541
241565
241588
241612
241636
241659
241683
241707
241731
241754
241778
241802
241825
241849
241873
241896
241920
241944
241967
241991
242015
242038
242062
242086
242110
242133
242157
242181
242204
242228
242252
242275
242299
242323
242346
242370
242394
242417
242441
242465
242488
242512
242536
242560
242583
242607
242631
242654
242678
242702
242725
242749
242773
242796
242820
242844
242867
242891
242915
242938
242962
242986
243010
243033
243057
243081
243104
243128
243152
243175
243199
243223
243246
243270
243294
243317
243341
243365
243389
243412
243436
243460
243483
243507
243531
243554
243578
243602
243625
243649
243673
243696
243720
243744
243767
243791
243815
243839
243862
243886
243910
243933
243957
243981
244004
244028
244052
244075
244099
244123
244146
244170
244194
244218
244241
244265
244289
244312
244336
244360
244383
244407
244431
244454
244478
244502
244525
244549
244573
244596
244620
244644
244668
244691
244715
244739
244762
244786
244810
244833
244857
244881
244904
244928
244952
244975
244999
245025
245049
245072
245096
245119
245143
245166
245190
245213
245237
245260
245284
245307
245331
245354
245378
245401
245425
245448
245472
245495
245519
245542
245566
245589
245613
245636
245660
245683
245707
245730
245754
245777
245801
245824
245848
245871
245895
245918
245942
245965
245989
246012
246036
246059
246083
246106
246130
246153
246177
246200
246224
246247
246271
246294
246318
246341
246365
246388
246412
246435
246459
246482
246506
246529
246553
246576
246600
246623
246647
246670
246694
246717
246741
246764
246788
246811
246835
246858
246882
246905
246929
246952
246976
246999
247023
247046
247070
247093
247117
247140
247164
247187
247211
247234
247258
247281
247305
247328
247352
247375
247399
247422
247446
247469
247493
247516
247540
247563
247587
247611
247634
247658
247681
247705
247728
247752
247775
247799
247822
247846
247869
247893
247916
247940
247963
247987
248010
248034
248057
248081
248104
248128
248151
248175
248198
248222
248245
248269
248292
248316
248339
248363
248386
248410
248433
248457
248480
248504
248527
248551
248574
248598
248621
248645
248668
248692
248715
248739
248762
248786
248809
248833
248856
248880
248903
248927
248950
248974
248997
249021
249044
249068
249091
249115
249138
249162
249185
249209
249232
249256
249279
249303
249326
249350
249373
249397
249420
249444
249467
249491
249514
249538
249561
249585
249608
249632
249655
249679
249702
249726
249749
249773
249796
249820
249843
249867
249890
249914
249937
249961
249984
250026
250050
250074
250099
250123
250147
250171
250196
250220
250244
250268
250293
250317
250341
250365
250390
250414
250438
250462
250487
250511
250535
250559
250584
250608
250632
250656
250681
250705
250729
250753
250778
250802
250826
250850
250875
250899
250923
250947
250972
250996
251020
251044
251069
251093
251117
251141
251166
251190
251214
251238
251263
251287
251311
251335
251360
251384
251408
251432
251457
251481
251505
251529
251554
251578
251602
251626
251651
251675
251699
251723
251748
251772
251796
251820
251845
251869
251893
251917
251942
251966
251990
252014
252039
252063
252087
252111
252136
252160
252184
252208
252233
252257
252281
252306
252330
252354
252378
252403
252427
252451
252475
252500
252524
252548
252572
252597
252621
252645
252669
252694
252718
252742
252766
252791
252815
252839
252863
252888
252912
252936
252960
252985
253009
253033
253057
253082
253106
253130
253154
253179
253203
253227
253251
253276
253300
253324
253348
253373
253397
253421
253445
253470
253494
253518
253542
253567
253591
253615
253639
253664
253688
253712
253736
253761
253785
253809
253833
253858
253882
253906
253930
253955
253979
254003
254027
254052
254076
254100
254124
254149
254173
254197
254221
254246
254270
254294
254318
254343
254367
254391
254415
254440
254464
254488
254513
254537
254561
254585
254610
254634
254658
254682
254707
254731
254755
254779
254804
254828
254852
254876
254901
254925
254949
254973
254998
255025
255049
255073
255097
255120
255144
255168
255192
255216
255239
255263
255287
255311
255335
255358
255382
255406
255430
255453
255477
255501
255525
255549
255572
255596
255620
255644
255668
255691
255715
255739
255763
255786
255810
255834
255858
255882
255905
255929
255953
255977
256001
256024
256048
256072
256096
256119
256143
256167
256191
256215
256238
256262
256286
256310
256334
256357
256381
256405
256429
256452
256476
256500
256524
256548
256571
256595
256619
256643
256667
256690
256714
256738
256762
256785
256809
256833
256857
256881
256904
256928
256952
256976
257000
257023
257047
257071
257095
257118
257142
257166
257190
257214
257237
257261
257285
257309
257333
257356
257380
257404
257428
257451
257475
257499
257523
257547
257570
257594
257618
257642
257666
257689
257713
257737
257761
257784
257808
257832
257856
257880
257903
257927
257951
257975
257999
258022
258046
258070
258094
258117
258141
258165
258189
258213
258236
258260
258284
258308
258332
258355
258379
258403
258427
258450
258474
258498
258522
258546
258569
258593
258617
258641
258665
258688
258712
258736
258760
258783
258807
258831
258855
258879
258902
258926
258950
258974
258998
259021
259045
259069
259093
259116
259140
259164
259188
259212
259235
259259
259283
259307
259331
259354
259378
259402
259426
259449
259473
259497
259521
259545
259568
259592
259616
259640
259664
259687
259711
259735
259759
259782
259806
259830
259854
259878
259901
259925
259949
259973
259997
260025
260048
260071
260095
260118
260141
260165
260188
260211
260234
260258
260281
260304
260328
260351
260374
260398
260421
260444
260467
260491
260514
260537
260561
260584
260607
260631
260654
260677
260700
260724
260747
260770
260794
260817
260840
260863
260887
260910
260933
260957
260980
261003
261027
261050
261073
261096
261120
261143
261166
261190
261213
261236
261260
261283
261306
261329
261353
261376
261399
261423
261446
261469
261493
261516
261539
261562
261586
261609
261632
261656
261679
261702
261725
261749
261772
261795
261819
261842
261865
261889
261912
261935
261958
261982
262005
262028
262052
262075
262098
262122
262145
262168
262191
262215
262238
262261
262285
262308
262331
262354
262378
262401
262424
262448
262471
262494
262518
262541
262564
262587
262611
262634
262657
262681
262704
262727
262751
262774
262797
262820
262844
262867
262890
262914
262937
262960
262984
263007
263030
263053
263077
263100
263123
263147
263170
263193
263216
263240
263263
263286
263310
263333
263356
263380
263403
263426
263449
263473
263496
263519
263543
263566
263589
263613
263636
263659
263682
263706
263729
263752
263776
263799
263822
263845
263869
263892
263915
263939
263962
263985
264009
264032
264055
264078
264102
264125
264148
264172
264195
264218
264242
264265
264288
264311
264335
264358
264381
264405
264428
264451
264475
264498
264521
264544
264568
264591
264614
264638
264661
264684
264707
264731
264754
264777
264801
264824
264847
264871
264894
264917
264940
264964
264987
265028
265055
265082
265109
265136
265162
265189
265216
265243
265270
265296
265323
265350
265377
265404
265431
265457
265484
265511
265538
265565
265591
265618
265645
265672
265699
265726
265752
265779
265806
265833
265860
265886
265913
265940
265967
265994
266021
266047
266074
266101
266128
266155
266181
266208
266235
266262
266289
266316
266342
266369
266396
266423
266450
266476
266503
266530
266557
266584
266611
266637
266664
266691
266718
266745
266771
266798
266825
266852
266879
266906
266932
266959
266986
267013
267040
267066
267093
267120
267147
267174
267201
267227
267254
267281
267308
267335
267361
267388
267415
267442
267469
267496
267522
267549
267576
267603
267630
267656
267683
267710
267737
267764
267791
267817
267844
267871
267898
267925
267951
267978
268005
268032
268059
268086
268112
268139
268166
268193
268220
268246
268273
268300
268327
268354
268380
268407
268434
268461
268488
268515
268541
268568
268595
268622
268649
268675
268702
268729
268756
268783
268810
268836
268863
268890
268917
268944
268970
268997
269024
269051
269078
269105
269131
269158
269185
269212
269239
269265
269292
269319
269346
269373
269400
269426
269453
269480
269507
269534
269560
269587
269614
269641
269668
269695
269721
269748
269775
269802
269829
269855
269882
269909
269936
269963
269990
270027
270052
270078
270103
270128
270154
270179
270205
270230
270255
270281
270306
270332
270357
270382
270408
270433
270459
270484
270509
270535
270560
270585
270611
270636
270662
270687
270712
270738
270763
270789
270814
270839
270865
270890
270916
270941
270966
270992
271017
271042
271068
271093
271119
271144
271169
271195
271220
271246
271271
271296
271322
271347
271373
271398
271423
271449
271474
271500
271525
271550
271576
271601
271626
271652
271677
271703
271728
271753
271779
271804
271830
271855
271880
271906
271931
271957
271982
272007
272033
272058
272083
272109
272134
272160
272185
272210
272236
272261
272287
272312
272337
272363
272388
272414
272439
272464
272490
272515
272540
272566
272591
272617
272642
272667
272693
272718
272744
272769
272794
272820
272845
272871
272896
272921
272947
272972
272998
273023
273048
273074
273099
273124
273150
273175
273201
273226
273251
273277
273302
273328
273353
273378
273404
273429
273455
273480
273505
273531
273556
273581
273607
273632
273658
273683
273708
273734
273759
273785
273810
273835
273861
273886
273912
273937
273962
273988
274013
274038
274064
274089
274115
274140
274165
274191
274216
274242
274267
274292
274318
274343
274369
274394
274419
274445
274470
274496
274521
274546
274572
274597
274622
274648
274673
274699
274724
274749
274775
274800
274826
274851
274876
274902
274927
274953
274978
275029
275056
275083
275110
275137
275164
275191
275219
275246
275273
275300
275327
275354
275381
275409
275436
275463
275490
275517
275544
275571
275599
275626
275653
275680
275707
275734
275761
275789
275816
275843
275870
275897
275924
275951
275979
276006
276033
276060
276087
276114
276141
276169
276196
276223
276250
276277
276304
276331
276359
276386
276413
276440
276467
276494
276521
276549
276576
276603
276630
276657
276684
276711
276739
276766
276793
276820
276847
276874
276901
276929
276956
276983
277010
277037
277064
277091
277119
277146
277173
277200
277227
277254
277281
277309
277336
277363
277390
277417
277444
277471
277499
277526
277553
277580
277607
277634
277661
277689
277716
277743
277770
277797
277824
277851
277879
277906
277933
277960
277987
278014
278041
278069
278096
278123
278150
278177
278204
278231
278259
278286
278313
278340
278367
278394
278421
278449
278476
278503
278530
278557
278584
278611
278639
278666
278693
278720
278747
278774
278801
278829
278856
278883
278910
278937
278964
278991
279019
279046
279073
279100
279127
279154
279181
279209
279236
279263
279290
279317
279344
279371
279399
279426
279453
279480
279507
279534
279561
279589
279616
279643
279670
279697
279724
279751
279779
279806
279833
279860
279887
279914
279941
279969
279996
280026
280051
280076
280100
280125
280150
280174
280199
280224
280248
280273
280298
280322
280347
280372
280396
280421
280446
280470
280495
280520
280544
280569
280594
280618
280643
280668
280692
280717
280742
280766
280791
280816
280840
280865
280890
280914
280939
280964
280988
281013
281038
281062
281087
281112
281136
281161
281186
281210
281235
281260
281284
281309
281334
281358
281383
281408
281432
281457
281482
281506
281531
281556
281580
281605
281630
281654
281679
281704
281728
281753
281778
281802
281827
281852
281876
281901
281926
281950
281975
282000
282024
282049
282074
282098
282123
282148
282172
282197
282222
282246
282271
282296
282320
282345
282370
282394
282419
282444
282468
282493
282518
282542
282567
282592
282616
282641
282666
282690
282715
282740
282764
282789
282814
282838
282863
282888
282912
282937
282962
282986
283011
283036
283060
283085
283110
283134
283159
283184
283208
283233
283258
283282
283307
283332
283356
283381
283406
283430
283455
283480
283504
283529
283554
283578
283603
283628
283652
283677
283702
283726
283751
283776
283800
283825
283850
283874
283899
283924
283948
283973
283998
284022
284047
284072
284096
284121
284146
284170
284195
284220
284244
284269
284294
284318
284343
284368
284392
284417
284442
284467
284491
284516
284541
284565
284590
284615
284639
284664
284689
284713
284738
284763
284787
284812
284837
284861
284886
284911
284935
284960
284985
285026
285051
285076
285101
285126
285151
285176
285201
285225
285250
285275
285300
285325
285350
285375
285400
285424
285449
285474
285499
285524
285549
285574
285599
285623
285648
285673
285698
285723
285748
285773
285798
285823
285847
285872
285897
285922
285947
285972
285997
286022
286046
286071
286096
286121
286146
286171
286196
286221
286245
286270
286295
286320
286345
286370
286395
286420
286444
286469
286494
286519
286544
286569
286594
286619
286644
286668
286693
286718
286743
286768
286793
286818
286843
286867
286892
286917
286942
286967
286992
287017
287042
287066
287091
287116
287141
287166
287191
287216
287241
287266
287290
287315
287340
287365
287390
287415
287440
287465
287489
287514
287539
287564
287589
287614
287639
287664
287688
287713
287738
287763
287788
287813
287838
287863
287887
287912
287937
287962
287987
288012
288037
288062
288087
288111
288136
288161
288186
288211
288236
288261
288286
288310
288335
288360
288385
288410
288435
288460
288485
288509
288534
288559
288584
288609
288634
288659
288684
288709
288733
288758
288783
288808
288833
288858
288883
288908
288932
288957
288982
289007
289032
289057
289082
289107
289131
289156
289181
289206
289231
289256
289281
289306
289330
289355
289380
289405
289430
289455
289480
289505
289530
289554
289579
289604
289629
289654
289679
289704
289729
289753
289778
289803
289828
289853
289878
289903
289928
289952
289977
290024
290047
290070
290093
290115
290138
290161
290184
290206
290229
290252
290275
290297
290320
290343
290366
290388
290411
290434
290457
290479
290502
290525
290548
290570
290593
290616
290639
290661
290684
290707
290730
290752
290775
290798
290821
290843
290866
290889
290912
290934
290957
290980
291003
291025
291048
291071
291094
291116
291139
291162
291185
291207
291230
291253
291276
291298
291321
291344
291367
291389
291412
291435
291458
291480
291503
291526
291549
291571
291594
291617
291640
291662
291685
291708
291731
291753
291776
291799
291822
291844
291867
291890
291913
291935
291958
291981
292004
292026
292049
292072
292095
292117
292140
292163
292186
292208
292231
292254
292277
292299
292322
292345
292368
292390
292413
292436
292459
292481
292504
292527
292550
292572
292595
292618
292641
292663
292686
292709
292732
292754
292777
292800
292823
292845
292868
292891
292914
292936
292959
292982
293005
293027
293050
293073
293096
293118
293141
293164
293187
293209
293232
293255
293278
293300
293323
293346
293369
293391
293414
293437
293460
293482
293505
293528
293551
293573
293596
293619
293642
293664
293687
293710
293733
293755
293778
293801
293824
293846
293869
293892
293915
293937
293960
293983
294006
294028
294051
294074
294097
294120
294142
294165
294188
294211
294233
294256
294279
294302
294324
294347
294370
294393
294415
294438
294461
294484
294506
294529
294552
294575
294597
294620
294643
294666
294688
294711
294734
294757
294779
294802
294825
294848
294870
294893
294916
294939
294961
294984
295027
295053
295078
295104
295129
295155
295180
295206
295231
295257
295282
295308
295334
295359
295385
295410
295436
295461
295487
295512
295538
295563
295589
295615
295640
295666
295691
295717
295742
295768
295793
295819
295844
295870
295895
295921
295947
295972
295998
296023
296049
296074
296100
296125
296151
296176
296202
296228
296253
296279
296304
296330
296355
296381
296406
296432
296457
296483
296508
296534
296560
296585
296611
296636
296662
296687
296713
296738
296764
296789
296815
296841
296866
296892
296917
296943
296968
296994
297019
297045
297070
297096
297121
297147
297173
297198
297224
297249
297275
297300
297326
297351
297377
297402
297428
297454
297479
297505
297530
297556
297581
297607
297632
297658
297683
297709
297734
297760
297786
297811
297837
297862
297888
297913
297939
297964
297990
298015
298041
298067
298092
298118
298143
298169
298194
298220
298245
298271
298296
298322
298347
298373
298399
298424
298450
298475
298501
298526
298552
298577
298603
298628
298654
298680
298705
298731
298756
298782
298807
298833
298858
298884
298909
298935
298960
298986
299012
299037
299063
299088
299114
299139
299165
299190
299216
299241
299267
299293
299318
299344
299369
299395
299420
299446
299471
299497
299522
299548
299573
299599
299625
299650
299676
299701
299727
299752
299778
299803
299829
299854
299880
299906
299931
299957
299982
300025
300049
300073
300097
300121
300145
300169
300193
300216
300240
300264
300288
300312
300336
300360
300384
300407
300431
300455
300479
300503
300527
300551
300575
300599
300622
300646
300670
300694
300718
300742
300766
300790
300813
300837
300861
300885
300909
300933
300957
300981
301005
301028
301052
301076
301100
301124
301148
301172
301196
301219
301243
301267
301291
301315
301339
301363
301387
301411
301434
301458
301482
301506
301530
301554
301578
301602
301625
301649
301673
301697
301721
301745
301769
301793
301816
301840
301864
301888
301912
301936
301960
301984
302008
302031
302055
302079
302103
302127
302151
302175
302199
302222
302246
302270
302294
302318
302342
302366
302390
302414
302437
302461
302485
302509
302533
302557
302581
302605
302628
302652
302676
302700
302724
302748
302772
302796
302820
302843
302867
302891
302915
302939
302963
302987
303011
303034
303058
303082
303106
303130
303154
303178
303202
303226
303249
303273
303297
303321
303345
303369
303393
303417
303440
303464
303488
303512
303536
303560
303584
303608
303631
303655
303679
303703
303727
303751
303775
303799
303823
303846
303870
303894
303918
303942
303966
303990
304014
304037
304061
304085
304109
304133
304157
304181
304205
304229
304252
304276
304300
304324
304348
304372
304396
304420
304443
304467
304491
304515
304539
304563
304587
304611
304635
304658
304682
304706
304730
304754
304778
304802
304826
304849
304873
304897
304921
304945
304969
304993
305026
305051
305076
305100
305125
305150
305175
305199
305224
305249
305273
305298
305323
305348
305372
305397
305422
305447
305471
305496
305521
305545
305570
305595
305620
305644
305669
305694
305719
305743
305768
305793
305817
305842
305867
305892
305916
305941
305966
305991
306015
306040
306065
306089
306114
306139
306164
306188
306213
306238
306263
306287
306312
306337
306361
306386
306411
306436
306460
306485
306510
306535
306559
306584
306609
306633
306658
306683
306708
306732
306757
306782
306806
306831
306856
306881
306905
306930
306955
306980
307004
307029
307054
307078
307103
307128
307153
307177
307202
307227
307252
307276
307301
307326
307350
307375
307400
307425
307449
307474
307499
307524
307548
307573
307598
307622
307647
307672
307697
307721
307746
307771
307796
307820
307845
307870
307894
307919
307944
307969
307993
308018
308043
308068
308092
308117
308142
308166
308191
308216
308241
308265
308290
308315
308340
308364
308389
308414
308438
308463
308488
308513
308537
308562
308587
308611
308636
308661
308686
308710
308735
308760
308785
308809
308834
308859
308883
308908
308933
308958
308982
309007
309032
309057
309081
309106
309131
309155
309180
309205
309230
309254
309279
309304
309329
309353
309378
309403
309427
309452
309477
309502
309526
309551
309576
309601
309625
309650
309675
309699
309724
309749
309774
309798
309823
309848
309873
309897
309922
309947
309971
309996
310027
310053
310078
310104
310130
310155
310181
310207
310232
310258
310284
310309
310335
310361
310386
310412
310437
310463
310489
310514
310540
310566
310591
310617
310643
310668
310694
310720
310745
310771
310797
310822
310848
310873
310899
310925
310950
310976
311002
311027
311053
311079
311104
311130
311156
311181
311207
311233
311258
311284
311309
311335
311361
311386
311412
311438
311463
311489
311515
311540
311566
311592
311617
311643
311669
311694
311720
311745
311771
311797
311822
311848
311874
311899
311925
311951
311976
312002
312028
312053
312079
312105
312130
312156
312181
312207
312233
312258
312284
312310
312335
312361
312387
312412
312438
312464
312489
312515
312541
312566
312592
312617
312643
312669
312694
312720
312746
312771
312797
312823
312848
312874
312900
312925
312951
312976
313002
313028
313053
313079
313105
313130
313156
313182
313207
313233
313259
313284
313310
313336
313361
313387
313412
313438
313464
313489
313515
313541
313566
313592
313618
313643
313669
313695
313720
313746
313772
313797
313823
313848
313874
313900
313925
313951
313977
314002
314028
314054
314079
314105
314131
314156
314182
314208
314233
314259
314284
314310
314336
314361
314387
314413
314438
314464
314490
314515
314541
314567
314592
314618
314644
314669
314695
314720
314746
314772
314797
314823
314849
314874
314900
314926
314951
314977
315028
315055
315082
315109
315136
315163
315190
315217
315244
315271
315298
315325
315352
315379
315406
315433
315460
315487
315514
315541
315568
315595
315621
315648
315675
315702
315729
315756
315783
315810
315837
315864
315891
315918
315945
315972
315999
316026
316053
316080
316107
316134
316161
316188
316214
316241
316268
316295
316322
316349
316376
316403
316430
316457
316484
316511
316538
316565
316592
316619
316646
316673
316700
316727
316754
316781
316808
316834
316861
316888
316915
316942
316969
316996
317023
317050
317077
317104
317131
317158
317185
317212
317239
317266
317293
317320
317347
317374
317401
317427
317454
317481
317508
317535
317562
317589
317616
317643
317670
317697
317724
317751
317778
317805
317832
317859
317886
317913
317940
317967
317994
318021
318047
318074
318101
318128
318155
318182
318209
318236
318263
318290
318317
318344
318371
318398
318425
318452
318479
318506
318533
318560
318587
318614
318640
318667
318694
318721
318748
318775
318802
318829
318856
318883
318910
318937
318964
318991
319018
319045
319072
319099
319126
319153
319180
319207
319233
319260
319287
319314
319341
319368
319395
319422
319449
319476
319503
319530
319557
319584
319611
319638
319665
319692
319719
319746
319773
319800
319827
319853
319880
319907
319934
319961
319988
