0
25
48
72
95
118
142
165
189
212
235
259
282
306
329
352
376
399
423
446
469
493
516
540
563
586
610
633
657
680
703
727
750
774
797
820
844
867
891
914
937
961
984
1007
1031
1054
1078
1101
1124
1148
1171
1195
1218
1241
1265
1288
1312
1335
1358
1382
1405
1429
1452
1475
1499
1522
1546
1569
1592
1616
1639
1663
1686
1709
1733
1756
1780
1803
1826
1850
1873
1896
1920
1943
1967
1990
2013
2037
2060
2084
2107
2130
2154
2177
2201
2224
2247
2271
2294
2318
2341
2364
2388
2411
2435
2458
2481
2505
2528
2552
2575
2598
2622
2645
2669
2692
2715
2739
2762
2786
2809
2832
2856
2879
2902
2926
2949
2973
2996
3019
3043
3066
3090
3113
3136
3160
3183
3207
3230
3253
3277
3300
3324
3347
3370
3394
3417
3441
3464
3487
3511
3534
3558
3581
3604
3628
3651
3675
3698
3721
3745
3768
3791
3815
3838
3862
3885
3908
3932
3955
3979
4002
4025
4049
4072
4096
4119
4142
4166
4189
4213
4236
4259
4283
4306
4330
4353
4376
4400
4423
4447
4470
4493
4517
4540
4564
4587
4610
4634
4657
4681
4704
4727
4751
4774
4797
4821
4844
4868
4891
4914
4938
4961
4985
5030
5059
5088
5116
5145
5174
5202
5231
5260
5288
5317
5346
5374
5403
5432
5460
5489
5518
5547
5575
5604
5633
5661
5690
5719
5747
5776
5805
5833
5862
5891
5919
5948
5977
6005
6034
6063
6092
6120
6149
6178
6206
6235
6264
6292
6321
6350
6378
6407
6436
6464
6493
6522
6551
6579
6608
6637
6665
6694
6723
6751
6780
6809
6837
6866
6895
6923
6952
6981
7009
7038
7067
7096
7124
7153
7182
7210
7239
7268
7296
7325
7354
7382
7411
7440
7468
7497
7526
7555
7583
7612
7641
7669
7698
7727
7755
7784
7813
7841
7870
7899
7927
7956
7985
8013
8042
8071
8100
8128
8157
8186
8214
8243
8272
8300
8329
8358
8386
8415
8444
8472
8501
8530
8559
8587
8616
8645
8673
8702
8731
8759
8788
8817
8845
8874
8903
8931
8960
8989
9017
9046
9075
9104
9132
9161
9190
9218
9247
9276
9304
9333
9362
9390
9419
9448
9476
9505
9534
9562
9591
9620
9649
9677
9706
9735
9763
9792
9821
9849
9878
9907
9935
9964
9993
10025
10048
10071
10094
10117
10140
10163
10186
10209
10232
10255
10278
10301
10324
10348
10371
10394
10417
10440
10463
10486
10509
10532
10555
10578
10601
10624
10647
10670
10694
10717
10740
10763
10786
10809
10832
10855
10878
10901
10924
10947
10970
10993
11016
11040
11063
11086
11109
11132
11155
11178
11201
11224
11247
11270
11293
11316
11339
11363
11386
11409
11432
11455
11478
11501
11524
11547
11570
11593
11616
11639
11662
11685
11709
11732
11755
11778
11801
11824
11847
11870
11893
11916
11939
11962
11985
12008
12031
12055
12078
12101
12124
12147
12170
12193
12216
12239
12262
12285
12308
12331
12354
12378
12401
12424
12447
12470
12493
12516
12539
12562
12585
12608
12631
12654
12677
12700
12724
12747
12770
12793
12816
12839
12862
12885
12908
12931
12954
12977
13000
13023
13046
13070
13093
13116
13139
13162
13185
13208
13231
13254
13277
13300
13323
13346
13369
13393
13416
13439
13462
13485
13508
13531
13554
13577
13600
13623
13646
13669
13692
13715
13739
13762
13785
13808
13831
13854
13877
13900
13923
13946
13969
13992
14015
14038
14061
14085
14108
14131
14154
14177
14200
14223
14246
14269
14292
14315
14338
14361
14384
14407
14431
14454
14477
14500
14523
14546
14569
14592
14615
14638
14661
14684
14707
14730
14754
14777
14800
14823
14846
14869
14892
14915
14938
14961
14984
15023
15045
15067
15089
15110
15132
15154
15176
15197
15219
15241
15263
15284
15306
15328
15350
15372
15393
15415
15437
15459
15480
15502
15524
15546
15567
15589
15611
15633
15655
15676
15698
15720
15742
15763
15785
15807
15829
15850
15872
15894
15916
15938
15959
15981
16003
16025
16046
16068
16090
16112
16133
16155
16177
16199
16221
16242
16264
16286
16308
16329
16351
16373
16395
16416
16438
16460
16482
16504
16525
16547
16569
16591
16612
16634
16656
16678
16699
16721
16743
16765
16787
16808
16830
16852
16874
16895
16917
16939
16961
16982
17004
17026
17048
17069
17091
17113
17135
17157
17178
17200
17222
17244
17265
17287
17309
17331
17352
17374
17396
17418
17440
17461
17483
17505
17527
17548
17570
17592
17614
17635
17657
17679
17701
17723
17744
17766
17788
17810
17831
17853
17875
17897
17918
17940
17962
17984
18006
18027
18049
18071
18093
18114
18136
18158
18180
18201
18223
18245
18267
18289
18310
18332
18354
18376
18397
18419
18441
18463
18484
18506
18528
18550
18572
18593
18615
18637
18659
18680
18702
18724
18746
18767
18789
18811
18833
18854
18876
18898
18920
18942
18963
18985
19007
19029
19050
19072
19094
19116
19137
19159
19181
19203
19225
19246
19268
19290
19312
19333
19355
19377
19399
19420
19442
19464
19486
19508
19529
19551
19573
19595
19616
19638
19660
19682
19703
19725
19747
19769
19791
19812
19834
19856
19878
19899
19921
19943
19965
19986
20023
20045
20067
20089
20110
20132
20154
20176
20197
20219
20241
20263
20284
20306
20328
20350
20371
20393
20415
20437
20458
20480
20502
20524
20545
20567
20589
20611
20632
20654
20676
20698
20720
20741
20763
20785
20807
20828
20850
20872
20894
20915
20937
20959
20981
21002
21024
21046
21068
21089
21111
21133
21155
21176
21198
21220
21242
21263
21285
21307
21329
21350
21372
21394
21416
21438
21459
21481
21503
21525
21546
21568
21590
21612
21633
21655
21677
21699
21720
21742
21764
21786
21807
21829
21851
21873
21894
21916
21938
21960
21981
22003
22025
22047
22068
22090
22112
22134
22156
22177
22199
22221
22243
22264
22286
22308
22330
22351
22373
22395
22417
22438
22460
22482
22504
22525
22547
22569
22591
22612
22634
22656
22678
22699
22721
22743
22765
22786
22808
22830
22852
22874
22895
22917
22939
22961
22982
23004
23026
23048
23069
23091
23113
23135
23156
23178
23200
23222
23243
23265
23287
23309
23330
23352
23374
23396
23417
23439
23461
23483
23504
23526
23548
23570
23592
23613
23635
23657
23679
23700
23722
23744
23766
23787
23809
23831
23853
23874
23896
23918
23940
23961
23983
24005
24027
24048
24070
24092
24114
24135
24157
24179
24201
24222
24244
24266
24288
24310
24331
24353
24375
24397
24418
24440
24462
24484
24505
24527
24549
24571
24592
24614
24636
24658
24679
24701
24723
24745
24766
24788
24810
24832
24853
24875
24897
24919
24940
24962
24984
25024
25046
25069
25091
25114
25136
25159
25181
25204
25226
25249
25271
25294
25316
25339
25361
25384
25406
25429
25451
25474
25496
25519
25541
25564
25586
25609
25631
25653
25676
25698
25721
25743
25766
25788
25811
25833
25856
25878
25901
25923
25946
25968
25991
26013
26036
26058
26081
26103
26126
26148
26171
26193
26216
26238
26260
26283
26305
26328
26350
26373
26395
26418
26440
26463
26485
26508
26530
26553
26575
26598
26620
26643
26665
26688
26710
26733
26755
26778
26800
26823
26845
26867
26890
26912
26935
26957
26980
27002
27025
27047
27070
27092
27115
27137
27160
27182
27205
27227
27250
27272
27295
27317
27340
27362
27385
27407
27430
27452
27474
27497
27519
27542
27564
27587
27609
27632
27654
27677
27699
27722
27744
27767
27789
27812
27834
27857
27879
27902
27924
27947
27969
27992
28014
28037
28059
28081
28104
28126
28149
28171
28194
28216
28239
28261
28284
28306
28329
28351
28374
28396
28419
28441
28464
28486
28509
28531
28554
28576
28599
28621
28644
28666
28688
28711
28733
28756
28778
28801
28823
28846
28868
28891
28913
28936
28958
28981
29003
29026
29048
29071
29093
29116
29138
29161
29183
29206
29228
29251
29273
29295
29318
29340
29363
29385
29408
29430
29453
29475
29498
29520
29543
29565
29588
29610
29633
29655
29678
29700
29723
29745
29768
29790
29813
29835
29858
29880
29902
29925
29947
29970
29992
30024
30047
30070
30092
30115
30138
30161
30183
30206
30229
30252
30274
30297
30320
30343
30365
30388
30411
30434
30456
30479
30502
30525
30547
30570
30593
30616
30638
30661
30684
30706
30729
30752
30775
30797
30820
30843
30866
30888
30911
30934
30957
30979
31002
31025
31048
31070
31093
31116
31139
31161
31184
31207
31230
31252
31275
31298
31321
31343
31366
31389
31411
31434
31457
31480
31502
31525
31548
31571
31593
31616
31639
31662
31684
31707
31730
31753
31775
31798
31821
31844
31866
31889
31912
31935
31957
31980
32003
32026
32048
32071
32094
32116
32139
32162
32185
32207
32230
32253
32276
32298
32321
32344
32367
32389
32412
32435
32458
32480
32503
32526
32549
32571
32594
32617
32640
32662
32685
32708
32731
32753
32776
32799
32821
32844
32867
32890
32912
32935
32958
32981
33003
33026
33049
33072
33094
33117
33140
33163
33185
33208
33231
33254
33276
33299
33322
33345
33367
33390
33413
33436
33458
33481
33504
33526
33549
33572
33595
33617
33640
33663
33686
33708
33731
33754
33777
33799
33822
33845
33868
33890
33913
33936
33959
33981
34004
34027
34050
34072
34095
34118
34141
34163
34186
34209
34231
34254
34277
34300
34322
34345
34368
34391
34413
34436
34459
34482
34504
34527
34550
34573
34595
34618
34641
34664
34686
34709
34732
34755
34777
34800
34823
34846
34868
34891
34914
34936
34959
34982
35023
35045
35067
35089
35111
35132
35154
35176
35198
35220
35242
35263
35285
35307
35329
35351
35373
35394
35416
35438
35460
35482
35504
35525
35547
35569
35591
35613
35635
35656
35678
35700
35722
35744
35766
35787
35809
35831
35853
35875
35897
35918
35940
35962
35984
36006
36028
36049
36071
36093
36115
36137
36159
36180
36202
36224
36246
36268
36290
36311
36333
36355
36377
36399
36421
36442
36464
36486
36508
36530
36552
36573
36595
36617
36639
36661
36683
36704
36726
36748
36770
36792
36814
36835
36857
36879
36901
36923
36945
36966
36988
37010
37032
37054
37076
37097
37119
37141
37163
37185
37207
37228
37250
37272
37294
37316
37338
37359
37381
37403
37425
37447
37469
37490
37512
37534
37556
37578
37600
37621
37643
37665
37687
37709
37731
37752
37774
37796
37818
37840
37862
37883
37905
37927
37949
37971
37993
38014
38036
38058
38080
38102
38124
38145
38167
38189
38211
38233
38255
38276
38298
38320
38342
38364
38386
38407
38429
38451
38473
38495
38517
38538
38560
38582
38604
38626
38648
38669
38691
38713
38735
38757
38779
38800
38822
38844
38866
38888
38910
38931
38953
38975
38997
39019
39041
39062
39084
39106
39128
39150
39172
39193
39215
39237
39259
39281
39303
39324
39346
39368
39390
39412
39434
39455
39477
39499
39521
39543
39565
39586
39608
39630
39652
39674
39696
39717
39739
39761
39783
39805
39827
39848
39870
39892
39914
39936
39958
39979
40001
40025
40049
40072
40096
40119
40143
40166
40190
40213
40237
40261
40284
40308
40331
40355
40378
40402
40425
40449
40472
40496
40520
40543
40567
40590
40614
40637
40661
40684
40708
40732
40755
40779
40802
40826
40849
40873
40896
40920
40943
40967
40991
41014
41038
41061
41085
41108
41132
41155
41179
41202
41226
41250
41273
41297
41320
41344
41367
41391
41414
41438
41462
41485
41509
41532
41556
41579
41603
41626
41650
41673
41697
41721
41744
41768
41791
41815
41838
41862
41885
41909
41933
41956
41980
42003
42027
42050
42074
42097
42121
42144
42168
42192
42215
42239
42262
42286
42309
42333
42356
42380
42403
42427
42451
42474
42498
42521
42545
42568
42592
42615
42639
42663
42686
42710
42733
42757
42780
42804
42827
42851
42874
42898
42922
42945
42969
42992
43016
43039
43063
43086
43110
43133
43157
43181
43204
43228
43251
43275
43298
43322
43345
43369
43393
43416
43440
43463
43487
43510
43534
43557
43581
43604
43628
43652
43675
43699
43722
43746
43769
43793
43816
43840
43864
43887
43911
43934
43958
43981
44005
44028
44052
44075
44099
44123
44146
44170
44193
44217
44240
44264
44287
44311
44334
44358
44382
44405
44429
44452
44476
44499
44523
44546
44570
44594
44617
44641
44664
44688
44711
44735
44758
44782
44805
44829
44853
44876
44900
44923
44947
44970
44994
45023
45045
45067
45089
45110
45132
45154
45176
45198
45219
45241
45263
45285
45307
45328
45350
45372
45394
45416
45437
45459
45481
45503
45525
45546
45568
45590
45612
45634
45655
45677
45699
45721
45743
45764
45786
45808
45830
45852
45873
45895
45917
45939
45961
45982
46004
46026
46048
46070
46091
46113
46135
46157
46179
46200
46222
46244
46266
46288
46309
46331
46353
46375
46397
46418
46440
46462
46484
46506
46527
46549
46571
46593
46615
46636
46658
46680
46702
46724
46745
46767
46789
46811
46832
46854
46876
46898
46920
46941
46963
46985
47007
47029
47050
47072
47094
47116
47138
47159
47181
47203
47225
47247
47268
47290
47312
47334
47356
47377
47399
47421
47443
47465
47486
47508
47530
47552
47574
47595
47617
47639
47661
47683
47704
47726
47748
47770
47792
47813
47835
47857
47879
47901
47922
47944
47966
47988
48010
48031
48053
48075
48097
48119
48140
48162
48184
48206
48228
48249
48271
48293
48315
48337
48358
48380
48402
48424
48446
48467
48489
48511
48533
48555
48576
48598
48620
48642
48663
48685
48707
48729
48751
48772
48794
48816
48838
48860
48881
48903
48925
48947
48969
48990
49012
49034
49056
49078
49099
49121
49143
49165
49187
49208
49230
49252
49274
49296
49317
49339
49361
49383
49405
49426
49448
49470
49492
49514
49535
49557
49579
49601
49623
49644
49666
49688
49710
49732
49753
49775
49797
49819
49841
49862
49884
49906
49928
49950
49971
49993
50024
50046
50068
50090
50112
50134
50156
50178
50200
50222
50244
50266
50288
50310
50332
50354
50376
50398
50420
50442
50464
50486
50508
50530
50552
50574
50596
50618
50640
50662
50684
50706
50728
50750
50772
50794
50816
50838
50860
50882
50904
50926
50948
50970
50992
51014
51036
51058
51080
51102
51124
51146
51168
51190
51212
51234
51256
51278
51300
51322
51344
51366
51389
51411
51433
51455
51477
51499
51521
51543
51565
51587
51609
51631
51653
51675
51697
51719
51741
51763
51785
51807
51829
51851
51873
51895
51917
51939
51961
51983
52005
52027
52049
52071
52093
52115
52137
52159
52181
52203
52225
52247
52269
52291
52313
52335
52357
52379
52401
52423
52445
52467
52489
52511
52533
52555
52577
52599
52621
52643
52665
52687
52709
52731
52753
52776
52798
52820
52842
52864
52886
52908
52930
52952
52974
52996
53018
53040
53062
53084
53106
53128
53150
53172
53194
53216
53238
53260
53282
53304
53326
53348
53370
53392
53414
53436
53458
53480
53502
53524
53546
53568
53590
53612
53634
53656
53678
53700
53722
53744
53766
53788
53810
53832
53854
53876
53898
53920
53942
53964
53986
54008
54030
54052
54074
54096
54118
54140
54163
54185
54207
54229
54251
54273
54295
54317
54339
54361
54383
54405
54427
54449
54471
54493
54515
54537
54559
54581
54603
54625
54647
54669
54691
54713
54735
54757
54779
54801
54823
54845
54867
54889
54911
54933
54955
54977
54999
55023
55045
55067
55089
55110
55132
55154
55176
55198
55219
55241
55263
55285
55306
55328
55350
55372
55394
55415
55437
55459
55481
55502
55524
55546
55568
55590
55611
55633
55655
55677
55698
55720
55742
55764
55786
55807
55829
55851
55873
55894
55916
55938
55960
55982
56003
56025
56047
56069
56090
56112
56134
56156
56178
56199
56221
56243
56265
56286
56308
56330
56352
56374
56395
56417
56439
56461
56482
56504
56526
56548
56570
56591
56613
56635
56657
56678
56700
56722
56744
56766
56787
56809
56831
56853
56874
56896
56918
56940
56962
56983
57005
57027
57049
57071
57092
57114
57136
57158
57179
57201
57223
57245
57267
57288
57310
57332
57354
57375
57397
57419
57441
57463
57484
57506
57528
57550
57571
57593
57615
57637
57659
57680
57702
57724
57746
57767
57789
57811
57833
57855
57876
57898
57920
57942
57963
57985
58007
58029
58051
58072
58094
58116
58138
58159
58181
58203
58225
58247
58268
58290
58312
58334
58355
58377
58399
58421
58443
58464
58486
58508
58530
58551
58573
58595
58617
58639
58660
58682
58704
58726
58747
58769
58791
58813
58835
58856
58878
58900
58922
58943
58965
58987
59009
59031
59052
59074
59096
59118
59140
59161
59183
59205
59227
59248
59270
59292
59314
59336
59357
59379
59401
59423
59444
59466
59488
59510
59532
59553
59575
59597
59619
59640
59662
59684
59706
59728
59749
59771
59793
59815
59836
59858
59880
59902
59924
59945
59967
59989
60023
60045
60067
60088
60110
60132
60153
60175
60197
60219
60240
60262
60284
60305
60327
60349
60371
60392
60414
60436
60457
60479
60501
60523
60544
60566
60588
60609
60631
60653
60675
60696
60718
60740
60761
60783
60805
60827
60848
60870
60892
60913
60935
60957
60979
61000
61022
61044
61065
61087
61109
61131
61152
61174
61196
61217
61239
61261
61283
61304
61326
61348
61369
61391
61413
61435
61456
61478
61500
61521
61543
61565
61587
61608
61630
61652
61673
61695
61717
61739
61760
61782
61804
61825
61847
61869
61891
61912
61934
61956
61977
61999
62021
62043
62064
62086
62108
62129
62151
62173
62195
62216
62238
62260
62281
62303
62325
62347
62368
62390
62412
62433
62455
62477
62499
62520
62542
62564
62585
62607
62629
62651
62672
62694
62716
62737
62759
62781
62802
62824
62846
62868
62889
62911
62933
62954
62976
62998
63020
63041
63063
63085
63106
63128
63150
63172
63193
63215
63237
63258
63280
63302
63324
63345
63367
63389
63410
63432
63454
63476
63497
63519
63541
63562
63584
63606
63628
63649
63671
63693
63714
63736
63758
63780
63801
63823
63845
63866
63888
63910
63932
63953
63975
63997
64018
64040
64062
64084
64105
64127
64149
64170
64192
64214
64236
64257
64279
64301
64322
64344
64366
64388
64409
64431
64453
64474
64496
64518
64540
64561
64583
64605
64626
64648
64670
64692
64713
64735
64757
64778
64800
64822
64844
64865
64887
64909
64930
64952
64974
64996
65023
65045
65067
65089
65111
65133
65155
65177
65199
65221
65243
65265
65287
65309
65331
65352
65374
65396
65418
65440
65462
65484
65506
65528
65550
65572
65594
65616
65638
65660
65681
65703
65725
65747
65769
65791
65813
65835
65857
65879
65901
65923
65945
65967
65989
66010
66032
66054
66076
66098
66120
66142
66164
66186
66208
66230
66252
66274
66296
66318
66339
66361
66383
66405
66427
66449
66471
66493
66515
66537
66559
66581
66603
66625
66647
66669
66690
66712
66734
66756
66778
66800
66822
66844
66866
66888
66910
66932
66954
66976
66998
67019
67041
67063
67085
67107
67129
67151
67173
67195
67217
67239
67261
67283
67305
67327
67348
67370
67392
67414
67436
67458
67480
67502
67524
67546
67568
67590
67612
67634
67656
67677
67699
67721
67743
67765
67787
67809
67831
67853
67875
67897
67919
67941
67963
67985
68006
68028
68050
68072
68094
68116
68138
68160
68182
68204
68226
68248
68270
68292
68314
68336
68357
68379
68401
68423
68445
68467
68489
68511
68533
68555
68577
68599
68621
68643
68665
68686
68708
68730
68752
68774
68796
68818
68840
68862
68884
68906
68928
68950
68972
68994
69015
69037
69059
69081
69103
69125
69147
69169
69191
69213
69235
69257
69279
69301
69323
69344
69366
69388
69410
69432
69454
69476
69498
69520
69542
69564
69586
69608
69630
69652
69673
69695
69717
69739
69761
69783
69805
69827
69849
69871
69893
69915
69937
69959
69981
70024
70046
70068
70090
70112
70134
70156
70178
70200
70222
70244
70266
70288
70310
70332
70355
70377
70399
70421
70443
70465
70487
70509
70531
70553
70575
70597
70619
70641
70663
70686
70708
70730
70752
70774
70796
70818
70840
70862
70884
70906
70928
70950
70972
70994
71017
71039
71061
71083
71105
71127
71149
71171
71193
71215
71237
71259
71281
71303
71325
71348
71370
71392
71414
71436
71458
71480
71502
71524
71546
71568
71590
71612
71634
71656
71678
71701
71723
71745
71767
71789
71811
71833
71855
71877
71899
71921
71943
71965
71987
72009
72032
72054
72076
72098
72120
72142
72164
72186
72208
72230
72252
72274
72296
72318
72340
72363
72385
72407
72429
72451
72473
72495
72517
72539
72561
72583
72605
72627
72649
72671
72694
72716
72738
72760
72782
72804
72826
72848
72870
72892
72914
72936
72958
72980
73002
73025
73047
73069
73091
73113
73135
73157
73179
73201
73223
73245
73267
73289
73311
73333
73355
73378
73400
73422
73444
73466
73488
73510
73532
73554
73576
73598
73620
73642
73664
73686
73709
73731
73753
73775
73797
73819
73841
73863
73885
73907
73929
73951
73973
73995
74017
74040
74062
74084
74106
74128
74150
74172
74194
74216
74238
74260
74282
74304
74326
74348
74371
74393
74415
74437
74459
74481
74503
74525
74547
74569
74591
74613
74635
74657
74679
74701
74724
74746
74768
74790
74812
74834
74856
74878
74900
74922
74944
74966
74988
75024
75047
75070
75093
75116
75139
75161
75184
75207
75230
75253
75276
75298
75321
75344
75367
75390
75413
75436
75458
75481
75504
75527
75550
75573
75595
75618
75641
75664
75687
75710
75733
75755
75778
75801
75824
75847
75870
75892
75915
75938
75961
75984
76007
76030
76052
76075
76098
76121
76144
76167
76189
76212
76235
76258
76281
76304
76327
76349
76372
76395
76418
76441
76464
76486
76509
76532
76555
76578
76601
76624
76646
76669
76692
76715
76738
76761
76783
76806
76829
76852
76875
76898
76921
76943
76966
76989
77012
77035
77058
77080
77103
77126
77149
77172
77195
77218
77240
77263
77286
77309
77332
77355
77377
77400
77423
77446
77469
77492
77515
77537
77560
77583
77606
77629
77652
77674
77697
77720
77743
77766
77789
77812
77834
77857
77880
77903
77926
77949
77971
77994
78017
78040
78063
78086
78109
78131
78154
78177
78200
78223
78246
78268
78291
78314
78337
78360
78383
78406
78428
78451
78474
78497
78520
78543
78565
78588
78611
78634
78657
78680
78703
78725
78748
78771
78794
78817
78840
78862
78885
78908
78931
78954
78977
79000
79022
79045
79068
79091
79114
79137
79159
79182
79205
79228
79251
79274
79297
79319
79342
79365
79388
79411
79434
79456
79479
79502
79525
79548
79571
79594
79616
79639
79662
79685
79708
79731
79753
79776
79799
79822
79845
79868
79891
79913
79936
79959
79982
80023
80045
80067
80089
80110
80132
80154
80176
80198
80219
80241
80263
80285
80307
80328
80350
80372
80394
80416
80437
80459
80481
80503
80525
80546
80568
80590
80612
80634
80655
80677
80699
80721
80742
80764
80786
80808
80830
80851
80873
80895
80917
80939
80960
80982
81004
81026
81048
81069
81091
81113
81135
81157
81178
81200
81222
81244
81266
81287
81309
81331
81353
81374
81396
81418
81440
81462
81483
81505
81527
81549
81571
81592
81614
81636
81658
81680
81701
81723
81745
81767
81789
81810
81832
81854
81876
81898
81919
81941
81963
81985
82006
82028
82050
82072
82094
82115
82137
82159
82181
82203
82224
82246
82268
82290
82312
82333
82355
82377
82399
82421
82442
82464
82486
82508
82530
82551
82573
82595
82617
82638
82660
82682
82704
82726
82747
82769
82791
82813
82835
82856
82878
82900
82922
82944
82965
82987
83009
83031
83053
83074
83096
83118
83140
83162
83183
83205
83227
83249
83270
83292
83314
83336
83358
83379
83401
83423
83445
83467
83488
83510
83532
83554
83576
83597
83619
83641
83663
83685
83706
83728
83750
83772
83794
83815
83837
83859
83881
83902
83924
83946
83968
83990
84011
84033
84055
84077
84099
84120
84142
84164
84186
84208
84229
84251
84273
84295
84317
84338
84360
84382
84404
84426
84447
84469
84491
84513
84534
84556
84578
84600
84622
84643
84665
84687
84709
84731
84752
84774
84796
84818
84840
84861
84883
84905
84927
84949
84970
84992
85023
85045
85066
85088
85110
85131
85153
85175
85196
85218
85240
85261
85283
85304
85326
85348
85369
85391
85413
85434
85456
85478
85499
85521
85543
85564
85586
85607
85629
85651
85672
85694
85716
85737
85759
85781
85802
85824
85845
85867
85889
85910
85932
85954
85975
85997
86019
86040
86062
86084
86105
86127
86148
86170
86192
86213
86235
86257
86278
86300
86322
86343
86365
86387
86408
86430
86451
86473
86495
86516
86538
86560
86581
86603
86625
86646
86668
86689
86711
86733
86754
86776
86798
86819
86841
86863
86884
86906
86928
86949
86971
86992
87014
87036
87057
87079
87101
87122
87144
87166
87187
87209
87230
87252
87274
87295
87317
87339
87360
87382
87404
87425
87447
87469
87490
87512
87533
87555
87577
87598
87620
87642
87663
87685
87707
87728
87750
87772
87793
87815
87836
87858
87880
87901
87923
87945
87966
87988
88010
88031
88053
88074
88096
88118
88139
88161
88183
88204
88226
88248
88269
88291
88313
88334
88356
88377
88399
88421
88442
88464
88486
88507
88529
88551
88572
88594
88616
88637
88659
88680
88702
88724
88745
88767
88789
88810
88832
88854
88875
88897
88918
88940
88962
88983
89005
89027
89048
89070
89092
89113
89135
89157
89178
89200
89221
89243
89265
89286
89308
89330
89351
89373
89395
89416
89438
89459
89481
89503
89524
89546
89568
89589
89611
89633
89654
89676
89698
89719
89741
89762
89784
89806
89827
89849
89871
89892
89914
89936
89957
89979
90001
90023
90044
90066
90087
90109
90130
90152
90173
90195
90216
90237
90259
90280
90302
90323
90345
90366
90388
90409
90431
90452
90473
90495
90516
90538
90559
90581
90602
90624
90645
90666
90688
90709
90731
90752
90774
90795
90817
90838
90860
90881
90902
90924
90945
90967
90988
91010
91031
91053
91074
91095
91117
91138
91160
91181
91203
91224
91246
91267
91289
91310
91331
91353
91374
91396
91417
91439
91460
91482
91503
91524
91546
91567
91589
91610
91632
91653
91675
91696
91718
91739
91760
91782
91803
91825
91846
91868
91889
91911
91932
91953
91975
91996
92018
92039
92061
92082
92104
92125
92147
92168
92189
92211
92232
92254
92275
92297
92318
92340
92361
92382
92404
92425
92447
92468
92490
92511
92533
92554
92576
92597
92618
92640
92661
92683
92704
92726
92747
92769
92790
92812
92833
92854
92876
92897
92919
92940
92962
92983
93005
93026
93047
93069
93090
93112
93133
93155
93176
93198
93219
93241
93262
93283
93305
93326
93348
93369
93391
93412
93434
93455
93476
93498
93519
93541
93562
93584
93605
93627
93648
93670
93691
93712
93734
93755
93777
93798
93820
93841
93863
93884
93905
93927
93948
93970
93991
94013
94034
94056
94077
94099
94120
94141
94163
94184
94206
94227
94249
94270
94292
94313
94334
94356
94377
94399
94420
94442
94463
94485
94506
94528
94549
94570
94592
94613
94635
94656
94678
94699
94721
94742
94763
94785
94806
94828
94849
94871
94892
94914
94935
94957
94978
94999
95023
95045
95066
95088
95109
95131
95152
95174
95195
95217
95238
95260
95281
95303
95324
95346
95367
95389
95410
95432
95453
95475
95497
95518
95540
95561
95583
95604
95626
95647
95669
95690
95712
95733
95755
95776
95798
95819
95841
95862
95884
95905
95927
95949
95970
95992
96013
96035
96056
96078
96099
96121
96142
96164
96185
96207
96228
96250
96271
96293
96314
96336
96357
96379
96401
96422
96444
96465
96487
96508
96530
96551
96573
96594
96616
96637
96659
96680
96702
96723
96745
96766
96788
96809
96831
96852
96874
96896
96917
96939
96960
96982
97003
97025
97046
97068
97089
97111
97132
97154
97175
97197
97218
97240
97261
97283
97304
97326
97348
97369
97391
97412
97434
97455
97477
97498
97520
97541
97563
97584
97606
97627
97649
97670
97692
97713
97735
97756
97778
97800
97821
97843
97864
97886
97907
97929
97950
97972
97993
98015
98036
98058
98079
98101
98122
98144
98165
98187
98208
98230
98251
98273
98295
98316
98338
98359
98381
98402
98424
98445
98467
98488
98510
98531
98553
98574
98596
98617
98639
98660
98682
98703
98725
98747
98768
98790
98811
98833
98854
98876
98897
98919
98940
98962
98983
99005
99026
99048
99069
99091
99112
99134
99155
99177
99199
99220
99242
99263
99285
99306
99328
99349
99371
99392
99414
99435
99457
99478
99500
99521
99543
99564
99586
99607
99629
99650
99672
99694
99715
99737
99758
99780
99801
99823
99844
99866
99887
99909
99930
99952
99973
99995
100023
100045
100066
100088
100109
100131
100152
100174
100196
100217
100239
100260
100282
100303
100325
100346
100368
100390
100411
100433
100454
100476
100497
100519
100540
100562
100584
100605
100627
100648
100670
100691
100713
100734
100756
100778
100799
100821
100842
100864
100885
100907
100929
100950
100972
100993
101015
101036
101058
101079
101101
101123
101144
101166
101187
101209
101230
101252
101273
101295
101317
101338
101360
101381
101403
101424
101446
101467
101489
101511
101532
101554
101575
101597
101618
101640
101661
101683
101705
101726
101748
101769
101791
101812
101834
101856
101877
101899
101920
101942
101963
101985
102006
102028
102050
102071
102093
102114
102136
102157
102179
102200
102222
102244
102265
102287
102308
102330
102351
102373
102394
102416
102438
102459
102481
102502
102524
102545
102567
102588
102610
102632
102653
102675
102696
102718
102739
102761
102783
102804
102826
102847
102869
102890
102912
102933
102955
102977
102998
103020
103041
103063
103084
103106
103127
103149
103171
103192
103214
103235
103257
103278
103300
103321
103343
103365
103386
103408
103429
103451
103472
103494
103516
103537
103559
103580
103602
103623
103645
103666
103688
103710
103731
103753
103774
103796
103817
103839
103860
103882
103904
103925
103947
103968
103990
104011
104033
104054
104076
104098
104119
104141
104162
104184
104205
104227
104248
104270
104292
104313
104335
104356
104378
104399
104421
104443
104464
104486
104507
104529
104550
104572
104593
104615
104637
104658
104680
104701
104723
104744
104766
104787
104809
104831
104852
104874
104895
104917
104938
104960
104981
105025
105048
105072
105095
105119
105142
105166
105189
105213
105236
105260
105283
105307
105330
105354
105377
105400
105424
105447
105471
105494
105518
105541
105565
105588
105612
105635
105659
105682
105706
105729
105752
105776
105799
105823
105846
105870
105893
105917
105940
105964
105987
106011
106034
106058
106081
106104
106128
106151
106175
106198
106222
106245
106269
106292
106316
106339
106363
106386
106410
106433
106456
106480
106503
106527
106550
106574
106597
106621
106644
106668
106691
106715
106738
106762
106785
106808
106832
106855
106879
106902
106926
106949
106973
106996
107020
107043
107067
107090
107114
107137
107160
107184
107207
107231
107254
107278
107301
107325
107348
107372
107395
107419
107442
107466
107489
107513
107536
107559
107583
107606
107630
107653
107677
107700
107724
107747
107771
107794
107818
107841
107865
107888
107911
107935
107958
107982
108005
108029
108052
108076
108099
108123
108146
108170
108193
108217
108240
108263
108287
108310
108334
108357
108381
108404
108428
108451
108475
108498
108522
108545
108569
108592
108615
108639
108662
108686
108709
108733
108756
108780
108803
108827
108850
108874
108897
108921
108944
108967
108991
109014
109038
109061
109085
109108
109132
109155
109179
109202
109226
109249
109273
109296
109319
109343
109366
109390
109413
109437
109460
109484
109507
109531
109554
109578
109601
109625
109648
109671
109695
109718
109742
109765
109789
109812
109836
109859
109883
109906
109930
109953
109977
110000
110026
110050
110074
110098
110122
110146
110170
110194
110218
110242
110266
110290
110314
110338
110362
110386
110410
110434
110458
110482
110506
110530
110554
110578
110602
110626
110650
110674
110698
110722
110746
110770
110794
110818
110842
110866
110890
110914
110938
110962
110986
111010
111034
111058
111082
111106
111130
111154
111178
111202
111226
111250
111274
111298
111322
111346
111370
111394
111418
111442
111466
111490
111514
111538
111562
111586
111610
111634
111658
111682
111706
111730
111754
111778
111802
111826
111850
111874
111898
111922
111946
111970
111994
112018
112042
112066
112090
112114
112138
112162
112186
112210
112234
112258
112282
112306
112330
112354
112378
112402
112426
112450
112474
112498
112522
112546
112570
112594
112618
112642
112666
112690
112714
112738
112762
112786
112810
112834
112858
112882
112906
112930
112954
112978
113002
113026
113050
113074
113098
113122
113146
113170
113194
113218
113242
113266
113290
113314
113338
113362
113386
113410
113434
113458
113482
113506
113530
113554
113578
113602
113626
113650
113674
113698
113722
113746
113770
113794
113818
113842
113866
113890
113914
113938
113962
113986
114010
114034
114058
114082
114106
114130
114154
114178
114202
114226
114250
114274
114298
114322
114346
114370
114394
114418
114442
114466
114490
114514
114538
114562
114586
114610
114634
114658
114682
114706
114730
114754
114778
114802
114826
114850
114874
114898
114922
114946
114970
114994
115026
115051
115076
115101
115126
115151
115176
115201
115225
115250
115275
115300
115325
115350
115375
115400
115425
115449
115474
115499
115524
115549
115574
115599
115624
115649
115673
115698
115723
115748
115773
115798
115823
115848
115873
115897
115922
115947
115972
115997
116022
116047
116072
116097
116121
116146
116171
116196
116221
116246
116271
116296
116320
116345
116370
116395
116420
116445
116470
116495
116520
116544
116569
116594
116619
116644
116669
116694
116719
116744
116768
116793
116818
116843
116868
116893
116918
116943
116968
116992
117017
117042
117067
117092
117117
117142
117167
117192
117216
117241
117266
117291
117316
117341
117366
117391
117415
117440
117465
117490
117515
117540
117565
117590
117615
117639
117664
117689
117714
117739
117764
117789
117814
117839
117863
117888
117913
117938
117963
117988
118013
118038
118063
118087
118112
118137
118162
118187
118212
118237
118262
118287
118311
118336
118361
118386
118411
118436
118461
118486
118510
118535
118560
118585
118610
118635
118660
118685
118710
118734
118759
118784
118809
118834
118859
118884
118909
118934
118958
118983
119008
119033
119058
119083
119108
119133
119158
119182
119207
119232
119257
119282
119307
119332
119357
119382
119406
119431
119456
119481
119506
119531
119556
119581
119605
119630
119655
119680
119705
119730
119755
119780
119805
119829
119854
119879
119904
119929
119954
119979
120023
120045
120067
120089
120111
120133
120154
120176
120198
120220
120242
120264
120286
120307
120329
120351
120373
120395
120417
120439
120460
120482
120504
120526
120548
120570
120591
120613
120635
120657
120679
120701
120723
120744
120766
120788
120810
120832
120854
120876
120897
120919
120941
120963
120985
121007
121028
121050
121072
121094
121116
121138
121160
121181
121203
121225
121247
121269
121291
121313
121334
121356
121378
121400
121422
121444
121466
121487
121509
121531
121553
121575
121597
121618
121640
121662
121684
121706
121728
121750
121771
121793
121815
121837
121859
121881
121903
121924
121946
121968
121990
122012
122034
122055
122077
122099
122121
122143
122165
122187
122208
122230
122252
122274
122296
122318
122340
122361
122383
122405
122427
122449
122471
122492
122514
122536
122558
122580
122602
122624
122645
122667
122689
122711
122733
122755
122777
122798
122820
122842
122864
122886
122908
122930
122951
122973
122995
123017
123039
123061
123082
123104
123126
123148
123170
123192
123214
123235
123257
123279
123301
123323
123345
123367
123388
123410
123432
123454
123476
123498
123519
123541
123563
123585
123607
123629
123651
123672
123694
123716
123738
123760
123782
123804
123825
123847
123869
123891
123913
123935
123956
123978
124000
124022
124044
124066
124088
124109
124131
124153
124175
124197
124219
124241
124262
124284
124306
124328
124350
124372
124394
124415
124437
124459
124481
124503
124525
124546
124568
124590
124612
124634
124656
124678
124699
124721
124743
124765
124787
124809
124831
124852
124874
124896
124918
124940
124962
124983
125023
125045
125067
125088
125110
125132
125154
125175
125197
125219
125241
125262
125284
125306
125328
125349
125371
125393
125414
125436
125458
125480
125501
125523
125545
125567
125588
125610
125632
125654
125675
125697
125719
125740
125762
125784
125806
125827
125849
125871
125893
125914
125936
125958
125980
126001
126023
126045
126066
126088
126110
126132
126153
126175
126197
126219
126240
126262
126284
126306
126327
126349
126371
126392
126414
126436
126458
126479
126501
126523
126545
126566
126588
126610
126632
126653
126675
126697
126718
126740
126762
126784
126805
126827
126849
126871
126892
126914
126936
126958
126979
127001
127023
127044
127066
127088
127110
127131
127153
127175
127197
127218
127240
127262
127284
127305
127327
127349
127371
127392
127414
127436
127457
127479
127501
127523
127544
127566
127588
127610
127631
127653
127675
127697
127718
127740
127762
127783
127805
127827
127849
127870
127892
127914
127936
127957
127979
128001
128023
128044
128066
128088
128109
128131
128153
128175
128196
128218
128240
128262
128283
128305
128327
128349
128370
128392
128414
128435
128457
128479
128501
128522
128544
128566
128588
128609
128631
128653
128675
128696
128718
128740
128761
128783
128805
128827
128848
128870
128892
128914
128935
128957
128979
129001
129022
129044
129066
129087
129109
129131
129153
129174
129196
129218
129240
129261
129283
129305
129327
129348
129370
129392
129414
129435
129457
129479
129500
129522
129544
129566
129587
129609
129631
129653
129674
129696
129718
129740
129761
129783
129805
129826
129848
129870
129892
129913
129935
129957
129979
130000
130023
130045
130067
130089
130110
130132
130154
130176
130197
130219
130241
130263
130284
130306
130328
130350
130372
130393
130415
130437
130459
130480
130502
130524
130546
130567
130589
130611
130633
130654
130676
130698
130720
130742
130763
130785
130807
130829
130850
130872
130894
130916
130937
130959
130981
131003
131024
131046
131068
131090
131112
131133
131155
131177
131199
131220
131242
131264
131286
131307
131329
131351
131373
131394
131416
131438
131460
131482
131503
131525
131547
131569
131590
131612
131634
131656
131677
131699
131721
131743
131764
131786
131808
131830
131852
131873
131895
131917
131939
131960
131982
132004
132026
132047
132069
132091
132113
132134
132156
132178
132200
132222
132243
132265
132287
132309
132330
132352
132374
132396
132417
132439
132461
132483
132504
132526
132548
132570
132592
132613
132635
132657
132679
132700
132722
132744
132766
132787
132809
132831
132853
132875
132896
132918
132940
132962
132983
133005
133027
133049
133070
133092
133114
133136
133157
133179
133201
133223
133245
133266
133288
133310
133332
133353
133375
133397
133419
133440
133462
133484
133506
133527
133549
133571
133593
133615
133636
133658
133680
133702
133723
133745
133767
133789
133810
133832
133854
133876
133897
133919
133941
133963
133985
134006
134028
134050
134072
134093
134115
134137
134159
134180
134202
134224
134246
134267
134289
134311
134333
134355
134376
134398
134420
134442
134463
134485
134507
134529
134550
134572
134594
134616
134637
134659
134681
134703
134725
134746
134768
134790
134812
134833
134855
134877
134899
134920
134942
134964
134986
135045
135088
135132
135175
135218
135262
135305
135348
135392
135435
135479
135522
135565
135609
135652
135695
135739
135782
135825
135869
135912
135956
135999
136042
136086
136129
136172
136216
136259
136303
136346
136389
136433
136476
136519
136563
136606
136649
136693
136736
136780
136823
136866
136910
136953
136996
137040
137083
137127
137170
137213
137257
137300
137343
137387
137430
137473
137517
137560
137604
137647
137690
137734
137777
137820
137864
137907
137951
137994
138037
138081
138124
138167
138211
138254
138297
138341
138384
138428
138471
138514
138558
138601
138644
138688
138731
138775
138818
138861
138905
138948
138991
139035
139078
139121
139165
139208
139252
139295
139338
139382
139425
139468
139512
139555
139599
139642
139685
139729
139772
139815
139859
139902
139945
139989
140134
140267
140400
140533
140666
140799
140932
141065
141198
141331
141464
141597
141729
141862
141995
142128
142261
142394
142527
142660
142793
142926
143059
143192
143324
143457
143590
143723
143856
143989
144122
144255
144388
144521
144654
144787
144920
145023
145045
145067
145088
145110
145132
145154
145175
145197
145219
145240
145262
145284
145306
145327
145349
145371
145392
145414
145436
145458
145479
145501
145523
145544
145566
145588
145610
145631
145653
145675
145696
145718
145740
145762
145783
145805
145827
145848
145870
145892
145914
145935
145957
145979
146000
146022
146044
146066
146087
146109
146131
146152
146174
146196
146218
146239
146261
146283
146304
146326
146348
146370
146391
146413
146435
146456
146478
146500
146522
146543
146565
146587
146608
146630
146652
146674
146695
146717
146739
146760
146782
146804
146826
146847
146869
146891
146912
146934
146956
146978
146999
147021
147043
147064
147086
147108
147130
147151
147173
147195
147216
147238
147260
147282
147303
147325
147347
147368
147390
147412
147434
147455
147477
147499
147520
147542
147564
147586
147607
147629
147651
147672
147694
147716
147738
147759
147781
147803
147824
147846
147868
147890
147911
147933
147955
147976
147998
148020
148042
148063
148085
148107
148128
148150
148172
148194
148215
148237
148259
148280
148302
148324
148346
148367
148389
148411
148432
148454
148476
148498
148519
148541
148563
148584
148606
148628
148650
148671
148693
148715
148736
148758
148780
148802
148823
148845
148867
148888
148910
148932
148954
148975
148997
149019
149040
149062
149084
149106
149127
149149
149171
149192
149214
149236
149258
149279
149301
149323
149344
149366
149388
149410
149431
149453
149475
149496
149518
149540
149562
149583
149605
149627
149648
149670
149692
149714
149735
149757
149779
149800
149822
149844
149866
149887
149909
149931
149952
149974
149996
150023
150045
150067
150088
150110
150132
150154
150175
150197
150219
150240
150262
150284
150306
150327
150349
150371
150393
150414
150436
150458
150479
150501
150523
150545
150566
150588
150610
150631
150653
150675
150697
150718
150740
150762
150784
150805
150827
150849
150870
150892
150914
150936
150957
150979
151001
151022
151044
151066
151088
151109
151131
151153
151175
151196
151218
151240
151261
151283
151305
151327
151348
151370
151392
151414
151435
151457
151479
151500
151522
151544
151566
151587
151609
151631
151652
151674
151696
151718
151739
151761
151783
151805
151826
151848
151870
151891
151913
151935
151957
151978
152000
152022
152043
152065
152087
152109
152130
152152
152174
152196
152217
152239
152261
152282
152304
152326
152348
152369
152391
152413
152435
152456
152478
152500
152521
152543
152565
152587
152608
152630
152652
152673
152695
152717
152739
152760
152782
152804
152826
152847
152869
152891
152912
152934
152956
152978
152999
153021
153043
153064
153086
153108
153130
153151
153173
153195
153217
153238
153260
153282
153303
153325
153347
153369
153390
153412
153434
153456
153477
153499
153521
153542
153564
153586
153608
153629
153651
153673
153694
153716
153738
153760
153781
153803
153825
153847
153868
153890
153912
153933
153955
153977
153999
154020
154042
154064
154085
154107
154129
154151
154172
154194
154216
154238
154259
154281
154303
154324
154346
154368
154390
154411
154433
154455
154477
154498
154520
154542
154563
154585
154607
154629
154650
154672
154694
154715
154737
154759
154781
154802
154824
154846
154868
154889
154911
154933
154954
154976
154998
155024
155046
155068
155090
155112
155134
155156
155179
155201
155223
155245
155267
155289
155311
155333
155356
155378
155400
155422
155444
155466
155488
155510
155533
155555
155577
155599
155621
155643
155665
155688
155710
155732
155754
155776
155798
155820
155842
155865
155887
155909
155931
155953
155975
155997
156019
156042
156064
156086
156108
156130
156152
156174
156196
156219
156241
156263
156285
156307
156329
156351
156374
156396
156418
156440
156462
156484
156506
156528
156551
156573
156595
156617
156639
156661
156683
156705
156728
156750
156772
156794
156816
156838
156860
156883
156905
156927
156949
156971
156993
157015
157037
157060
157082
157104
157126
157148
157170
157192
157214
157237
157259
157281
157303
157325
157347
157369
157391
157414
157436
157458
157480
157502
157524
157546
157569
157591
157613
157635
157657
157679
157701
157723
157746
157768
157790
157812
157834
157856
157878
157900
157923
157945
157967
157989
158011
158033
158055
158078
158100
158122
158144
158166
158188
158210
158232
158255
158277
158299
158321
158343
158365
158387
158409
158432
158454
158476
158498
158520
158542
158564
158586
158609
158631
158653
158675
158697
158719
158741
158764
158786
158808
158830
158852
158874
158896
158918
158941
158963
158985
159007
159029
159051
159073
159095
159118
159140
159162
159184
159206
159228
159250
159273
159295
159317
159339
159361
159383
159405
159427
159450
159472
159494
159516
159538
159560
159582
159604
159627
159649
159671
159693
159715
159737
159759
159781
159804
159826
159848
159870
159892
159914
159936
159959
159981
160053
160105
160157
160209
160261
160313
160365
160416
160468
160520
160572
160624
160676
160728
160779
160831
160883
160935
160987
161039
161091
161142
161194
161246
161298
161350
161402
161454
161506
161557
161609
161661
161713
161765
161817
161869
161920
161972
162024
162076
162128
162180
162232
162283
162335
162387
162439
162491
162543
162595
162646
162698
162750
162802
162854
162906
162958
163010
163061
163113
163165
163217
163269
163321
163373
163424
163476
163528
163580
163632
163684
163736
163787
163839
163891
163943
163995
164047
164099
164151
164202
164254
164306
164358
164410
164462
164514
164565
164617
164669
164721
164773
164825
164877
164928
164980
165065
165128
165191
165255
165318
165381
165444
165508
165571
165634
165697
165761
165824
165887
165950
166014
166077
166140
166203
166267
166330
166393
166456
166520
166583
166646
166709
166773
166836
166899
166962
167026
167089
167152
167215
167279
167342
167405
167468
167532
167595
167658
167721
167785
167848
167911
167974
168038
168101
168164
168227
168291
168354
168417
168480
168544
168607
168670
168733
168797
168860
168923
168986
169050
169113
169176
169239
169303
169366
169429
169492
169556
169619
169682
169745
169809
169872
169935
169998
175024
175046
175068
175090
175113
175135
175157
175179
175202
175224
175246
175268
175291
175313
175335
175357
175380
175402
175424
175446
175469
175491
175513
175535
175558
175580
175602
175624
175647
175669
175691
175713
175736
175758
175780
175802
175824
175847
175869
175891
175913
175936
175958
175980
176002
176025
176047
176069
176091
176114
176136
176158
176180
176203
176225
176247
176269
176292
176314
176336
176358
176381
176403
176425
176447
176470
176492
176514
176536
176558
176581
176603
176625
176647
176670
176692
176714
176736
176759
176781
176803
176825
176848
176870
176892
176914
176937
176959
176981
177003
177026
177048
177070
177092
177115
177137
177159
177181
177204
177226
177248
177270
177293
177315
177337
177359
177381
177404
177426
177448
177470
177493
177515
177537
177559
177582
177604
177626
177648
177671
177693
177715
177737
177760
177782
177804
177826
177849
177871
177893
177915
177938
177960
177982
178004
178027
178049
178071
178093
178115
178138
178160
178182
178204
178227
178249
178271
178293
178316
178338
178360
178382
178405
178427
178449
178471
178494
178516
178538
178560
178583
178605
178627
178649
178672
178694
178716
178738
178761
178783
178805
178827
178850
178872
178894
178916
178938
178961
178983
179005
179027
179050
179072
179094
179116
179139
179161
179183
179205
179228
179250
179272
179294
179317
179339
179361
179383
179406
179428
179450
179472
179495
179517
179539
179561
179584
179606
179628
179650
179672
179695
179717
179739
179761
179784
179806
179828
179850
179873
179895
179917
179939
179962
179984
180023
180045
180067
180089
180110
180132
180154
180176
180198
180219
180241
180263
180285
180307
180328
180350
180372
180394
180416
180437
180459
180481
180503
180525
180546
180568
180590
180612
180634
180655
180677
180699
180721
180743
180764
180786
180808
180830
180851
180873
180895
180917
180939
180960
180982
181004
181026
181048
181069
181091
181113
181135
181157
181178
181200
181222
181244
181266
181287
181309
181331
181353
181375
181396
181418
181440
181462
181484
181505
181527
181549
181571
181592
181614
181636
181658
181680
181701
181723
181745
181767
181789
181810
181832
181854
181876
181898
181919
181941
181963
181985
182007
182028
182050
182072
182094
182116
182137
182159
182181
182203
182225
182246
182268
182290
182312
182334
182355
182377
182399
182421
182442
182464
182486
182508
182530
182551
182573
182595
182617
182639
182660
182682
182704
182726
182748
182769
182791
182813
182835
182857
182878
182900
182922
182944
182966
182987
183009
183031
183053
183075
183096
183118
183140
183162
183183
183205
183227
183249
183271
183292
183314
183336
183358
183380
183401
183423
183445
183467
183489
183510
183532
183554
183576
183598
183619
183641
183663
183685
183707
183728
183750
183772
183794
183816
183837
183859
183881
183903
183924
183946
183968
183990
184012
184033
184055
184077
184099
184121
184142
184164
184186
184208
184230
184251
184273
184295
184317
184339
184360
184382
184404
184426
184448
184469
184491
184513
184535
184557
184578
184600
184622
184644
184666
184687
184709
184731
184753
184774
184796
184818
184840
184862
184883
184905
184927
184949
184971
184992
185063
185125
185187
185249
185311
185373
185435
185497
185558
185620
185682
185744
185806
185868
185930
185992
186054
186115
186177
186239
186301
186363
186425
186487
186549
186611
186672
186734
186796
186858
186920
186982
187044
187106
187168
187229
187291
187353
187415
187477
187539
187601
187663
187725
187786
187848
187910
187972
188034
188096
188158
188220
188282
188343
188405
188467
188529
188591
188653
188715
188777
188839
188900
188962
189024
189086
189148
189210
189272
189334
189396
189457
189519
189581
189643
189705
189767
189829
189891
189953
190023
190045
190067
190089
190111
190132
190154
190176
190198
190220
190241
190263
190285
190307
190329
190351
190372
190394
190416
190438
190460
190481
190503
190525
190547
190569
190590
190612
190634
190656
190678
190700
190721
190743
190765
190787
190809
190830
190852
190874
190896
190918
190940
190961
190983
191005
191027
191049
191070
191092
191114
191136
191158
191179
191201
191223
191245
191267
191289
191310
191332
191354
191376
191398
191419
191441
191463
191485
191507
191528
191550
191572
191594
191616
191638
191659
191681
191703
191725
191747
191768
191790
191812
191834
191856
191878
191899
191921
191943
191965
191987
192008
192030
192052
192074
192096
192117
192139
192161
192183
192205
192227
192248
192270
192292
192314
192336
192357
192379
192401
192423
192445
192467
192488
192510
192532
192554
192576
192597
192619
192641
192663
192685
192706
192728
192750
192772
192794
192816
192837
192859
192881
192903
192925
192946
192968
192990
193012
193034
193055
193077
193099
193121
193143
193165
193186
193208
193230
193252
193274
193295
193317
193339
193361
193383
193405
193426
193448
193470
193492
193514
193535
193557
193579
193601
193623
193644
193666
193688
193710
193732
193754
193775
193797
193819
193841
193863
193884
193906
193928
193950
193972
193994
194015
194037
194059
194081
194103
194124
194146
194168
194190
194212
194233
194255
194277
194299
194321
194343
194364
194386
194408
194430
194452
194473
194495
194517
194539
194561
194582
194604
194626
194648
194670
194692
194713
194735
194757
194779
194801
194822
194844
194866
194888
194910
194932
194953
194975
194997
195024
195046
195068
195090
195113
195135
195157
195179
195201
195224
195246
195268
195290
195313
195335
195357
195379
195401
195424
195446
195468
195490
195512
195535
195557
195579
195601
195624
195646
195668
195690
195712
195735
195757
195779
195801
195824
195846
195868
195890
195912
195935
195957
195979
196001
196023
196046
196068
196090
196112
196135
196157
196179
196201
196223
196246
196268
196290
196312
196334
196357
196379
196401
196423
196446
196468
196490
196512
196534
196557
196579
196601
196623
196646
196668
196690
196712
196734
196757
196779
196801
196823
196845
196868
196890
196912
196934
196957
196979
197001
197023
197045
197068
197090
197112
197134
197156
197179
197201
197223
197245
197268
197290
197312
197334
197356
197379
197401
197423
197445
197468
197490
197512
197534
197556
197579
197601
197623
197645
197667
197690
197712
197734
197756
197779
197801
197823
197845
197867
197890
197912
197934
197956
197979
198001
198023
198045
198067
198090
198112
198134
198156
198178
198201
198223
198245
198267
198290
198312
198334
198356
198378
198401
198423
198445
198467
198489
198512
198534
198556
198578
198601
198623
198645
198667
198689
198712
198734
198756
198778
198801
198823
198845
198867
198889
198912
198934
198956
198978
199000
199023
199045
199067
199089
199112
199134
199156
199178
199200
199223
199245
199267
199289
199311
199334
199356
199378
199400
199423
199445
199467
199489
199511
199534
199556
199578
199600
199623
199645
199667
199689
199711
199734
199756
199778
199800
199822
199845
199867
199889
199911
199934
199956
199978
200000
205027
205052
205077
205102
205127
205152
205177
205203
205228
205253
205278
205303
205328
205353
205379
205404
205429
205454
205479
205504
205529
205555
205580
205605
205630
205655
205680
205705
205730
205756
205781
205806
205831
205856
205881
205906
205932
205957
205982
206007
206032
206057
206082
206108
206133
206158
206183
206208
206233
206258
206283
206309
206334
206359
206384
206409
206434
206459
206485
206510
206535
206560
206585
206610
206635
206661
206686
206711
206736
206761
206786
206811
206837
206862
206887
206912
206937
206962
206987
207012
207038
207063
207088
207113
207138
207163
207188
207214
207239
207264
207289
207314
207339
207364
207390
207415
207440
207465
207490
207515
207540
207565
207591
207616
207641
207666
207691
207716
207741
207767
207792
207817
207842
207867
207892
207917
207943
207968
207993
208018
208043
208068
208093
208119
208144
208169
208194
208219
208244
208269
208294
208320
208345
208370
208395
208420
208445
208470
208496
208521
208546
208571
208596
208621
208646
208672
208697
208722
208747
208772
208797
208822
208847
208873
208898
208923
208948
208973
208998
209023
209049
209074
209099
209124
209149
209174
209199
209225
209250
209275
209300
209325
209350
209375
209401
209426
209451
209476
209501
209526
209551
209576
209602
209627
209652
209677
209702
209727
209752
209778
209803
209828
209853
209878
209903
209928
209954
209979
210023
210045
210066
210088
210109
210131
210152
210174
210195
210217
210238
210260
210281
210303
210325
210346
210368
210389
210411
210432
210454
210475
210497
210518
210540
210561
210583
210604
210626
210648
210669
210691
210712
210734
210755
210777
210798
210820
210841
210863
210884
210906
210928
210949
210971
210992
211014
211035
211057
211078
211100
211121
211143
211164
211186
211207
211229
211251
211272
211294
211315
211337
211358
211380
211401
211423
211444
211466
211487
211509
211530
211552
211574
211595
211617
211638
211660
211681
211703
211724
211746
211767
211789
211810
211832
211854
211875
211897
211918
211940
211961
211983
212004
212026
212047
212069
212090
212112
212133
212155
212177
212198
212220
212241
212263
212284
212306
212327
212349
212370
212392
212413
212435
212457
212478
212500
212521
212543
212564
212586
212607
212629
212650
212672
212693
212715
212736
212758
212780
212801
212823
212844
212866
212887
212909
212930
212952
212973
212995
213016
213038
213059
213081
213103
213124
213146
213167
213189
213210
213232
213253
213275
213296
213318
213339
213361
213383
213404
213426
213447
213469
213490
213512
213533
213555
213576
213598
213619
213641
213662
213684
213706
213727
213749
213770
213792
213813
213835
213856
213878
213899
213921
213942
213964
213985
214007
214029
214050
214072
214093
214115
214136
214158
214179
214201
214222
214244
214265
214287
214309
214330
214352
214373
214395
214416
214438
214459
214481
214502
214524
214545
214567
214588
214610
214632
214653
214675
214696
214718
214739
214761
214782
214804
214825
214847
214868
214890
214912
214933
214955
214976
214998
215023
215045
215067
215089
215110
215132
215154
215176
215197
215219
215241
215263
215284
215306
215328
215350
215371
215393
215415
215437
215458
215480
215502
215524
215545
215567
215589
215611
215632
215654
215676
215698
215719
215741
215763
215785
215806
215828
215850
215872
215893
215915
215937
215959
215980
216002
216024
216046
216067
216089
216111
216133
216154
216176
216198
216220
216241
216263
216285
216307
216328
216350
216372
216394
216415
216437
216459
216481
216502
216524
216546
216568
216589
216611
216633
216655
216676
216698
216720
216742
216763
216785
216807
216829
216850
216872
216894
216916
216937
216959
216981
217003
217024
217046
217068
217090
217111
217133
217155
217177
217198
217220
217242
217264
217285
217307
217329
217351
217372
217394
217416
217438
217459
217481
217503
217525
217546
217568
217590
217612
217633
217655
217677
217699
217720
217742
217764
217786
217807
217829
217851
217873
217894
217916
217938
217960
217981
218003
218025
218047
218068
218090
218112
218134
218156
218177
218199
218221
218243
218264
218286
218308
218330
218351
218373
218395
218417
218438
218460
218482
218504
218525
218547
218569
218591
218612
218634
218656
218678
218699
218721
218743
218765
218786
218808
218830
218852
218873
218895
218917
218939
218960
218982
219004
219026
219047
219069
219091
219113
219134
219156
219178
219200
219221
219243
219265
219287
219308
219330
219352
219374
219395
219417
219439
219461
219482
219504
219526
219548
219569
219591
219613
219635
219656
219678
219700
219722
219743
219765
219787
219809
219830
219852
219874
219896
219917
219939
219961
219983
220024
220046
220068
220090
220112
220134
220156
220178
220200
220222
220245
220267
220289
220311
220333
220355
220377
220399
220421
220443
220465
220488
220510
220532
220554
220576
220598
220620
220642
220664
220686
220709
220731
220753
220775
220797
220819
220841
220863
220885
220907
220929
220952
220974
220996
221018
221040
221062
221084
221106
221128
221150
221173
221195
221217
221239
221261
221283
221305
221327
221349
221371
221393
221416
221438
221460
221482
221504
221526
221548
221570
221592
221614
221637
221659
221681
221703
221725
221747
221769
221791
221813
221835
221857
221880
221902
221924
221946
221968
221990
222012
222034
222056
222078
222101
222123
222145
222167
222189
222211
222233
222255
222277
222299
222321
222344
222366
222388
222410
222432
222454
222476
222498
222520
222542
222565
222587
222609
222631
222653
222675
222697
222719
222741
222763
222785
222808
222830
222852
222874
222896
222918
222940
222962
222984
223006
223029
223051
223073
223095
223117
223139
223161
223183
223205
223227
223249
223272
223294
223316
223338
223360
223382
223404
223426
223448
223470
223493
223515
223537
223559
223581
223603
223625
223647
223669
223691
223713
223736
223758
223780
223802
223824
223846
223868
223890
223912
223934
223956
223979
224001
224023
224045
224067
224089
224111
224133
224155
224177
224200
224222
224244
224266
224288
224310
224332
224354
224376
224398
224420
224443
224465
224487
224509
224531
224553
224575
224597
224619
224641
224664
224686
224708
224730
224752
224774
224796
224818
224840
224862
224884
224907
224929
224951
224973
224995
225023
225044
225065
225087
225108
225129
225151
225172
225193
225214
225236
225257
225278
225300
225321
225342
225363
225385
225406
225427
225449
225470
225491
225513
225534
225555
225576
225598
225619
225640
225662
225683
225704
225725
225747
225768
225789
225811
225832
225853
225875
225896
225917
225938
225960
225981
226002
226024
226045
226066
226087
226109
226130
226151
226173
226194
226215
226237
226258
226279
226300
226322
226343
226364
226386
226407
226428
226449
226471
226492
226513
226535
226556
226577
226599
226620
226641
226662
226684
226705
226726
226748
226769
226790
226811
226833
226854
226875
226897
226918
226939
226961
226982
227003
227024
227046
227067
227088
227110
227131
227152
227173
227195
227216
227237
227259
227280
227301
227323
227344
227365
227386
227408
227429
227450
227472
227493
227514
227535
227557
227578
227599
227621
227642
227663
227685
227706
227727
227748
227770
227791
227812
227834
227855
227876
227897
227919
227940
227961
227983
228004
228025
228047
228068
228089
228110
228132
228153
228174
228196
228217
228238
228259
228281
228302
228323
228345
228366
228387
228409
228430
228451
228472
228494
228515
228536
228558
228579
228600
228621
228643
228664
228685
228707
228728
228749
228771
228792
228813
228834
228856
228877
228898
228920
228941
228962
228983
229005
229026
229047
229069
229090
229111
229133
229154
229175
229196
229218
229239
229260
229282
229303
229324
229345
229367
229388
229409
229431
229452
229473
229495
229516
229537
229558
229580
229601
229622
229644
229665
229686
229707
229729
229750
229771
229793
229814
229835
229857
229878
229899
229920
229942
229963
229984
230024
230046
230068
230090
230112
230134
230156
230178
230200
230222
230244
230266
230288
230310
230332
230354
230376
230398
230420
230442
230464
230486
230508
230530
230552
230574
230596
230618
230640
230662
230684
230706
230728
230750
230772
230794
230816
230838
230860
230882
230904
230926
230948
230970
230992
231014
231036
231058
231080
231102
231124
231146
231168
231190
231212
231234
231256
231278
231300
231322
231344
231366
231388
231410
231432
231454
231477
231499
231521
231543
231565
231587
231609
231631
231653
231675
231697
231719
231741
231763
231785
231807
231829
231851
231873
231895
231917
231939
231961
231983
232005
232027
232049
232071
232093
232115
232137
232159
232181
232203
232225
232247
232269
232291
232313
232335
232357
232379
232401
232423
232445
232467
232489
232511
232533
232555
232577
232599
232621
232643
232665
232687
232709
232731
232753
232775
232797
232819
232841
232863
232885
232907
232930
232952
232974
232996
233018
233040
233062
233084
233106
233128
233150
233172
233194
233216
233238
233260
233282
233304
233326
233348
233370
233392
233414
233436
233458
233480
233502
233524
233546
233568
233590
233612
233634
233656
233678
233700
233722
233744
233766
233788
233810
233832
233854
233876
233898
233920
233942
233964
233986
234008
234030
234052
234074
234096
234118
234140
234162
234184
234206
234228
234250
234272
234294
234316
234338
234360
234383
234405
234427
234449
234471
234493
234515
234537
234559
234581
234603
234625
234647
234669
234691
234713
234735
234757
234779
234801
234823
234845
234867
234889
234911
234933
234955
234977
234999
235023
235045
235067
235088
235110
235132
235153
235175
235197
235218
235240
235262
235283
235305
235327
235348
235370
235392
235413
235435
235457
235478
235500
235522
235543
235565
235587
235608
235630
235652
235673
235695
235717
235738
235760
235782
235803
235825
235847
235868
235890
235912
235933
235955
235977
235998
236020
236042
236063
236085
236107
236128
236150
236172
236193
236215
236237
236258
236280
236302
236323
236345
236367
236388
236410
236432
236453
236475
236497
236518
236540
236562
236583
236605
236627
236648
236670
236692
236713
236735
236757
236778
236800
236822
236843
236865
236887
236908
236930
236952
236973
236995
237017
237038
237060
237082
237103
237125
237147
237168
237190
237212
237233
237255
237277
237298
237320
237342
237363
237385
237407
237428
237450
237472
237493
237515
237537
237558
237580
237602
237623
237645
237667
237688
237710
237732
237753
237775
237797
237818
237840
237862
237883
237905
237927
237948
237970
237992
238013
238035
238057
238078
238100
238122
238143
238165
238187
238208
238230
238252
238273
238295
238317
238338
238360
238382
238403
238425
238447
238468
238490
238512
238533
238555
238577
238598
238620
238642
238663
238685
238707
238728
238750
238772
238793
238815
238837
238858
238880
238902
238923
238945
238967
238988
239010
239032
239054
239075
239097
239119
239140
239162
239184
239205
239227
239249
239270
239292
239314
239335
239357
239379
239400
239422
239444
239465
239487
239509
239530
239552
239574
239595
239617
239639
239660
239682
239704
239725
239747
239769
239790
239812
239834
239855
239877
239899
239920
239942
239964
239985
240026
240051
240076
240101
240126
240151
240176
240201
240226
240251
240276
240301
240326
240351
240376
240401
240426
240451
240476
240501
240526
240551
240576
240601
240626
240651
240676
240701
240726
240751
240776
240801
240826
240850
240875
240900
240925
240950
240975
241000
241025
241050
241075
241100
241125
241150
241175
241200
241225
241250
241275
241300
241325
241350
241375
241400
241425
241450
241475
241500
241525
241550
241575
241600
241625
241650
241674
241699
241724
241749
241774
241799
241824
241849
241874
241899
241924
241949
241974
241999
242024
242049
242074
242099
242124
242149
242174
242199
242224
242249
242274
242299
242324
242349
242374
242399
242424
242449
242474
242498
242523
242548
242573
242598
242623
242648
242673
242698
242723
242748
242773
242798
242823
242848
242873
242898
242923
242948
242973
242998
243023
243048
243073
243098
243123
243148
243173
243198
243223
243248
243273
243298
243322
243347
243372
243397
243422
243447
243472
243497
243522
243547
243572
243597
243622
243647
243672
243697
243722
243747
243772
243797
243822
243847
243872
243897
243922
243947
243972
243997
244022
244047
244072
244097
244122
244146
244171
244196
244221
244246
244271
244296
244321
244346
244371
244396
244421
244446
244471
244496
244521
244546
244571
244596
244621
244646
244671
244696
244721
244746
244771
244796
244821
244846
244871
244896
244921
244946
244970
244995
245023
245045
245067
245089
245110
245132
245154
245176
245197
245219
245241
245263
245284
245306
245328
245350
245371
245393
245415
245437
245458
245480
245502
245524
245546
245567
245589
245611
245633
245654
245676
245698
245720
245741
245763
245785
245807
245828
245850
245872
245894
245915
245937
245959
245981
246002
246024
246046
246068
246090
246111
246133
246155
246177
246198
246220
246242
246264
246285
246307
246329
246351
246372
246394
246416
246438
246459
246481
246503
246525
246546
246568
246590
246612
246634
246655
246677
246699
246721
246742
246764
246786
246808
246829
246851
246873
246895
246916
246938
246960
246982
247003
247025
247047
247069
247091
247112
247134
247156
247178
247199
247221
247243
247265
247286
247308
247330
247352
247373
247395
247417
247439
247460
247482
247504
247526
247547
247569
247591
247613
247635
247656
247678
247700
247722
247743
247765
247787
247809
247830
247852
247874
247896
247917
247939
247961
247983
248004
248026
248048
248070
248091
248113
248135
248157
248179
248200
248222
248244
248266
248287
248309
248331
248353
248374
248396
248418
248440
248461
248483
248505
248527
248548
248570
248592
248614
248635
248657
248679
248701
248723
248744
248766
248788
248810
248831
248853
248875
248897
248918
248940
248962
248984
249005
249027
249049
249071
249092
249114
249136
249158
249180
249201
249223
249245
249267
249288
249310
249332
249354
249375
249397
249419
249441
249462
249484
249506
249528
249549
249571
249593
249615
249636
249658
249680
249702
249724
249745
249767
249789
249811
249832
249854
249876
249898
249919
249941
249963
249985
250023
250045
250067
250088
250110
250132
250153
250175
250197
250218
250240
250262
250283
250305
250327
250348
250370
250392
250414
250435
250457
250479
250500
250522
250544
250565
250587
250609
250630
250652
250674
250695
250717
250739
250761
250782
250804
250826
250847
250869
250891
250912
250934
250956
250977
250999
251021
251042
251064
251086
251108
251129
251151
251173
251194
251216
251238
251259
251281
251303
251324
251346
251368
251389
251411
251433
251455
251476
251498
251520
251541
251563
251585
251606
251628
251650
251671
251693
251715
251736
251758
251780
251802
251823
251845
251867
251888
251910
251932
251953
251975
251997
252018
252040
252062
252083
252105
252127
252149
252170
252192
252214
252235
252257
252279
252300
252322
252344
252365
252387
252409
252430
252452
252474
252495
252517
252539
252561
252582
252604
252626
252647
252669
252691
252712
252734
252756
252777
252799
252821
252842
252864
252886
252908
252929
252951
252973
252994
253016
253038
253059
253081
253103
253124
253146
253168
253189
253211
253233
253255
253276
253298
253320
253341
253363
253385
253406
253428
253450
253471
253493
253515
253536
253558
253580
253602
253623
253645
253667
253688
253710
253732
253753
253775
253797
253818
253840
253862
253883
253905
253927
253949
253970
253992
254014
254035
254057
254079
254100
254122
254144
254165
254187
254209
254230
254252
254274
254296
254317
254339
254361
254382
254404
254426
254447
254469
254491
254512
254534
254556
254577
254599
254621
254642
254664
254686
254708
254729
254751
254773
254794
254816
254838
254859
254881
254903
254924
254946
254968
254989
255027
255053
255078
255104
255129
255155
255181
255206
255232
255257
255283
255308
255334
255360
255385
255411
255436
255462
255488
255513
255539
255564
255590
255615
255641
255667
255692
255718
255743
255769
255794
255820
255846
255871
255897
255922
255948
255974
255999
256025
256050
256076
256101
256127
256153
256178
256204
256229
256255
256280
256306
256332
256357
256383
256408
256434
256460
256485
256511
256536
256562
256587
256613
256639
256664
256690
256715
256741
256767
256792
256818
256843
256869
256894
256920
256946
256971
256997
257022
257048
257073
257099
257125
257150
257176
257201
257227
257253
257278
257304
257329
257355
257380
257406
257432
257457
257483
257508
257534
257559
257585
257611
257636
257662
257687
257713
257739
257764
257790
257815
257841
257866
257892
257918
257943
257969
257994
258020
258045
258071
258097
258122
258148
258173
258199
258225
258250
258276
258301
258327
258352
258378
258404
258429
258455
258480
258506
258532
258557
258583
258608
258634
258659
258685
258711
258736
258762
258787
258813
258838
258864
258890
258915
258941
258966
258992
259018
259043
259069
259094
259120
259145
259171
259197
259222
259248
259273
259299
259324
259350
259376
259401
259427
259452
259478
259504
259529
259555
259580
259606
259631
259657
259683
259708
259734
259759
259785
259811
259836
259862
259887
259913
259938
259964
259990
260023
260045
260067
260089
260110
260132
260154
260176
260197
260219
260241
260263
260284
260306
260328
260350
260371
260393
260415
260437
260458
260480
260502
260524
260545
260567
260589
260611
260632
260654
260676
260698
260719
260741
260763
260785
260806
260828
260850
260872
260893
260915
260937
260959
260980
261002
261024
261046
261067
261089
261111
261133
261154
261176
261198
261220
261242
261263
261285
261307
261329
261350
261372
261394
261416
261437
261459
261481
261503
261524
261546
261568
261590
261611
261633
261655
261677
261698
261720
261742
261764
261785
261807
261829
261851
261872
261894
261916
261938
261959
261981
262003
262025
262046
262068
262090
262112
262133
262155
262177
262199
262220
262242
262264
262286
262307
262329
262351
262373
262394
262416
262438
262460
262482
262503
262525
262547
262569
262590
262612
262634
262656
262677
262699
262721
262743
262764
262786
262808
262830
262851
262873
262895
262917
262938
262960
262982
263004
263025
263047
263069
263091
263112
263134
263156
263178
263199
263221
263243
263265
263286
263308
263330
263352
263373
263395
263417
263439
263460
263482
263504
263526
263547
263569
263591
263613
263635
263656
263678
263700
263722
263743
263765
263787
263809
263830
263852
263874
263896
263917
263939
263961
263983
264004
264026
264048
264070
264091
264113
264135
264157
264178
264200
264222
264244
264265
264287
264309
264331
264352
264374
264396
264418
264439
264461
264483
264505
264526
264548
264570
264592
264613
264635
264657
264679
264700
264722
264744
264766
264787
264809
264831
264853
264875
264896
264918
264940
264962
264983
265023
265044
265065
265086
265107
265128
265149
265171
265192
265213
265234
265255
265276
265297
265318
265340
265361
265382
265403
265424
265445
265466
265487
265509
265530
265551
265572
265593
265614
265635
265656
265678
265699
265720
265741
265762
265783
265804
265826
265847
265868
265889
265910
265931
265952
265973
265995
266016
266037
266058
266079
266100
266121
266142
266164
266185
266206
266227
266248
266269
266290
266311
266333
266354
266375
266396
266417
266438
266459
266481
266502
266523
266544
266565
266586
266607
266628
266650
266671
266692
266713
266734
266755
266776
266797
266819
266840
266861
266882
266903
266924
266945
266966
266988
267009
267030
267051
267072
267093
267114
267136
267157
267178
267199
267220
267241
267262
267283
267305
267326
267347
267368
267389
267410
267431
267452
267474
267495
267516
267537
267558
267579
267600
267621
267643
267664
267685
267706
267727
267748
267769
267791
267812
267833
267854
267875
267896
267917
267938
267960
267981
268002
268023
268044
268065
268086
268107
268129
268150
268171
268192
268213
268234
268255
268276
268298
268319
268340
268361
268382
268403
268424
268446
268467
268488
268509
268530
268551
268572
268593
268615
268636
268657
268678
268699
268720
268741
268762
268784
268805
268826
268847
268868
268889
268910
268931
268953
268974
268995
269016
269037
269058
269079
269101
269122
269143
269164
269185
269206
269227
269248
269270
269291
269312
269333
269354
269375
269396
269417
269439
269460
269481
269502
269523
269544
269565
269586
269608
269629
269650
269671
269692
269713
269734
269756
269777
269798
269819
269840
269861
269882
269903
269925
269946
269967
269988
270025
270049
270072
270096
270120
270143
270167
270191
270214
270238
270262
270285
270309
270333
270356
270380
270403
270427
270451
270474
270498
270522
270545
270569
270593
270616
270640
270664
270687
270711
270734
270758
270782
270805
270829
270853
270876
270900
270924
270947
270971
270995
271018
271042
271065
271089
271113
271136
271160
271184
271207
271231
271255
271278
271302
271326
271349
271373
271397
271420
271444
271467
271491
271515
271538
271562
271586
271609
271633
271657
271680
271704
271728
271751
271775
271798
271822
271846
271869
271893
271917
271940
271964
271988
272011
272035
272059
272082
272106
272129
272153
272177
272200
272224
272248
272271
272295
272319
272342
272366
272390
272413
272437
272461
272484
272508
272531
272555
272579
272602
272626
272650
272673
272697
272721
272744
272768
272792
272815
272839
272862
272886
272910
272933
272957
272981
273004
273028
273052
273075
273099
273123
273146
273170
273193
273217
273241
273264
273288
273312
273335
273359
273383
273406
273430
273454
273477
273501
273525
273548
273572
273595
273619
273643
273666
273690
273714
273737
273761
273785
273808
273832
273856
273879
273903
273926
273950
273974
273997
274021
274045
274068
274092
274116
274139
274163
274187
274210
274234
274257
274281
274305
274328
274352
274376
274399
274423
274447
274470
274494
274518
274541
274565
274589
274612
274636
274659
274683
274707
274730
274754
274778
274801
274825
274849
274872
274896
274920
274943
274967
274990
275087
275173
275258
275344
275430
275515
275601
275686
275772
275858
275943
276029
276114
276200
276286
276371
276457
276542
276628
276714
276799
276885
276970
277056
277142
277227
277313
277398
277484
277570
277655
277741
277826
277912
277998
278083
278169
278254
278340
278426
278511
278597
278682
278768
278854
278939
279025
279111
279196
279282
279367
279453
279539
279624
279710
279795
279881
279967
280023
280045
280067
280088
280110
280132
280153
280175
280197
280218
280240
280262
280283
280305
280327
280349
280370
280392
280414
280435
280457
280479
280500
280522
280544
280565
280587
280609
280630
280652
280674
280696
280717
280739
280761
280782
280804
280826
280847
280869
280891
280912
280934
280956
280978
280999
281021
281043
281064
281086
281108
281129
281151
281173
281194
281216
281238
281259
281281
281303
281325
281346
281368
281390
281411
281433
281455
281476
281498
281520
281541
281563
281585
281607
281628
281650
281672
281693
281715
281737
281758
281780
281802
281823
281845
281867
281888
281910
281932
281954
281975
281997
282019
282040
282062
282084
282105
282127
282149
282170
282192
282214
282236
282257
282279
282301
282322
282344
282366
282387
282409
282431
282452
282474
282496
282517
282539
282561
282583
282604
282626
282648
282669
282691
282713
282734
282756
282778
282799
282821
282843
282865
282886
282908
282930
282951
282973
282995
283016
283038
283060
283081
283103
283125
283146
283168
283190
283212
283233
283255
283277
283298
283320
283342
283363
283385
283407
283428
283450
283472
283494
283515
283537
283559
283580
283602
283624
283645
283667
283689
283710
283732
283754
283775
283797
283819
283841
283862
283884
283906
283927
283949
283971
283992
284014
284036
284057
284079
284101
284123
284144
284166
284188
284209
284231
284253
284274
284296
284318
284339
284361
284383
284404
284426
284448
284470
284491
284513
284535
284556
284578
284600
284621
284643
284665
284686
284708
284730
284752
284773
284795
284817
284838
284860
284882
284903
284925
284947
284968
284990
285135
285268
285402
285535
285668
285802
285935
286068
286202
286335
286468
286602
286735
286868
287002
287135
287268
287402
287535
287668
287802
287935
288069
288202
288335
288469
288602
288735
288869
289002
289135
289269
289402
289535
289669
289802
289935
290023
290045
290066
290088
290110
290131
290153
290175
290196
290218
290240
290261
290283
290305
290326
290348
290370
290391
290413
290435
290456
290478
290500
290521
290543
290565
290586
290608
290629
290651
290673
290694
290716
290738
290759
290781
290803
290824
290846
290868
290889
290911
290933
290954
290976
290998
291019
291041
291063
291084
291106
291128
291149
291171
291192
291214
291236
291257
291279
291301
291322
291344
291366
291387
291409
291431
291452
291474
291496
291517
291539
291561
291582
291604
291626
291647
291669
291691
291712
291734
291755
291777
291799
291820
291842
291864
291885
291907
291929
291950
291972
291994
292015
292037
292059
292080
292102
292124
292145
292167
292189
292210
292232
292254
292275
292297
292318
292340
292362
292383
292405
292427
292448
292470
292492
292513
292535
292557
292578
292600
292622
292643
292665
292687
292708
292730
292752
292773
292795
292817
292838
292860
292881
292903
292925
292946
292968
292990
293011
293033
293055
293076
293098
293120
293141
293163
293185
293206
293228
293250
293271
293293
293315
293336
293358
293380
293401
293423
293444
293466
293488
293509
293531
293553
293574
293596
293618
293639
293661
293683
293704
293726
293748
293769
293791
293813
293834
293856
293878
293899
293921
293943
293964
293986
294007
294029
294051
294072
294094
294116
294137
294159
294181
294202
294224
294246
294267
294289
294311
294332
294354
294376
294397
294419
294441
294462
294484
294506
294527
294549
294570
294592
294614
294635
294657
294679
294700
294722
294744
294765
294787
294809
294830
294852
294874
294895
294917
294939
294960
294982
295023
295045
295066
295088
295110
295131
295153
295175
295196
295218
295239
295261
295283
295304
295326
295348
295369
295391
295412
295434
295456
295477
295499
295521
295542
295564
295585
295607
295629
295650
295672
295694
295715
295737
295758
295780
295802
295823
295845
295867
295888
295910
295931
295953
295975
295996
296018
296040
296061
296083
296104
296126
296148
296169
296191
296213
296234
296256
296277
296299
296321
296342
296364
296386
296407
296429
296450
296472
296494
296515
296537
296559
296580
296602
296623
296645
296667
296688
296710
296732
296753
296775
296796
296818
296840
296861
296883
296905
296926
296948
296969
296991
297013
297034
297056
297078
297099
297121
297142
297164
297186
297207
297229
297251
297272
297294
297315
297337
297359
297380
297402
297424
297445
297467
297488
297510
297532
297553
297575
297597
297618
297640
297661
297683
297705
297726
297748
297770
297791
297813
297834
297856
297878
297899
297921
297943
297964
297986
298007
298029
298051
298072
298094
298116
298137
298159
298180
298202
298224
298245
298267
298289
298310
298332
298353
298375
298397
298418
298440
298462
298483
298505
298526
298548
298570
298591
298613
298635
298656
298678
298699
298721
298743
298764
298786
298808
298829
298851
298872
298894
298916
298937
298959
298981
299002
299024
299045
299067
299089
299110
299132
299154
299175
299197
299218
299240
299262
299283
299305
299327
299348
299370
299391
299413
299435
299456
299478
299500
299521
299543
299564
299586
299608
299629
299651
299673
299694
299716
299737
299759
299781
299802
299824
299846
299867
299889
299910
299932
299954
299975
299997
300027
300052
300077
300103
300128
300153
300179
300204
300229
300255
300280
300305
300331
300356
300381
300407
300432
300457
300483
300508
300533
300559
300584
300609
300635
300660
300685
300711
300736
300761
300787
300812
300837
300863
300888
300913
300939
300964
300989
301015
301040
301065
301091
301116
301141
301167
301192
301217
301243
301268
301293
301319
301344
301369
301395
301420
301445
301471
301496
301521
301547
301572
301597
301623
301648
301673
301698
301724
301749
301774
301800
301825
301850
301876
301901
301926
301952
301977
302002
302028
302053
302078
302104
302129
302154
302180
302205
302230
302256
302281
302306
302332
302357
302382
302408
302433
302458
302484
302509
302534
302560
302585
302610
302636
302661
302686
302712
302737
302762
302788
302813
302838
302864
302889
302914
302940
302965
302990
303016
303041
303066
303092
303117
303142
303168
303193
303218
303244
303269
303294
303319
303345
303370
303395
303421
303446
303471
303497
303522
303547
303573
303598
303623
303649
303674
303699
303725
303750
303775
303801
303826
303851
303877
303902
303927
303953
303978
304003
304029
304054
304079
304105
304130
304155
304181
304206
304231
304257
304282
304307
304333
304358
304383
304409
304434
304459
304485
304510
304535
304561
304586
304611
304637
304662
304687
304713
304738
304763
304789
304814
304839
304865
304890
304915
304941
304966
304991
305042
305083
305124
305165
305205
305246
305287
305328
305369
305409
305450
305491
305532
305573
305613
305654
305695
305736
305776
305817
305858
305899
305940
305980
306021
306062
306103
306144
306184
306225
306266
306307
306348
306388
306429
306470
306511
306551
306592
306633
306674
306715
306755
306796
306837
306878
306919
306959
307000
307041
307082
307123
307163
307204
307245
307286
307326
307367
307408
307449
307490
307530
307571
307612
307653
307694
307734
307775
307816
307857
307897
307938
307979
308020
308061
308101
308142
308183
308224
308265
308305
308346
308387
308428
308469
308509
308550
308591
308632
308672
308713
308754
308795
308836
308876
308917
308958
308999
309040
309080
309121
309162
309203
309244
309284
309325
309366
309407
309447
309488
309529
309570
309611
309651
309692
309733
309774
309815
309855
309896
309937
309978
310028
310055
310082
310109
310136
310162
310189
310216
310243
310270
310296
310323
310350
310377
310404
310431
310457
310484
310511
310538
310565
310591
310618
310645
310672
310699
310726
310752
310779
310806
310833
310860
310886
310913
310940
310967
310994
311020
311047
311074
311101
311128
311155
311181
311208
311235
311262
311289
311315
311342
311369
311396
311423
311450
311476
311503
311530
311557
311584
311610
311637
311664
311691
311718
311745
311771
311798
311825
311852
311879
311905
311932
311959
311986
312013
312039
312066
312093
312120
312147
312174
312200
312227
312254
312281
312308
312334
312361
312388
312415
312442
312469
312495
312522
312549
312576
312603
312629
312656
312683
312710
312737
312764
312790
312817
312844
312871
312898
312924
312951
312978
313005
313032
313058
313085
313112
313139
313166
313193
313219
313246
313273
313300
313327
313353
313380
313407
313434
313461
313488
313514
313541
313568
313595
313622
313648
313675
313702
313729
313756
313783
313809
313836
313863
313890
313917
313943
313970
313997
314024
314051
314077
314104
314131
314158
314185
314212
314238
314265
314292
314319
314346
314372
314399
314426
314453
314480
314507
314533
314560
314587
314614
314641
314667
314694
314721
314748
314775
314801
314828
314855
314882
314909
314936
314962
314989
315027
315053
315079
315104
315130
315156
315181
315207
315233
315258
315284
315310
315335
315361
315387
315412
315438
315464
315489
315515
315541
315566
315592
315618
315643
315669
315695
315721
315746
315772
315798
315823
315849
315875
315900
315926
315952
315977
316003
316029
316054
316080
316106
316131
316157
316183
316208
316234
316260
316285
316311
316337
316363
316388
316414
316440
316465
316491
316517
316542
316568
316594
316619
316645
316671
316696
316722
316748
316773
316799
316825
316850
316876
316902
316927
316953
316979
317005
317030
317056
317082
317107
317133
317159
317184
317210
317236
317261
317287
317313
317338
317364
317390
317415
317441
317467
317492
317518
317544
317569
317595
317621
317647
317672
317698
317724
317749
317775
317801
317826
317852
317878
317903
317929
317955
317980
318006
318032
318057
318083
318109
318134
318160
318186
318211
318237
318263
318289
318314
318340
318366
318391
318417
318443
318468
318494
318520
318545
318571
318597
318622
318648
318674
318699
318725
318751
318776
318802
318828
318853
318879
318905
318931
318956
318982
319008
319033
319059
319085
319110
319136
319162
319187
319213
319239
319264
319290
319316
319341
319367
319393
319418
319444
319470
319495
319521
319547
319573
319598
319624
319650
319675
319701
319727
319752
319778
319804
319829
319855
319881
319906
319932
319958
319983
