0
23
45
67
89
111
133
154
176
198
220
242
264
285
307
329
351
373
395
417
438
460
482
504
526
548
569
591
613
635
657
679
701
722
744
766
788
810
832
853
875
897
919
941
963
984
1006
1028
1050
1072
1094
1116
1137
1159
1181
1203
1225
1247
1268
1290
1312
1334
1356
1378
1400
1421
1443
1465
1487
1509
1531
1552
1574
1596
1618
1640
1662
1684
1705
1727
1749
1771
1793
1815
1836
1858
1880
1902
1924
1946
1967
1989
2011
2033
2055
2077
2099
2120
2142
2164
2186
2208
2230
2251
2273
2295
2317
2339
2361
2383
2404
2426
2448
2470
2492
2514
2535
2557
2579
2601
2623
2645
2667
2688
2710
2732
2754
2776
2798
2819
2841
2863
2885
2907
2929
2950
2972
2994
3016
3038
3060
3082
3103
3125
3147
3169
3191
3213
3234
3256
3278
3300
3322
3344
3366
3387
3409
3431
3453
3475
3497
3518
3540
3562
3584
3606
3628
3650
3671
3693
3715
3737
3759
3781
3802
3824
3846
3868
3890
3912
3933
3955
3977
3999
4021
4043
4065
4086
4108
4130
4152
4174
4196
4217
4239
4261
4283
4305
4327
4349
4370
4392
4414
4436
4458
4480
4501
4523
4545
4567
4589
4611
4633
4654
4676
4698
4720
4742
4764
4785
4807
4829
4851
4873
4895
4916
4938
4960
4982
5023
5044
5066
5087
5108
5130
5151
5172
5194
5215
5237
5258
5279
5301
5322
5343
5365
5386
5408
5429
5450
5472
5493
5514
5536
5557
5579
5600
5621
5643
5664
5685
5707
5728
5749
5771
5792
5814
5835
5856
5878
5899
5920
5942
5963
5985
6006
6027
6049
6070
6091
6113
6134
6156
6177
6198
6220
6241
6262
6284
6305
6326
6348
6369
6391
6412
6433
6455
6476
6497
6519
6540
6562
6583
6604
6626
6647
6668
6690
6711
6733
6754
6775
6797
6818
6839
6861
6882
6903
6925
6946
6968
6989
7010
7032
7053
7074
7096
7117
7139
7160
7181
7203
7224
7245
7267
7288
7310
7331
7352
7374
7395
7416
7438
7459
7480
7502
7523
7545
7566
7587
7609
7630
7651
7673
7694
7716
7737
7758
7780
7801
7822
7844
7865
7887
7908
7929
7951
7972
7993
8015
8036
8057
8079
8100
8122
8143
8164
8186
8207
8228
8250
8271
8293
8314
8335
8357
8378
8399
8421
8442
8464
8485
8506
8528
8549
8570
8592
8613
8634
8656
8677
8699
8720
8741
8763
8784
8805
8827
8848
8870
8891
8912
8934
8955
8976
8998
9019
9041
9062
9083
9105
9126
9147
9169
9190
9212
9233
9254
9276
9297
9318
9340
9361
9382
9404
9425
9447
9468
9489
9511
9532
9553
9575
9596
9618
9639
9660
9682
9703
9724
9746
9767
9789
9810
9831
9853
9874
9895
9917
9938
9959
9981
10023
10045
10067
10089
10110
10132
10154
10176
10198
10219
10241
10263
10285
10307
10328
10350
10372
10394
10416
10437
10459
10481
10503
10524
10546
10568
10590
10612
10633
10655
10677
10699
10721
10742
10764
10786
10808
10830
10851
10873
10895
10917
10939
10960
10982
11004
11026
11047
11069
11091
11113
11135
11156
11178
11200
11222
11244
11265
11287
11309
11331
11353
11374
11396
11418
11440
11462
11483
11505
11527
11549
11570
11592
11614
11636
11658
11679
11701
11723
11745
11767
11788
11810
11832
11854
11876
11897
11919
11941
11963
11985
12006
12028
12050
12072
12093
12115
12137
12159
12181
12202
12224
12246
12268
12290
12311
12333
12355
12377
12399
12420
12442
12464
12486
12507
12529
12551
12573
12595
12616
12638
12660
12682
12704
12725
12747
12769
12791
12813
12834
12856
12878
12900
12922
12943
12965
12987
13009
13030
13052
13074
13096
13118
13139
13161
13183
13205
13227
13248
13270
13292
13314
13336
13357
13379
13401
13423
13445
13466
13488
13510
13532
13553
13575
13597
13619
13641
13662
13684
13706
13728
13750
13771
13793
13815
13837
13859
13880
13902
13924
13946
13968
13989
14011
14033
14055
14076
14098
14120
14142
14164
14185
14207
14229
14251
14273
14294
14316
14338
14360
14382
14403
14425
14447
14469
14490
14512
14534
14556
14578
14599
14621
14643
14665
14687
14708
14730
14752
14774
14796
14817
14839
14861
14883
14905
14926
14948
14970
14992
15024
15046
15068
15090
15113
15135
15157
15179
15202
15224
15246
15268
15291
15313
15335
15357
15380
15402
15424
15446
15469
15491
15513
15535
15558
15580
15602
15624
15646
15669
15691
15713
15735
15758
15780
15802
15824
15847
15869
15891
15913
15936
15958
15980
16002
16025
16047
16069
16091
16114
16136
16158
16180
16203
16225
16247
16269
16291
16314
16336
16358
16380
16403
16425
16447
16469
16492
16514
16536
16558
16581
16603
16625
16647
16670
16692
16714
16736
16759
16781
16803
16825
16848
16870
16892
16914
16936
16959
16981
17003
17025
17048
17070
17092
17114
17137
17159
17181
17203
17226
17248
17270
17292
17315
17337
17359
17381
17404
17426
17448
17470
17493
17515
17537
17559
17581
17604
17626
17648
17670
17693
17715
17737
17759
17782
17804
17826
17848
17871
17893
17915
17937
17960
17982
18004
18026
18049
18071
18093
18115
18138
18160
18182
18204
18226
18249
18271
18293
18315
18338
18360
18382
18404
18427
18449
18471
18493
18516
18538
18560
18582
18605
18627
18649
18671
18694
18716
18738
18760
18782
18805
18827
18849
18871
18894
18916
18938
18960
18983
19005
19027
19049
19072
19094
19116
19138
19161
19183
19205
19227
19250
19272
19294
19316
19339
19361
19383
19405
19427
19450
19472
19494
19516
19539
19561
19583
19605
19628
19650
19672
19694
19717
19739
19761
19783
19806
19828
19850
19872
19895
19917
19939
19961
19984
20023
20044
20065
20087
20108
20129
20150
20172
20193
20214
20235
20257
20278
20299
20320
20342
20363
20384
20405
20427
20448
20469
20490
20512
20533
20554
20575
20597
20618
20639
20660
20682
20703
20724
20745
20767
20788
20809
20830
20852
20873
20894
20915
20937
20958
20979
21001
21022
21043
21064
21086
21107
21128
21149
21171
21192
21213
21234
21256
21277
21298
21319
21341
21362
21383
21404
21426
21447
21468
21489
21511
21532
21553
21574
21596
21617
21638
21659
21681
21702
21723
21744
21766
21787
21808
21829
21851
21872
21893
21914
21936
21957
21978
22000
22021
22042
22063
22085
22106
22127
22148
22170
22191
22212
22233
22255
22276
22297
22318
22340
22361
22382
22403
22425
22446
22467
22488
22510
22531
22552
22573
22595
22616
22637
22658
22680
22701
22722
22743
22765
22786
22807
22828
22850
22871
22892
22914
22935
22956
22977
22999
23020
23041
23062
23084
23105
23126
23147
23169
23190
23211
23232
23254
23275
23296
23317
23339
23360
23381
23402
23424
23445
23466
23487
23509
23530
23551
23572
23594
23615
23636
23657
23679
23700
23721
23742
23764
23785
23806
23827
23849
23870
23891
23913
23934
23955
23976
23998
24019
24040
24061
24083
24104
24125
24146
24168
24189
24210
24231
24253
24274
24295
24316
24338
24359
24380
24401
24423
24444
24465
24486
24508
24529
24550
24571
24593
24614
24635
24656
24678
24699
24720
24741
24763
24784
24805
24826
24848
24869
24890
24912
24933
24954
24975
24997
25024
25046
25068
25090
25112
25134
25156
25178
25200
25222
25244
25266
25288
25311
25333
25355
25377
25399
25421
25443
25465
25487
25509
25531
25553
25575
25598
25620
25642
25664
25686
25708
25730
25752
25774
25796
25818
25840
25862
25884
25907
25929
25951
25973
25995
26017
26039
26061
26083
26105
26127
26149
26171
26194
26216
26238
26260
26282
26304
26326
26348
26370
26392
26414
26436
26458
26480
26503
26525
26547
26569
26591
26613
26635
26657
26679
26701
26723
26745
26767
26790
26812
26834
26856
26878
26900
26922
26944
26966
26988
27010
27032
27054
27076
27099
27121
27143
27165
27187
27209
27231
27253
27275
27297
27319
27341
27363
27386
27408
27430
27452
27474
27496
27518
27540
27562
27584
27606
27628
27650
27672
27695
27717
27739
27761
27783
27805
27827
27849
27871
27893
27915
27937
27959
27982
28004
28026
28048
28070
28092
28114
28136
28158
28180
28202
28224
28246
28268
28291
28313
28335
28357
28379
28401
28423
28445
28467
28489
28511
28533
28555
28578
28600
28622
28644
28666
28688
28710
28732
28754
28776
28798
28820
28842
28864
28887
28909
28931
28953
28975
28997
29019
29041
29063
29085
29107
29129
29151
29174
29196
29218
29240
29262
29284
29306
29328
29350
29372
29394
29416
29438
29460
29483
29505
29527
29549
29571
29593
29615
29637
29659
29681
29703
29725
29747
29770
29792
29814
29836
29858
29880
29902
29924
29946
29968
29990
30024
30047
30069
30092
30114
30137
30159
30182
30205
30227
30250
30272
30295
30317
30340
30363
30385
30408
30430
30453
30475
30498
30521
30543
30566
30588
30611
30633
30656
30679
30701
30724
30746
30769
30791
30814
30837
30859
30882
30904
30927
30949
30972
30995
31017
31040
31062
31085
31107
31130
31153
31175
31198
31220
31243
31265
31288
31310
31333
31356
31378
31401
31423
31446
31468
31491
31514
31536
31559
31581
31604
31626
31649
31672
31694
31717
31739
31762
31784
31807
31830
31852
31875
31897
31920
31942
31965
31988
32010
32033
32055
32078
32100
32123
32146
32168
32191
32213
32236
32258
32281
32304
32326
32349
32371
32394
32416
32439
32461
32484
32507
32529
32552
32574
32597
32619
32642
32665
32687
32710
32732
32755
32777
32800
32823
32845
32868
32890
32913
32935
32958
32981
33003
33026
33048
33071
33093
33116
33139
33161
33184
33206
33229
33251
33274
33297
33319
33342
33364
33387
33409
33432
33455
33477
33500
33522
33545
33567
33590
33612
33635
33658
33680
33703
33725
33748
33770
33793
33816
33838
33861
33883
33906
33928
33951
33974
33996
34019
34041
34064
34086
34109
34132
34154
34177
34199
34222
34244
34267
34290
34312
34335
34357
34380
34402
34425
34448
34470
34493
34515
34538
34560
34583
34606
34628
34651
34673
34696
34718
34741
34763
34786
34809
34831
34854
34876
34899
34921
34944
34967
34989
35023
35045
35066
35088
35110
35131
35153
35174
35196
35218
35239
35261
35283
35304
35326
35347
35369
35391
35412
35434
35455
35477
35499
35520
35542
35564
35585
35607
35628
35650
35672
35693
35715
35737
35758
35780
35801
35823
35845
35866
35888
35909
35931
35953
35974
35996
36018
36039
36061
36082
36104
36126
36147
36169
36190
36212
36234
36255
36277
36299
36320
36342
36363
36385
36407
36428
36450
36472
36493
36515
36536
36558
36580
36601
36623
36644
36666
36688
36709
36731
36753
36774
36796
36817
36839
36861
36882
36904
36925
36947
36969
36990
37012
37034
37055
37077
37098
37120
37142
37163
37185
37207
37228
37250
37271
37293
37315
37336
37358
37379
37401
37423
37444
37466
37488
37509
37531
37552
37574
37596
37617
37639
37660
37682
37704
37725
37747
37769
37790
37812
37833
37855
37877
37898
37920
37942
37963
37985
38006
38028
38050
38071
38093
38114
38136
38158
38179
38201
38223
38244
38266
38287
38309
38331
38352
38374
38395
38417
38439
38460
38482
38504
38525
38547
38568
38590
38612
38633
38655
38677
38698
38720
38741
38763
38785
38806
38828
38849
38871
38893
38914
38936
38958
38979
39001
39022
39044
39066
39087
39109
39130
39152
39174
39195
39217
39239
39260
39282
39303
39325
39347
39368
39390
39412
39433
39455
39476
39498
39520
39541
39563
39584
39606
39628
39649
39671
39693
39714
39736
39757
39779
39801
39822
39844
39865
39887
39909
39930
39952
39974
39995
40032
40063
40093
40124
40155
40185
40216
40246
40277
40308
40338
40369
40400
40430
40461
40491
40522
40553
40583
40614
40645
40675
40706
40736
40767
40798
40828
40859
40890
40920
40951
40981
41012
41043
41073
41104
41134
41165
41196
41226
41257
41288
41318
41349
41379
41410
41441
41471
41502
41533
41563
41594
41624
41655
41686
41716
41747
41778
41808
41839
41869
41900
41931
41961
41992
42023
42053
42084
42114
42145
42176
42206
42237
42267
42298
42329
42359
42390
42421
42451
42482
42512
42543
42574
42604
42635
42666
42696
42727
42757
42788
42819
42849
42880
42911
42941
42972
43002
43033
43064
43094
43125
43156
43186
43217
43247
43278
43309
43339
43370
43400
43431
43462
43492
43523
43554
43584
43615
43645
43676
43707
43737
43768
43799
43829
43860
43890
43921
43952
43982
44013
44044
44074
44105
44135
44166
44197
44227
44258
44289
44319
44350
44380
44411
44442
44472
44503
44533
44564
44595
44625
44656
44687
44717
44748
44778
44809
44840
44870
44901
44932
44962
44993
45027
45053
45078
45104
45129
45155
45180
45206
45231
45257
45282
45308
45333
45359
45384
45410
45435
45461
45486
45512
45537
45563
45588
45614
45639
45665
45690
45716
45741
45767
45792
45818
45843
45869
45894
45920
45945
45971
45996
46022
46047
46073
46098
46124
46149
46175
46200
46226
46251
46277
46302
46328
46353
46379
46404
46430
46455
46481
46506
46532
46557
46583
46608
46634
46659
46685
46710
46736
46761
46787
46812
46838
46864
46889
46915
46940
46966
46991
47017
47042
47068
47093
47119
47144
47170
47195
47221
47246
47272
47297
47323
47348
47374
47399
47425
47450
47476
47501
47527
47552
47578
47603
47629
47654
47680
47705
47731
47756
47782
47807
47833
47858
47884
47909
47935
47960
47986
48011
48037
48062
48088
48113
48139
48164
48190
48215
48241
48266
48292
48317
48343
48368
48394
48419
48445
48470
48496
48521
48547
48572
48598
48623
48649
48675
48700
48726
48751
48777
48802
48828
48853
48879
48904
48930
48955
48981
49006
49032
49057
49083
49108
49134
49159
49185
49210
49236
49261
49287
49312
49338
49363
49389
49414
49440
49465
49491
49516
49542
49567
49593
49618
49644
49669
49695
49720
49746
49771
49797
49822
49848
49873
49899
49924
49950
49975
50001
50023
50044
50065
50087
50108
50129
50151
50172
50193
50215
50236
50257
50278
50300
50321
50342
50364
50385
50406
50428
50449
50470
50492
50513
50534
50555
50577
50598
50619
50641
50662
50683
50705
50726
50747
50769
50790
50811
50832
50854
50875
50896
50918
50939
50960
50982
51003
51024
51046
51067
51088
51109
51131
51152
51173
51195
51216
51237
51259
51280
51301
51322
51344
51365
51386
51408
51429
51450
51472
51493
51514
51536
51557
51578
51599
51621
51642
51663
51685
51706
51727
51749
51770
51791
51813
51834
51855
51876
51898
51919
51940
51962
51983
52004
52026
52047
52068
52090
52111
52132
52153
52175
52196
52217
52239
52260
52281
52303
52324
52345
52367
52388
52409
52430
52452
52473
52494
52516
52537
52558
52580
52601
52622
52643
52665
52686
52707
52729
52750
52771
52793
52814
52835
52857
52878
52899
52920
52942
52963
52984
53006
53027
53048
53070
53091
53112
53134
53155
53176
53197
53219
53240
53261
53283
53304
53325
53347
53368
53389
53411
53432
53453
53474
53496
53517
53538
53560
53581
53602
53624
53645
53666
53688
53709
53730
53751
53773
53794
53815
53837
53858
53879
53901
53922
53943
53964
53986
54007
54028
54050
54071
54092
54114
54135
54156
54178
54199
54220
54241
54263
54284
54305
54327
54348
54369
54391
54412
54433
54455
54476
54497
54518
54540
54561
54582
54604
54625
54646
54668
54689
54710
54732
54753
54774
54795
54817
54838
54859
54881
54902
54923
54945
54966
54987
55023
55045
55067
55089
55110
55132
55154
55176
55198
55219
55241
55263
55285
55306
55328
55350
55372
55394
55415
55437
55459
55481
55502
55524
55546
55568
55590
55611
55633
55655
55677
55699
55720
55742
55764
55786
55807
55829
55851
55873
55895
55916
55938
55960
55982
56003
56025
56047
56069
56091
56112
56134
56156
56178
56199
56221
56243
56265
56287
56308
56330
56352
56374
56396
56417
56439
56461
56483
56504
56526
56548
56570
56592
56613
56635
56657
56679
56700
56722
56744
56766
56788
56809
56831
56853
56875
56897
56918
56940
56962
56984
57005
57027
57049
57071
57093
57114
57136
57158
57180
57201
57223
57245
57267
57289
57310
57332
57354
57376
57397
57419
57441
57463
57485
57506
57528
57550
57572
57594
57615
57637
57659
57681
57702
57724
57746
57768
57790
57811
57833
57855
57877
57898
57920
57942
57964
57986
58007
58029
58051
58073
58095
58116
58138
58160
58182
58203
58225
58247
58269
58291
58312
58334
58356
58378
58399
58421
58443
58465
58487
58508
58530
58552
58574
58595
58617
58639
58661
58683
58704
58726
58748
58770
58792
58813
58835
58857
58879
58900
58922
58944
58966
58988
59009
59031
59053
59075
59096
59118
59140
59162
59184
59205
59227
59249
59271
59293
59314
59336
59358
59380
59401
59423
59445
59467
59489
59510
59532
59554
59576
59597
59619
59641
59663
59685
59706
59728
59750
59772
59793
59815
59837
59859
59881
59902
59924
59946
59968
59990
60023
60045
60066
60088
60109
60131
60153
60174
60196
60217
60239
60261
60282
60304
60325
60347
60369
60390
60412
60433
60455
60476
60498
60520
60541
60563
60584
60606
60628
60649
60671
60692
60714
60736
60757
60779
60800
60822
60844
60865
60887
60908
60930
60951
60973
60995
61016
61038
61059
61081
61103
61124
61146
61167
61189
61211
61232
61254
61275
61297
61319
61340
61362
61383
61405
61426
61448
61470
61491
61513
61534
61556
61578
61599
61621
61642
61664
61686
61707
61729
61750
61772
61794
61815
61837
61858
61880
61901
61923
61945
61966
61988
62009
62031
62053
62074
62096
62117
62139
62161
62182
62204
62225
62247
62269
62290
62312
62333
62355
62376
62398
62420
62441
62463
62484
62506
62528
62549
62571
62592
62614
62636
62657
62679
62700
62722
62744
62765
62787
62808
62830
62851
62873
62895
62916
62938
62959
62981
63003
63024
63046
63067
63089
63111
63132
63154
63175
63197
63219
63240
63262
63283
63305
63326
63348
63370
63391
63413
63434
63456
63478
63499
63521
63542
63564
63586
63607
63629
63650
63672
63694
63715
63737
63758
63780
63801
63823
63845
63866
63888
63909
63931
63953
63974
63996
64017
64039
64061
64082
64104
64125
64147
64169
64190
64212
64233
64255
64276
64298
64320
64341
64363
64384
64406
64428
64449
64471
64492
64514
64536
64557
64579
64600
64622
64644
64665
64687
64708
64730
64751
64773
64795
64816
64838
64859
64881
64903
64924
64946
64967
64989
65024
65047
65069
65092
65115
65137
65160
65183
65205
65228
65251
65273
65296
65319
65341
65364
65387
65409
65432
65454
65477
65500
65522
65545
65568
65590
65613
65636
65658
65681
65704
65726
65749
65772
65794
65817
65839
65862
65885
65907
65930
65953
65975
65998
66021
66043
66066
66089
66111
66134
66157
66179
66202
66224
66247
66270
66292
66315
66338
66360
66383
66406
66428
66451
66474
66496
66519
66542
66564
66587
66609
66632
66655
66677
66700
66723
66745
66768
66791
66813
66836
66859
66881
66904
66927
66949
66972
66994
67017
67040
67062
67085
67108
67130
67153
67176
67198
67221
67244
67266
67289
67312
67334
67357
67379
67402
67425
67447
67470
67493
67515
67538
67561
67583
67606
67629
67651
67674
67697
67719
67742
67764
67787
67810
67832
67855
67878
67900
67923
67946
67968
67991
68014
68036
68059
68082
68104
68127
68149
68172
68195
68217
68240
68263
68285
68308
68331
68353
68376
68399
68421
68444
68467
68489
68512
68534
68557
68580
68602
68625
68648
68670
68693
68716
68738
68761
68784
68806
68829
68852
68874
68897
68919
68942
68965
68987
69010
69033
69055
69078
69101
69123
69146
69169
69191
69214
69237
69259
69282
69304
69327
69350
69372
69395
69418
69440
69463
69486
69508
69531
69554
69576
69599
69622
69644
69667
69689
69712
69735
69757
69780
69803
69825
69848
69871
69893
69916
69939
69961
69984
70024
70046
70068
70090
70113
70135
70157
70179
70202
70224
70246
70268
70290
70313
70335
70357
70379
70402
70424
70446
70468
70491
70513
70535
70557
70579
70602
70624
70646
70668
70691
70713
70735
70757
70780
70802
70824
70846
70868
70891
70913
70935
70957
70980
71002
71024
71046
71069
71091
71113
71135
71157
71180
71202
71224
71246
71269
71291
71313
71335
71358
71380
71402
71424
71446
71469
71491
71513
71535
71558
71580
71602
71624
71646
71669
71691
71713
71735
71758
71780
71802
71824
71847
71869
71891
71913
71935
71958
71980
72002
72024
72047
72069
72091
72113
72136
72158
72180
72202
72224
72247
72269
72291
72313
72336
72358
72380
72402
72425
72447
72469
72491
72513
72536
72558
72580
72602
72625
72647
72669
72691
72714
72736
72758
72780
72802
72825
72847
72869
72891
72914
72936
72958
72980
73003
73025
73047
73069
73091
73114
73136
73158
73180
73203
73225
73247
73269
73291
73314
73336
73358
73380
73403
73425
73447
73469
73492
73514
73536
73558
73580
73603
73625
73647
73669
73692
73714
73736
73758
73781
73803
73825
73847
73869
73892
73914
73936
73958
73981
74003
74025
74047
74070
74092
74114
74136
74158
74181
74203
74225
74247
74270
74292
74314
74336
74359
74381
74403
74425
74447
74470
74492
74514
74536
74559
74581
74603
74625
74647
74670
74692
74714
74736
74759
74781
74803
74825
74848
74870
74892
74914
74936
74959
74981
75023
75045
75067
75089
75111
75133
75155
75177
75199
75221
75242
75264
75286
75308
75330
75352
75374
75396
75418
75440
75461
75483
75505
75527
75549
75571
75593
75615
75637
75659
75680
75702
75724
75746
75768
75790
75812
75834
75856
75878
75899
75921
75943
75965
75987
76009
76031
76053
76075
76097
76118
76140
76162
76184
76206
76228
76250
76272
76294
76316
76337
76359
76381
76403
76425
76447
76469
76491
76513
76535
76556
76578
76600
76622
76644
76666
76688
76710
76732
76754
76776
76797
76819
76841
76863
76885
76907
76929
76951
76973
76995
77016
77038
77060
77082
77104
77126
77148
77170
77192
77214
77235
77257
77279
77301
77323
77345
77367
77389
77411
77433
77454
77476
77498
77520
77542
77564
77586
77608
77630
77652
77673
77695
77717
77739
77761
77783
77805
77827
77849
77871
77892
77914
77936
77958
77980
78002
78024
78046
78068
78090
78111
78133
78155
78177
78199
78221
78243
78265
78287
78309
78331
78352
78374
78396
78418
78440
78462
78484
78506
78528
78550
78571
78593
78615
78637
78659
78681
78703
78725
78747
78769
78790
78812
78834
78856
78878
78900
78922
78944
78966
78988
79009
79031
79053
79075
79097
79119
79141
79163
79185
79207
79228
79250
79272
79294
79316
79338
79360
79382
79404
79426
79447
79469
79491
79513
79535
79557
79579
79601
79623
79645
79666
79688
79710
79732
79754
79776
79798
79820
79842
79864
79886
79907
79929
79951
79973
79995
80023
80044
80065
80086
80107
80128
80150
80171
80192
80213
80234
80255
80277
80298
80319
80340
80361
80382
80404
80425
80446
80467
80488
80509
80531
80552
80573
80594
80615
80636
80658
80679
80700
80721
80742
80763
80785
80806
80827
80848
80869
80890
80912
80933
80954
80975
80996
81017
81039
81060
81081
81102
81123
81144
81166
81187
81208
81229
81250
81271
81293
81314
81335
81356
81377
81398
81420
81441
81462
81483
81504
81525
81547
81568
81589
81610
81631
81652
81674
81695
81716
81737
81758
81779
81801
81822
81843
81864
81885
81906
81928
81949
81970
81991
82012
82033
82055
82076
82097
82118
82139
82160
82182
82203
82224
82245
82266
82287
82309
82330
82351
82372
82393
82414
82436
82457
82478
82499
82520
82541
82563
82584
82605
82626
82647
82668
82690
82711
82732
82753
82774
82795
82817
82838
82859
82880
82901
82922
82944
82965
82986
83007
83028
83049
83070
83092
83113
83134
83155
83176
83197
83219
83240
83261
83282
83303
83324
83346
83367
83388
83409
83430
83451
83473
83494
83515
83536
83557
83578
83600
83621
83642
83663
83684
83705
83727
83748
83769
83790
83811
83832
83854
83875
83896
83917
83938
83959
83981
84002
84023
84044
84065
84086
84108
84129
84150
84171
84192
84213
84235
84256
84277
84298
84319
84340
84362
84383
84404
84425
84446
84467
84489
84510
84531
84552
84573
84594
84616
84637
84658
84679
84700
84721
84743
84764
84785
84806
84827
84848
84870
84891
84912
84933
84954
84975
84997
85024
85047
85070
85093
85116
85139
85162
85184
85207
85230
85253
85276
85299
85322
85345
85367
85390
85413
85436
85459
85482
85505
85528
85550
85573
85596
85619
85642
85665
85688
85711
85733
85756
85779
85802
85825
85848
85871
85894
85916
85939
85962
85985
86008
86031
86054
86077
86099
86122
86145
86168
86191
86214
86237
86260
86282
86305
86328
86351
86374
86397
86420
86443
86465
86488
86511
86534
86557
86580
86603
86626
86648
86671
86694
86717
86740
86763
86786
86808
86831
86854
86877
86900
86923
86946
86969
86991
87014
87037
87060
87083
87106
87129
87152
87174
87197
87220
87243
87266
87289
87312
87335
87357
87380
87403
87426
87449
87472
87495
87518
87540
87563
87586
87609
87632
87655
87678
87701
87723
87746
87769
87792
87815
87838
87861
87884
87906
87929
87952
87975
87998
88021
88044
88067
88089
88112
88135
88158
88181
88204
88227
88250
88272
88295
88318
88341
88364
88387
88410
88432
88455
88478
88501
88524
88547
88570
88593
88615
88638
88661
88684
88707
88730
88753
88776
88798
88821
88844
88867
88890
88913
88936
88959
88981
89004
89027
89050
89073
89096
89119
89142
89164
89187
89210
89233
89256
89279
89302
89325
89347
89370
89393
89416
89439
89462
89485
89508
89530
89553
89576
89599
89622
89645
89668
89691
89713
89736
89759
89782
89805
89828
89851
89874
89896
89919
89942
89965
89988
90035
90068
90101
90134
90167
90200
90233
90266
90299
90332
90365
90399
90432
90465
90498
90531
90564
90597
90630
90663
90696
90729
90762
90796
90829
90862
90895
90928
90961
90994
91027
91060
91093
91126
91159
91193
91226
91259
91292
91325
91358
91391
91424
91457
91490
91523
91557
91590
91623
91656
91689
91722
91755
91788
91821
91854
91887
91920
91954
91987
92020
92053
92086
92119
92152
92185
92218
92251
92284
92317
92351
92384
92417
92450
92483
92516
92549
92582
92615
92648
92681
92714
92748
92781
92814
92847
92880
92913
92946
92979
93012
93045
93078
93112
93145
93178
93211
93244
93277
93310
93343
93376
93409
93442
93475
93509
93542
93575
93608
93641
93674
93707
93740
93773
93806
93839
93872
93906
93939
93972
94005
94038
94071
94104
94137
94170
94203
94236
94269
94303
94336
94369
94402
94435
94468
94501
94534
94567
94600
94633
94667
94700
94733
94766
94799
94832
94865
94898
94931
94964
94997
95028
95054
95080
95106
95132
95158
95184
95210
95236
95262
95288
95314
95340
95366
95392
95418
95444
95470
95496
95522
95548
95574
95600
95626
95652
95678
95704
95730
95756
95782
95808
95834
95860
95886
95912
95938
95964
95990
96016
96042
96068
96094
96120
96146
96172
96198
96224
96250
96276
96302
96328
96354
96380
96406
96432
96458
96484
96510
96536
96562
96588
96614
96640
96666
96692
96718
96744
96770
96796
96822
96848
96874
96900
96926
96952
96978
97004
97030
97056
97082
97108
97134
97160
97186
97212
97238
97264
97290
97316
97342
97368
97394
97420
97446
97472
97498
97524
97550
97576
97602
97628
97654
97680
97706
97732
97759
97785
97811
97837
97863
97889
97915
97941
97967
97993
98019
98045
98071
98097
98123
98149
98175
98201
98227
98253
98279
98305
98331
98357
98383
98409
98435
98461
98487
98513
98539
98565
98591
98617
98643
98669
98695
98721
98747
98773
98799
98825
98851
98877
98903
98929
98955
98981
99007
99033
99059
99085
99111
99137
99163
99189
99215
99241
99267
99293
99319
99345
99371
99397
99423
99449
99475
99501
99527
99553
99579
99605
99631
99657
99683
99709
99735
99761
99787
99813
99839
99865
99891
99917
99943
99969
99995
100023
100044
100066
100087
100109
100130
100152
100173
100195
100216
100238
100259
100281
100302
100324
100345
100367
100388
100410
100431
100453
100474
100496
100517
100538
100560
100581
100603
100624
100646
100667
100689
100710
100732
100753
100775
100796
100818
100839
100861
100882
100904
100925
100947
100968
100990
101011
101032
101054
101075
101097
101118
101140
101161
101183
101204
101226
101247
101269
101290
101312
101333
101355
101376
101398
101419
101441
101462
101484
101505
101526
101548
101569
101591
101612
101634
101655
101677
101698
101720
101741
101763
101784
101806
101827
101849
101870
101892
101913
101935
101956
101978
101999
102020
102042
102063
102085
102106
102128
102149
102171
102192
102214
102235
102257
102278
102300
102321
102343
102364
102386
102407
102429
102450
102472
102493
102514
102536
102557
102579
102600
102622
102643
102665
102686
102708
102729
102751
102772
102794
102815
102837
102858
102880
102901
102923
102944
102966
102987
103008
103030
103051
103073
103094
103116
103137
103159
103180
103202
103223
103245
103266
103288
103309
103331
103352
103374
103395
103417
103438
103460
103481
103502
103524
103545
103567
103588
103610
103631
103653
103674
103696
103717
103739
103760
103782
103803
103825
103846
103868
103889
103911
103932
103954
103975
103996
104018
104039
104061
104082
104104
104125
104147
104168
104190
104211
104233
104254
104276
104297
104319
104340
104362
104383
104405
104426
104448
104469
104490
104512
104533
104555
104576
104598
104619
104641
104662
104684
104705
104727
104748
104770
104791
104813
104834
104856
104877
104899
104920
104942
104963
104984
105023
105045
105066
105088
105109
105131
105152
105174
105195
105217
105238
105260
105282
105303
105325
105346
105368
105389
105411
105432
105454
105475
105497
105518
105540
105562
105583
105605
105626
105648
105669
105691
105712
105734
105755
105777
105799
105820
105842
105863
105885
105906
105928
105949
105971
105992
106014
106035
106057
106079
106100
106122
106143
106165
106186
106208
106229
106251
106272
106294
106316
106337
106359
106380
106402
106423
106445
106466
106488
106509
106531
106552
106574
106596
106617
106639
106660
106682
106703
106725
106746
106768
106789
106811
106833
106854
106876
106897
106919
106940
106962
106983
107005
107026
107048
107069
107091
107113
107134
107156
107177
107199
107220
107242
107263
107285
107306
107328
107350
107371
107393
107414
107436
107457
107479
107500
107522
107543
107565
107586
107608
107630
107651
107673
107694
107716
107737
107759
107780
107802
107823
107845
107867
107888
107910
107931
107953
107974
107996
108017
108039
108060
108082
108103
108125
108147
108168
108190
108211
108233
108254
108276
108297
108319
108340
108362
108384
108405
108427
108448
108470
108491
108513
108534
108556
108577
108599
108620
108642
108664
108685
108707
108728
108750
108771
108793
108814
108836
108857
108879
108901
108922
108944
108965
108987
109008
109030
109051
109073
109094
109116
109137
109159
109181
109202
109224
109245
109267
109288
109310
109331
109353
109374
109396
109418
109439
109461
109482
109504
109525
109547
109568
109590
109611
109633
109654
109676
109698
109719
109741
109762
109784
109805
109827
109848
109870
109891
109913
109935
109956
109978
109999
110023
110044
110066
110087
110109
110130
110152
110173
110195
110216
110238
110259
110281
110302
110324
110345
110367
110388
110410
110431
110453
110474
110496
110517
110539
110560
110582
110603
110625
110646
110668
110689
110711
110732
110754
110775
110797
110818
110840
110861
110883
110904
110926
110947
110969
110990
111012
111033
111055
111076
111098
111119
111141
111162
111184
111205
111227
111248
111270
111291
111313
111334
111356
111377
111399
111420
111442
111463
111485
111506
111528
111549
111571
111592
111614
111635
111657
111678
111700
111721
111742
111764
111785
111807
111828
111850
111871
111893
111914
111936
111957
111979
112000
112022
112043
112065
112086
112108
112129
112151
112172
112194
112215
112237
112258
112280
112301
112323
112344
112366
112387
112409
112430
112452
112473
112495
112516
112538
112559
112581
112602
112624
112645
112667
112688
112710
112731
112753
112774
112796
112817
112839
112860
112882
112903
112925
112946
112968
112989
113011
113032
113054
113075
113097
113118
113140
113161
113183
113204
113226
113247
113269
113290
113312
113333
113355
113376
113398
113419
113441
113462
113483
113505
113526
113548
113569
113591
113612
113634
113655
113677
113698
113720
113741
113763
113784
113806
113827
113849
113870
113892
113913
113935
113956
113978
113999
114021
114042
114064
114085
114107
114128
114150
114171
114193
114214
114236
114257
114279
114300
114322
114343
114365
114386
114408
114429
114451
114472
114494
114515
114537
114558
114580
114601
114623
114644
114666
114687
114709
114730
114752
114773
114795
114816
114838
114859
114881
114902
114924
114945
114967
114988
115023
115045
115067
115089
115111
115133
115155
115176
115198
115220
115242
115264
115286
115308
115330
115351
115373
115395
115417
115439
115461
115483
115505
115526
115548
115570
115592
115614
115636
115658
115680
115701
115723
115745
115767
115789
115811
115833
115855
115876
115898
115920
115942
115964
115986
116008
116030
116051
116073
116095
116117
116139
116161
116183
116205
116226
116248
116270
116292
116314
116336
116358
116380
116401
116423
116445
116467
116489
116511
116533
116555
116576
116598
116620
116642
116664
116686
116708
116730
116751
116773
116795
116817
116839
116861
116883
116904
116926
116948
116970
116992
117014
117036
117058
117079
117101
117123
117145
117167
117189
117211
117233
117254
117276
117298
117320
117342
117364
117386
117408
117429
117451
117473
117495
117517
117539
117561
117583
117604
117626
117648
117670
117692
117714
117736
117758
117779
117801
117823
117845
117867
117889
117911
117933
117954
117976
117998
118020
118042
118064
118086
118108
118129
118151
118173
118195
118217
118239
118261
118283
118304
118326
118348
118370
118392
118414
118436
118458
118479
118501
118523
118545
118567
118589
118611
118632
118654
118676
118698
118720
118742
118764
118786
118807
118829
118851
118873
118895
118917
118939
118961
118982
119004
119026
119048
119070
119092
119114
119136
119157
119179
119201
119223
119245
119267
119289
119311
119332
119354
119376
119398
119420
119442
119464
119486
119507
119529
119551
119573
119595
119617
119639
119661
119682
119704
119726
119748
119770
119792
119814
119836
119857
119879
119901
119923
119945
119967
119989
120023
120045
120067
120089
120111
120133
120155
120177
120199
120221
120242
120264
120286
120308
120330
120352
120374
120396
120418
120440
120461
120483
120505
120527
120549
120571
120593
120615
120637
120659
120680
120702
120724
120746
120768
120790
120812
120834
120856
120878
120899
120921
120943
120965
120987
121009
121031
121053
121075
121097
121118
121140
121162
121184
121206
121228
121250
121272
121294
121316
121337
121359
121381
121403
121425
121447
121469
121491
121513
121535
121556
121578
121600
121622
121644
121666
121688
121710
121732
121754
121775
121797
121819
121841
121863
121885
121907
121929
121951
121973
121994
122016
122038
122060
122082
122104
122126
122148
122170
122192
122213
122235
122257
122279
122301
122323
122345
122367
122389
122411
122432
122454
122476
122498
122520
122542
122564
122586
122608
122630
122651
122673
122695
122717
122739
122761
122783
122805
122827
122849
122870
122892
122914
122936
122958
122980
123002
123024
123046
123068
123089
123111
123133
123155
123177
123199
123221
123243
123265
123287
123308
123330
123352
123374
123396
123418
123440
123462
123484
123506
123527
123549
123571
123593
123615
123637
123659
123681
123703
123725
123746
123768
123790
123812
123834
123856
123878
123900
123922
123944
123965
123987
124009
124031
124053
124075
124097
124119
124141
124163
124184
124206
124228
124250
124272
124294
124316
124338
124360
124382
124403
124425
124447
124469
124491
124513
124535
124557
124579
124601
124622
124644
124666
124688
124710
124732
124754
124776
124798
124820
124841
124863
124885
124907
124929
124951
124973
124995
125023
125045
125067
125089
125111
125133
125155
125177
125198
125220
125242
125264
125286
125308
125330
125352
125373
125395
125417
125439
125461
125483
125505
125527
125548
125570
125592
125614
125636
125658
125680
125702
125724
125745
125767
125789
125811
125833
125855
125877
125899
125920
125942
125964
125986
126008
126030
126052
126074
126095
126117
126139
126161
126183
126205
126227
126249
126271
126292
126314
126336
126358
126380
126402
126424
126446
126467
126489
126511
126533
126555
126577
126599
126621
126642
126664
126686
126708
126730
126752
126774
126796
126818
126839
126861
126883
126905
126927
126949
126971
126993
127014
127036
127058
127080
127102
127124
127146
127168
127189
127211
127233
127255
127277
127299
127321
127343
127365
127386
127408
127430
127452
127474
127496
127518
127540
127561
127583
127605
127627
127649
127671
127693
127715
127736
127758
127780
127802
127824
127846
127868
127890
127912
127933
127955
127977
127999
128021
128043
128065
128087
128108
128130
128152
128174
128196
128218
128240
128262
128283
128305
128327
128349
128371
128393
128415
128437
128459
128480
128502
128524
128546
128568
128590
128612
128634
128655
128677
128699
128721
128743
128765
128787
128809
128830
128852
128874
128896
128918
128940
128962
128984
129006
129027
129049
129071
129093
129115
129137
129159
129181
129202
129224
129246
129268
129290
129312
129334
129356
129377
129399
129421
129443
129465
129487
129509
129531
129553
129574
129596
129618
129640
129662
129684
129706
129728
129749
129771
129793
129815
129837
129859
129881
129903
129924
129946
129968
129990
130023
130045
130067
130089
130111
130133
130154
130176
130198
130220
130242
130264
130285
130307
130329
130351
130373
130395
130416
130438
130460
130482
130504
130526
130547
130569
130591
130613
130635
130657
130678
130700
130722
130744
130766
130788
130810
130831
130853
130875
130897
130919
130941
130962
130984
131006
131028
131050
131072
131093
131115
131137
131159
131181
131203
131224
131246
131268
131290
131312
131334
131355
131377
131399
131421
131443
131465
131486
131508
131530
131552
131574
131596
131618
131639
131661
131683
131705
131727
131749
131770
131792
131814
131836
131858
131880
131901
131923
131945
131967
131989
132011
132032
132054
132076
132098
132120
132142
132163
132185
132207
132229
132251
132273
132294
132316
132338
132360
132382
132404
132426
132447
132469
132491
132513
132535
132557
132578
132600
132622
132644
132666
132688
132709
132731
132753
132775
132797
132819
132840
132862
132884
132906
132928
132950
132971
132993
133015
133037
133059
133081
133103
133124
133146
133168
133190
133212
133234
133255
133277
133299
133321
133343
133365
133386
133408
133430
133452
133474
133496
133517
133539
133561
133583
133605
133627
133648
133670
133692
133714
133736
133758
133779
133801
133823
133845
133867
133889
133911
133932
133954
133976
133998
134020
134042
134063
134085
134107
134129
134151
134173
134194
134216
134238
134260
134282
134304
134325
134347
134369
134391
134413
134435
134456
134478
134500
134522
134544
134566
134587
134609
134631
134653
134675
134697
134719
134740
134762
134784
134806
134828
134850
134871
134893
134915
134937
134959
134981
135023
135044
135065
135086
135108
135129
135150
135171
135193
135214
135235
135256
135278
135299
135320
135341
135363
135384
135405
135426
135447
135469
135490
135511
135532
135554
135575
135596
135617
135639
135660
135681
135702
135724
135745
135766
135787
135809
135830
135851
135872
135893
135915
135936
135957
135978
136000
136021
136042
136063
136085
136106
136127
136148
136170
136191
136212
136233
136255
136276
136297
136318
136339
136361
136382
136403
136424
136446
136467
136488
136509
136531
136552
136573
136594
136616
136637
136658
136679
136701
136722
136743
136764
136785
136807
136828
136849
136870
136892
136913
136934
136955
136977
136998
137019
137040
137062
137083
137104
137125
137147
137168
137189
137210
137231
137253
137274
137295
137316
137338
137359
137380
137401
137423
137444
137465
137486
137508
137529
137550
137571
137593
137614
137635
137656
137677
137699
137720
137741
137762
137784
137805
137826
137847
137869
137890
137911
137932
137954
137975
137996
138017
138039
138060
138081
138102
138123
138145
138166
138187
138208
138230
138251
138272
138293
138315
138336
138357
138378
138400
138421
138442
138463
138485
138506
138527
138548
138569
138591
138612
138633
138654
138676
138697
138718
138739
138761
138782
138803
138824
138846
138867
138888
138909
138930
138952
138973
138994
139015
139037
139058
139079
139100
139122
139143
139164
139185
139207
139228
139249
139270
139292
139313
139334
139355
139376
139398
139419
139440
139461
139483
139504
139525
139546
139568
139589
139610
139631
139653
139674
139695
139716
139738
139759
139780
139801
139822
139844
139865
139886
139907
139929
139950
139971
139992
140026
140051
140076
140101
140126
140151
140176
140201
140226
140251
140275
140300
140325
140350
140375
140400
140425
140450
140475
140500
140525
140549
140574
140599
140624
140649
140674
140699
140724
140749
140774
140799
140823
140848
140873
140898
140923
140948
140973
140998
141023
141048
141073
141097
141122
141147
141172
141197
141222
141247
141272
141297
141322
141347
141371
141396
141421
141446
141471
141496
141521
141546
141571
141596
141621
141645
141670
141695
141720
141745
141770
141795
141820
141845
141870
141895
141919
141944
141969
141994
142019
142044
142069
142094
142119
142144
142169
142193
142218
142243
142268
142293
142318
142343
142368
142393
142418
142443
142467
142492
142517
142542
142567
142592
142617
142642
142667
142692
142717
142741
142766
142791
142816
142841
142866
142891
142916
142941
142966
142991
143015
143040
143065
143090
143115
143140
143165
143190
143215
143240
143265
143289
143314
143339
143364
143389
143414
143439
143464
143489
143514
143539
143563
143588
143613
143638
143663
143688
143713
143738
143763
143788
143813
143837
143862
143887
143912
143937
143962
143987
144012
144037
144062
144087
144111
144136
144161
144186
144211
144236
144261
144286
144311
144336
144361
144385
144410
144435
144460
144485
144510
144535
144560
144585
144610
144635
144659
144684
144709
144734
144759
144784
144809
144834
144859
144884
144909
144933
144958
144983
145027
145052
145077
145102
145127
145152
145177
145203
145228
145253
145278
145303
145328
145353
145379
145404
145429
145454
145479
145504
145529
145555
145580
145605
145630
145655
145680
145705
145731
145756
145781
145806
145831
145856
145881
145907
145932
145957
145982
146007
146032
146057
146083
146108
146133
146158
146183
146208
146233
146259
146284
146309
146334
146359
146384
146409
146435
146460
146485
146510
146535
146560
146585
146611
146636
146661
146686
146711
146736
146761
146787
146812
146837
146862
146887
146912
146937
146963
146988
147013
147038
147063
147088
147113
147139
147164
147189
147214
147239
147264
147289
147315
147340
147365
147390
147415
147440
147465
147491
147516
147541
147566
147591
147616
147641
147666
147692
147717
147742
147767
147792
147817
147842
147868
147893
147918
147943
147968
147993
148018
148044
148069
148094
148119
148144
148169
148194
148220
148245
148270
148295
148320
148345
148370
148396
148421
148446
148471
148496
148521
148546
148572
148597
148622
148647
148672
148697
148722
148748
148773
148798
148823
148848
148873
148898
148924
148949
148974
148999
149024
149049
149074
149100
149125
149150
149175
149200
149225
149250
149276
149301
149326
149351
149376
149401
149426
149452
149477
149502
149527
149552
149577
149602
149628
149653
149678
149703
149728
149753
149778
149804
149829
149854
149879
149904
149929
149954
149980
150023
150045
150067
150089
150110
150132
150154
150176
150197
150219
150241
150263
150284
150306
150328
150350
150371
150393
150415
150437
150459
150480
150502
150524
150546
150567
150589
150611
150633
150654
150676
150698
150720
150741
150763
150785
150807
150828
150850
150872
150894
150916
150937
150959
150981
151003
151024
151046
151068
151090
151111
151133
151155
151177
151198
151220
151242
151264
151285
151307
151329
151351
151373
151394
151416
151438
151460
151481
151503
151525
151547
151568
151590
151612
151634
151655
151677
151699
151721
151742
151764
151786
151808
151830
151851
151873
151895
151917
151938
151960
151982
152004
152025
152047
152069
152091
152112
152134
152156
152178
152199
152221
152243
152265
152287
152308
152330
152352
152374
152395
152417
152439
152461
152482
152504
152526
152548
152569
152591
152613
152635
152656
152678
152700
152722
152744
152765
152787
152809
152831
152852
152874
152896
152918
152939
152961
152983
153005
153026
153048
153070
153092
153113
153135
153157
153179
153201
153222
153244
153266
153288
153309
153331
153353
153375
153396
153418
153440
153462
153483
153505
153527
153549
153570
153592
153614
153636
153658
153679
153701
153723
153745
153766
153788
153810
153832
153853
153875
153897
153919
153940
153962
153984
154006
154027
154049
154071
154093
154115
154136
154158
154180
154202
154223
154245
154267
154289
154310
154332
154354
154376
154397
154419
154441
154463
154484
154506
154528
154550
154572
154593
154615
154637
154659
154680
154702
154724
154746
154767
154789
154811
154833
154854
154876
154898
154920
154941
154963
154985
155024
155046
155068
155090
155112
155134
155156
155178
155200
155222
155244
155266
155288
155310
155332
155354
155376
155398
155420
155442
155464
155486
155508
155530
155552
155574
155596
155618
155640
155662
155684
155706
155728
155750
155772
155794
155816
155838
155860
155882
155904
155926
155948
155970
155992
156014
156036
156058
156080
156102
156124
156146
156168
156190
156212
156234
156256
156279
156301
156323
156345
156367
156389
156411
156433
156455
156477
156499
156521
156543
156565
156587
156609
156631
156653
156675
156697
156719
156741
156763
156785
156807
156829
156851
156873
156895
156917
156939
156961
156983
157005
157027
157049
157071
157093
157115
157137
157159
157181
157203
157225
157247
157269
157291
157313
157335
157357
157379
157401
157423
157445
157467
157489
157511
157534
157556
157578
157600
157622
157644
157666
157688
157710
157732
157754
157776
157798
157820
157842
157864
157886
157908
157930
157952
157974
157996
158018
158040
158062
158084
158106
158128
158150
158172
158194
158216
158238
158260
158282
158304
158326
158348
158370
158392
158414
158436
158458
158480
158502
158524
158546
158568
158590
158612
158634
158656
158678
158700
158722
158744
158766
158789
158811
158833
158855
158877
158899
158921
158943
158965
158987
159009
159031
159053
159075
159097
159119
159141
159163
159185
159207
159229
159251
159273
159295
159317
159339
159361
159383
159405
159427
159449
159471
159493
159515
159537
159559
159581
159603
159625
159647
159669
159691
159713
159735
159757
159779
159801
159823
159845
159867
159889
159911
159933
159955
159977
159999
160023
160045
160067
160088
160110
160132
160153
160175
160197
160218
160240
160262
160284
160305
160327
160349
160370
160392
160414
160435
160457
160479
160501
160522
160544
160566
160587
160609
160631
160652
160674
160696
160718
160739
160761
160783
160804
160826
160848
160869
160891
160913
160934
160956
160978
161000
161021
161043
161065
161086
161108
161130
161151
161173
161195
161217
161238
161260
161282
161303
161325
161347
161368
161390
161412
161434
161455
161477
161499
161520
161542
161564
161585
161607
161629
161651
161672
161694
161716
161737
161759
161781
161802
161824
161846
161867
161889
161911
161933
161954
161976
161998
162019
162041
162063
162084
162106
162128
162150
162171
162193
162215
162236
162258
162280
162301
162323
162345
162367
162388
162410
162432
162453
162475
162497
162518
162540
162562
162583
162605
162627
162649
162670
162692
162714
162735
162757
162779
162800
162822
162844
162866
162887
162909
162931
162952
162974
162996
163017
163039
163061
163083
163104
163126
163148
163169
163191
163213
163234
163256
163278
163300
163321
163343
163365
163386
163408
163430
163451
163473
163495
163516
163538
163560
163582
163603
163625
163647
163668
163690
163712
163733
163755
163777
163799
163820
163842
163864
163885
163907
163929
163950
163972
163994
164016
164037
164059
164081
164102
164124
164146
164167
164189
164211
164233
164254
164276
164298
164319
164341
164363
164384
164406
164428
164449
164471
164493
164515
164536
164558
164580
164601
164623
164645
164666
164688
164710
164732
164753
164775
164797
164818
164840
164862
164883
164905
164927
164949
164970
164992
165023
165045
165067
165089
165111
165132
165154
165176
165198
165220
165241
165263
165285
165307
165329
165350
165372
165394
165416
165438
165459
165481
165503
165525
165547
165568
165590
165612
165634
165656
165677
165699
165721
165743
165765
165786
165808
165830
165852
165874
165896
165917
165939
165961
165983
166005
166026
166048
166070
166092
166114
166135
166157
166179
166201
166223
166244
166266
166288
166310
166332
166353
166375
166397
166419
166441
166462
166484
166506
166528
166550
166571
166593
166615
166637
166659
166681
166702
166724
166746
166768
166790
166811
166833
166855
166877
166899
166920
166942
166964
166986
167008
167029
167051
167073
167095
167117
167138
167160
167182
167204
167226
167247
167269
167291
167313
167335
167356
167378
167400
167422
167444
167466
167487
167509
167531
167553
167575
167596
167618
167640
167662
167684
167705
167727
167749
167771
167793
167814
167836
167858
167880
167902
167923
167945
167967
167989
168011
168032
168054
168076
168098
168120
168141
168163
168185
168207
168229
168251
168272
168294
168316
168338
168360
168381
168403
168425
168447
168469
168490
168512
168534
168556
168578
168599
168621
168643
168665
168687
168708
168730
168752
168774
168796
168817
168839
168861
168883
168905
168926
168948
168970
168992
169014
169036
169057
169079
169101
169123
169145
169166
169188
169210
169232
169254
169275
169297
169319
169341
169363
169384
169406
169428
169450
169472
169493
169515
169537
169559
169581
169602
169624
169646
169668
169690
169711
169733
169755
169777
169799
169821
169842
169864
169886
169908
169930
169951
169973
169995
170025
170049
170073
170097
170121
170145
170169
170193
170217
170241
170265
170289
170313
170337
170361
170385
170409
170433
170457
170481
170505
170529
170553
170577
170601
170625
170649
170673
170697
170721
170745
170769
170793
170817
170841
170865
170889
170913
170937
170961
170985
171009
171032
171056
171080
171104
171128
171152
171176
171200
171224
171248
171272
171296
171320
171344
171368
171392
171416
171440
171464
171488
171512
171536
171560
171584
171608
171632
171656
171680
171704
171728
171752
171776
171800
171824
171848
171872
171896
171920
171944
171968
171992
172016
172040
172063
172087
172111
172135
172159
172183
172207
172231
172255
172279
172303
172327
172351
172375
172399
172423
172447
172471
172495
172519
172543
172567
172591
172615
172639
172663
172687
172711
172735
172759
172783
172807
172831
172855
172879
172903
172927
172951
172975
172999
173023
173047
173070
173094
173118
173142
173166
173190
173214
173238
173262
173286
173310
173334
173358
173382
173406
173430
173454
173478
173502
173526
173550
173574
173598
173622
173646
173670
173694
173718
173742
173766
173790
173814
173838
173862
173886
173910
173934
173958
173982
174006
174030
174054
174078
174101
174125
174149
174173
174197
174221
174245
174269
174293
174317
174341
174365
174389
174413
174437
174461
174485
174509
174533
174557
174581
174605
174629
174653
174677
174701
174725
174749
174773
174797
174821
174845
174869
174893
174917
174941
174965
174989
175024
175046
175068
175091
175113
175135
175158
175180
175202
175225
175247
175269
175292
175314
175336
175359
175381
175403
175426
175448
175470
175493
175515
175537
175560
175582
175604
175626
175649
175671
175693
175716
175738
175760
175783
175805
175827
175850
175872
175894
175917
175939
175961
175984
176006
176028
176051
176073
176095
176118
176140
176162
176185
176207
176229
176251
176274
176296
176318
176341
176363
176385
176408
176430
176452
176475
176497
176519
176542
176564
176586
176609
176631
176653
176676
176698
176720
176743
176765
176787
176810
176832
176854
176876
176899
176921
176943
176966
176988
177010
177033
177055
177077
177100
177122
177144
177167
177189
177211
177234
177256
177278
177301
177323
177345
177368
177390
177412
177435
177457
177479
177501
177524
177546
177568
177591
177613
177635
177658
177680
177702
177725
177747
177769
177792
177814
177836
177859
177881
177903
177926
177948
177970
177993
178015
178037
178060
178082
178104
178126
178149
178171
178193
178216
178238
178260
178283
178305
178327
178350
178372
178394
178417
178439
178461
178484
178506
178528
178551
178573
178595
178618
178640
178662
178685
178707
178729
178751
178774
178796
178818
178841
178863
178885
178908
178930
178952
178975
178997
179019
179042
179064
179086
179109
179131
179153
179176
179198
179220
179243
179265
179287
179310
179332
179354
179376
179399
179421
179443
179466
179488
179510
179533
179555
179577
179600
179622
179644
179667
179689
179711
179734
179756
179778
179801
179823
179845
179868
179890
179912
179935
179957
179979
180001
180023
180045
180067
180089
180111
180133
180155
180176
180198
180220
180242
180264
180286
180308
180329
180351
180373
180395
180417
180439
180461
180483
180504
180526
180548
180570
180592
180614
180636
180657
180679
180701
180723
180745
180767
180789
180810
180832
180854
180876
180898
180920
180942
180964
180985
181007
181029
181051
181073
181095
181117
181138
181160
181182
181204
181226
181248
181270
181292
181313
181335
181357
181379
181401
181423
181445
181466
181488
181510
181532
181554
181576
181598
181619
181641
181663
181685
181707
181729
181751
181773
181794
181816
181838
181860
181882
181904
181926
181947
181969
181991
182013
182035
182057
182079
182101
182122
182144
182166
182188
182210
182232
182254
182275
182297
182319
182341
182363
182385
182407
182428
182450
182472
182494
182516
182538
182560
182582
182603
182625
182647
182669
182691
182713
182735
182756
182778
182800
182822
182844
182866
182888
182910
182931
182953
182975
182997
183019
183041
183063
183084
183106
183128
183150
183172
183194
183216
183237
183259
183281
183303
183325
183347
183369
183391
183412
183434
183456
183478
183500
183522
183544
183565
183587
183609
183631
183653
183675
183697
183718
183740
183762
183784
183806
183828
183850
183872
183893
183915
183937
183959
183981
184003
184025
184046
184068
184090
184112
184134
184156
184178
184200
184221
184243
184265
184287
184309
184331
184353
184374
184396
184418
184440
184462
184484
184506
184527
184549
184571
184593
184615
184637
184659
184681
184702
184724
184746
184768
184790
184812
184834
184855
184877
184899
184921
184943
184965
184987
185023
185045
185067
185089
185111
185132
185154
185176
185198
185220
185242
185263
185285
185307
185329
185351
185372
185394
185416
185438
185460
185482
185503
185525
185547
185569
185591
185612
185634
185656
185678
185700
185722
185743
185765
185787
185809
185831
185852
185874
185896
185918
185940
185962
185983
186005
186027
186049
186071
186092
186114
186136
186158
186180
186202
186223
186245
186267
186289
186311
186333
186354
186376
186398
186420
186442
186463
186485
186507
186529
186551
186573
186594
186616
186638
186660
186682
186703
186725
186747
186769
186791
186813
186834
186856
186878
186900
186922
186943
186965
186987
187009
187031
187053
187074
187096
187118
187140
187162
187183
187205
187227
187249
187271
187293
187314
187336
187358
187380
187402
187423
187445
187467
187489
187511
187533
187554
187576
187598
187620
187642
187664
187685
187707
187729
187751
187773
187794
187816
187838
187860
187882
187904
187925
187947
187969
187991
188013
188034
188056
188078
188100
188122
188144
188165
188187
188209
188231
188253
188274
188296
188318
188340
188362
188384
188405
188427
188449
188471
188493
188514
188536
188558
188580
188602
188624
188645
188667
188689
188711
188733
188755
188776
188798
188820
188842
188864
188885
188907
188929
188951
188973
188995
189016
189038
189060
189082
189104
189125
189147
189169
189191
189213
189235
189256
189278
189300
189322
189344
189365
189387
189409
189431
189453
189475
189496
189518
189540
189562
189584
189605
189627
189649
189671
189693
189715
189736
189758
189780
189802
189824
189845
189867
189889
189911
189933
189955
189976
189998
190023
190044
190065
190087
190108
190129
190150
190172
190193
190214
190235
190257
190278
190299
190320
190342
190363
190384
190406
190427
190448
190469
190491
190512
190533
190554
190576
190597
190618
190639
190661
190682
190703
190724
190746
190767
190788
190810
190831
190852
190873
190895
190916
190937
190958
190980
191001
191022
191043
191065
191086
191107
191128
191150
191171
191192
191214
191235
191256
191277
191299
191320
191341
191362
191384
191405
191426
191447
191469
191490
191511
191532
191554
191575
191596
191618
191639
191660
191681
191703
191724
191745
191766
191788
191809
191830
191851
191873
191894
191915
191937
191958
191979
192000
192022
192043
192064
192085
192107
192128
192149
192170
192192
192213
192234
192255
192277
192298
192319
192341
192362
192383
192404
192426
192447
192468
192489
192511
192532
192553
192574
192596
192617
192638
192659
192681
192702
192723
192745
192766
192787
192808
192830
192851
192872
192893
192915
192936
192957
192978
193000
193021
193042
193063
193085
193106
193127
193149
193170
193191
193212
193234
193255
193276
193297
193319
193340
193361
193382
193404
193425
193446
193467
193489
193510
193531
193553
193574
193595
193616
193638
193659
193680
193701
193723
193744
193765
193786
193808
193829
193850
193872
193893
193914
193935
193957
193978
193999
194020
194042
194063
194084
194105
194127
194148
194169
194190
194212
194233
194254
194276
194297
194318
194339
194361
194382
194403
194424
194446
194467
194488
194509
194531
194552
194573
194594
194616
194637
194658
194680
194701
194722
194743
194765
194786
194807
194828
194850
194871
194892
194913
194935
194956
194977
194998
195027
195052
195078
195103
195128
195154
195179
195205
195230
195255
195281
195306
195332
195357
195382
195408
195433
195458
195484
195509
195535
195560
195585
195611
195636
195662
195687
195712
195738
195763
195788
195814
195839
195865
195890
195915
195941
195966
195992
196017
196042
196068
196093
196118
196144
196169
196195
196220
196245
196271
196296
196322
196347
196372
196398
196423
196449
196474
196499
196525
196550
196575
196601
196626
196652
196677
196702
196728
196753
196779
196804
196829
196855
196880
196905
196931
196956
196982
197007
197032
197058
197083
197109
197134
197159
197185
197210
197235
197261
197286
197312
197337
197362
197388
197413
197439
197464
197489
197515
197540
197565
197591
197616
197642
197667
197692
197718
197743
197769
197794
197819
197845
197870
197896
197921
197946
197972
197997
198022
198048
198073
198099
198124
198149
198175
198200
198226
198251
198276
198302
198327
198352
198378
198403
198429
198454
198479
198505
198530
198556
198581
198606
198632
198657
198682
198708
198733
198759
198784
198809
198835
198860
198886
198911
198936
198962
198987
199013
199038
199063
199089
199114
199139
199165
199190
199216
199241
199266
199292
199317
199343
199368
199393
199419
199444
199469
199495
199520
199546
199571
199596
199622
199647
199673
199698
199723
199749
199774
199799
199825
199850
199876
199901
199926
199952
199977
200028
200054
200080
200106
200132
200158
200184
200210
200236
200262
200288
200314
200340
200366
200393
200419
200445
200471
200497
200523
200549
200575
200601
200627
200653
200679
200705
200731
200757
200784
200810
200836
200862
200888
200914
200940
200966
200992
201018
201044
201070
201096
201122
201148
201175
201201
201227
201253
201279
201305
201331
201357
201383
201409
201435
201461
201487
201513
201539
201566
201592
201618
201644
201670
201696
201722
201748
201774
201800
201826
201852
201878
201904
201930
201957
201983
202009
202035
202061
202087
202113
202139
202165
202191
202217
202243
202269
202295
202321
202348
202374
202400
202426
202452
202478
202504
202530
202556
202582
202608
202634
202660
202686
202712
202739
202765
202791
202817
202843
202869
202895
202921
202947
202973
202999
203025
203051
203077
203103
203130
203156
203182
203208
203234
203260
203286
203312
203338
203364
203390
203416
203442
203468
203494
203521
203547
203573
203599
203625
203651
203677
203703
203729
203755
203781
203807
203833
203859
203886
203912
203938
203964
203990
204016
204042
204068
204094
204120
204146
204172
204198
204224
204250
204277
204303
204329
204355
204381
204407
204433
204459
204485
204511
204537
204563
204589
204615
204641
204668
204694
204720
204746
204772
204798
204824
204850
204876
204902
204928
204954
204980
205023
205045
205066
205088
205109
205131
205153
205174
205196
205217
205239
205261
205282
205304
205325
205347
205369
205390
205412
205433
205455
205477
205498
205520
205541
205563
205585
205606
205628
205649
205671
205693
205714
205736
205757
205779
205801
205822
205844
205865
205887
205909
205930
205952
205973
205995
206017
206038
206060
206081
206103
206125
206146
206168
206189
206211
206233
206254
206276
206297
206319
206341
206362
206384
206405
206427
206449
206470
206492
206513
206535
206557
206578
206600
206621
206643
206665
206686
206708
206729
206751
206773
206794
206816
206837
206859
206881
206902
206924
206945
206967
206989
207010
207032
207053
207075
207097
207118
207140
207161
207183
207205
207226
207248
207269
207291
207313
207334
207356
207377
207399
207421
207442
207464
207485
207507
207529
207550
207572
207593
207615
207637
207658
207680
207701
207723
207745
207766
207788
207809
207831
207853
207874
207896
207917
207939
207961
207982
208004
208025
208047
208069
208090
208112
208133
208155
208177
208198
208220
208241
208263
208285
208306
208328
208349
208371
208393
208414
208436
208457
208479
208501
208522
208544
208565
208587
208609
208630
208652
208673
208695
208717
208738
208760
208781
208803
208825
208846
208868
208889
208911
208933
208954
208976
208997
209019
209041
209062
209084
209105
209127
209149
209170
209192
209213
209235
209257
209278
209300
209321
209343
209365
209386
209408
209429
209451
209473
209494
209516
209537
209559
209581
209602
209624
209645
209667
209689
209710
209732
209753
209775
209797
209818
209840
209861
209883
209905
209926
209948
209969
209991
210023
210044
210065
210087
210108
210129
210151
210172
210193
210214
210236
210257
210278
210300
210321
210342
210363
210385
210406
210427
210449
210470
210491
210512
210534
210555
210576
210598
210619
210640
210661
210683
210704
210725
210747
210768
210789
210810
210832
210853
210874
210896
210917
210938
210959
210981
211002
211023
211045
211066
211087
211108
211130
211151
211172
211194
211215
211236
211257
211279
211300
211321
211343
211364
211385
211406
211428
211449
211470
211492
211513
211534
211555
211577
211598
211619
211641
211662
211683
211705
211726
211747
211768
211790
211811
211832
211854
211875
211896
211917
211939
211960
211981
212003
212024
212045
212066
212088
212109
212130
212152
212173
212194
212215
212237
212258
212279
212301
212322
212343
212364
212386
212407
212428
212450
212471
212492
212513
212535
212556
212577
212599
212620
212641
212662
212684
212705
212726
212748
212769
212790
212811
212833
212854
212875
212897
212918
212939
212960
212982
213003
213024
213046
213067
213088
213109
213131
213152
213173
213195
213216
213237
213258
213280
213301
213322
213344
213365
213386
213408
213429
213450
213471
213493
213514
213535
213557
213578
213599
213620
213642
213663
213684
213706
213727
213748
213769
213791
213812
213833
213855
213876
213897
213918
213940
213961
213982
214004
214025
214046
214067
214089
214110
214131
214153
214174
214195
214216
214238
214259
214280
214302
214323
214344
214365
214387
214408
214429
214451
214472
214493
214514
214536
214557
214578
214600
214621
214642
214663
214685
214706
214727
214749
214770
214791
214812
214834
214855
214876
214898
214919
214940
214961
214983
215023
215045
215067
215089
215110
215132
215154
215176
215198
215219
215241
215263
215285
215306
215328
215350
215372
215394
215415
215437
215459
215481
215502
215524
215546
215568
215590
215611
215633
215655
215677
215698
215720
215742
215764
215786
215807
215829
215851
215873
215894
215916
215938
215960
215982
216003
216025
216047
216069
216091
216112
216134
216156
216178
216199
216221
216243
216265
216287
216308
216330
216352
216374
216395
216417
216439
216461
216483
216504
216526
216548
216570
216591
216613
216635
216657
216679
216700
216722
216744
216766
216787
216809
216831
216853
216875
216896
216918
216940
216962
216983
217005
217027
217049
217071
217092
217114
217136
217158
217180
217201
217223
217245
217267
217288
217310
217332
217354
217376
217397
217419
217441
217463
217484
217506
217528
217550
217572
217593
217615
217637
217659
217680
217702
217724
217746
217768
217789
217811
217833
217855
217876
217898
217920
217942
217964
217985
218007
218029
218051
218073
218094
218116
218138
218160
218181
218203
218225
218247
218269
218290
218312
218334
218356
218377
218399
218421
218443
218465
218486
218508
218530
218552
218573
218595
218617
218639
218661
218682
218704
218726
218748
218769
218791
218813
218835
218857
218878
218900
218922
218944
218965
218987
219009
219031
219053
219074
219096
219118
219140
219162
219183
219205
219227
219249
219270
219292
219314
219336
219358
219379
219401
219423
219445
219466
219488
219510
219532
219554
219575
219597
219619
219641
219662
219684
219706
219728
219750
219771
219793
219815
219837
219858
219880
219902
219924
219946
219967
219989
220023
220045
220067
220089
220110
220132
220154
220176
220197
220219
220241
220263
220284
220306
220328
220350
220371
220393
220415
220437
220459
220480
220502
220524
220546
220567
220589
220611
220633
220654
220676
220698
220720
220741
220763
220785
220807
220828
220850
220872
220894
220916
220937
220959
220981
221003
221024
221046
221068
221090
221111
221133
221155
221177
221198
221220
221242
221264
221285
221307
221329
221351
221373
221394
221416
221438
221460
221481
221503
221525
221547
221568
221590
221612
221634
221655
221677
221699
221721
221742
221764
221786
221808
221830
221851
221873
221895
221917
221938
221960
221982
222004
222025
222047
222069
222091
222112
222134
222156
222178
222199
222221
222243
222265
222287
222308
222330
222352
222374
222395
222417
222439
222461
222482
222504
222526
222548
222569
222591
222613
222635
222656
222678
222700
222722
222744
222765
222787
222809
222831
222852
222874
222896
222918
222939
222961
222983
223005
223026
223048
223070
223092
223113
223135
223157
223179
223201
223222
223244
223266
223288
223309
223331
223353
223375
223396
223418
223440
223462
223483
223505
223527
223549
223570
223592
223614
223636
223658
223679
223701
223723
223745
223766
223788
223810
223832
223853
223875
223897
223919
223940
223962
223984
224006
224027
224049
224071
224093
224115
224136
224158
224180
224202
224223
224245
224267
224289
224310
224332
224354
224376
224397
224419
224441
224463
224484
224506
224528
224550
224572
224593
224615
224637
224659
224680
224702
224724
224746
224767
224789
224811
224833
224854
224876
224898
224920
224941
224963
224985
225023
225045
225067
225089
225111
225132
225154
225176
225198
225220
225242
225263
225285
225307
225329
225351
225373
225394
225416
225438
225460
225482
225504
225525
225547
225569
225591
225613
225635
225656
225678
225700
225722
225744
225766
225787
225809
225831
225853
225875
225897
225918
225940
225962
225984
226006
226027
226049
226071
226093
226115
226137
226158
226180
226202
226224
226246
226268
226289
226311
226333
226355
226377
226399
226420
226442
226464
226486
226508
226530
226551
226573
226595
226617
226639
226661
226682
226704
226726
226748
226770
226792
226813
226835
226857
226879
226901
226923
226944
226966
226988
227010
227032
227053
227075
227097
227119
227141
227163
227184
227206
227228
227250
227272
227294
227315
227337
227359
227381
227403
227425
227446
227468
227490
227512
227534
227556
227577
227599
227621
227643
227665
227687
227708
227730
227752
227774
227796
227818
227839
227861
227883
227905
227927
227949
227970
227992
228014
228036
228058
228079
228101
228123
228145
228167
228189
228210
228232
228254
228276
228298
228320
228341
228363
228385
228407
228429
228451
228472
228494
228516
228538
228560
228582
228603
228625
228647
228669
228691
228713
228734
228756
228778
228800
228822
228844
228865
228887
228909
228931
228953
228975
228996
229018
229040
229062
229084
229105
229127
229149
229171
229193
229215
229236
229258
229280
229302
229324
229346
229367
229389
229411
229433
229455
229477
229498
229520
229542
229564
229586
229608
229629
229651
229673
229695
229717
229739
229760
229782
229804
229826
229848
229870
229891
229913
229935
229957
229979
230000
230023
230045
230067
230089
230111
230133
230155
230177
230199
230221
230243
230265
230287
230309
230331
230353
230375
230397
230419
230441
230463
230485
230507
230529
230551
230573
230595
230617
230639
230661
230683
230705
230727
230749
230771
230793
230815
230837
230859
230881
230903
230925
230947
230969
230991
231013
231035
231057
231079
231101
231123
231145
231167
231189
231211
231233
231255
231277
231299
231321
231343
231365
231387
231409
231431
231453
231475
231497
231519
231541
231563
231585
231607
231629
231651
231673
231695
231717
231739
231761
231783
231805
231827
231849
231871
231893
231915
231937
231959
231981
232003
232025
232047
232069
232091
232113
232135
232157
232179
232201
232223
232244
232266
232288
232310
232332
232354
232376
232398
232420
232442
232464
232486
232508
232530
232552
232574
232596
232618
232640
232662
232684
232706
232728
232750
232772
232794
232816
232838
232860
232882
232904
232926
232948
232970
232992
233014
233036
233058
233080
233102
233124
233146
233168
233190
233212
233234
233256
233278
233300
233322
233344
233366
233388
233410
233432
233454
233476
233498
233520
233542
233564
233586
233608
233630
233652
233674
233696
233718
233740
233762
233784
233806
233828
233850
233872
233894
233916
233938
233960
233982
234004
234026
234048
234070
234092
234114
234136
234158
234180
234202
234224
234246
234268
234290
234312
234334
234356
234378
234400
234422
234444
234465
234487
234509
234531
234553
234575
234597
234619
234641
234663
234685
234707
234729
234751
234773
234795
234817
234839
234861
234883
234905
234927
234949
234971
234993
235023
235045
235067
235089
235111
235133
235155
235177
235199
235221
235242
235264
235286
235308
235330
235352
235374
235396
235418
235440
235461
235483
235505
235527
235549
235571
235593
235615
235637
235659
235680
235702
235724
235746
235768
235790
235812
235834
235856
235878
235899
235921
235943
235965
235987
236009
236031
236053
236075
236097
236118
236140
236162
236184
236206
236228
236250
236272
236294
236316
236337
236359
236381
236403
236425
236447
236469
236491
236513
236535
236556
236578
236600
236622
236644
236666
236688
236710
236732
236754
236776
236797
236819
236841
236863
236885
236907
236929
236951
236973
236995
237016
237038
237060
237082
237104
237126
237148
237170
237192
237214
237235
237257
237279
237301
237323
237345
237367
237389
237411
237433
237454
237476
237498
237520
237542
237564
237586
237608
237630
237652
237673
237695
237717
237739
237761
237783
237805
237827
237849
237871
237892
237914
237936
237958
237980
238002
238024
238046
238068
238090
238111
238133
238155
238177
238199
238221
238243
238265
238287
238309
238331
238352
238374
238396
238418
238440
238462
238484
238506
238528
238550
238571
238593
238615
238637
238659
238681
238703
238725
238747
238769
238790
238812
238834
238856
238878
238900
238922
238944
238966
238988
239009
239031
239053
239075
239097
239119
239141
239163
239185
239207
239228
239250
239272
239294
239316
239338
239360
239382
239404
239426
239447
239469
239491
239513
239535
239557
239579
239601
239623
239645
239666
239688
239710
239732
239754
239776
239798
239820
239842
239864
239886
239907
239929
239951
239973
239995
240023
240045
240066
240088
240109
240131
240152
240174
240195
240217
240239
240260
240282
240303
240325
240346
240368
240389
240411
240433
240454
240476
240497
240519
240540
240562
240583
240605
240627
240648
240670
240691
240713
240734
240756
240777
240799
240821
240842
240864
240885
240907
240928
240950
240971
240993
241015
241036
241058
241079
241101
241122
241144
241165
241187
241209
241230
241252
241273
241295
241316
241338
241359
241381
241403
241424
241446
241467
241489
241510
241532
241553
241575
241597
241618
241640
241661
241683
241704
241726
241747
241769
241791
241812
241834
241855
241877
241898
241920
241941
241963
241985
242006
242028
242049
242071
242092
242114
242135
242157
242179
242200
242222
242243
242265
242286
242308
242329
242351
242373
242394
242416
242437
242459
242480
242502
242523
242545
242567
242588
242610
242631
242653
242674
242696
242717
242739
242761
242782
242804
242825
242847
242868
242890
242911
242933
242955
242976
242998
243019
243041
243062
243084
243105
243127
243149
243170
243192
243213
243235
243256
243278
243299
243321
243342
243364
243386
243407
243429
243450
243472
243493
243515
243536
243558
243580
243601
243623
243644
243666
243687
243709
243730
243752
243774
243795
243817
243838
243860
243881
243903
243924
243946
243968
243989
244011
244032
244054
244075
244097
244118
244140
244162
244183
244205
244226
244248
244269
244291
244312
244334
244356
244377
244399
244420
244442
244463
244485
244506
244528
244550
244571
244593
244614
244636
244657
244679
244700
244722
244744
244765
244787
244808
244830
244851
244873
244894
244916
244938
244959
244981
245023
245045
245067
245089
245110
245132
245154
245176
245198
245219
245241
245263
245285
245306
245328
245350
245372
245394
245415
245437
245459
245481
245502
245524
245546
245568
245590
245611
245633
245655
245677
245698
245720
245742
245764
245786
245807
245829
245851
245873
245894
245916
245938
245960
245982
246003
246025
246047
246069
246091
246112
246134
246156
246178
246199
246221
246243
246265
246287
246308
246330
246352
246374
246395
246417
246439
246461
246483
246504
246526
246548
246570
246591
246613
246635
246657
246679
246700
246722
246744
246766
246787
246809
246831
246853
246875
246896
246918
246940
246962
246983
247005
247027
247049
247071
247092
247114
247136
247158
247180
247201
247223
247245
247267
247288
247310
247332
247354
247376
247397
247419
247441
247463
247484
247506
247528
247550
247572
247593
247615
247637
247659
247680
247702
247724
247746
247768
247789
247811
247833
247855
247876
247898
247920
247942
247964
247985
248007
248029
248051
248073
248094
248116
248138
248160
248181
248203
248225
248247
248269
248290
248312
248334
248356
248377
248399
248421
248443
248465
248486
248508
248530
248552
248573
248595
248617
248639
248661
248682
248704
248726
248748
248769
248791
248813
248835
248857
248878
248900
248922
248944
248965
248987
249009
249031
249053
249074
249096
249118
249140
249162
249183
249205
249227
249249
249270
249292
249314
249336
249358
249379
249401
249423
249445
249466
249488
249510
249532
249554
249575
249597
249619
249641
249662
249684
249706
249728
249750
249771
249793
249815
249837
249858
249880
249902
249924
249946
249967
249989
250023
250044
250066
250087
250108
250130
250151
250173
250194
250215
250237
250258
250280
250301
250322
250344
250365
250387
250408
250429
250451
250472
250493
250515
250536
250558
250579
250600
250622
250643
250665
250686
250707
250729
250750
250772
250793
250814
250836
250857
250878
250900
250921
250943
250964
250985
251007
251028
251050
251071
251092
251114
251135
251157
251178
251199
251221
251242
251263
251285
251306
251328
251349
251370
251392
251413
251435
251456
251477
251499
251520
251542
251563
251584
251606
251627
251649
251670
251691
251713
251734
251755
251777
251798
251820
251841
251862
251884
251905
251927
251948
251969
251991
252012
252034
252055
252076
252098
252119
252140
252162
252183
252205
252226
252247
252269
252290
252312
252333
252354
252376
252397
252419
252440
252461
252483
252504
252525
252547
252568
252590
252611
252632
252654
252675
252697
252718
252739
252761
252782
252804
252825
252846
252868
252889
252910
252932
252953
252975
252996
253017
253039
253060
253082
253103
253124
253146
253167
253189
253210
253231
253253
253274
253296
253317
253338
253360
253381
253402
253424
253445
253467
253488
253509
253531
253552
253574
253595
253616
253638
253659
253681
253702
253723
253745
253766
253787
253809
253830
253852
253873
253894
253916
253937
253959
253980
254001
254023
254044
254066
254087
254108
254130
254151
254172
254194
254215
254237
254258
254279
254301
254322
254344
254365
254386
254408
254429
254451
254472
254493
254515
254536
254557
254579
254600
254622
254643
254664
254686
254707
254729
254750
254771
254793
254814
254836
254857
254878
254900
254921
254943
254964
254985
255027
255053
255079
255105
255131
255157
255183
255209
255235
255261
255287
255313
255339
255365
255391
255417
255443
255469
255495
255521
255547
255573
255598
255624
255650
255676
255702
255728
255754
255780
255806
255832
255858
255884
255910
255936
255962
255988
256014
256040
256066
256092
256118
256144
256170
256195
256221
256247
256273
256299
256325
256351
256377
256403
256429
256455
256481
256507
256533
256559
256585
256611
256637
256663
256689
256715
256741
256767
256792
256818
256844
256870
256896
256922
256948
256974
257000
257026
257052
257078
257104
257130
257156
257182
257208
257234
257260
257286
257312
257338
257364
257389
257415
257441
257467
257493
257519
257545
257571
257597
257623
257649
257675
257701
257727
257753
257779
257805
257831
257857
257883
257909
257935
257960
257986
258012
258038
258064
258090
258116
258142
258168
258194
258220
258246
258272
258298
258324
258350
258376
258402
258428
258454
258480
258506
258532
258557
258583
258609
258635
258661
258687
258713
258739
258765
258791
258817
258843
258869
258895
258921
258947
258973
258999
259025
259051
259077
259103
259129
259154
259180
259206
259232
259258
259284
259310
259336
259362
259388
259414
259440
259466
259492
259518
259544
259570
259596
259622
259648
259674
259700
259726
259751
259777
259803
259829
259855
259881
259907
259933
259959
259985
260028
260055
260082
260109
260136
260163
260190
260217
260243
260270
260297
260324
260351
260378
260405
260432
260459
260485
260512
260539
260566
260593
260620
260647
260674
260700
260727
260754
260781
260808
260835
260862
260889
260916
260942
260969
260996
261023
261050
261077
261104
261131
261158
261184
261211
261238
261265
261292
261319
261346
261373
261399
261426
261453
261480
261507
261534
261561
261588
261615
261641
261668
261695
261722
261749
261776
261803
261830
261857
261883
261910
261937
261964
261991
262018
262045
262072
262098
262125
262152
262179
262206
262233
262260
262287
262314
262340
262367
262394
262421
262448
262475
262502
262529
262555
262582
262609
262636
262663
262690
262717
262744
262771
262797
262824
262851
262878
262905
262932
262959
262986
263013
263039
263066
263093
263120
263147
263174
263201
263228
263254
263281
263308
263335
263362
263389
263416
263443
263470
263496
263523
263550
263577
263604
263631
263658
263685
263712
263738
263765
263792
263819
263846
263873
263900
263927
263953
263980
264007
264034
264061
264088
264115
264142
264169
264195
264222
264249
264276
264303
264330
264357
264384
264410
264437
264464
264491
264518
264545
264572
264599
264626
264652
264679
264706
264733
264760
264787
264814
264841
264868
264894
264921
264948
264975
265022
265043
265064
265085
265106
265127
265148
265169
265190
265211
265232
265253
265274
265295
265316
265337
265357
265378
265399
265420
265441
265462
265483
265504
265525
265546
265567
265588
265609
265630
265651
265672
265693
265713
265734
265755
265776
265797
265818
265839
265860
265881
265902
265923
265944
265965
265986
266007
266028
266049
266069
266090
266111
266132
266153
266174
266195
266216
266237
266258
266279
266300
266321
266342
266363
266384
266404
266425
266446
266467
266488
266509
266530
266551
266572
266593
266614
266635
266656
266677
266698
266719
266740
266760
266781
266802
266823
266844
266865
266886
266907
266928
266949
266970
266991
267012
267033
267054
267075
267096
267116
267137
267158
267179
267200
267221
267242
267263
267284
267305
267326
267347
267368
267389
267410
267431
267452
267472
267493
267514
267535
267556
267577
267598
267619
267640
267661
267682
267703
267724
267745
267766
267787
267807
267828
267849
267870
267891
267912
267933
267954
267975
267996
268017
268038
268059
268080
268101
268122
268143
268163
268184
268205
268226
268247
268268
268289
268310
268331
268352
268373
268394
268415
268436
268457
268478
268499
268519
268540
268561
268582
268603
268624
268645
268666
268687
268708
268729
268750
268771
268792
268813
268834
268854
268875
268896
268917
268938
268959
268980
269001
269022
269043
269064
269085
269106
269127
269148
269169
269190
269210
269231
269252
269273
269294
269315
269336
269357
269378
269399
269420
269441
269462
269483
269504
269525
269546
269566
269587
269608
269629
269650
269671
269692
269713
269734
269755
269776
269797
269818
269839
269860
269881
269902
269922
269943
269964
269985
270023
270045
270067
270089
270111
270133
270155
270177
270199
270221
270243
270265
270287
270309
270330
270352
270374
270396
270418
270440
270462
270484
270506
270528
270550
270572
270594
270616
270638
270659
270681
270703
270725
270747
270769
270791
270813
270835
270857
270879
270901
270923
270945
270967
270988
271010
271032
271054
271076
271098
271120
271142
271164
271186
271208
271230
271252
271274
271296
271317
271339
271361
271383
271405
271427
271449
271471
271493
271515
271537
271559
271581
271603
271624
271646
271668
271690
271712
271734
271756
271778
271800
271822
271844
271866
271888
271910
271932
271953
271975
271997
272019
272041
272063
272085
272107
272129
272151
272173
272195
272217
272239
272261
272282
272304
272326
272348
272370
272392
272414
272436
272458
272480
272502
272524
272546
272568
272590
272611
272633
272655
272677
272699
272721
272743
272765
272787
272809
272831
272853
272875
272897
272918
272940
272962
272984
273006
273028
273050
273072
273094
273116
273138
273160
273182
273204
273226
273247
273269
273291
273313
273335
273357
273379
273401
273423
273445
273467
273489
273511
273533
273555
273576
273598
273620
273642
273664
273686
273708
273730
273752
273774
273796
273818
273840
273862
273884
273905
273927
273949
273971
273993
274015
274037
274059
274081
274103
274125
274147
274169
274191
274212
274234
274256
274278
274300
274322
274344
274366
274388
274410
274432
274454
274476
274498
274520
274541
274563
274585
274607
274629
274651
274673
274695
274717
274739
274761
274783
274805
274827
274849
274870
274892
274914
274936
274958
274980
275023
275044
275065
275087
275108
275129
275150
275172
275193
275214
275236
275257
275278
275299
275321
275342
275363
275385
275406
275427
275448
275470
275491
275512
275534
275555
275576
275597
275619
275640
275661
275682
275704
275725
275746
275768
275789
275810
275831
275853
275874
275895
275917
275938
275959
275980
276002
276023
276044
276066
276087
276108
276129
276151
276172
276193
276214
276236
276257
276278
276300
276321
276342
276363
276385
276406
276427
276449
276470
276491
276512
276534
276555
276576
276598
276619
276640
276661
276683
276704
276725
276746
276768
276789
276810
276832
276853
276874
276895
276917
276938
276959
276981
277002
277023
277044
277066
277087
277108
277130
277151
277172
277193
277215
277236
277257
277278
277300
277321
277342
277364
277385
277406
277427
277449
277470
277491
277513
277534
277555
277576
277598
277619
277640
277662
277683
277704
277725
277747
277768
277789
277811
277832
277853
277874
277896
277917
277938
277959
277981
278002
278023
278045
278066
278087
278108
278130
278151
278172
278194
278215
278236
278257
278279
278300
278321
278343
278364
278385
278406
278428
278449
278470
278491
278513
278534
278555
278577
278598
278619
278640
278662
278683
278704
278726
278747
278768
278789
278811
278832
278853
278875
278896
278917
278938
278960
278981
279002
279023
279045
279066
279087
279109
279130
279151
279172
279194
279215
279236
279258
279279
279300
279321
279343
279364
279385
279407
279428
279449
279470
279492
279513
279534
279555
279577
279598
279619
279641
279662
279683
279704
279726
279747
279768
279790
279811
279832
279853
279875
279896
279917
279939
279960
279981
280023
280044
280065
280087
280108
280129
280151
280172
280193
280214
280236
280257
280278
280300
280321
280342
280364
280385
280406
280427
280449
280470
280491
280513
280534
280555
280576
280598
280619
280640
280662
280683
280704
280726
280747
280768
280789
280811
280832
280853
280875
280896
280917
280938
280960
280981
281002
281024
281045
281066
281088
281109
281130
281151
281173
281194
281215
281237
281258
281279
281300
281322
281343
281364
281386
281407
281428
281450
281471
281492
281513
281535
281556
281577
281599
281620
281641
281662
281684
281705
281726
281748
281769
281790
281812
281833
281854
281875
281897
281918
281939
281961
281982
282003
282024
282046
282067
282088
282110
282131
282152
282174
282195
282216
282237
282259
282280
282301
282323
282344
282365
282386
282408
282429
282450
282472
282493
282514
282536
282557
282578
282599
282621
282642
282663
282685
282706
282727
282748
282770
282791
282812
282834
282855
282876
282898
282919
282940
282961
282983
283004
283025
283047
283068
283089
283110
283132
283153
283174
283196
283217
283238
283260
283281
283302
283323
283345
283366
283387
283409
283430
283451
283472
283494
283515
283536
283558
283579
283600
283622
283643
283664
283685
283707
283728
283749
283771
283792
283813
283834
283856
283877
283898
283920
283941
283962
283984
284005
284026
284047
284069
284090
284111
284133
284154
284175
284196
284218
284239
284260
284282
284303
284324
284346
284367
284388
284409
284431
284452
284473
284495
284516
284537
284558
284580
284601
284622
284644
284665
284686
284708
284729
284750
284771
284793
284814
284835
284857
284878
284899
284920
284942
284963
284984
285023
285045
285067
285089
285111
285133
285155
285177
285199
285221
285243
285265
285287
285309
285331
285353
285375
285397
285419
285441
285463
285485
285507
285529
285551
285573
285595
285617
285639
285661
285683
285705
285727
285749
285771
285793
285815
285837
285859
285881
285903
285925
285947
285969
285991
286013
286035
286057
286079
286101
286123
286145
286167
286189
286211
286233
286255
286277
286299
286321
286343
286365
286387
286409
286431
286453
286475
286497
286519
286541
286563
286585
286607
286629
286651
286673
286695
286717
286739
286761
286783
286805
286827
286849
286871
286893
286915
286937
286959
286981
287003
287025
287047
287069
287091
287113
287135
287157
287179
287201
287223
287245
287267
287289
287311
287333
287355
287377
287399
287421
287443
287465
287487
287509
287531
287553
287575
287597
287619
287641
287663
287685
287707
287729
287751
287773
287795
287817
287839
287861
287883
287905
287927
287949
287971
287993
288015
288037
288059
288081
288103
288125
288147
288169
288191
288213
288235
288257
288279
288301
288323
288345
288367
288389
288411
288433
288455
288477
288499
288521
288543
288565
288587
288609
288631
288653
288675
288697
288719
288741
288763
288785
288807
288829
288851
288873
288895
288917
288939
288961
288983
289005
289027
289049
289071
289093
289115
289137
289159
289181
289203
289225
289247
289269
289291
289313
289335
289357
289379
289401
289423
289445
289467
289489
289511
289533
289555
289577
289599
289621
289643
289665
289687
289709
289731
289753
289775
289797
289819
289841
289863
289885
289907
289929
289951
289973
289995
290024
290046
290068
290090
290113
290135
290157
290179
290201
290224
290246
290268
290290
290312
290335
290357
290379
290401
290423
290446
290468
290490
290512
290535
290557
290579
290601
290623
290646
290668
290690
290712
290734
290757
290779
290801
290823
290845
290868
290890
290912
290934
290956
290979
291001
291023
291045
291068
291090
291112
291134
291156
291179
291201
291223
291245
291267
291290
291312
291334
291356
291378
291401
291423
291445
291467
291490
291512
291534
291556
291578
291601
291623
291645
291667
291689
291712
291734
291756
291778
291800
291823
291845
291867
291889
291911
291934
291956
291978
292000
292023
292045
292067
292089
292111
292134
292156
292178
292200
292222
292245
292267
292289
292311
292333
292356
292378
292400
292422
292444
292467
292489
292511
292533
292556
292578
292600
292622
292644
292667
292689
292711
292733
292755
292778
292800
292822
292844
292866
292889
292911
292933
292955
292978
293000
293022
293044
293066
293089
293111
293133
293155
293177
293200
293222
293244
293266
293288
293311
293333
293355
293377
293399
293422
293444
293466
293488
293511
293533
293555
293577
293599
293622
293644
293666
293688
293710
293733
293755
293777
293799
293821
293844
293866
293888
293910
293933
293955
293977
293999
294021
294044
294066
294088
294110
294132
294155
294177
294199
294221
294243
294266
294288
294310
294332
294354
294377
294399
294421
294443
294466
294488
294510
294532
294554
294577
294599
294621
294643
294665
294688
294710
294732
294754
294776
294799
294821
294843
294865
294887
294910
294932
294954
294976
294999
295024
295046
295068
295090
295112
295134
295156
295178
295200
295222
295244
295266
295288
295310
295332
295354
295376
295398
295421
295443
295465
295487
295509
295531
295553
295575
295597
295619
295641
295663
295685
295707
295729
295751
295773
295795
295818
295840
295862
295884
295906
295928
295950
295972
295994
296016
296038
296060
296082
296104
296126
296148
296170
296192
296214
296237
296259
296281
296303
296325
296347
296369
296391
296413
296435
296457
296479
296501
296523
296545
296567
296589
296611
296634
296656
296678
296700
296722
296744
296766
296788
296810
296832
296854
296876
296898
296920
296942
296964
296986
297008
297031
297053
297075
297097
297119
297141
297163
297185
297207
297229
297251
297273
297295
297317
297339
297361
297383
297405
297427
297450
297472
297494
297516
297538
297560
297582
297604
297626
297648
297670
297692
297714
297736
297758
297780
297802
297824
297847
297869
297891
297913
297935
297957
297979
298001
298023
298045
298067
298089
298111
298133
298155
298177
298199
298221
298243
298266
298288
298310
298332
298354
298376
298398
298420
298442
298464
298486
298508
298530
298552
298574
298596
298618
298640
298663
298685
298707
298729
298751
298773
298795
298817
298839
298861
298883
298905
298927
298949
298971
298993
299015
299037
299060
299082
299104
299126
299148
299170
299192
299214
299236
299258
299280
299302
299324
299346
299368
299390
299412
299434
299456
299479
299501
299523
299545
299567
299589
299611
299633
299655
299677
299699
299721
299743
299765
299787
299809
299831
299853
299876
299898
299920
299942
299964
299986
300023
300044
300065
300086
300108
300129
300150
300171
300192
300214
300235
300256
300277
300299
300320
300341
300362
300383
300405
300426
300447
300468
300489
300511
300532
300553
300574
300596
300617
300638
300659
300680
300702
300723
300744
300765
300786
300808
300829
300850
300871
300893
300914
300935
300956
300977
300999
301020
301041
301062
301083
301105
301126
301147
301168
301190
301211
301232
301253
301274
301296
301317
301338
301359
301381
301402
301423
301444
301465
301487
301508
301529
301550
301571
301593
301614
301635
301656
301678
301699
301720
301741
301762
301784
301805
301826
301847
301868
301890
301911
301932
301953
301975
301996
302017
302038
302059
302081
302102
302123
302144
302165
302187
302208
302229
302250
302272
302293
302314
302335
302356
302378
302399
302420
302441
302463
302484
302505
302526
302547
302569
302590
302611
302632
302653
302675
302696
302717
302738
302760
302781
302802
302823
302844
302866
302887
302908
302929
302950
302972
302993
303014
303035
303057
303078
303099
303120
303141
303163
303184
303205
303226
303247
303269
303290
303311
303332
303354
303375
303396
303417
303438
303460
303481
303502
303523
303545
303566
303587
303608
303629
303651
303672
303693
303714
303735
303757
303778
303799
303820
303842
303863
303884
303905
303926
303948
303969
303990
304011
304032
304054
304075
304096
304117
304139
304160
304181
304202
304223
304245
304266
304287
304308
304329
304351
304372
304393
304414
304436
304457
304478
304499
304520
304542
304563
304584
304605
304627
304648
304669
304690
304711
304733
304754
304775
304796
304817
304839
304860
304881
304902
304924
304945
304966
304987
305024
305046
305068
305090
305112
305134
305157
305179
305201
305223
305245
305267
305289
305312
305334
305356
305378
305400
305422
305445
305467
305489
305511
305533
305555
305577
305600
305622
305644
305666
305688
305710
305733
305755
305777
305799
305821
305843
305865
305888
305910
305932
305954
305976
305998
306021
306043
306065
306087
306109
306131
306153
306176
306198
306220
306242
306264
306286
306309
306331
306353
306375
306397
306419
306441
306464
306486
306508
306530
306552
306574
306597
306619
306641
306663
306685
306707
306729
306752
306774
306796
306818
306840
306862
306885
306907
306929
306951
306973
306995
307017
307040
307062
307084
307106
307128
307150
307173
307195
307217
307239
307261
307283
307305
307328
307350
307372
307394
307416
307438
307461
307483
307505
307527
307549
307571
307593
307616
307638
307660
307682
307704
307726
307749
307771
307793
307815
307837
307859
307881
307904
307926
307948
307970
307992
308014
308037
308059
308081
308103
308125
308147
308169
308192
308214
308236
308258
308280
308302
308325
308347
308369
308391
308413
308435
308457
308480
308502
308524
308546
308568
308590
308613
308635
308657
308679
308701
308723
308745
308768
308790
308812
308834
308856
308878
308901
308923
308945
308967
308989
309011
309033
309056
309078
309100
309122
309144
309166
309189
309211
309233
309255
309277
309299
309321
309344
309366
309388
309410
309432
309454
309477
309499
309521
309543
309565
309587
309609
309632
309654
309676
309698
309720
309742
309765
309787
309809
309831
309853
309875
309897
309920
309942
309964
309986
310024
310046
310069
310091
310114
310136
310158
310181
310203
310226
310248
310270
310293
310315
310338
310360
310382
310405
310427
310450
310472
310494
310517
310539
310562
310584
310606
310629
310651
310674
310696
310718
310741
310763
310786
310808
310830
310853
310875
310898
310920
310942
310965
310987
311010
311032
311054
311077
311099
311122
311144
311166
311189
311211
311234
311256
311278
311301
311323
311346
311368
311390
311413
311435
311458
311480
311502
311525
311547
311570
311592
311614
311637
311659
311682
311704
311726
311749
311771
311794
311816
311838
311861
311883
311906
311928
311950
311973
311995
312018
312040
312062
312085
312107
312130
312152
312174
312197
312219
312242
312264
312286
312309
312331
312354
312376
312398
312421
312443
312466
312488
312510
312533
312555
312578
312600
312622
312645
312667
312690
312712
312734
312757
312779
312802
312824
312846
312869
312891
312914
312936
312958
312981
313003
313026
313048
313070
313093
313115
313138
313160
313182
313205
313227
313250
313272
313294
313317
313339
313362
313384
313406
313429
313451
313474
313496
313518
313541
313563
313586
313608
313630
313653
313675
313698
313720
313742
313765
313787
313810
313832
313854
313877
313899
313922
313944
313966
313989
314011
314034
314056
314078
314101
314123
314146
314168
314190
314213
314235
314258
314280
314302
314325
314347
314370
314392
314414
314437
314459
314482
314504
314526
314549
314571
314594
314616
314638
314661
314683
314706
314728
314750
314773
314795
314818
314840
314862
314885
314907
314930
314952
314974
314997
315026
315051
315076
315101
315125
315150
315175
315200
315224
315249
315274
315299
315323
315348
315373
315398
315422
315447
315472
315497
315522
315546
315571
315596
315621
315645
315670
315695
315720
315744
315769
315794
315819
315843
315868
315893
315918
315943
315967
315992
316017
316042
316066
316091
316116
316141
316165
316190
316215
316240
316264
316289
316314
316339
316364
316388
316413
316438
316463
316487
316512
316537
316562
316586
316611
316636
316661
316685
316710
316735
316760
316784
316809
316834
316859
316884
316908
316933
316958
316983
317007
317032
317057
317082
317106
317131
317156
317181
317205
317230
317255
317280
317305
317329
317354
317379
317404
317428
317453
317478
317503
317527
317552
317577
317602
317626
317651
317676
317701
317726
317750
317775
317800
317825
317849
317874
317899
317924
317948
317973
317998
318023
318047
318072
318097
318122
318146
318171
318196
318221
318246
318270
318295
318320
318345
318369
318394
318419
318444
318468
318493
318518
318543
318567
318592
318617
318642
318667
318691
318716
318741
318766
318790
318815
318840
318865
318889
318914
318939
318964
318988
319013
319038
319063
319088
319112
319137
319162
319187
319211
319236
319261
319286
319310
319335
319360
319385
319409
319434
319459
319484
319508
319533
319558
319583
319608
319632
319657
319682
319707
319731
319756
319781
319806
319830
319855
319880
319905
319929
319954
319979
