0
34
67
100
133
166
199
232
264
297
330
363
396
429
462
495
527
560
593
626
659
692
725
758
790
823
856
889
922
955
988
1021
1053
1086
1119
1152
1185
1218
1251
1284
1316
1349
1382
1415
1448
1481
1514
1546
1579
1612
1645
1678
1711
1744
1777
1809
1842
1875
1908
1941
1974
2007
2040
2072
2105
2138
2171
2204
2237
2270
2303
2335
2368
2401
2434
2467
2500
2533
2566
2598
2631
2664
2697
2730
2763
2796
2829
2861
2894
2927
2960
2993
3026
3059
3091
3124
3157
3190
3223
3256
3289
3322
3354
3387
3420
3453
3486
3519
3552
3585
3617
3650
3683
3716
3749
3782
3815
3848
3880
3913
3946
3979
4012
4045
4078
4111
4143
4176
4209
4242
4275
4308
4341
4374
4406
4439
4472
4505
4538
4571
4604
4636
4669
4702
4735
4768
4801
4834
4867
4899
4932
4965
4998
5033
5065
5097
5129
5161
5193
5225
5257
5289
5321
5353
5385
5417
5449
5481
5513
5545
5577
5609
5641
5673
5705
5737
5769
5801
5833
5865
5897
5929
5961
5993
6025
6057
6089
6121
6153
6185
6216
6248
6280
6312
6344
6376
6408
6440
6472
6504
6536
6568
6600
6632
6664
6696
6728
6760
6792
6824
6856
6888
6920
6952
6984
7016
7048
7080
7112
7144
7176
7208
7240
7272
7304
7336
7368
7400
7431
7463
7495
7527
7559
7591
7623
7655
7687
7719
7751
7783
7815
7847
7879
7911
7943
7975
8007
8039
8071
8103
8135
8167
8199
8231
8263
8295
8327
8359
8391
8423
8455
8487
8519
8551
8583
8615
8646
8678
8710
8742
8774
8806
8838
8870
8902
8934
8966
8998
9030
9062
9094
9126
9158
9190
9222
9254
9286
9318
9350
9382
9414
9446
9478
9510
9542
9574
9606
9638
9670
9702
9734
9766
9798
9830
9861
9893
9925
9957
9989
10034
10067
10100
10133
10166
10199
10232
10265
10298
10331
10363
10396
10429
10462
10495
10528
10561
10594
10627
10660
10693
10725
10758
10791
10824
10857
10890
10923
10956
10989
11022
11055
11087
11120
11153
11186
11219
11252
11285
11318
11351
11384
11417
11449
11482
11515
11548
11581
11614
11647
11680
11713
11746
11778
11811
11844
11877
11910
11943
11976
12009
12042
12075
12108
12140
12173
12206
12239
12272
12305
12338
12371
12404
12437
12470
12502
12535
12568
12601
12634
12667
12700
12733
12766
12799
12832
12864
12897
12930
12963
12996
13029
13062
13095
13128
13161
13194
13226
13259
13292
13325
13358
13391
13424
13457
13490
13523
13555
13588
13621
13654
13687
13720
13753
13786
13819
13852
13885
13917
13950
13983
14016
14049
14082
14115
14148
14181
14214
14247
14279
14312
14345
14378
14411
14444
14477
14510
14543
14576
14609
14641
14674
14707
14740
14773
14806
14839
14872
14905
14938
14971
15034
15066
15098
15130
15163
15195
15227
15259
15292
15324
15356
15388
15420
15453
15485
15517
15549
15582
15614
15646
15678
15711
15743
15775
15807
15839
15872
15904
15936
15968
16001
16033
16065
16097
16130
16162
16194
16226
16258
16291
16323
16355
16387
16420
16452
16484
16516
16549
16581
16613
16645
16677
16710
16742
16774
16806
16839
16871
16903
16935
16967
17000
17032
17064
17096
17129
17161
17193
17225
17258
17290
17322
17354
17386
17419
17451
17483
17515
17548
17580
17612
17644
17677
17709
17741
17773
17805
17838
17870
17902
17934
17967
17999
18031
18063
18096
18128
18160
18192
18224
18257
18289
18321
18353
18386
18418
18450
18482
18515
18547
18579
18611
18643
18676
18708
18740
18772
18805
18837
18869
18901
18933
18966
18998
19030
19062
19095
19127
19159
19191
19224
19256
19288
19320
19352
19385
19417
19449
19481
19514
19546
19578
19610
19643
19675
19707
19739
19771
19804
19836
19868
19900
19933
19965
19997
20041
20080
20120
20159
20198
20238
20277
20316
20356
20395
20434
20474
20513
20553
20592
20631
20671
20710
20749
20789
20828
20867
20907
20946
20985
21025
21064
21104
21143
21182
21222
21261
21300
21340
21379
21418
21458
21497
21536
21576
21615
21655
21694
21733
21773
21812
21851
21891
21930
21969
22009
22048
22087
22127
22166
22206
22245
22284
22324
22363
22402
22442
22481
22520
22560
22599
22638
22678
22717
22757
22796
22835
22875
22914
22953
22993
23032
23071
23111
23150
23189
23229
23268
23308
23347
23386
23426
23465
23504
23544
23583
23622
23662
23701
23740
23780
23819
23859
23898
23937
23977
24016
24055
24095
24134
24173
24213
24252
24291
24331
24370
24410
24449
24488
24528
24567
24606
24646
24685
24724
24764
24803
24842
24882
24921
24961
25000
25034
25066
25098
25130
25162
25195
25227
25259
25291
25323
25356
25388
25420
25452
25484
25517
25549
25581
25613
25645
25678
25710
25742
25774
25806
25839
25871
25903
25935
25967
26000
26032
26064
26096
26128
26161
26193
26225
26257
26289
26322
26354
26386
26418
26450
26483
26515
26547
26579
26611
26644
26676
26708
26740
26772
26805
26837
26869
26901
26933
26966
26998
27030
27062
27094
27127
27159
27191
27223
27255
27288
27320
27352
27384
27416
27449
27481
27513
27545
27577
27609
27642
27674
27706
27738
27770
27803
27835
27867
27899
27931
27964
27996
28028
28060
28092
28125
28157
28189
28221
28253
28286
28318
28350
28382
28414
28447
28479
28511
28543
28575
28608
28640
28672
28704
28736
28769
28801
28833
28865
28897
28930
28962
28994
29026
29058
29091
29123
29155
29187
29219
29252
29284
29316
29348
29380
29413
29445
29477
29509
29541
29574
29606
29638
29670
29702
29735
29767
29799
29831
29863
29896
29928
29960
29992
30021
30041
30060
30080
30099
30119
30138
30158
30177
30197
30216
30236
30255
30275
30294
30314
30333
30353
30372
30392
30411
30431
30450
30470
30489
30509
30528
30548
30567
30587
30606
30626
30645
30665
30684
30704
30723
30743
30762
30782
30801
30821
30840
30860
30879
30899
30918
30938
30958
30977
30997
31016
31036
31055
31075
31094
31114
31133
31153
31172
31192
31211
31231
31250
31270
31289
31309
31328
31348
31367
31387
31406
31426
31445
31465
31484
31504
31523
31543
31562
31582
31601
31621
31640
31660
31679
31699
31718
31738
31757
31777
31796
31816
31835
31855
31874
31894
31914
31933
31953
31972
31992
32011
32031
32050
32070
32089
32109
32128
32148
32167
32187
32206
32226
32245
32265
32284
32304
32323
32343
32362
32382
32401
32421
32440
32460
32479
32499
32518
32538
32557
32577
32596
32616
32635
32655
32674
32694
32713
32733
32752
32772
32791
32811
32830
32850
32870
32889
32909
32928
32948
32967
32987
33006
33026
33045
33065
33084
33104
33123
33143
33162
33182
33201
33221
33240
33260
33279
33299
33318
33338
33357
33377
33396
33416
33435
33455
33474
33494
33513
33533
33552
33572
33591
33611
33630
33650
33669
33689
33708
33728
33747
33767
33786
33806
33826
33845
33865
33884
33904
33923
33943
33962
33982
34001
34021
34040
34060
34079
34099
34118
34138
34157
34177
34196
34216
34235
34255
34274
34294
34313
34333
34352
34372
34391
34411
34430
34450
34469
34489
34508
34528
34547
34567
34586
34606
34625
34645
34664
34684
34703
34723
34743
34762
34782
34801
34821
34840
34860
34879
34899
34918
34938
34957
34977
34996
35021
35040
35060
35079
35099
35118
35138
35157
35176
35196
35215
35235
35254
35274
35293
35312
35332
35351
35371
35390
35410
35429
35449
35468
35487
35507
35526
35546
35565
35585
35604
35623
35643
35662
35682
35701
35721
35740
35759
35779
35798
35818
35837
35857
35876
35896
35915
35934
35954
35973
35993
36012
36032
36051
36070
36090
36109
36129
36148
36168
36187
36207
36226
36245
36265
36284
36304
36323
36343
36362
36381
36401
36420
36440
36459
36479
36498
36517
36537
36556
36576
36595
36615
36634
36654
36673
36692
36712
36731
36751
36770
36790
36809
36828
36848
36867
36887
36906
36926
36945
36965
36984
37003
37023
37042
37062
37081
37101
37120
37139
37159
37178
37198
37217
37237
37256
37275
37295
37314
37334
37353
37373
37392
37412
37431
37450
37470
37489
37509
37528
37548
37567
37586
37606
37625
37645
37664
37684
37703
37723
37742
37761
37781
37800
37820
37839
37859
37878
37897
37917
37936
37956
37975
37995
38014
38033
38053
38072
38092
38111
38131
38150
38170
38189
38208
38228
38247
38267
38286
38306
38325
38344
38364
38383
38403
38422
38442
38461
38480
38500
38519
38539
38558
38578
38597
38617
38636
38655
38675
38694
38714
38733
38753
38772
38791
38811
38830
38850
38869
38889
38908
38928
38947
38966
38986
39005
39025
39044
39064
39083
39102
39122
39141
39161
39180
39200
39219
39238
39258
39277
39297
39316
39336
39355
39375
39394
39413
39433
39452
39472
39491
39511
39530
39549
39569
39588
39608
39627
39647
39666
39686
39705
39724
39744
39763
39783
39802
39822
39841
39860
39880
39899
39919
39938
39958
39977
39996
40021
40040
40060
40079
40099
40118
40138
40157
40177
40196
40216
40235
40255
40274
40294
40313
40333
40352
40372
40391
40411
40430
40450
40469
40489
40508
40528
40547
40567
40586
40606
40625
40645
40664
40684
40703
40723
40742
40762
40781
40801
40820
40840
40859
40879
40898
40918
40937
40957
40976
40996
41015
41035
41054
41074
41093
41113
41132
41152
41171
41191
41210
41230
41249
41269
41288
41308
41327
41347
41366
41386
41405
41425
41444
41464
41483
41503
41522
41542
41561
41581
41600
41620
41639
41659
41678
41698
41717
41737
41756
41776
41795
41815
41834
41854
41873
41893
41912
41932
41951
41971
41990
42010
42029
42049
42068
42088
42107
42127
42146
42166
42185
42205
42224
42244
42263
42282
42302
42321
42341
42360
42380
42399
42419
42438
42458
42477
42497
42516
42536
42555
42575
42594
42614
42633
42653
42672
42692
42711
42731
42750
42770
42789
42809
42828
42848
42867
42887
42906
42926
42945
42965
42984
43004
43023
43043
43062
43082
43101
43121
43140
43160
43179
43199
43218
43238
43257
43277
43296
43316
43335
43355
43374
43394
43413
43433
43452
43472
43491
43511
43530
43550
43569
43589
43608
43628
43647
43667
43686
43706
43725
43745
43764
43784
43803
43823
43842
43862
43881
43901
43920
43940
43959
43979
43998
44018
44037
44057
44076
44096
44115
44135
44154
44174
44193
44213
44232
44252
44271
44291
44310
44330
44349
44369
44388
44408
44427
44447
44466
44486
44505
44525
44544
44563
44583
44602
44622
44641
44661
44680
44700
44719
44739
44758
44778
44797
44817
44836
44856
44875
44895
44914
44934
44953
44973
44992
45044
45086
45128
45170
45212
45254
45296
45338
45380
45422
45464
45507
45549
45591
45633
45675
45717
45759
45801
45843
45885
45927
45970
46012
46054
46096
46138
46180
46222
46264
46306
46348
46390
46433
46475
46517
46559
46601
46643
46685
46727
46769
46811
46853
46896
46938
46980
47022
47064
47106
47148
47190
47232
47274
47316
47359
47401
47443
47485
47527
47569
47611
47653
47695
47737
47779
47822
47864
47906
47948
47990
48032
48074
48116
48158
48200
48242
48285
48327
48369
48411
48453
48495
48537
48579
48621
48663
48705
48748
48790
48832
48874
48916
48958
49000
49042
49084
49126
49168
49211
49253
49295
49337
49379
49421
49463
49505
49547
49589
49631
49674
49716
49758
49800
49842
49884
49926
49968
50036
50070
50104
50138
50172
50207
50241
50275
50309
50343
50377
50412
50446
50480
50514
50548
50583
50617
50651
50685
50719
50753
50788
50822
50856
50890
50924
50958
50993
51027
51061
51095
51129
51164
51198
51232
51266
51300
51334
51369
51403
51437
51471
51505
51540
51574
51608
51642
51676
51710
51745
51779
51813
51847
51881
51915
51950
51984
52018
52052
52086
52121
52155
52189
52223
52257
52291
52326
52360
52394
52428
52462
52497
52531
52565
52599
52633
52667
52702
52736
52770
52804
52838
52872
52907
52941
52975
53009
53043
53078
53112
53146
53180
53214
53248
53283
53317
53351
53385
53419
53454
53488
53522
53556
53590
53624
53659
53693
53727
53761
53795
53829
53864
53898
53932
53966
54000
54035
54069
54103
54137
54171
54205
54240
54274
54308
54342
54376
54411
54445
54479
54513
54547
54581
54616
54650
54684
54718
54752
54786
54821
54855
54889
54923
54957
54992
55021
55040
55060
55079
55099
55118
55137
55157
55176
55196
55215
55235
55254
55273
55293
55312
55332
55351
55371
55390
55409
55429
55448
55468
55487
55507
55526
55545
55565
55584
55604
55623
55643
55662
55681
55701
55720
55740
55759
55779
55798
55817
55837
55856
55876
55895
55915
55934
55953
55973
55992
56012
56031
56051
56070
56089
56109
56128
56148
56167
56187
56206
56225
56245
56264
56284
56303
56323
56342
56361
56381
56400
56420
56439
56459
56478
56497
56517
56536
56556
56575
56595
56614
56633
56653
56672
56692
56711
56731
56750
56769
56789
56808
56828
56847
56867
56886
56905
56925
56944
56964
56983
57003
57022
57041
57061
57080
57100
57119
57138
57158
57177
57197
57216
57236
57255
57274
57294
57313
57333
57352
57372
57391
57410
57430
57449
57469
57488
57508
57527
57546
57566
57585
57605
57624
57644
57663
57682
57702
57721
57741
57760
57780
57799
57818
57838
57857
57877
57896
57916
57935
57954
57974
57993
58013
58032
58052
58071
58090
58110
58129
58149
58168
58188
58207
58226
58246
58265
58285
58304
58324
58343
58362
58382
58401
58421
58440
58460
58479
58498
58518
58537
58557
58576
58596
58615
58634
58654
58673
58693
58712
58732
58751
58770
58790
58809
58829
58848
58868
58887
58906
58926
58945
58965
58984
59004
59023
59042
59062
59081
59101
59120
59139
59159
59178
59198
59217
59237
59256
59275
59295
59314
59334
59353
59373
59392
59411
59431
59450
59470
59489
59509
59528
59547
59567
59586
59606
59625
59645
59664
59683
59703
59722
59742
59761
59781
59800
59819
59839
59858
59878
59897
59917
59936
59955
59975
59994
60021
60041
60060
60080
60099
60119
60138
60158
60178
60197
60217
60236
60256
60275
60295
60314
60334
60354
60373
60393
60412
60432
60451
60471
60490
60510
60530
60549
60569
60588
60608
60627
60647
60667
60686
60706
60725
60745
60764
60784
60803
60823
60843
60862
60882
60901
60921
60940
60960
60979
60999
61019
61038
61058
61077
61097
61116
61136
61155
61175
61195
61214
61234
61253
61273
61292
61312
61332
61351
61371
61390
61410
61429
61449
61468
61488
61508
61527
61547
61566
61586
61605
61625
61644
61664
61684
61703
61723
61742
61762
61781
61801
61821
61840
61860
61879
61899
61918
61938
61957
61977
61997
62016
62036
62055
62075
62094
62114
62133
62153
62173
62192
62212
62231
62251
62270
62290
62309
62329
62349
62368
62388
62407
62427
62446
62466
62486
62505
62525
62544
62564
62583
62603
62622
62642
62662
62681
62701
62720
62740
62759
62779
62798
62818
62838
62857
62877
62896
62916
62935
62955
62975
62994
63014
63033
63053
63072
63092
63111
63131
63151
63170
63190
63209
63229
63248
63268
63287
63307
63327
63346
63366
63385
63405
63424
63444
63463
63483
63503
63522
63542
63561
63581
63600
63620
63640
63659
63679
63698
63718
63737
63757
63776
63796
63816
63835
63855
63874
63894
63913
63933
63952
63972
63992
64011
64031
64050
64070
64089
64109
64129
64148
64168
64187
64207
64226
64246
64265
64285
64305
64324
64344
64363
64383
64402
64422
64441
64461
64481
64500
64520
64539
64559
64578
64598
64617
64637
64657
64676
64696
64715
64735
64754
64774
64794
64813
64833
64852
64872
64891
64911
64930
64950
64970
64989
65021
65041
65060
65080
65100
65119
65139
65159
65178
65198
65218
65237
65257
65277
65296
65316
65336
65355
65375
65395
65414
65434
65454
65473
65493
65513
65532
65552
65572
65591
65611
65631
65650
65670
65690
65709
65729
65748
65768
65788
65807
65827
65847
65866
65886
65906
65925
65945
65965
65984
66004
66024
66043
66063
66083
66102
66122
66142
66161
66181
66201
66220
66240
66260
66279
66299
66319
66338
66358
66378
66397
66417
66436
66456
66476
66495
66515
66535
66554
66574
66594
66613
66633
66653
66672
66692
66712
66731
66751
66771
66790
66810
66830
66849
66869
66889
66908
66928
66948
66967
66987
67007
67026
67046
67066
67085
67105
67124
67144
67164
67183
67203
67223
67242
67262
67282
67301
67321
67341
67360
67380
67400
67419
67439
67459
67478
67498
67518
67537
67557
67577
67596
67616
67636
67655
67675
67695
67714
67734
67754
67773
67793
67812
67832
67852
67871
67891
67911
67930
67950
67970
67989
68009
68029
68048
68068
68088
68107
68127
68147
68166
68186
68206
68225
68245
68265
68284
68304
68324
68343
68363
68383
68402
68422
68442
68461
68481
68501
68520
68540
68559
68579
68599
68618
68638
68658
68677
68697
68717
68736
68756
68776
68795
68815
68835
68854
68874
68894
68913
68933
68953
68972
68992
69012
69031
69051
69071
69090
69110
69130
69149
69169
69189
69208
69228
69247
69267
69287
69306
69326
69346
69365
69385
69405
69424
69444
69464
69483
69503
69523
69542
69562
69582
69601
69621
69641
69660
69680
69700
69719
69739
69759
69778
69798
69818
69837
69857
69877
69896
69916
69935
69955
69975
69994
70021
70041
70060
70080
70099
70119
70138
70158
70177
70197
70216
70236
70255
70275
70294
70314
70333
70353
70372
70392
70411
70431
70450
70470
70489
70509
70528
70548
70567
70587
70606
70626
70645
70665
70684
70704
70723
70743
70762
70782
70801
70821
70840
70860
70879
70899
70918
70938
70957
70977
70996
71016
71035
71055
71074
71094
71113
71133
71152
71172
71191
71211
71230
71250
71269
71289
71308
71328
71347
71367
71386
71406
71425
71445
71464
71484
71503
71523
71542
71562
71581
71601
71621
71640
71660
71679
71699
71718
71738
71757
71777
71796
71816
71835
71855
71874
71894
71913
71933
71952
71972
71991
72011
72030
72050
72069
72089
72108
72128
72147
72167
72186
72206
72225
72245
72264
72284
72303
72323
72342
72362
72381
72401
72420
72440
72459
72479
72498
72518
72537
72557
72576
72596
72615
72635
72654
72674
72693
72713
72732
72752
72771
72791
72810
72830
72849
72869
72888
72908
72927
72947
72966
72986
73005
73025
73044
73064
73083
73103
73122
73142
73161
73181
73201
73220
73240
73259
73279
73298
73318
73337
73357
73376
73396
73415
73435
73454
73474
73493
73513
73532
73552
73571
73591
73610
73630
73649
73669
73688
73708
73727
73747
73766
73786
73805
73825
73844
73864
73883
73903
73922
73942
73961
73981
74000
74020
74039
74059
74078
74098
74117
74137
74156
74176
74195
74215
74234
74254
74273
74293
74312
74332
74351
74371
74390
74410
74429
74449
74468
74488
74507
74527
74546
74566
74585
74605
74624
74644
74663
74683
74702
74722
74741
74761
74781
74800
74820
74839
74859
74878
74898
74917
74937
74956
74976
74995
75021
75041
75061
75080
75100
75120
75139
75159
75179
75198
75218
75238
75257
75277
75297
75316
75336
75356
75375
75395
75415
75434
75454
75474
75493
75513
75533
75553
75572
75592
75612
75631
75651
75671
75690
75710
75730
75749
75769
75789
75808
75828
75848
75867
75887
75907
75926
75946
75966
75985
76005
76025
76044
76064
76084
76104
76123
76143
76163
76182
76202
76222
76241
76261
76281
76300
76320
76340
76359
76379
76399
76418
76438
76458
76477
76497
76517
76536
76556
76576
76595
76615
76635
76655
76674
76694
76714
76733
76753
76773
76792
76812
76832
76851
76871
76891
76910
76930
76950
76969
76989
77009
77028
77048
77068
77087
77107
77127
77146
77166
77186
77206
77225
77245
77265
77284
77304
77324
77343
77363
77383
77402
77422
77442
77461
77481
77501
77520
77540
77560
77579
77599
77619
77638
77658
77678
77697
77717
77737
77757
77776
77796
77816
77835
77855
77875
77894
77914
77934
77953
77973
77993
78012
78032
78052
78071
78091
78111
78130
78150
78170
78189
78209
78229
78248
78268
78288
78308
78327
78347
78367
78386
78406
78426
78445
78465
78485
78504
78524
78544
78563
78583
78603
78622
78642
78662
78681
78701
78721
78740
78760
78780
78799
78819
78839
78859
78878
78898
78918
78937
78957
78977
78996
79016
79036
79055
79075
79095
79114
79134
79154
79173
79193
79213
79232
79252
79272
79291
79311
79331
79350
79370
79390
79410
79429
79449
79469
79488
79508
79528
79547
79567
79587
79606
79626
79646
79665
79685
79705
79724
79744
79764
79783
79803
79823
79842
79862
79882
79901
79921
79941
79961
79980
80000
80021
80040
80059
80078
80098
80117
80136
80155
80174
80194
80213
80232
80251
80271
80290
80309
80328
80347
80367
80386
80405
80424
80443
80463
80482
80501
80520
80540
80559
80578
80597
80616
80636
80655
80674
80693
80712
80732
80751
80770
80789
80809
80828
80847
80866
80885
80905
80924
80943
80962
80981
81001
81020
81039
81058
81078
81097
81116
81135
81154
81174
81193
81212
81231
81251
81270
81289
81308
81327
81347
81366
81385
81404
81423
81443
81462
81481
81500
81520
81539
81558
81577
81596
81616
81635
81654
81673
81692
81712
81731
81750
81769
81789
81808
81827
81846
81865
81885
81904
81923
81942
81961
81981
82000
82019
82038
82058
82077
82096
82115
82134
82154
82173
82192
82211
82231
82250
82269
82288
82307
82327
82346
82365
82384
82403
82423
82442
82461
82480
82500
82519
82538
82557
82576
82596
82615
82634
82653
82672
82692
82711
82730
82749
82769
82788
82807
82826
82845
82865
82884
82903
82922
82941
82961
82980
82999
83018
83038
83057
83076
83095
83114
83134
83153
83172
83191
83211
83230
83249
83268
83287
83307
83326
83345
83364
83383
83403
83422
83441
83460
83480
83499
83518
83537
83556
83576
83595
83614
83633
83652
83672
83691
83710
83729
83749
83768
83787
83806
83825
83845
83864
83883
83902
83921
83941
83960
83979
83998
84018
84037
84056
84075
84094
84114
84133
84152
84171
84191
84210
84229
84248
84267
84287
84306
84325
84344
84363
84383
84402
84421
84440
84460
84479
84498
84517
84536
84556
84575
84594
84613
84632
84652
84671
84690
84709
84729
84748
84767
84786
84805
84825
84844
84863
84882
84901
84921
84940
84959
84978
84998
85021
85041
85060
85080
85099
85119
85138
85158
85177
85197
85216
85236
85255
85275
85294
85314
85333
85353
85372
85392
85411
85431
85450
85470
85489
85509
85528
85548
85567
85587
85606
85626
85646
85665
85685
85704
85724
85743
85763
85782
85802
85821
85841
85860
85880
85899
85919
85938
85958
85977
85997
86016
86036
86055
86075
86094
86114
86133
86153
86172
86192
86211
86231
86251
86270
86290
86309
86329
86348
86368
86387
86407
86426
86446
86465
86485
86504
86524
86543
86563
86582
86602
86621
86641
86660
86680
86699
86719
86738
86758
86777
86797
86816
86836
86856
86875
86895
86914
86934
86953
86973
86992
87012
87031
87051
87070
87090
87109
87129
87148
87168
87187
87207
87226
87246
87265
87285
87304
87324
87343
87363
87382
87402
87421
87441
87461
87480
87500
87519
87539
87558
87578
87597
87617
87636
87656
87675
87695
87714
87734
87753
87773
87792
87812
87831
87851
87870
87890
87909
87929
87948
87968
87987
88007
88026
88046
88066
88085
88105
88124
88144
88163
88183
88202
88222
88241
88261
88280
88300
88319
88339
88358
88378
88397
88417
88436
88456
88475
88495
88514
88534
88553
88573
88592
88612
88631
88651
88671
88690
88710
88729
88749
88768
88788
88807
88827
88846
88866
88885
88905
88924
88944
88963
88983
89002
89022
89041
89061
89080
89100
89119
89139
89158
89178
89197
89217
89236
89256
89276
89295
89315
89334
89354
89373
89393
89412
89432
89451
89471
89490
89510
89529
89549
89568
89588
89607
89627
89646
89666
89685
89705
89724
89744
89763
89783
89802
89822
89841
89861
89881
89900
89920
89939
89959
89978
89998
90021
90040
90060
90079
90098
90118
90137
90157
90176
90195
90215
90234
90254
90273
90292
90312
90331
90351
90370
90389
90409
90428
90448
90467
90486
90506
90525
90545
90564
90583
90603
90622
90642
90661
90680
90700
90719
90739
90758
90777
90797
90816
90836
90855
90874
90894
90913
90933
90952
90971
90991
91010
91030
91049
91068
91088
91107
91127
91146
91165
91185
91204
91224
91243
91262
91282
91301
91321
91340
91359
91379
91398
91418
91437
91456
91476
91495
91515
91534
91553
91573
91592
91612
91631
91650
91670
91689
91709
91728
91747
91767
91786
91806
91825
91844
91864
91883
91903
91922
91941
91961
91980
92000
92019
92038
92058
92077
92097
92116
92135
92155
92174
92194
92213
92232
92252
92271
92291
92310
92329
92349
92368
92388
92407
92426
92446
92465
92485
92504
92523
92543
92562
92582
92601
92620
92640
92659
92679
92698
92717
92737
92756
92776
92795
92814
92834
92853
92873
92892
92911
92931
92950
92970
92989
93008
93028
93047
93067
93086
93105
93125
93144
93164
93183
93202
93222
93241
93261
93280
93299
93319
93338
93358
93377
93396
93416
93435
93455
93474
93493
93513
93532
93552
93571
93590
93610
93629
93649
93668
93687
93707
93726
93745
93765
93784
93804
93823
93842
93862
93881
93901
93920
93939
93959
93978
93998
94017
94036
94056
94075
94095
94114
94133
94153
94172
94192
94211
94230
94250
94269
94289
94308
94327
94347
94366
94386
94405
94424
94444
94463
94483
94502
94521
94541
94560
94580
94599
94618
94638
94657
94677
94696
94715
94735
94754
94774
94793
94812
94832
94851
94871
94890
94909
94929
94948
94968
94987
95021
95040
95060
95079
95099
95118
95138
95157
95177
95196
95216
95235
95255
95274
95294
95313
95333
95352
95371
95391
95410
95430
95449
95469
95488
95508
95527
95547
95566
95586
95605
95625
95644
95664
95683
95703
95722
95741
95761
95780
95800
95819
95839
95858
95878
95897
95917
95936
95956
95975
95995
96014
96034
96053
96072
96092
96111
96131
96150
96170
96189
96209
96228
96248
96267
96287
96306
96326
96345
96365
96384
96404
96423
96442
96462
96481
96501
96520
96540
96559
96579
96598
96618
96637
96657
96676
96696
96715
96735
96754
96773
96793
96812
96832
96851
96871
96890
96910
96929
96949
96968
96988
97007
97027
97046
97066
97085
97105
97124
97143
97163
97182
97202
97221
97241
97260
97280
97299
97319
97338
97358
97377
97397
97416
97436
97455
97474
97494
97513
97533
97552
97572
97591
97611
97630
97650
97669
97689
97708
97728
97747
97767
97786
97806
97825
97844
97864
97883
97903
97922
97942
97961
97981
98000
98020
98039
98059
98078
98098
98117
98137
98156
98175
98195
98214
98234
98253
98273
98292
98312
98331
98351
98370
98390
98409
98429
98448
98468
98487
98507
98526
98545
98565
98584
98604
98623
98643
98662
98682
98701
98721
98740
98760
98779
98799
98818
98838
98857
98876
98896
98915
98935
98954
98974
98993
99013
99032
99052
99071
99091
99110
99130
99149
99169
99188
99208
99227
99246
99266
99285
99305
99324
99344
99363
99383
99402
99422
99441
99461
99480
99500
99519
99539
99558
99577
99597
99616
99636
99655
99675
99694
99714
99733
99753
99772
99792
99811
99831
99850
99870
99889
99909
99928
99947
99967
99986
100021
100041
100060
100080
100100
100119
100139
100159
100178
100198
100217
100237
100257
100276
100296
100316
100335
100355
100375
100394
100414
100433
100453
100473
100492
100512
100532
100551
100571
100591
100610
100630
100649
100669
100689
100708
100728
100748
100767
100787
100807
100826
100846
100865
100885
100905
100924
100944
100964
100983
101003
101022
101042
101062
101081
101101
101121
101140
101160
101180
101199
101219
101238
101258
101278
101297
101317
101337
101356
101376
101396
101415
101435
101454
101474
101494
101513
101533
101553
101572
101592
101612
101631
101651
101670
101690
101710
101729
101749
101769
101788
101808
101827
101847
101867
101886
101906
101926
101945
101965
101985
102004
102024
102043
102063
102083
102102
102122
102142
102161
102181
102201
102220
102240
102259
102279
102299
102318
102338
102358
102377
102397
102417
102436
102456
102475
102495
102515
102534
102554
102574
102593
102613
102632
102652
102672
102691
102711
102731
102750
102770
102790
102809
102829
102848
102868
102888
102907
102927
102947
102966
102986
103006
103025
103045
103064
103084
103104
103123
103143
103163
103182
103202
103222
103241
103261
103280
103300
103320
103339
103359
103379
103398
103418
103437
103457
103477
103496
103516
103536
103555
103575
103595
103614
103634
103653
103673
103693
103712
103732
103752
103771
103791
103811
103830
103850
103869
103889
103909
103928
103948
103968
103987
104007
104027
104046
104066
104085
104105
104125
104144
104164
104184
104203
104223
104242
104262
104282
104301
104321
104341
104360
104380
104400
104419
104439
104458
104478
104498
104517
104537
104557
104576
104596
104616
104635
104655
104674
104694
104714
104733
104753
104773
104792
104812
104832
104851
104871
104890
104910
104930
104949
104969
104989
105032
105062
105093
105123
105154
105184
105215
105245
105276
105306
105337
105367
105398
105428
105459
105489
105520
105550
105581
105611
105642
105672
105703
105733
105763
105794
105824
105855
105885
105916
105946
105977
106007
106038
106068
106099
106129
106160
106190
106221
106251
106282
106312
106343
106373
106404
106434
106465
106495
106525
106556
106586
106617
106647
106678
106708
106739
106769
106800
106830
106861
106891
106922
106952
106983
107013
107044
107074
107105
107135
107166
107196
107226
107257
107287
107318
107348
107379
107409
107440
107470
107501
107531
107562
107592
107623
107653
107684
107714
107745
107775
107806
107836
107867
107897
107928
107958
107988
108019
108049
108080
108110
108141
108171
108202
108232
108263
108293
108324
108354
108385
108415
108446
108476
108507
108537
108568
108598
108629
108659
108689
108720
108750
108781
108811
108842
108872
108903
108933
108964
108994
109025
109055
109086
109116
109147
109177
109208
109238
109269
109299
109330
109360
109391
109421
109451
109482
109512
109543
109573
109604
109634
109665
109695
109726
109756
109787
109817
109848
109878
109909
109939
109970
110000
110021
110041
110060
110080
110099
110119
110138
110158
110178
110197
110217
110236
110256
110275
110295
110314
110334
110354
110373
110393
110412
110432
110451
110471
110490
110510
110530
110549
110569
110588
110608
110627
110647
110666
110686
110706
110725
110745
110764
110784
110803
110823
110843
110862
110882
110901
110921
110940
110960
110979
110999
111019
111038
111058
111077
111097
111116
111136
111155
111175
111195
111214
111234
111253
111273
111292
111312
111331
111351
111371
111390
111410
111429
111449
111468
111488
111507
111527
111547
111566
111586
111605
111625
111644
111664
111684
111703
111723
111742
111762
111781
111801
111820
111840
111860
111879
111899
111918
111938
111957
111977
111996
112016
112036
112055
112075
112094
112114
112133
112153
112172
112192
112212
112231
112251
112270
112290
112309
112329
112348
112368
112388
112407
112427
112446
112466
112485
112505
112525
112544
112564
112583
112603
112622
112642
112661
112681
112701
112720
112740
112759
112779
112798
112818
112837
112857
112877
112896
112916
112935
112955
112974
112994
113013
113033
113053
113072
113092
113111
113131
113150
113170
113190
113209
113229
113248
113268
113287
113307
113326
113346
113366
113385
113405
113424
113444
113463
113483
113502
113522
113542
113561
113581
113600
113620
113639
113659
113678
113698
113718
113737
113757
113776
113796
113815
113835
113854
113874
113894
113913
113933
113952
113972
113991
114011
114031
114050
114070
114089
114109
114128
114148
114167
114187
114207
114226
114246
114265
114285
114304
114324
114343
114363
114383
114402
114422
114441
114461
114480
114500
114519
114539
114559
114578
114598
114617
114637
114656
114676
114695
114715
114735
114754
114774
114793
114813
114832
114852
114872
114891
114911
114930
114950
114969
114989
115021
115040
115060
115079
115099
115118
115137
115157
115176
115196
115215
115235
115254
115273
115293
115312
115332
115351
115371
115390
115409
115429
115448
115468
115487
115506
115526
115545
115565
115584
115604
115623
115642
115662
115681
115701
115720
115740
115759
115778
115798
115817
115837
115856
115875
115895
115914
115934
115953
115973
115992
116011
116031
116050
116070
116089
116109
116128
116147
116167
116186
116206
116225
116244
116264
116283
116303
116322
116342
116361
116380
116400
116419
116439
116458
116478
116497
116516
116536
116555
116575
116594
116613
116633
116652
116672
116691
116711
116730
116749
116769
116788
116808
116827
116847
116866
116885
116905
116924
116944
116963
116982
117002
117021
117041
117060
117080
117099
117118
117138
117157
117177
117196
117216
117235
117254
117274
117293
117313
117332
117351
117371
117390
117410
117429
117449
117468
117487
117507
117526
117546
117565
117585
117604
117623
117643
117662
117682
117701
117720
117740
117759
117779
117798
117818
117837
117856
117876
117895
117915
117934
117954
117973
117992
118012
118031
118051
118070
118089
118109
118128
118148
118167
118187
118206
118225
118245
118264
118284
118303
118323
118342
118361
118381
118400
118420
118439
118458
118478
118497
118517
118536
118556
118575
118594
118614
118633
118653
118672
118692
118711
118730
118750
118769
118789
118808
118827
118847
118866
118886
118905
118925
118944
118963
118983
119002
119022
119041
119061
119080
119099
119119
119138
119158
119177
119196
119216
119235
119255
119274
119294
119313
119332
119352
119371
119391
119410
119430
119449
119468
119488
119507
119527
119546
119565
119585
119604
119624
119643
119663
119682
119701
119721
119740
119760
119779
119799
119818
119837
119857
119876
119896
119915
119934
119954
119973
119993
120021
120041
120060
120080
120099
120119
120138
120158
120177
120197
120216
120236
120255
120275
120294
120314
120333
120353
120372
120392
120411
120431
120450
120470
120490
120509
120529
120548
120568
120587
120607
120626
120646
120665
120685
120704
120724
120743
120763
120782
120802
120821
120841
120860
120880
120899
120919
120939
120958
120978
120997
121017
121036
121056
121075
121095
121114
121134
121153
121173
121192
121212
121231
121251
121270
121290
121309
121329
121348
121368
121388
121407
121427
121446
121466
121485
121505
121524
121544
121563
121583
121602
121622
121641
121661
121680
121700
121719
121739
121758
121778
121797
121817
121837
121856
121876
121895
121915
121934
121954
121973
121993
122012
122032
122051
122071
122090
122110
122129
122149
122168
122188
122207
122227
122246
122266
122286
122305
122325
122344
122364
122383
122403
122422
122442
122461
122481
122500
122520
122539
122559
122578
122598
122617
122637
122656
122676
122695
122715
122735
122754
122774
122793
122813
122832
122852
122871
122891
122910
122930
122949
122969
122988
123008
123027
123047
123066
123086
123105
123125
123144
123164
123184
123203
123223
123242
123262
123281
123301
123320
123340
123359
123379
123398
123418
123437
123457
123476
123496
123515
123535
123554
123574
123593
123613
123633
123652
123672
123691
123711
123730
123750
123769
123789
123808
123828
123847
123867
123886
123906
123925
123945
123964
123984
124003
124023
124042
124062
124082
124101
124121
124140
124160
124179
124199
124218
124238
124257
124277
124296
124316
124335
124355
124374
124394
124413
124433
124452
124472
124491
124511
124531
124550
124570
124589
124609
124628
124648
124667
124687
124706
124726
124745
124765
124784
124804
124823
124843
124862
124882
124901
124921
124940
124960
124980
124999
125021
125041
125060
125080
125100
125119
125139
125158
125178
125198
125217
125237
125256
125276
125296
125315
125335
125354
125374
125394
125413
125433
125452
125472
125492
125511
125531
125550
125570
125590
125609
125629
125648
125668
125688
125707
125727
125746
125766
125786
125805
125825
125844
125864
125884
125903
125923
125942
125962
125982
126001
126021
126040
126060
126080
126099
126119
126139
126158
126178
126197
126217
126237
126256
126276
126295
126315
126335
126354
126374
126393
126413
126433
126452
126472
126491
126511
126531
126550
126570
126589
126609
126629
126648
126668
126687
126707
126727
126746
126766
126785
126805
126825
126844
126864
126883
126903
126923
126942
126962
126981
127001
127021
127040
127060
127079
127099
127119
127138
127158
127178
127197
127217
127236
127256
127276
127295
127315
127334
127354
127374
127393
127413
127432
127452
127472
127491
127511
127530
127550
127570
127589
127609
127628
127648
127668
127687
127707
127726
127746
127766
127785
127805
127824
127844
127864
127883
127903
127922
127942
127962
127981
128001
128020
128040
128060
128079
128099
128118
128138
128158
128177
128197
128217
128236
128256
128275
128295
128315
128334
128354
128373
128393
128413
128432
128452
128471
128491
128511
128530
128550
128569
128589
128609
128628
128648
128667
128687
128707
128726
128746
128765
128785
128805
128824
128844
128863
128883
128903
128922
128942
128961
128981
129001
129020
129040
129059
129079
129099
129118
129138
129157
129177
129197
129216
129236
129255
129275
129295
129314
129334
129354
129373
129393
129412
129432
129452
129471
129491
129510
129530
129550
129569
129589
129608
129628
129648
129667
129687
129706
129726
129746
129765
129785
129804
129824
129844
129863
129883
129902
129922
129942
129961
129981
130000
130021
130041
130060
130080
130099
130119
130139
130158
130178
130197
130217
130236
130256
130276
130295
130315
130334
130354
130374
130393
130413
130432
130452
130471
130491
130511
130530
130550
130569
130589
130608
130628
130648
130667
130687
130706
130726
130746
130765
130785
130804
130824
130843
130863
130883
130902
130922
130941
130961
130981
131000
131020
131039
131059
131078
131098
131118
131137
131157
131176
131196
131215
131235
131255
131274
131294
131313
131333
131353
131372
131392
131411
131431
131450
131470
131490
131509
131529
131548
131568
131588
131607
131627
131646
131666
131685
131705
131725
131744
131764
131783
131803
131822
131842
131862
131881
131901
131920
131940
131960
131979
131999
132018
132038
132057
132077
132097
132116
132136
132155
132175
132194
132214
132234
132253
132273
132292
132312
132332
132351
132371
132390
132410
132429
132449
132469
132488
132508
132527
132547
132567
132586
132606
132625
132645
132664
132684
132704
132723
132743
132762
132782
132801
132821
132841
132860
132880
132899
132919
132939
132958
132978
132997
133017
133036
133056
133076
133095
133115
133134
133154
133174
133193
133213
133232
133252
133271
133291
133311
133330
133350
133369
133389
133408
133428
133448
133467
133487
133506
133526
133546
133565
133585
133604
133624
133643
133663
133683
133702
133722
133741
133761
133781
133800
133820
133839
133859
133878
133898
133918
133937
133957
133976
133996
134015
134035
134055
134074
134094
134113
134133
134153
134172
134192
134211
134231
134250
134270
134290
134309
134329
134348
134368
134387
134407
134427
134446
134466
134485
134505
134525
134544
134564
134583
134603
134622
134642
134662
134681
134701
134720
134740
134760
134779
134799
134818
134838
134857
134877
134897
134916
134936
134955
134975
134994
135032
135062
135093
135123
135153
135184
135214
135245
135275
135305
135336
135366
135396
135427
135457
135488
135518
135548
135579
135609
135639
135670
135700
135731
135761
135791
135822
135852
135882
135913
135943
135974
136004
136034
136065
136095
136125
136156
136186
136217
136247
136277
136308
136338
136368
136399
136429
136460
136490
136520
136551
136581
136611
136642
136672
136703
136733
136763
136794
136824
136854
136885
136915
136946
136976
137006
137037
137067
137097
137128
137158
137189
137219
137249
137280
137310
137340
137371
137401
137432
137462
137492
137523
137553
137583
137614
137644
137675
137705
137735
137766
137796
137826
137857
137887
137918
137948
137978
138009
138039
138069
138100
138130
138161
138191
138221
138252
138282
138312
138343
138373
138404
138434
138464
138495
138525
138555
138586
138616
138647
138677
138707
138738
138768
138798
138829
138859
138890
138920
138950
138981
139011
139041
139072
139102
139133
139163
139193
139224
139254
139285
139315
139345
139376
139406
139436
139467
139497
139528
139558
139588
139619
139649
139679
139710
139740
139771
139801
139831
139862
139892
139922
139953
139983
140031
140061
140091
140121
140151
140181
140211
140241
140271
140301
140331
140360
140390
140420
140450
140480
140510
140540
140570
140600
140630
140660
140689
140719
140749
140779
140809
140839
140869
140899
140929
140959
140989
141018
141048
141078
141108
141138
141168
141198
141228
141258
141288
141318
141347
141377
141407
141437
141467
141497
141527
141557
141587
141617
141647
141677
141706
141736
141766
141796
141826
141856
141886
141916
141946
141976
142006
142035
142065
142095
142125
142155
142185
142215
142245
142275
142305
142335
142364
142394
142424
142454
142484
142514
142544
142574
142604
142634
142664
142693
142723
142753
142783
142813
142843
142873
142903
142933
142963
142993
143023
143052
143082
143112
143142
143172
143202
143232
143262
143292
143322
143352
143381
143411
143441
143471
143501
143531
143561
143591
143621
143651
143681
143710
143740
143770
143800
143830
143860
143890
143920
143950
143980
144010
144039
144069
144099
144129
144159
144189
144219
144249
144279
144309
144339
144369
144398
144428
144458
144488
144518
144548
144578
144608
144638
144668
144698
144727
144757
144787
144817
144847
144877
144907
144937
144967
144997
145021
145040
145060
145079
145099
145118
145138
145157
145177
145196
145216
145235
145254
145274
145293
145313
145332
145352
145371
145391
145410
145430
145449
145469
145488
145507
145527
145546
145566
145585
145605
145624
145644
145663
145683
145702
145721
145741
145760
145780
145799
145819
145838
145858
145877
145897
145916
145936
145955
145974
145994
146013
146033
146052
146072
146091
146111
146130
146150
146169
146189
146208
146227
146247
146266
146286
146305
146325
146344
146364
146383
146403
146422
146441
146461
146480
146500
146519
146539
146558
146578
146597
146617
146636
146656
146675
146694
146714
146733
146753
146772
146792
146811
146831
146850
146870
146889
146909
146928
146947
146967
146986
147006
147025
147045
147064
147084
147103
147123
147142
147161
147181
147200
147220
147239
147259
147278
147298
147317
147337
147356
147376
147395
147414
147434
147453
147473
147492
147512
147531
147551
147570
147590
147609
147629
147648
147667
147687
147706
147726
147745
147765
147784
147804
147823
147843
147862
147881
147901
147920
147940
147959
147979
147998
148018
148037
148057
148076
148096
148115
148134
148154
148173
148193
148212
148232
148251
148271
148290
148310
148329
148349
148368
148387
148407
148426
148446
148465
148485
148504
148524
148543
148563
148582
148601
148621
148640
148660
148679
148699
148718
148738
148757
148777
148796
148816
148835
148854
148874
148893
148913
148932
148952
148971
148991
149010
149030
149049
149069
149088
149107
149127
149146
149166
149185
149205
149224
149244
149263
149283
149302
149321
149341
149360
149380
149399
149419
149438
149458
149477
149497
149516
149536
149555
149574
149594
149613
149633
149652
149672
149691
149711
149730
149750
149769
149789
149808
149827
149847
149866
149886
149905
149925
149944
149964
149983
150021
150040
150060
150079
150098
150118
150137
150156
150176
150195
150214
150234
150253
150272
150292
150311
150330
150350
150369
150388
150408
150427
150446
150466
150485
150504
150524
150543
150562
150582
150601
150621
150640
150659
150679
150698
150717
150737
150756
150775
150795
150814
150833
150853
150872
150891
150911
150930
150949
150969
150988
151007
151027
151046
151065
151085
151104
151123
151143
151162
151181
151201
151220
151240
151259
151278
151298
151317
151336
151356
151375
151394
151414
151433
151452
151472
151491
151510
151530
151549
151568
151588
151607
151626
151646
151665
151684
151704
151723
151742
151762
151781
151801
151820
151839
151859
151878
151897
151917
151936
151955
151975
151994
152013
152033
152052
152071
152091
152110
152129
152149
152168
152187
152207
152226
152245
152265
152284
152303
152323
152342
152361
152381
152400
152420
152439
152458
152478
152497
152516
152536
152555
152574
152594
152613
152632
152652
152671
152690
152710
152729
152748
152768
152787
152806
152826
152845
152864
152884
152903
152922
152942
152961
152981
153000
153019
153039
153058
153077
153097
153116
153135
153155
153174
153193
153213
153232
153251
153271
153290
153309
153329
153348
153367
153387
153406
153425
153445
153464
153483
153503
153522
153541
153561
153580
153600
153619
153638
153658
153677
153696
153716
153735
153754
153774
153793
153812
153832
153851
153870
153890
153909
153928
153948
153967
153986
154006
154025
154044
154064
154083
154102
154122
154141
154161
154180
154199
154219
154238
154257
154277
154296
154315
154335
154354
154373
154393
154412
154431
154451
154470
154489
154509
154528
154547
154567
154586
154605
154625
154644
154663
154683
154702
154721
154741
154760
154780
154799
154818
154838
154857
154876
154896
154915
154934
154954
154973
154992
155021
155041
155060
155080
155099
155119
155138
155158
155177
155197
155216
155236
155255
155275
155294
155314
155333
155353
155372
155392
155411
155431
155450
155470
155489
155509
155528
155548
155567
155587
155606
155626
155646
155665
155685
155704
155724
155743
155763
155782
155802
155821
155841
155860
155880
155899
155919
155938
155958
155977
155997
156016
156036
156055
156075
156094
156114
156133
156153
156172
156192
156211
156231
156251
156270
156290
156309
156329
156348
156368
156387
156407
156426
156446
156465
156485
156504
156524
156543
156563
156582
156602
156621
156641
156660
156680
156699
156719
156738
156758
156777
156797
156816
156836
156856
156875
156895
156914
156934
156953
156973
156992
157012
157031
157051
157070
157090
157109
157129
157148
157168
157187
157207
157226
157246
157265
157285
157304
157324
157343
157363
157382
157402
157421
157441
157461
157480
157500
157519
157539
157558
157578
157597
157617
157636
157656
157675
157695
157714
157734
157753
157773
157792
157812
157831
157851
157870
157890
157909
157929
157948
157968
157987
158007
158026
158046
158066
158085
158105
158124
158144
158163
158183
158202
158222
158241
158261
158280
158300
158319
158339
158358
158378
158397
158417
158436
158456
158475
158495
158514
158534
158553
158573
158592
158612
158631
158651
158671
158690
158710
158729
158749
158768
158788
158807
158827
158846
158866
158885
158905
158924
158944
158963
158983
159002
159022
159041
159061
159080
159100
159119
159139
159158
159178
159197
159217
159236
159256
159276
159295
159315
159334
159354
159373
159393
159412
159432
159451
159471
159490
159510
159529
159549
159568
159588
159607
159627
159646
159666
159685
159705
159724
159744
159763
159783
159802
159822
159841
159861
159881
159900
159920
159939
159959
159978
159998
160021
160040
160060
160079
160099
160118
160138
160157
160177
160196
160216
160235
160255
160274
160294
160313
160333
160352
160372
160391
160411
160430
160450
160469
160489
160508
160527
160547
160566
160586
160605
160625
160644
160664
160683
160703
160722
160742
160761
160781
160800
160820
160839
160859
160878
160898
160917
160937
160956
160976
160995
161015
161034
161053
161073
161092
161112
161131
161151
161170
161190
161209
161229
161248
161268
161287
161307
161326
161346
161365
161385
161404
161424
161443
161463
161482
161502
161521
161541
161560
161579
161599
161618
161638
161657
161677
161696
161716
161735
161755
161774
161794
161813
161833
161852
161872
161891
161911
161930
161950
161969
161989
162008
162028
162047
162067
162086
162105
162125
162144
162164
162183
162203
162222
162242
162261
162281
162300
162320
162339
162359
162378
162398
162417
162437
162456
162476
162495
162515
162534
162554
162573
162593
162612
162631
162651
162670
162690
162709
162729
162748
162768
162787
162807
162826
162846
162865
162885
162904
162924
162943
162963
162982
163002
163021
163041
163060
163080
163099
163119
163138
163157
163177
163196
163216
163235
163255
163274
163294
163313
163333
163352
163372
163391
163411
163430
163450
163469
163489
163508
163528
163547
163567
163586
163606
163625
163645
163664
163683
163703
163722
163742
163761
163781
163800
163820
163839
163859
163878
163898
163917
163937
163956
163976
163995
164015
164034
164054
164073
164093
164112
164132
164151
164171
164190
164209
164229
164248
164268
164287
164307
164326
164346
164365
164385
164404
164424
164443
164463
164482
164502
164521
164541
164560
164580
164599
164619
164638
164658
164677
164697
164716
164735
164755
164774
164794
164813
164833
164852
164872
164891
164911
164930
164950
164969
164989
165021
165041
165060
165080
165099
165119
165139
165158
165178
165197
165217
165237
165256
165276
165295
165315
165335
165354
165374
165393
165413
165433
165452
165472
165491
165511
165530
165550
165570
165589
165609
165628
165648
165668
165687
165707
165726
165746
165766
165785
165805
165824
165844
165864
165883
165903
165922
165942
165961
165981
166001
166020
166040
166059
166079
166099
166118
166138
166157
166177
166197
166216
166236
166255
166275
166295
166314
166334
166353
166373
166392
166412
166432
166451
166471
166490
166510
166530
166549
166569
166588
166608
166628
166647
166667
166686
166706
166726
166745
166765
166784
166804
166823
166843
166863
166882
166902
166921
166941
166961
166980
167000
167019
167039
167059
167078
167098
167117
167137
167157
167176
167196
167215
167235
167254
167274
167294
167313
167333
167352
167372
167392
167411
167431
167450
167470
167490
167509
167529
167548
167568
167588
167607
167627
167646
167666
167685
167705
167725
167744
167764
167783
167803
167823
167842
167862
167881
167901
167921
167940
167960
167979
167999
168019
168038
168058
168077
168097
168117
168136
168156
168175
168195
168214
168234
168254
168273
168293
168312
168332
168352
168371
168391
168410
168430
168450
168469
168489
168508
168528
168548
168567
168587
168606
168626
168645
168665
168685
168704
168724
168743
168763
168783
168802
168822
168841
168861
168881
168900
168920
168939
168959
168979
168998
169018
169037
169057
169076
169096
169116
169135
169155
169174
169194
169214
169233
169253
169272
169292
169312
169331
169351
169370
169390
169410
169429
169449
169468
169488
169507
169527
169547
169566
169586
169605
169625
169645
169664
169684
169703
169723
169743
169762
169782
169801
169821
169841
169860
169880
169899
169919
169938
169958
169978
169997
170021
170040
170060
170079
170098
170118
170137
170156
170176
170195
170214
170234
170253
170272
170292
170311
170330
170350
170369
170388
170408
170427
170446
170466
170485
170505
170524
170543
170563
170582
170601
170621
170640
170659
170679
170698
170717
170737
170756
170775
170795
170814
170833
170853
170872
170891
170911
170930
170950
170969
170988
171008
171027
171046
171066
171085
171104
171124
171143
171162
171182
171201
171220
171240
171259
171278
171298
171317
171336
171356
171375
171394
171414
171433
171453
171472
171491
171511
171530
171549
171569
171588
171607
171627
171646
171665
171685
171704
171723
171743
171762
171781
171801
171820
171839
171859
171878
171898
171917
171936
171956
171975
171994
172014
172033
172052
172072
172091
172110
172130
172149
172168
172188
172207
172226
172246
172265
172284
172304
172323
172342
172362
172381
172401
172420
172439
172459
172478
172497
172517
172536
172555
172575
172594
172613
172633
172652
172671
172691
172710
172729
172749
172768
172787
172807
172826
172846
172865
172884
172904
172923
172942
172962
172981
173000
173020
173039
173058
173078
173097
173116
173136
173155
173174
173194
173213
173232
173252
173271
173290
173310
173329
173349
173368
173387
173407
173426
173445
173465
173484
173503
173523
173542
173561
173581
173600
173619
173639
173658
173677
173697
173716
173735
173755
173774
173794
173813
173832
173852
173871
173890
173910
173929
173948
173968
173987
174006
174026
174045
174064
174084
174103
174122
174142
174161
174180
174200
174219
174239
174258
174277
174297
174316
174335
174355
174374
174393
174413
174432
174451
174471
174490
174509
174529
174548
174567
174587
174606
174625
174645
174664
174683
174703
174722
174742
174761
174780
174800
174819
174838
174858
174877
174896
174916
174935
174954
174974
174993
175021
175041
175060
175080
175100
175119
175139
175159
175178
175198
175218
175237
175257
175277
175296
175316
175336
175355
175375
175395
175414
175434
175454
175473
175493
175513
175532
175552
175572
175591
175611
175631
175650
175670
175690
175709
175729
175749
175768
175788
175808
175827
175847
175867
175886
175906
175926
175945
175965
175985
176004
176024
176044
176063
176083
176103
176122
176142
176162
176181
176201
176221
176240
176260
176280
176299
176319
176339
176358
176378
176398
176417
176437
176457
176476
176496
176516
176535
176555
176575
176594
176614
176634
176653
176673
176693
176712
176732
176752
176771
176791
176811
176830
176850
176870
176889
176909
176929
176948
176968
176988
177007
177027
177047
177066
177086
177106
177125
177145
177165
177184
177204
177224
177243
177263
177283
177302
177322
177342
177361
177381
177401
177420
177440
177460
177479
177499
177519
177538
177558
177578
177597
177617
177637
177656
177676
177696
177715
177735
177755
177774
177794
177814
177833
177853
177873
177892
177912
177932
177951
177971
177991
178010
178030
178050
178069
178089
178109
178128
178148
178168
178187
178207
178227
178246
178266
178286
178305
178325
178345
178364
178384
178403
178423
178443
178462
178482
178502
178521
178541
178561
178580
178600
178620
178639
178659
178679
178698
178718
178738
178757
178777
178797
178816
178836
178856
178875
178895
178915
178934
178954
178974
178993
179013
179033
179052
179072
179092
179111
179131
179151
179170
179190
179210
179229
179249
179269
179288
179308
179328
179347
179367
179387
179406
179426
179446
179465
179485
179505
179524
179544
179564
179583
179603
179623
179642
179662
179682
179701
179721
179741
179760
179780
179800
179819
179839
179859
179878
179898
179918
179937
179957
179977
179996
180021
180041
180060
180080
180099
180119
180139
180158
180178
180197
180217
180237
180256
180276
180295
180315
180334
180354
180374
180393
180413
180432
180452
180472
180491
180511
180530
180550
180570
180589
180609
180628
180648
180667
180687
180707
180726
180746
180765
180785
180805
180824
180844
180863
180883
180902
180922
180942
180961
180981
181000
181020
181040
181059
181079
181098
181118
181138
181157
181177
181196
181216
181235
181255
181275
181294
181314
181333
181353
181373
181392
181412
181431
181451
181471
181490
181510
181529
181549
181568
181588
181608
181627
181647
181666
181686
181706
181725
181745
181764
181784
181803
181823
181843
181862
181882
181901
181921
181941
181960
181980
181999
182019
182039
182058
182078
182097
182117
182136
182156
182176
182195
182215
182234
182254
182274
182293
182313
182332
182352
182371
182391
182411
182430
182450
182469
182489
182509
182528
182548
182567
182587
182607
182626
182646
182665
182685
182704
182724
182744
182763
182783
182802
182822
182842
182861
182881
182900
182920
182940
182959
182979
182998
183018
183037
183057
183077
183096
183116
183135
183155
183175
183194
183214
183233
183253
183272
183292
183312
183331
183351
183370
183390
183410
183429
183449
183468
183488
183508
183527
183547
183566
183586
183605
183625
183645
183664
183684
183703
183723
183743
183762
183782
183801
183821
183840
183860
183880
183899
183919
183938
183958
183978
183997
184017
184036
184056
184076
184095
184115
184134
184154
184173
184193
184213
184232
184252
184271
184291
184311
184330
184350
184369
184389
184409
184428
184448
184467
184487
184506
184526
184546
184565
184585
184604
184624
184644
184663
184683
184702
184722
184741
184761
184781
184800
184820
184839
184859
184879
184898
184918
184937
184957
184977
184996
185021
185040
185060
185079
185099
185118
185138
185157
185177
185196
185216
185235
185255
185274
185294
185313
185333
185352
185372
185391
185411
185430
185450
185469
185489
185508
185528
185547
185566
185586
185605
185625
185644
185664
185683
185703
185722
185742
185761
185781
185800
185820
185839
185859
185878
185898
185917
185937
185956
185976
185995
186015
186034
186054
186073
186092
186112
186131
186151
186170
186190
186209
186229
186248
186268
186287
186307
186326
186346
186365
186385
186404
186424
186443
186463
186482
186502
186521
186541
186560
186580
186599
186619
186638
186657
186677
186696
186716
186735
186755
186774
186794
186813
186833
186852
186872
186891
186911
186930
186950
186969
186989
187008
187028
187047
187067
187086
187106
187125
187145
187164
187183
187203
187222
187242
187261
187281
187300
187320
187339
187359
187378
187398
187417
187437
187456
187476
187495
187515
187534
187554
187573
187593
187612
187632
187651
187671
187690
187710
187729
187748
187768
187787
187807
187826
187846
187865
187885
187904
187924
187943
187963
187982
188002
188021
188041
188060
188080
188099
188119
188138
188158
188177
188197
188216
188236
188255
188274
188294
188313
188333
188352
188372
188391
188411
188430
188450
188469
188489
188508
188528
188547
188567
188586
188606
188625
188645
188664
188684
188703
188723
188742
188762
188781
188801
188820
188839
188859
188878
188898
188917
188937
188956
188976
188995
189015
189034
189054
189073
189093
189112
189132
189151
189171
189190
189210
189229
189249
189268
189288
189307
189327
189346
189365
189385
189404
189424
189443
189463
189482
189502
189521
189541
189560
189580
189599
189619
189638
189658
189677
189697
189716
189736
189755
189775
189794
189814
189833
189853
189872
189892
189911
189930
189950
189969
189989
190029
190057
190085
190113
190141
190169
190197
190225
190253
190281
190309
190337
190365
190393
190421
190449
190477
190505
190533
190561
190589
190617
190645
190673
190701
190729
190757
190785
190813
190841
190869
190897
190925
190953
190981
191009
191037
191065
191093
191121
191149
191177
191205
191233
191261
191289
191317
191345
191373
191401
191429
191457
191485
191513
191541
191569
191597
191625
191653
191681
191709
191737
191765
191793
191821
191849
191877
191905
191933
191961
191989
192017
192045
192073
192101
192129
192157
192185
192213
192241
192269
192297
192325
192353
192381
192409
192437
192465
192493
192521
192548
192576
192604
192632
192660
192688
192716
192744
192772
192800
192828
192856
192884
192912
192940
192968
192996
193024
193052
193080
193108
193136
193164
193192
193220
193248
193276
193304
193332
193360
193388
193416
193444
193472
193500
193528
193556
193584
193612
193640
193668
193696
193724
193752
193780
193808
193836
193864
193892
193920
193948
193976
194004
194032
194060
194088
194116
194144
194172
194200
194228
194256
194284
194312
194340
194368
194396
194424
194452
194480
194508
194536
194564
194592
194620
194648
194676
194704
194732
194760
194788
194816
194844
194872
194900
194928
194956
194984
195075
195149
195223
195297
195370
195444
195518
195592
195665
195739
195813
195887
195961
196034
196108
196182
196256
196329
196403
196477
196551
196625
196698
196772
196846
196920
196993
197067
197141
197215
197288
197362
197436
197510
197584
197657
197731
197805
197879
197952
198026
198100
198174
198248
198321
198395
198469
198543
198616
198690
198764
198838
198911
198985
199059
199133
199207
199280
199354
199428
199502
199575
199649
199723
199797
199871
199944
200021
200040
200060
200079
200099
200118
200138
200157
200177
200196
200216
200235
200255
200274
200293
200313
200332
200352
200371
200391
200410
200430
200449
200469
200488
200508
200527
200547
200566
200585
200605
200624
200644
200663
200683
200702
200722
200741
200761
200780
200800
200819
200838
200858
200877
200897
200916
200936
200955
200975
200994
201014
201033
201053
201072
201092
201111
201130
201150
201169
201189
201208
201228
201247
201267
201286
201306
201325
201345
201364
201384
201403
201422
201442
201461
201481
201500
201520
201539
201559
201578
201598
201617
201637
201656
201675
201695
201714
201734
201753
201773
201792
201812
201831
201851
201870
201890
201909
201929
201948
201967
201987
202006
202026
202045
202065
202084
202104
202123
202143
202162
202182
202201
202221
202240
202259
202279
202298
202318
202337
202357
202376
202396
202415
202435
202454
202474
202493
202512
202532
202551
202571
202590
202610
202629
202649
202668
202688
202707
202727
202746
202766
202785
202804
202824
202843
202863
202882
202902
202921
202941
202960
202980
202999
203019
203038
203058
203077
203096
203116
203135
203155
203174
203194
203213
203233
203252
203272
203291
203311
203330
203349
203369
203388
203408
203427
203447
203466
203486
203505
203525
203544
203564
203583
203603
203622
203641
203661
203680
203700
203719
203739
203758
203778
203797
203817
203836
203856
203875
203895
203914
203933
203953
203972
203992
204011
204031
204050
204070
204089
204109
204128
204148
204167
204186
204206
204225
204245
204264
204284
204303
204323
204342
204362
204381
204401
204420
204440
204459
204478
204498
204517
204537
204556
204576
204595
204615
204634
204654
204673
204693
204712
204732
204751
204770
204790
204809
204829
204848
204868
204887
204907
204926
204946
204965
204985
205021
205040
205060
205079
205099
205118
205138
205157
205177
205196
205216
205235
205255
205274
205294
205313
205333
205352
205372
205391
205411
205430
205450
205469
205489
205508
205528
205547
205567
205586
205606
205625
205645
205664
205684
205703
205723
205742
205761
205781
205800
205820
205839
205859
205878
205898
205917
205937
205956
205976
205995
206015
206034
206054
206073
206093
206112
206132
206151
206171
206190
206210
206229
206249
206268
206288
206307
206327
206346
206366
206385
206405
206424
206444
206463
206482
206502
206521
206541
206560
206580
206599
206619
206638
206658
206677
206697
206716
206736
206755
206775
206794
206814
206833
206853
206872
206892
206911
206931
206950
206970
206989
207009
207028
207048
207067
207087
207106
207126
207145
207165
207184
207203
207223
207242
207262
207281
207301
207320
207340
207359
207379
207398
207418
207437
207457
207476
207496
207515
207535
207554
207574
207593
207613
207632
207652
207671
207691
207710
207730
207749
207769
207788
207808
207827
207847
207866
207886
207905
207924
207944
207963
207983
208002
208022
208041
208061
208080
208100
208119
208139
208158
208178
208197
208217
208236
208256
208275
208295
208314
208334
208353
208373
208392
208412
208431
208451
208470
208490
208509
208529
208548
208568
208587
208607
208626
208645
208665
208684
208704
208723
208743
208762
208782
208801
208821
208840
208860
208879
208899
208918
208938
208957
208977
208996
209016
209035
209055
209074
209094
209113
209133
209152
209172
209191
209211
209230
209250
209269
209289
209308
209328
209347
209366
209386
209405
209425
209444
209464
209483
209503
209522
209542
209561
209581
209600
209620
209639
209659
209678
209698
209717
209737
209756
209776
209795
209815
209834
209854
209873
209893
209912
209932
209951
209971
209990
210021
210040
210060
210079
210099
210118
210138
210157
210177
210196
210215
210235
210254
210274
210293
210313
210332
210352
210371
210391
210410
210429
210449
210468
210488
210507
210527
210546
210566
210585
210605
210624
210643
210663
210682
210702
210721
210741
210760
210780
210799
210818
210838
210857
210877
210896
210916
210935
210955
210974
210994
211013
211032
211052
211071
211091
211110
211130
211149
211169
211188
211208
211227
211246
211266
211285
211305
211324
211344
211363
211383
211402
211422
211441
211460
211480
211499
211519
211538
211558
211577
211597
211616
211635
211655
211674
211694
211713
211733
211752
211772
211791
211811
211830
211849
211869
211888
211908
211927
211947
211966
211986
212005
212025
212044
212063
212083
212102
212122
212141
212161
212180
212200
212219
212238
212258
212277
212297
212316
212336
212355
212375
212394
212414
212433
212452
212472
212491
212511
212530
212550
212569
212589
212608
212628
212647
212666
212686
212705
212725
212744
212764
212783
212803
212822
212842
212861
212880
212900
212919
212939
212958
212978
212997
213017
213036
213055
213075
213094
213114
213133
213153
213172
213192
213211
213231
213250
213269
213289
213308
213328
213347
213367
213386
213406
213425
213445
213464
213483
213503
213522
213542
213561
213581
213600
213620
213639
213658
213678
213697
213717
213736
213756
213775
213795
213814
213834
213853
213872
213892
213911
213931
213950
213970
213989
214009
214028
214048
214067
214086
214106
214125
214145
214164
214184
214203
214223
214242
214262
214281
214300
214320
214339
214359
214378
214398
214417
214437
214456
214475
214495
214514
214534
214553
214573
214592
214612
214631
214651
214670
214689
214709
214728
214748
214767
214787
214806
214826
214845
214865
214884
214903
214923
214942
214962
214981
215001
215023
215045
215067
215088
215110
215132
215154
215175
215197
215219
215240
215262
215284
215306
215327
215349
215371
215392
215414
215436
215458
215479
215501
215523
215544
215566
215588
215610
215631
215653
215675
215696
215718
215740
215762
215783
215805
215827
215849
215870
215892
215914
215935
215957
215979
216001
216022
216044
216066
216087
216109
216131
216153
216174
216196
216218
216239
216261
216283
216305
216326
216348
216370
216391
216413
216435
216457
216478
216500
216522
216544
216565
216587
216609
216630
216652
216674
216696
216717
216739
216761
216782
216804
216826
216848
216869
216891
216913
216934
216956
216978
217000
217021
217043
217065
217086
217108
217130
217152
217173
217195
217217
217239
217260
217282
217304
217325
217347
217369
217391
217412
217434
217456
217477
217499
217521
217543
217564
217586
217608
217629
217651
217673
217695
217716
217738
217760
217781
217803
217825
217847
217868
217890
217912
217934
217955
217977
217999
218020
218042
218064
218086
218107
218129
218151
218172
218194
218216
218238
218259
218281
218303
218324
218346
218368
218390
218411
218433
218455
218476
218498
218520
218542
218563
218585
218607
218629
218650
218672
218694
218715
218737
218759
218781
218802
218824
218846
218867
218889
218911
218933
218954
218976
218998
219019
219041
219063
219085
219106
219128
219150
219171
219193
219215
219237
219258
219280
219302
219324
219345
219367
219389
219410
219432
219454
219476
219497
219519
219541
219562
219584
219606
219628
219649
219671
219693
219714
219736
219758
219780
219801
219823
219845
219866
219888
219910
219932
219953
219975
219997
220021
220040
220060
220079
220099
220118
220138
220157
220177
220196
220216
220235
220254
220274
220293
220313
220332
220352
220371
220391
220410
220430
220449
220469
220488
220507
220527
220546
220566
220585
220605
220624
220644
220663
220683
220702
220722
220741
220760
220780
220799
220819
220838
220858
220877
220897
220916
220936
220955
220974
220994
221013
221033
221052
221072
221091
221111
221130
221150
221169
221189
221208
221227
221247
221266
221286
221305
221325
221344
221364
221383
221403
221422
221442
221461
221480
221500
221519
221539
221558
221578
221597
221617
221636
221656
221675
221695
221714
221733
221753
221772
221792
221811
221831
221850
221870
221889
221909
221928
221947
221967
221986
222006
222025
222045
222064
222084
222103
222123
222142
222162
222181
222200
222220
222239
222259
222278
222298
222317
222337
222356
222376
222395
222415
222434
222453
222473
222492
222512
222531
222551
222570
222590
222609
222629
222648
222668
222687
222706
222726
222745
222765
222784
222804
222823
222843
222862
222882
222901
222920
222940
222959
222979
222998
223018
223037
223057
223076
223096
223115
223135
223154
223173
223193
223212
223232
223251
223271
223290
223310
223329
223349
223368
223388
223407
223426
223446
223465
223485
223504
223524
223543
223563
223582
223602
223621
223641
223660
223679
223699
223718
223738
223757
223777
223796
223816
223835
223855
223874
223893
223913
223932
223952
223971
223991
224010
224030
224049
224069
224088
224108
224127
224146
224166
224185
224205
224224
224244
224263
224283
224302
224322
224341
224361
224380
224399
224419
224438
224458
224477
224497
224516
224536
224555
224575
224594
224614
224633
224652
224672
224691
224711
224730
224750
224769
224789
224808
224828
224847
224866
224886
224905
224925
224944
224964
224983
225021
225041
225060
225080
225099
225119
225138
225158
225178
225197
225217
225236
225256
225275
225295
225314
225334
225354
225373
225393
225412
225432
225451
225471
225491
225510
225530
225549
225569
225588
225608
225627
225647
225667
225686
225706
225725
225745
225764
225784
225804
225823
225843
225862
225882
225901
225921
225940
225960
225980
225999
226019
226038
226058
226077
226097
226116
226136
226156
226175
226195
226214
226234
226253
226273
226293
226312
226332
226351
226371
226390
226410
226429
226449
226469
226488
226508
226527
226547
226566
226586
226606
226625
226645
226664
226684
226703
226723
226742
226762
226782
226801
226821
226840
226860
226879
226899
226918
226938
226958
226977
226997
227016
227036
227055
227075
227095
227114
227134
227153
227173
227192
227212
227231
227251
227271
227290
227310
227329
227349
227368
227388
227408
227427
227447
227466
227486
227505
227525
227544
227564
227584
227603
227623
227642
227662
227681
227701
227721
227740
227760
227779
227799
227818
227838
227857
227877
227897
227916
227936
227955
227975
227994
228014
228033
228053
228073
228092
228112
228131
228151
228170
228190
228210
228229
228249
228268
228288
228307
228327
228346
228366
228386
228405
228425
228444
228464
228483
228503
228523
228542
228562
228581
228601
228620
228640
228659
228679
228699
228718
228738
228757
228777
228796
228816
228835
228855
228875
228894
228914
228933
228953
228972
228992
229012
229031
229051
229070
229090
229109
229129
229148
229168
229188
229207
229227
229246
229266
229285
229305
229325
229344
229364
229383
229403
229422
229442
229461
229481
229501
229520
229540
229559
229579
229598
229618
229637
229657
229677
229696
229716
229735
229755
229774
229794
229814
229833
229853
229872
229892
229911
229931
229950
229970
229990
230021
230041
230060
230080
230099
230119
230139
230158
230178
230197
230217
230236
230256
230276
230295
230315
230334
230354
230373
230393
230413
230432
230452
230471
230491
230510
230530
230550
230569
230589
230608
230628
230647
230667
230687
230706
230726
230745
230765
230784
230804
230824
230843
230863
230882
230902
230921
230941
230961
230980
231000
231019
231039
231058
231078
231098
231117
231137
231156
231176
231195
231215
231235
231254
231274
231293
231313
231332
231352
231372
231391
231411
231430
231450
231469
231489
231509
231528
231548
231567
231587
231607
231626
231646
231665
231685
231704
231724
231744
231763
231783
231802
231822
231841
231861
231881
231900
231920
231939
231959
231978
231998
232018
232037
232057
232076
232096
232115
232135
232155
232174
232194
232213
232233
232252
232272
232292
232311
232331
232350
232370
232389
232409
232429
232448
232468
232487
232507
232526
232546
232566
232585
232605
232624
232644
232663
232683
232703
232722
232742
232761
232781
232800
232820
232840
232859
232879
232898
232918
232937
232957
232977
232996
233016
233035
233055
233075
233094
233114
233133
233153
233172
233192
233212
233231
233251
233270
233290
233309
233329
233349
233368
233388
233407
233427
233446
233466
233486
233505
233525
233544
233564
233583
233603
233623
233642
233662
233681
233701
233720
233740
233760
233779
233799
233818
233838
233857
233877
233897
233916
233936
233955
233975
233994
234014
234034
234053
234073
234092
234112
234131
234151
234171
234190
234210
234229
234249
234268
234288
234308
234327
234347
234366
234386
234405
234425
234445
234464
234484
234503
234523
234543
234562
234582
234601
234621
234640
234660
234680
234699
234719
234738
234758
234777
234797
234817
234836
234856
234875
234895
234914
234934
234954
234973
234993
235021
235041
235060
235080
235099
235119
235138
235158
235177
235197
235216
235236
235255
235275
235294
235314
235333
235353
235372
235392
235411
235431
235450
235470
235489
235509
235528
235548
235567
235587
235606
235626
235645
235665
235684
235704
235723
235743
235762
235782
235801
235821
235840
235860
235879
235899
235918
235938
235957
235977
235996
236016
236035
236055
236074
236094
236113
236133
236152
236172
236191
236211
236230
236250
236269
236289
236308
236328
236347
236367
236386
236406
236425
236445
236464
236484
236503
236523
236542
236562
236581
236601
236620
236640
236659
236679
236698
236718
236737
236757
236776
236796
236815
236835
236854
236874
236893
236913
236932
236952
236971
236991
237010
237030
237049
237069
237088
237108
237127
237147
237166
237186
237205
237225
237244
237264
237283
237303
237323
237342
237362
237381
237401
237420
237440
237459
237479
237498
237518
237537
237557
237576
237596
237615
237635
237654
237674
237693
237713
237732
237752
237771
237791
237810
237830
237849
237869
237888
237908
237927
237947
237966
237986
238005
238025
238044
238064
238083
238103
238122
238142
238161
238181
238200
238220
238239
238259
238278
238298
238317
238337
238356
238376
238395
238415
238434
238454
238473
238493
238512
238532
238551
238571
238590
238610
238629
238649
238668
238688
238707
238727
238746
238766
238785
238805
238824
238844
238863
238883
238902
238922
238941
238961
238980
239000
239019
239039
239058
239078
239097
239117
239136
239156
239175
239195
239214
239234
239253
239273
239292
239312
239331
239351
239370
239390
239409
239429
239448
239468
239487
239507
239526
239546
239565
239585
239605
239624
239644
239663
239683
239702
239722
239741
239761
239780
239800
239819
239839
239858
239878
239897
239917
239936
239956
239975
239995
240021
240040
240059
240078
240098
240117
240136
240155
240174
240194
240213
240232
240251
240270
240290
240309
240328
240347
240367
240386
240405
240424
240443
240463
240482
240501
240520
240539
240559
240578
240597
240616
240636
240655
240674
240693
240712
240732
240751
240770
240789
240808
240828
240847
240866
240885
240905
240924
240943
240962
240981
241001
241020
241039
241058
241077
241097
241116
241135
241154
241173
241193
241212
241231
241250
241270
241289
241308
241327
241346
241366
241385
241404
241423
241442
241462
241481
241500
241519
241539
241558
241577
241596
241615
241635
241654
241673
241692
241711
241731
241750
241769
241788
241808
241827
241846
241865
241884
241904
241923
241942
241961
241980
242000
242019
242038
242057
242076
242096
242115
242134
242153
242173
242192
242211
242230
242249
242269
242288
242307
242326
242345
242365
242384
242403
242422
242442
242461
242480
242499
242518
242538
242557
242576
242595
242614
242634
242653
242672
242691
242711
242730
242749
242768
242787
242807
242826
242845
242864
242883
242903
242922
242941
242960
242980
242999
243018
243037
243056
243076
243095
243114
243133
243152
243172
243191
243210
243229
243248
243268
243287
243306
243325
243345
243364
243383
243402
243421
243441
243460
243479
243498
243517
243537
243556
243575
243594
243614
243633
243652
243671
243690
243710
243729
243748
243767
243786
243806
243825
243844
243863
243883
243902
243921
243940
243959
243979
243998
244017
244036
244055
244075
244094
244113
244132
244151
244171
244190
244209
244228
244248
244267
244286
244305
244324
244344
244363
244382
244401
244420
244440
244459
244478
244497
244517
244536
244555
244574
244593
244613
244632
244651
244670
244689
244709
244728
244747
244766
244786
244805
244824
244843
244862
244882
244901
244920
244939
244958
244978
244997
245021
245040
245059
245078
245098
245117
245136
245155
245175
245194
245213
245232
245252
245271
245290
245309
245328
245348
245367
245386
245405
245425
245444
245463
245482
245502
245521
245540
245559
245578
245598
245617
245636
245655
245675
245694
245713
245732
245752
245771
245790
245809
245829
245848
245867
245886
245905
245925
245944
245963
245982
246002
246021
246040
246059
246079
246098
246117
246136
246155
246175
246194
246213
246232
246252
246271
246290
246309
246329
246348
246367
246386
246406
246425
246444
246463
246482
246502
246521
246540
246559
246579
246598
246617
246636
246656
246675
246694
246713
246732
246752
246771
246790
246809
246829
246848
246867
246886
246906
246925
246944
246963
246983
247002
247021
247040
247059
247079
247098
247117
247136
247156
247175
247194
247213
247233
247252
247271
247290
247309
247329
247348
247367
247386
247406
247425
247444
247463
247483
247502
247521
247540
247560
247579
247598
247617
247636
247656
247675
247694
247713
247733
247752
247771
247790
247810
247829
247848
247867
247886
247906
247925
247944
247963
247983
248002
248021
248040
248060
248079
248098
248117
248137
248156
248175
248194
248213
248233
248252
248271
248290
248310
248329
248348
248367
248387
248406
248425
248444
248463
248483
248502
248521
248540
248560
248579
248598
248617
248637
248656
248675
248694
248714
248733
248752
248771
248790
248810
248829
248848
248867
248887
248906
248925
248944
248964
248983
249002
249021
249040
249060
249079
249098
249117
249137
249156
249175
249194
249214
249233
249252
249271
249291
249310
249329
249348
249367
249387
249406
249425
249444
249464
249483
249502
249521
249541
249560
249579
249598
249617
249637
249656
249675
249694
249714
249733
249752
249771
249791
249810
249829
249848
249868
249887
249906
249925
249944
249964
249983
250021
250041
250060
250080
250099
250119
250139
250158
250178
250197
250217
250237
250256
250276
250295
250315
250334
250354
250374
250393
250413
250432
250452
250472
250491
250511
250530
250550
250570
250589
250609
250628
250648
250667
250687
250707
250726
250746
250765
250785
250805
250824
250844
250863
250883
250902
250922
250942
250961
250981
251000
251020
251040
251059
251079
251098
251118
251138
251157
251177
251196
251216
251235
251255
251275
251294
251314
251333
251353
251373
251392
251412
251431
251451
251471
251490
251510
251529
251549
251568
251588
251608
251627
251647
251666
251686
251706
251725
251745
251764
251784
251803
251823
251843
251862
251882
251901
251921
251941
251960
251980
251999
252019
252039
252058
252078
252097
252117
252136
252156
252176
252195
252215
252234
252254
252274
252293
252313
252332
252352
252371
252391
252411
252430
252450
252469
252489
252509
252528
252548
252567
252587
252607
252626
252646
252665
252685
252704
252724
252744
252763
252783
252802
252822
252842
252861
252881
252900
252920
252940
252959
252979
252998
253018
253037
253057
253077
253096
253116
253135
253155
253175
253194
253214
253233
253253
253272
253292
253312
253331
253351
253370
253390
253410
253429
253449
253468
253488
253508
253527
253547
253566
253586
253605
253625
253645
253664
253684
253703
253723
253743
253762
253782
253801
253821
253840
253860
253880
253899
253919
253938
253958
253978
253997
254017
254036
254056
254076
254095
254115
254134
254154
254173
254193
254213
254232
254252
254271
254291
254311
254330
254350
254369
254389
254409
254428
254448
254467
254487
254506
254526
254546
254565
254585
254604
254624
254644
254663
254683
254702
254722
254741
254761
254781
254800
254820
254839
254859
254879
254898
254918
254937
254957
254977
254996
255021
255040
255059
255078
255097
255116
255135
255154
255173
255192
255212
255231
255250
255269
255288
255307
255326
255345
255364
255383
255402
255422
255441
255460
255479
255498
255517
255536
255555
255574
255593
255612
255632
255651
255670
255689
255708
255727
255746
255765
255784
255803
255823
255842
255861
255880
255899
255918
255937
255956
255975
255994
256013
256033
256052
256071
256090
256109
256128
256147
256166
256185
256204
256223
256243
256262
256281
256300
256319
256338
256357
256376
256395
256414
256433
256453
256472
256491
256510
256529
256548
256567
256586
256605
256624
256644
256663
256682
256701
256720
256739
256758
256777
256796
256815
256834
256854
256873
256892
256911
256930
256949
256968
256987
257006
257025
257044
257064
257083
257102
257121
257140
257159
257178
257197
257216
257235
257254
257274
257293
257312
257331
257350
257369
257388
257407
257426
257445
257465
257484
257503
257522
257541
257560
257579
257598
257617
257636
257655
257675
257694
257713
257732
257751
257770
257789
257808
257827
257846
257865
257885
257904
257923
257942
257961
257980
257999
258018
258037
258056
258075
258095
258114
258133
258152
258171
258190
258209
258228
258247
258266
258286
258305
258324
258343
258362
258381
258400
258419
258438
258457
258476
258496
258515
258534
258553
258572
258591
258610
258629
258648
258667
258686
258706
258725
258744
258763
258782
258801
258820
258839
258858
258877
258896
258916
258935
258954
258973
258992
259011
259030
259049
259068
259087
259107
259126
259145
259164
259183
259202
259221
259240
259259
259278
259297
259317
259336
259355
259374
259393
259412
259431
259450
259469
259488
259507
259527
259546
259565
259584
259603
259622
259641
259660
259679
259698
259717
259737
259756
259775
259794
259813
259832
259851
259870
259889
259908
259928
259947
259966
259985
260021
260040
260059
260079
260098
260117
260137
260156
260175
260195
260214
260233
260253
260272
260291
260311
260330
260349
260369
260388
260407
260427
260446
260465
260485
260504
260523
260543
260562
260581
260601
260620
260639
260659
260678
260697
260716
260736
260755
260774
260794
260813
260832
260852
260871
260890
260910
260929
260948
260968
260987
261006
261026
261045
261064
261084
261103
261122
261142
261161
261180
261200
261219
261238
261258
261277
261296
261316
261335
261354
261374
261393
261412
261431
261451
261470
261489
261509
261528
261547
261567
261586
261605
261625
261644
261663
261683
261702
261721
261741
261760
261779
261799
261818
261837
261857
261876
261895
261915
261934
261953
261973
261992
262011
262031
262050
262069
262088
262108
262127
262146
262166
262185
262204
262224
262243
262262
262282
262301
262320
262340
262359
262378
262398
262417
262436
262456
262475
262494
262514
262533
262552
262572
262591
262610
262630
262649
262668
262688
262707
262726
262746
262765
262784
262803
262823
262842
262861
262881
262900
262919
262939
262958
262977
262997
263016
263035
263055
263074
263093
263113
263132
263151
263171
263190
263209
263229
263248
263267
263287
263306
263325
263345
263364
263383
263403
263422
263441
263460
263480
263499
263518
263538
263557
263576
263596
263615
263634
263654
263673
263692
263712
263731
263750
263770
263789
263808
263828
263847
263866
263886
263905
263924
263944
263963
263982
264002
264021
264040
264060
264079
264098
264118
264137
264156
264175
264195
264214
264233
264253
264272
264291
264311
264330
264349
264369
264388
264407
264427
264446
264465
264485
264504
264523
264543
264562
264581
264601
264620
264639
264659
264678
264697
264717
264736
264755
264775
264794
264813
264832
264852
264871
264890
264910
264929
264948
264968
264987
265022
265043
265063
265084
265105
265125
265146
265166
265187
265208
265228
265249
265269
265290
265311
265331
265352
265372
265393
265414
265434
265455
265475
265496
265517
265537
265558
265578
265599
265620
265640
265661
265681
265702
265723
265743
265764
265784
265805
265826
265846
265867
265888
265908
265929
265949
265970
265991
266011
266032
266052
266073
266094
266114
266135
266155
266176
266197
266217
266238
266258
266279
266300
266320
266341
266361
266382
266403
266423
266444
266464
266485
266506
266526
266547
266567
266588
266609
266629
266650
266671
266691
266712
266732
266753
266774
266794
266815
266835
266856
266877
266897
266918
266938
266959
266980
267000
267021
267041
267062
267083
267103
267124
267144
267165
267186
267206
267227
267247
267268
267289
267309
267330
267350
267371
267392
267412
267433
267454
267474
267495
267515
267536
267557
267577
267598
267618
267639
267660
267680
267701
267721
267742
267763
267783
267804
267824
267845
267866
267886
267907
267927
267948
267969
267989
268010
268030
268051
268072
268092
268113
268133
268154
268175
268195
268216
268237
268257
268278
268298
268319
268340
268360
268381
268401
268422
268443
268463
268484
268504
268525
268546
268566
268587
268607
268628
268649
268669
268690
268710
268731
268752
268772
268793
268813
268834
268855
268875
268896
268916
268937
268958
268978
268999
269019
269040
269061
269081
269102
269123
269143
269164
269184
269205
269226
269246
269267
269287
269308
269329
269349
269370
269390
269411
269432
269452
269473
269493
269514
269535
269555
269576
269596
269617
269638
269658
269679
269699
269720
269741
269761
269782
269802
269823
269844
269864
269885
269906
269926
269947
269967
269988
270021
270041
270061
270081
270100
270120
270140
270160
270179
270199
270219
270239
270259
270278
270298
270318
270338
270357
270377
270397
270417
270437
270456
270476
270496
270516
270535
270555
270575
270595
270615
270634
270654
270674
270694
270713
270733
270753
270773
270793
270812
270832
270852
270872
270891
270911
270931
270951
270970
270990
271010
271030
271050
271069
271089
271109
271129
271148
271168
271188
271208
271228
271247
271267
271287
271307
271326
271346
271366
271386
271406
271425
271445
271465
271485
271504
271524
271544
271564
271584
271603
271623
271643
271663
271682
271702
271722
271742
271761
271781
271801
271821
271841
271860
271880
271900
271920
271939
271959
271979
271999
272019
272038
272058
272078
272098
272117
272137
272157
272177
272197
272216
272236
272256
272276
272295
272315
272335
272355
272375
272394
272414
272434
272454
272473
272493
272513
272533
272553
272572
272592
272612
272632
272651
272671
272691
272711
272730
272750
272770
272790
272810
272829
272849
272869
272889
272908
272928
272948
272968
272988
273007
273027
273047
273067
273086
273106
273126
273146
273166
273185
273205
273225
273245
273264
273284
273304
273324
273344
273363
273383
273403
273423
273442
273462
273482
273502
273521
273541
273561
273581
273601
273620
273640
273660
273680
273699
273719
273739
273759
273779
273798
273818
273838
273858
273877
273897
273917
273937
273957
273976
273996
274016
274036
274055
274075
274095
274115
274135
274154
274174
274194
274214
274233
274253
274273
274293
274312
274332
274352
274372
274392
274411
274431
274451
274471
274490
274510
274530
274550
274570
274589
274609
274629
274649
274668
274688
274708
274728
274748
274767
274787
274807
274827
274846
274866
274886
274906
274926
274945
274965
274985
275021
275041
275060
275080
275100
275119
275139
275159
275178
275198
275218
275237
275257
275277
275296
275316
275336
275355
275375
275395
275414
275434
275454
275473
275493
275513
275532
275552
275572
275591
275611
275631
275650
275670
275690
275709
275729
275749
275768
275788
275808
275827
275847
275867
275886
275906
275926
275945
275965
275985
276004
276024
276044
276063
276083
276103
276122
276142
276162
276181
276201
276221
276240
276260
276280
276299
276319
276339
276358
276378
276398
276417
276437
276457
276476
276496
276516
276535
276555
276575
276594
276614
276634
276653
276673
276693
276712
276732
276752
276771
276791
276811
276830
276850
276870
276889
276909
276929
276948
276968
276988
277007
277027
277046
277066
277086
277105
277125
277145
277164
277184
277204
277223
277243
277263
277282
277302
277322
277341
277361
277381
277400
277420
277440
277459
277479
277499
277518
277538
277558
277577
277597
277617
277636
277656
277676
277695
277715
277735
277754
277774
277794
277813
277833
277853
277872
277892
277912
277931
277951
277971
277990
278010
278030
278049
278069
278089
278108
278128
278148
278167
278187
278207
278226
278246
278266
278285
278305
278325
278344
278364
278384
278403
278423
278443
278462
278482
278502
278521
278541
278561
278580
278600
278620
278639
278659
278679
278698
278718
278738
278757
278777
278797
278816
278836
278856
278875
278895
278915
278934
278954
278974
278993
279013
279033
279052
279072
279091
279111
279131
279150
279170
279190
279209
279229
279249
279268
279288
279308
279327
279347
279367
279386
279406
279426
279445
279465
279485
279504
279524
279544
279563
279583
279603
279622
279642
279662
279681
279701
279721
279740
279760
279780
279799
279819
279839
279858
279878
279898
279917
279937
279957
279976
279996
280021
280041
280060
280080
280099
280119
280139
280158
280178
280197
280217
280237
280256
280276
280295
280315
280335
280354
280374
280393
280413
280432
280452
280472
280491
280511
280530
280550
280570
280589
280609
280628
280648
280668
280687
280707
280726
280746
280766
280785
280805
280824
280844
280863
280883
280903
280922
280942
280961
280981
281001
281020
281040
281059
281079
281099
281118
281138
281157
281177
281196
281216
281236
281255
281275
281294
281314
281334
281353
281373
281392
281412
281432
281451
281471
281490
281510
281530
281549
281569
281588
281608
281627
281647
281667
281686
281706
281725
281745
281765
281784
281804
281823
281843
281863
281882
281902
281921
281941
281960
281980
282000
282019
282039
282058
282078
282098
282117
282137
282156
282176
282196
282215
282235
282254
282274
282294
282313
282333
282352
282372
282391
282411
282431
282450
282470
282489
282509
282529
282548
282568
282587
282607
282627
282646
282666
282685
282705
282724
282744
282764
282783
282803
282822
282842
282862
282881
282901
282920
282940
282960
282979
282999
283018
283038
283058
283077
283097
283116
283136
283155
283175
283195
283214
283234
283253
283273
283293
283312
283332
283351
283371
283391
283410
283430
283449
283469
283489
283508
283528
283547
283567
283586
283606
283626
283645
283665
283684
283704
283724
283743
283763
283782
283802
283822
283841
283861
283880
283900
283919
283939
283959
283978
283998
284017
284037
284057
284076
284096
284115
284135
284155
284174
284194
284213
284233
284253
284272
284292
284311
284331
284350
284370
284390
284409
284429
284448
284468
284488
284507
284527
284546
284566
284586
284605
284625
284644
284664
284683
284703
284723
284742
284762
284781
284801
284821
284840
284860
284879
284899
284919
284938
284958
284977
284997
285021
285040
285059
285079
285098
285117
285137
285156
285175
285195
285214
285233
285253
285272
285291
285310
285330
285349
285368
285388
285407
285426
285446
285465
285484
285504
285523
285542
285562
285581
285600
285619
285639
285658
285677
285697
285716
285735
285755
285774
285793
285813
285832
285851
285870
285890
285909
285928
285948
285967
285986
286006
286025
286044
286064
286083
286102
286122
286141
286160
286179
286199
286218
286237
286257
286276
286295
286315
286334
286353
286373
286392
286411
286430
286450
286469
286488
286508
286527
286546
286566
286585
286604
286624
286643
286662
286682
286701
286720
286739
286759
286778
286797
286817
286836
286855
286875
286894
286913
286933
286952
286971
286990
287010
287029
287048
287068
287087
287106
287126
287145
287164
287184
287203
287222
287242
287261
287280
287299
287319
287338
287357
287377
287396
287415
287435
287454
287473
287493
287512
287531
287551
287570
287589
287608
287628
287647
287666
287686
287705
287724
287744
287763
287782
287802
287821
287840
287859
287879
287898
287917
287937
287956
287975
287995
288014
288033
288053
288072
288091
288111
288130
288149
288168
288188
288207
288226
288246
288265
288284
288304
288323
288342
288362
288381
288400
288419
288439
288458
288477
288497
288516
288535
288555
288574
288593
288613
288632
288651
288671
288690
288709
288728
288748
288767
288786
288806
288825
288844
288864
288883
288902
288922
288941
288960
288979
288999
289018
289037
289057
289076
289095
289115
289134
289153
289173
289192
289211
289231
289250
289269
289288
289308
289327
289346
289366
289385
289404
289424
289443
289462
289482
289501
289520
289539
289559
289578
289597
289617
289636
289655
289675
289694
289713
289733
289752
289771
289791
289810
289829
289848
289868
289887
289906
289926
289945
289964
289984
290032
290062
290092
290122
290152
290182
290212
290242
290273
290303
290333
290363
290393
290423
290453
290483
290514
290544
290574
290604
290634
290664
290694
290724
290755
290785
290815
290845
290875
290905
290935
290965
290996
291026
291056
291086
291116
291146
291176
291206
291237
291267
291297
291327
291357
291387
291417
291447
291478
291508
291538
291568
291598
291628
291658
291688
291718
291749
291779
291809
291839
291869
291899
291929
291959
291990
292020
292050
292080
292110
292140
292170
292200
292231
292261
292291
292321
292351
292381
292411
292441
292472
292502
292532
292562
292592
292622
292652
292682
292713
292743
292773
292803
292833
292863
292893
292923
292954
292984
293014
293044
293074
293104
293134
293164
293195
293225
293255
293285
293315
293345
293375
293405
293435
293466
293496
293526
293556
293586
293616
293646
293676
293707
293737
293767
293797
293827
293857
293887
293917
293948
293978
294008
294038
294068
294098
294128
294158
294189
294219
294249
294279
294309
294339
294369
294399
294430
294460
294490
294520
294550
294580
294610
294640
294671
294701
294731
294761
294791
294821
294851
294881
294912
294942
294972
295021
295040
295059
295079
295098
295117
295137
295156
295175
295195
295214
295233
295253
295272
295291
295310
295330
295349
295368
295388
295407
295426
295446
295465
295484
295504
295523
295542
295561
295581
295600
295619
295639
295658
295677
295697
295716
295735
295755
295774
295793
295812
295832
295851
295870
295890
295909
295928
295948
295967
295986
296006
296025
296044
296063
296083
296102
296121
296141
296160
296179
296199
296218
296237
296257
296276
296295
296315
296334
296353
296372
296392
296411
296430
296450
296469
296488
296508
296527
296546
296566
296585
296604
296623
296643
296662
296681
296701
296720
296739
296759
296778
296797
296817
296836
296855
296874
296894
296913
296932
296952
296971
296990
297010
297029
297048
297068
297087
297106
297125
297145
297164
297183
297203
297222
297241
297261
297280
297299
297319
297338
297357
297377
297396
297415
297434
297454
297473
297492
297512
297531
297550
297570
297589
297608
297628
297647
297666
297685
297705
297724
297743
297763
297782
297801
297821
297840
297859
297879
297898
297917
297936
297956
297975
297994
298014
298033
298052
298072
298091
298110
298130
298149
298168
298187
298207
298226
298245
298265
298284
298303
298323
298342
298361
298381
298400
298419
298439
298458
298477
298496
298516
298535
298554
298574
298593
298612
298632
298651
298670
298690
298709
298728
298747
298767
298786
298805
298825
298844
298863
298883
298902
298921
298941
298960
298979
298998
299018
299037
299056
299076
299095
299114
299134
299153
299172
299192
299211
299230
299249
299269
299288
299307
299327
299346
299365
299385
299404
299423
299443
299462
299481
299501
299520
299539
299558
299578
299597
299616
299636
299655
299674
299694
299713
299732
299752
299771
299790
299809
299829
299848
299867
299887
299906
299925
299945
299964
299983
300031
300061
300091
300121
300151
300181
300210
300240
300270
300300
300330
300360
300390
300419
300449
300479
300509
300539
300569
300599
300628
300658
300688
300718
300748
300778
300807
300837
300867
300897
300927
300957
300987
301016
301046
301076
301106
301136
301166
301196
301225
301255
301285
301315
301345
301375
301404
301434
301464
301494
301524
301554
301584
301613
301643
301673
301703
301733
301763
301793
301822
301852
301882
301912
301942
301972
302001
302031
302061
302091
302121
302151
302181
302210
302240
302270
302300
302330
302360
302390
302419
302449
302479
302509
302539
302569
302598
302628
302658
302688
302718
302748
302778
302807
302837
302867
302897
302927
302957
302987
303016
303046
303076
303106
303136
303166
303195
303225
303255
303285
303315
303345
303375
303404
303434
303464
303494
303524
303554
303584
303613
303643
303673
303703
303733
303763
303792
303822
303852
303882
303912
303942
303972
304001
304031
304061
304091
304121
304151
304181
304210
304240
304270
304300
304330
304360
304389
304419
304449
304479
304509
304539
304569
304598
304628
304658
304688
304718
304748
304778
304807
304837
304867
304897
304927
304957
304986
305021
305040
305059
305078
305097
305117
305136
305155
305174
305193
305213
305232
305251
305270
305289
305309
305328
305347
305366
305385
305404
305424
305443
305462
305481
305500
305520
305539
305558
305577
305596
305616
305635
305654
305673
305692
305712
305731
305750
305769
305788
305807
305827
305846
305865
305884
305903
305923
305942
305961
305980
305999
306019
306038
306057
306076
306095
306114
306134
306153
306172
306191
306210
306230
306249
306268
306287
306306
306326
306345
306364
306383
306402
306422
306441
306460
306479
306498
306517
306537
306556
306575
306594
306613
306633
306652
306671
306690
306709
306729
306748
306767
306786
306805
306824
306844
306863
306882
306901
306920
306940
306959
306978
306997
307016
307036
307055
307074
307093
307112
307132
307151
307170
307189
307208
307227
307247
307266
307285
307304
307323
307343
307362
307381
307400
307419
307439
307458
307477
307496
307515
307534
307554
307573
307592
307611
307630
307650
307669
307688
307707
307726
307746
307765
307784
307803
307822
307842
307861
307880
307899
307918
307937
307957
307976
307995
308014
308033
308053
308072
308091
308110
308129
308149
308168
308187
308206
308225
308244
308264
308283
308302
308321
308340
308360
308379
308398
308417
308436
308456
308475
308494
308513
308532
308552
308571
308590
308609
308628
308647
308667
308686
308705
308724
308743
308763
308782
308801
308820
308839
308859
308878
308897
308916
308935
308954
308974
308993
309012
309031
309050
309070
309089
309108
309127
309146
309166
309185
309204
309223
309242
309262
309281
309300
309319
309338
309357
309377
309396
309415
309434
309453
309473
309492
309511
309530
309549
309569
309588
309607
309626
309645
309664
309684
309703
309722
309741
309760
309780
309799
309818
309837
309856
309876
309895
309914
309933
309952
309972
309991
310021
310040
310059
310079
310098
310117
310137
310156
310175
310194
310214
310233
310252
310272
310291
310310
310329
310349
310368
310387
310407
310426
310445
310464
310484
310503
310522
310542
310561
310580
310599
310619
310638
310657
310677
310696
310715
310734
310754
310773
310792
310812
310831
310850
310869
310889
310908
310927
310947
310966
310985
311004
311024
311043
311062
311082
311101
311120
311139
311159
311178
311197
311217
311236
311255
311274
311294
311313
311332
311352
311371
311390
311409
311429
311448
311467
311487
311506
311525
311545
311564
311583
311602
311622
311641
311660
311680
311699
311718
311737
311757
311776
311795
311815
311834
311853
311872
311892
311911
311930
311950
311969
311988
312007
312027
312046
312065
312085
312104
312123
312142
312162
312181
312200
312220
312239
312258
312277
312297
312316
312335
312355
312374
312393
312412
312432
312451
312470
312490
312509
312528
312547
312567
312586
312605
312625
312644
312663
312682
312702
312721
312740
312760
312779
312798
312817
312837
312856
312875
312895
312914
312933
312953
312972
312991
313010
313030
313049
313068
313088
313107
313126
313145
313165
313184
313203
313223
313242
313261
313280
313300
313319
313338
313358
313377
313396
313415
313435
313454
313473
313493
313512
313531
313550
313570
313589
313608
313628
313647
313666
313685
313705
313724
313743
313763
313782
313801
313820
313840
313859
313878
313898
313917
313936
313955
313975
313994
314013
314033
314052
314071
314090
314110
314129
314148
314168
314187
314206
314225
314245
314264
314283
314303
314322
314341
314361
314380
314399
314418
314438
314457
314476
314496
314515
314534
314553
314573
314592
314611
314631
314650
314669
314688
314708
314727
314746
314766
314785
314804
314823
314843
314862
314881
314901
314920
314939
314958
314978
314997
315021
315040
315059
315079
315098
315117
315137
315156
315175
315195
315214
315233
315253
315272
315291
315311
315330
315349
315369
315388
315407
315427
315446
315465
315485
315504
315523
315543
315562
315581
315601
315620
315639
315659
315678
315697
315717
315736
315755
315775
315794
315813
315833
315852
315871
315891
315910
315929
315949
315968
315987
316007
316026
316045
316065
316084
316103
316123
316142
316161
316181
316200
316219
316239
316258
316277
316297
316316
316335
316355
316374
316393
316413
316432
316451
316471
316490
316509
316529
316548
316567
316587
316606
316625
316644
316664
316683
316702
316722
316741
316760
316780
316799
316818
316838
316857
316876
316896
316915
316934
316954
316973
316992
317012
317031
317050
317070
317089
317108
317128
317147
317166
317186
317205
317224
317244
317263
317282
317302
317321
317340
317360
317379
317398
317418
317437
317456
317476
317495
317514
317534
317553
317572
317592
317611
317630
317650
317669
317688
317708
317727
317746
317766
317785
317804
317824
317843
317862
317882
317901
317920
317940
317959
317978
317998
318017
318036
318056
318075
318094
318114
318133
318152
318172
318191
318210
318229
318249
318268
318287
318307
318326
318345
318365
318384
318403
318423
318442
318461
318481
318500
318519
318539
318558
318577
318597
318616
318635
318655
318674
318693
318713
318732
318751
318771
318790
318809
318829
318848
318867
318887
318906
318925
318945
318964
318983
319003
319022
319041
319061
319080
319099
319119
319138
319157
319177
319196
319215
319235
319254
319273
319293
319312
319331
319351
319370
319389
319409
319428
319447
319467
319486
319505
319525
319544
319563
319583
319602
319621
319641
319660
319679
319699
319718
319737
319757
319776
319795
319814
319834
319853
319872
319892
319911
319930
319950
319969
319988
