0
23
44
66
87
109
130
152
173
194
216
237
259
280
302
323
345
366
387
409
430
452
473
495
516
538
559
580
602
623
645
666
688
709
731
752
773
795
816
838
859
881
902
924
945
966
988
1009
1031
1052
1074
1095
1116
1138
1159
1181
1202
1224
1245
1267
1288
1309
1331
1352
1374
1395
1417
1438
1460
1481
1502
1524
1545
1567
1588
1610
1631
1653
1674
1695
1717
1738
1760
1781
1803
1824
1846
1867
1888
1910
1931
1953
1974
1996
2017
2038
2060
2081
2103
2124
2146
2167
2189
2210
2231
2253
2274
2296
2317
2339
2360
2382
2403
2424
2446
2467
2489
2510
2532
2553
2575
2596
2617
2639
2660
2682
2703
2725
2746
2768
2789
2810
2832
2853
2875
2896
2918
2939
2960
2982
3003
3025
3046
3068
3089
3111
3132
3153
3175
3196
3218
3239
3261
3282
3304
3325
3346
3368
3389
3411
3432
3454
3475
3497
3518
3539
3561
3582
3604
3625
3647
3668
3690
3711
3732
3754
3775
3797
3818
3840
3861
3882
3904
3925
3947
3968
3990
4011
4033
4054
4075
4097
4118
4140
4161
4183
4204
4226
4247
4268
4290
4311
4333
4354
4376
4397
4419
4440
4461
4483
4504
4526
4547
4569
4590
4612
4633
4654
4676
4697
4719
4740
4762
4783
4805
4826
4847
4869
4890
4912
4933
4955
4976
4997
5023
5045
5067
5089
5111
5133
5155
5177
5199
5221
5243
5265
5287
5309
5331
5353
5375
5397
5419
5440
5462
5484
5506
5528
5550
5572
5594
5616
5638
5660
5682
5704
5726
5748
5770
5792
5814
5836
5857
5879
5901
5923
5945
5967
5989
6011
6033
6055
6077
6099
6121
6143
6165
6187
6209
6231
6253
6274
6296
6318
6340
6362
6384
6406
6428
6450
6472
6494
6516
6538
6560
6582
6604
6626
6648
6670
6691
6713
6735
6757
6779
6801
6823
6845
6867
6889
6911
6933
6955
6977
6999
7021
7043
7065
7087
7108
7130
7152
7174
7196
7218
7240
7262
7284
7306
7328
7350
7372
7394
7416
7438
7460
7482
7504
7525
7547
7569
7591
7613
7635
7657
7679
7701
7723
7745
7767
7789
7811
7833
7855
7877
7899
7921
7942
7964
7986
8008
8030
8052
8074
8096
8118
8140
8162
8184
8206
8228
8250
8272
8294
8316
8338
8359
8381
8403
8425
8447
8469
8491
8513
8535
8557
8579
8601
8623
8645
8667
8689
8711
8733
8755
8776
8798
8820
8842
8864
8886
8908
8930
8952
8974
8996
9018
9040
9062
9084
9106
9128
9150
9172
9193
9215
9237
9259
9281
9303
9325
9347
9369
9391
9413
9435
9457
9479
9501
9523
9545
9567
9589
9610
9632
9654
9676
9698
9720
9742
9764
9786
9808
9830
9852
9874
9896
9918
9940
9962
9984
10023
10045
10067
10089
10111
10133
10155
10177
10199
10221
10243
10265
10286
10308
10330
10352
10374
10396
10418
10440
10462
10484
10506
10528
10550
10571
10593
10615
10637
10659
10681
10703
10725
10747
10769
10791
10813
10835
10856
10878
10900
10922
10944
10966
10988
11010
11032
11054
11076
11098
11119
11141
11163
11185
11207
11229
11251
11273
11295
11317
11339
11361
11383
11404
11426
11448
11470
11492
11514
11536
11558
11580
11602
11624
11646
11668
11689
11711
11733
11755
11777
11799
11821
11843
11865
11887
11909
11931
11953
11974
11996
12018
12040
12062
12084
12106
12128
12150
12172
12194
12216
12237
12259
12281
12303
12325
12347
12369
12391
12413
12435
12457
12479
12501
12522
12544
12566
12588
12610
12632
12654
12676
12698
12720
12742
12764
12786
12807
12829
12851
12873
12895
12917
12939
12961
12983
13005
13027
13049
13070
13092
13114
13136
13158
13180
13202
13224
13246
13268
13290
13312
13334
13355
13377
13399
13421
13443
13465
13487
13509
13531
13553
13575
13597
13619
13640
13662
13684
13706
13728
13750
13772
13794
13816
13838
13860
13882
13904
13925
13947
13969
13991
14013
14035
14057
14079
14101
14123
14145
14167
14188
14210
14232
14254
14276
14298
14320
14342
14364
14386
14408
14430
14452
14473
14495
14517
14539
14561
14583
14605
14627
14649
14671
14693
14715
14737
14758
14780
14802
14824
14846
14868
14890
14912
14934
14956
14978
15000
15023
15045
15067
15089
15111
15132
15154
15176
15198
15220
15242
15263
15285
15307
15329
15351
15373
15394
15416
15438
15460
15482
15504
15525
15547
15569
15591
15613
15635
15656
15678
15700
15722
15744
15766
15787
15809
15831
15853
15875
15897
15918
15940
15962
15984
16006
16027
16049
16071
16093
16115
16137
16158
16180
16202
16224
16246
16268
16289
16311
16333
16355
16377
16399
16420
16442
16464
16486
16508
16530
16551
16573
16595
16617
16639
16661
16682
16704
16726
16748
16770
16792
16813
16835
16857
16879
16901
16923
16944
16966
16988
17010
17032
17053
17075
17097
17119
17141
17163
17184
17206
17228
17250
17272
17294
17315
17337
17359
17381
17403
17425
17446
17468
17490
17512
17534
17556
17577
17599
17621
17643
17665
17687
17708
17730
17752
17774
17796
17818
17839
17861
17883
17905
17927
17949
17970
17992
18014
18036
18058
18079
18101
18123
18145
18167
18189
18210
18232
18254
18276
18298
18320
18341
18363
18385
18407
18429
18451
18472
18494
18516
18538
18560
18582
18603
18625
18647
18669
18691
18713
18734
18756
18778
18800
18822
18844
18865
18887
18909
18931
18953
18975
18996
19018
19040
19062
19084
19105
19127
19149
19171
19193
19215
19236
19258
19280
19302
19324
19346
19367
19389
19411
19433
19455
19477
19498
19520
19542
19564
19586
19608
19629
19651
19673
19695
19717
19739
19760
19782
19804
19826
19848
19870
19891
19913
19935
19957
19979
20000
20023
20044
20065
20086
20107
20128
20149
20170
20191
20212
20234
20255
20276
20297
20318
20339
20360
20381
20402
20423
20445
20466
20487
20508
20529
20550
20571
20592
20613
20634
20656
20677
20698
20719
20740
20761
20782
20803
20824
20845
20867
20888
20909
20930
20951
20972
20993
21014
21035
21056
21078
21099
21120
21141
21162
21183
21204
21225
21246
21267
21289
21310
21331
21352
21373
21394
21415
21436
21457
21478
21500
21521
21542
21563
21584
21605
21626
21647
21668
21689
21711
21732
21753
21774
21795
21816
21837
21858
21879
21900
21922
21943
21964
21985
22006
22027
22048
22069
22090
22111
22133
22154
22175
22196
22217
22238
22259
22280
22301
22322
22344
22365
22386
22407
22428
22449
22470
22491
22512
22533
22555
22576
22597
22618
22639
22660
22681
22702
22723
22744
22766
22787
22808
22829
22850
22871
22892
22913
22934
22955
22976
22998
23019
23040
23061
23082
23103
23124
23145
23166
23187
23209
23230
23251
23272
23293
23314
23335
23356
23377
23398
23420
23441
23462
23483
23504
23525
23546
23567
23588
23609
23631
23652
23673
23694
23715
23736
23757
23778
23799
23820
23842
23863
23884
23905
23926
23947
23968
23989
24010
24031
24053
24074
24095
24116
24137
24158
24179
24200
24221
24242
24264
24285
24306
24327
24348
24369
24390
24411
24432
24453
24475
24496
24517
24538
24559
24580
24601
24622
24643
24664
24686
24707
24728
24749
24770
24791
24812
24833
24854
24875
24897
24918
24939
24960
24981
25023
25045
25067
25089
25111
25133
25155
25176
25198
25220
25242
25264
25286
25308
25330
25351
25373
25395
25417
25439
25461
25483
25504
25526
25548
25570
25592
25614
25636
25658
25679
25701
25723
25745
25767
25789
25811
25833
25854
25876
25898
25920
25942
25964
25986
26007
26029
26051
26073
26095
26117
26139
26161
26182
26204
26226
26248
26270
26292
26314
26335
26357
26379
26401
26423
26445
26467
26489
26510
26532
26554
26576
26598
26620
26642
26664
26685
26707
26729
26751
26773
26795
26817
26838
26860
26882
26904
26926
26948
26970
26992
27013
27035
27057
27079
27101
27123
27145
27166
27188
27210
27232
27254
27276
27298
27320
27341
27363
27385
27407
27429
27451
27473
27495
27516
27538
27560
27582
27604
27626
27648
27669
27691
27713
27735
27757
27779
27801
27823
27844
27866
27888
27910
27932
27954
27976
27998
28019
28041
28063
28085
28107
28129
28151
28172
28194
28216
28238
28260
28282
28304
28326
28347
28369
28391
28413
28435
28457
28479
28500
28522
28544
28566
28588
28610
28632
28654
28675
28697
28719
28741
28763
28785
28807
28829
28850
28872
28894
28916
28938
28960
28982
29003
29025
29047
29069
29091
29113
29135
29157
29178
29200
29222
29244
29266
29288
29310
29331
29353
29375
29397
29419
29441
29463
29485
29506
29528
29550
29572
29594
29616
29638
29660
29681
29703
29725
29747
29769
29791
29813
29834
29856
29878
29900
29922
29944
29966
29988
30023
30045
30067
30089
30111
30133
30155
30177
30199
30221
30243
30265
30287
30309
30331
30353
30375
30397
30419
30441
30463
30485
30507
30529
30551
30573
30595
30617
30639
30661
30683
30705
30727
30749
30771
30793
30815
30837
30859
30881
30903
30925
30947
30969
30991
31013
31035
31057
31079
31101
31123
31145
31167
31189
31211
31233
31255
31277
31299
31321
31343
31365
31387
31409
31431
31453
31475
31497
31519
31541
31563
31585
31607
31629
31651
31673
31695
31717
31739
31761
31783
31805
31827
31849
31871
31893
31915
31937
31959
31981
32003
32025
32047
32069
32091
32113
32135
32157
32179
32201
32223
32245
32267
32289
32311
32333
32355
32377
32399
32421
32443
32465
32487
32509
32531
32553
32575
32597
32619
32641
32663
32685
32707
32729
32751
32773
32795
32817
32839
32861
32883
32905
32927
32949
32971
32993
33015
33037
33059
33081
33103
33125
33147
33169
33191
33213
33235
33257
33279
33301
33323
33345
33367
33389
33411
33433
33455
33477
33499
33521
33543
33565
33587
33609
33631
33653
33675
33697
33719
33741
33763
33785
33807
33829
33851
33873
33895
33917
33939
33961
33983
34005
34027
34049
34071
34093
34115
34137
34159
34181
34203
34225
34247
34269
34291
34313
34335
34357
34379
34401
34423
34445
34467
34489
34511
34533
34555
34577
34599
34621
34643
34665
34687
34709
34731
34753
34775
34797
34819
34841
34863
34885
34907
34929
34951
34973
34995
35023
35044
35065
35086
35108
35129
35150
35171
35193
35214
35235
35256
35278
35299
35320
35341
35363
35384
35405
35426
35448
35469
35490
35511
35533
35554
35575
35596
35618
35639
35660
35681
35702
35724
35745
35766
35787
35809
35830
35851
35872
35894
35915
35936
35957
35979
36000
36021
36042
36064
36085
36106
36127
36149
36170
36191
36212
36234
36255
36276
36297
36319
36340
36361
36382
36403
36425
36446
36467
36488
36510
36531
36552
36573
36595
36616
36637
36658
36680
36701
36722
36743
36765
36786
36807
36828
36850
36871
36892
36913
36935
36956
36977
36998
37019
37041
37062
37083
37104
37126
37147
37168
37189
37211
37232
37253
37274
37296
37317
37338
37359
37381
37402
37423
37444
37466
37487
37508
37529
37551
37572
37593
37614
37636
37657
37678
37699
37720
37742
37763
37784
37805
37827
37848
37869
37890
37912
37933
37954
37975
37997
38018
38039
38060
38082
38103
38124
38145
38167
38188
38209
38230
38252
38273
38294
38315
38336
38358
38379
38400
38421
38443
38464
38485
38506
38528
38549
38570
38591
38613
38634
38655
38676
38698
38719
38740
38761
38783
38804
38825
38846
38868
38889
38910
38931
38953
38974
38995
39016
39037
39059
39080
39101
39122
39144
39165
39186
39207
39229
39250
39271
39292
39314
39335
39356
39377
39399
39420
39441
39462
39484
39505
39526
39547
39569
39590
39611
39632
39653
39675
39696
39717
39738
39760
39781
39802
39823
39845
39866
39887
39908
39930
39951
39972
39993
40023
40044
40066
40087
40108
40130
40151
40172
40194
40215
40237
40258
40279
40301
40322
40343
40365
40386
40408
40429
40450
40472
40493
40514
40536
40557
40578
40600
40621
40643
40664
40685
40707
40728
40749
40771
40792
40814
40835
40856
40878
40899
40920
40942
40963
40985
41006
41027
41049
41070
41091
41113
41134
41155
41177
41198
41220
41241
41262
41284
41305
41326
41348
41369
41391
41412
41433
41455
41476
41497
41519
41540
41561
41583
41604
41626
41647
41668
41690
41711
41732
41754
41775
41797
41818
41839
41861
41882
41903
41925
41946
41968
41989
42010
42032
42053
42074
42096
42117
42138
42160
42181
42203
42224
42245
42267
42288
42309
42331
42352
42374
42395
42416
42438
42459
42480
42502
42523
42545
42566
42587
42609
42630
42651
42673
42694
42715
42737
42758
42780
42801
42822
42844
42865
42886
42908
42929
42951
42972
42993
43015
43036
43057
43079
43100
43121
43143
43164
43186
43207
43228
43250
43271
43292
43314
43335
43357
43378
43399
43421
43442
43463
43485
43506
43528
43549
43570
43592
43613
43634
43656
43677
43698
43720
43741
43763
43784
43805
43827
43848
43869
43891
43912
43934
43955
43976
43998
44019
44040
44062
44083
44105
44126
44147
44169
44190
44211
44233
44254
44275
44297
44318
44340
44361
44382
44404
44425
44446
44468
44489
44511
44532
44553
44575
44596
44617
44639
44660
44681
44703
44724
44746
44767
44788
44810
44831
44852
44874
44895
44917
44938
44959
44981
45023
45044
45066
45087
45109
45130
45151
45173
45194
45216
45237
45258
45280
45301
45323
45344
45365
45387
45408
45430
45451
45472
45494
45515
45537
45558
45580
45601
45622
45644
45665
45687
45708
45729
45751
45772
45794
45815
45836
45858
45879
45901
45922
45943
45965
45986
46008
46029
46050
46072
46093
46115
46136
46158
46179
46200
46222
46243
46265
46286
46307
46329
46350
46372
46393
46414
46436
46457
46479
46500
46521
46543
46564
46586
46607
46628
46650
46671
46693
46714
46736
46757
46778
46800
46821
46843
46864
46885
46907
46928
46950
46971
46992
47014
47035
47057
47078
47099
47121
47142
47164
47185
47206
47228
47249
47271
47292
47314
47335
47356
47378
47399
47421
47442
47463
47485
47506
47528
47549
47570
47592
47613
47635
47656
47677
47699
47720
47742
47763
47784
47806
47827
47849
47870
47892
47913
47934
47956
47977
47999
48020
48041
48063
48084
48106
48127
48148
48170
48191
48213
48234
48255
48277
48298
48320
48341
48362
48384
48405
48427
48448
48470
48491
48512
48534
48555
48577
48598
48619
48641
48662
48684
48705
48726
48748
48769
48791
48812
48833
48855
48876
48898
48919
48940
48962
48983
49005
49026
49048
49069
49090
49112
49133
49155
49176
49197
49219
49240
49262
49283
49304
49326
49347
49369
49390
49411
49433
49454
49476
49497
49518
49540
49561
49583
49604
49626
49647
49668
49690
49711
49733
49754
49775
49797
49818
49840
49861
49882
49904
49925
49947
49968
49989
50023
50044
50066
50087
50109
50130
50151
50173
50194
50216
50237
50259
50280
50301
50323
50344
50366
50387
50409
50430
50451
50473
50494
50516
50537
50558
50580
50601
50623
50644
50666
50687
50708
50730
50751
50773
50794
50816
50837
50858
50880
50901
50923
50944
50965
50987
51008
51030
51051
51073
51094
51115
51137
51158
51180
51201
51223
51244
51265
51287
51308
51330
51351
51372
51394
51415
51437
51458
51480
51501
51522
51544
51565
51587
51608
51630
51651
51672
51694
51715
51737
51758
51779
51801
51822
51844
51865
51887
51908
51929
51951
51972
51994
52015
52037
52058
52079
52101
52122
52144
52165
52187
52208
52229
52251
52272
52294
52315
52336
52358
52379
52401
52422
52444
52465
52486
52508
52529
52551
52572
52594
52615
52636
52658
52679
52701
52722
52743
52765
52786
52808
52829
52851
52872
52893
52915
52936
52958
52979
53001
53022
53043
53065
53086
53108
53129
53150
53172
53193
53215
53236
53258
53279
53300
53322
53343
53365
53386
53408
53429
53450
53472
53493
53515
53536
53557
53579
53600
53622
53643
53665
53686
53707
53729
53750
53772
53793
53815
53836
53857
53879
53900
53922
53943
53965
53986
54007
54029
54050
54072
54093
54114
54136
54157
54179
54200
54222
54243
54264
54286
54307
54329
54350
54372
54393
54414
54436
54457
54479
54500
54521
54543
54564
54586
54607
54629
54650
54671
54693
54714
54736
54757
54779
54800
54821
54843
54864
54886
54907
54928
54950
54971
54993
55023
55045
55067
55089
55110
55132
55154
55176
55198
55219
55241
55263
55285
55307
55328
55350
55372
55394
55416
55437
55459
55481
55503
55525
55546
55568
55590
55612
55634
55655
55677
55699
55721
55743
55764
55786
55808
55830
55852
55873
55895
55917
55939
55961
55982
56004
56026
56048
56070
56091
56113
56135
56157
56179
56200
56222
56244
56266
56288
56309
56331
56353
56375
56397
56418
56440
56462
56484
56506
56527
56549
56571
56593
56615
56636
56658
56680
56702
56724
56745
56767
56789
56811
56833
56854
56876
56898
56920
56942
56963
56985
57007
57029
57051
57072
57094
57116
57138
57160
57181
57203
57225
57247
57269
57290
57312
57334
57356
57378
57399
57421
57443
57465
57487
57508
57530
57552
57574
57596
57617
57639
57661
57683
57704
57726
57748
57770
57792
57813
57835
57857
57879
57901
57922
57944
57966
57988
58010
58031
58053
58075
58097
58119
58140
58162
58184
58206
58228
58249
58271
58293
58315
58337
58358
58380
58402
58424
58446
58467
58489
58511
58533
58555
58576
58598
58620
58642
58664
58685
58707
58729
58751
58773
58794
58816
58838
58860
58882
58903
58925
58947
58969
58991
59012
59034
59056
59078
59100
59121
59143
59165
59187
59209
59230
59252
59274
59296
59318
59339
59361
59383
59405
59427
59448
59470
59492
59514
59536
59557
59579
59601
59623
59645
59666
59688
59710
59732
59754
59775
59797
59819
59841
59863
59884
59906
59928
59950
59972
59993
60023
60045
60066
60088
60110
60131
60153
60174
60196
60218
60239
60261
60283
60304
60326
60347
60369
60391
60412
60434
60456
60477
60499
60520
60542
60564
60585
60607
60629
60650
60672
60693
60715
60737
60758
60780
60802
60823
60845
60866
60888
60910
60931
60953
60975
60996
61018
61039
61061
61083
61104
61126
61147
61169
61191
61212
61234
61256
61277
61299
61320
61342
61364
61385
61407
61429
61450
61472
61493
61515
61537
61558
61580
61602
61623
61645
61666
61688
61710
61731
61753
61775
61796
61818
61839
61861
61883
61904
61926
61948
61969
61991
62012
62034
62056
62077
62099
62120
62142
62164
62185
62207
62229
62250
62272
62293
62315
62337
62358
62380
62402
62423
62445
62466
62488
62510
62531
62553
62575
62596
62618
62639
62661
62683
62704
62726
62748
62769
62791
62812
62834
62856
62877
62899
62921
62942
62964
62985
63007
63029
63050
63072
63094
63115
63137
63158
63180
63202
63223
63245
63266
63288
63310
63331
63353
63375
63396
63418
63439
63461
63483
63504
63526
63548
63569
63591
63612
63634
63656
63677
63699
63721
63742
63764
63785
63807
63829
63850
63872
63894
63915
63937
63958
63980
64002
64023
64045
64067
64088
64110
64131
64153
64175
64196
64218
64239
64261
64283
64304
64326
64348
64369
64391
64412
64434
64456
64477
64499
64521
64542
64564
64585
64607
64629
64650
64672
64694
64715
64737
64758
64780
64802
64823
64845
64867
64888
64910
64931
64953
64975
64996
65023
65044
65065
65086
65108
65129
65150
65171
65192
65214
65235
65256
65277
65298
65320
65341
65362
65383
65404
65426
65447
65468
65489
65510
65532
65553
65574
65595
65616
65638
65659
65680
65701
65722
65744
65765
65786
65807
65828
65850
65871
65892
65913
65934
65956
65977
65998
66019
66040
66062
66083
66104
66125
66146
66168
66189
66210
66231
66252
66274
66295
66316
66337
66358
66380
66401
66422
66443
66464
66486
66507
66528
66549
66570
66592
66613
66634
66655
66676
66698
66719
66740
66761
66782
66804
66825
66846
66867
66888
66910
66931
66952
66973
66995
67016
67037
67058
67079
67101
67122
67143
67164
67185
67207
67228
67249
67270
67291
67313
67334
67355
67376
67397
67419
67440
67461
67482
67503
67525
67546
67567
67588
67609
67631
67652
67673
67694
67715
67737
67758
67779
67800
67821
67843
67864
67885
67906
67927
67949
67970
67991
68012
68033
68055
68076
68097
68118
68139
68161
68182
68203
68224
68245
68267
68288
68309
68330
68351
68373
68394
68415
68436
68457
68479
68500
68521
68542
68563
68585
68606
68627
68648
68669
68691
68712
68733
68754
68775
68797
68818
68839
68860
68881
68903
68924
68945
68966
68988
69009
69030
69051
69072
69094
69115
69136
69157
69178
69200
69221
69242
69263
69284
69306
69327
69348
69369
69390
69412
69433
69454
69475
69496
69518
69539
69560
69581
69602
69624
69645
69666
69687
69708
69730
69751
69772
69793
69814
69836
69857
69878
69899
69920
69942
69963
69984
70024
70046
70068
70090
70112
70134
70156
70178
70200
70222
70244
70266
70288
70310
70332
70354
70376
70398
70420
70442
70464
70486
70508
70530
70552
70574
70596
70618
70640
70662
70684
70706
70728
70750
70772
70794
70816
70838
70860
70882
70904
70926
70948
70970
70992
71014
71036
71058
71080
71102
71124
71146
71168
71190
71212
71234
71256
71278
71300
71322
71344
71366
71388
71410
71432
71454
71476
71498
71520
71542
71564
71586
71608
71630
71652
71674
71696
71718
71740
71762
71784
71806
71828
71850
71872
71894
71916
71938
71960
71982
72004
72026
72048
72070
72092
72114
72136
72158
72180
72202
72224
72246
72268
72290
72312
72334
72356
72378
72400
72422
72445
72467
72489
72511
72533
72555
72577
72599
72621
72643
72665
72687
72709
72731
72753
72775
72797
72819
72841
72863
72885
72907
72929
72951
72973
72995
73017
73039
73061
73083
73105
73127
73149
73171
73193
73215
73237
73259
73281
73303
73325
73347
73369
73391
73413
73435
73457
73479
73501
73523
73545
73567
73589
73611
73633
73655
73677
73699
73721
73743
73765
73787
73809
73831
73853
73875
73897
73919
73941
73963
73985
74007
74029
74051
74073
74095
74117
74139
74161
74183
74205
74227
74249
74271
74293
74315
74337
74359
74381
74403
74425
74447
74469
74491
74513
74535
74557
74579
74601
74623
74645
74667
74689
74711
74733
74755
74777
74799
74821
74843
74866
74888
74910
74932
74954
74976
74998
75023
75045
75066
75088
75109
75131
75152
75174
75195
75217
75238
75260
75281
75303
75325
75346
75368
75389
75411
75432
75454
75475
75497
75518
75540
75561
75583
75604
75626
75648
75669
75691
75712
75734
75755
75777
75798
75820
75841
75863
75884
75906
75928
75949
75971
75992
76014
76035
76057
76078
76100
76121
76143
76164
76186
76207
76229
76251
76272
76294
76315
76337
76358
76380
76401
76423
76444
76466
76487
76509
76530
76552
76574
76595
76617
76638
76660
76681
76703
76724
76746
76767
76789
76810
76832
76854
76875
76897
76918
76940
76961
76983
77004
77026
77047
77069
77090
77112
77133
77155
77177
77198
77220
77241
77263
77284
77306
77327
77349
77370
77392
77413
77435
77457
77478
77500
77521
77543
77564
77586
77607
77629
77650
77672
77693
77715
77736
77758
77780
77801
77823
77844
77866
77887
77909
77930
77952
77973
77995
78016
78038
78059
78081
78103
78124
78146
78167
78189
78210
78232
78253
78275
78296
78318
78339
78361
78383
78404
78426
78447
78469
78490
78512
78533
78555
78576
78598
78619
78641
78662
78684
78706
78727
78749
78770
78792
78813
78835
78856
78878
78899
78921
78942
78964
78985
79007
79029
79050
79072
79093
79115
79136
79158
79179
79201
79222
79244
79265
79287
79309
79330
79352
79373
79395
79416
79438
79459
79481
79502
79524
79545
79567
79588
79610
79632
79653
79675
79696
79718
79739
79761
79782
79804
79825
79847
79868
79890
79912
79933
79955
79976
79998
80023
80044
80066
80087
80109
80130
80152
80173
80195
80216
80238
80259
80281
80302
80324
80345
80367
80388
80410
80431
80453
80474
80496
80517
80539
80560
80582
80603
80625
80646
80668
80689
80711
80732
80754
80775
80796
80818
80839
80861
80882
80904
80925
80947
80968
80990
81011
81033
81054
81076
81097
81119
81140
81162
81183
81205
81226
81248
81269
81291
81312
81334
81355
81377
81398
81420
81441
81463
81484
81506
81527
81549
81570
81591
81613
81634
81656
81677
81699
81720
81742
81763
81785
81806
81828
81849
81871
81892
81914
81935
81957
81978
82000
82021
82043
82064
82086
82107
82129
82150
82172
82193
82215
82236
82258
82279
82301
82322
82343
82365
82386
82408
82429
82451
82472
82494
82515
82537
82558
82580
82601
82623
82644
82666
82687
82709
82730
82752
82773
82795
82816
82838
82859
82881
82902
82924
82945
82967
82988
83010
83031
83053
83074
83096
83117
83138
83160
83181
83203
83224
83246
83267
83289
83310
83332
83353
83375
83396
83418
83439
83461
83482
83504
83525
83547
83568
83590
83611
83633
83654
83676
83697
83719
83740
83762
83783
83805
83826
83848
83869
83890
83912
83933
83955
83976
83998
84019
84041
84062
84084
84105
84127
84148
84170
84191
84213
84234
84256
84277
84299
84320
84342
84363
84385
84406
84428
84449
84471
84492
84514
84535
84557
84578
84600
84621
84643
84664
84685
84707
84728
84750
84771
84793
84814
84836
84857
84879
84900
84922
84943
84965
84986
85023
85045
85067
85089
85111
85133
85155
85177
85199
85221
85243
85264
85286
85308
85330
85352
85374
85396
85418
85440
85462
85484
85506
85527
85549
85571
85593
85615
85637
85659
85681
85703
85725
85747
85769
85790
85812
85834
85856
85878
85900
85922
85944
85966
85988
86010
86031
86053
86075
86097
86119
86141
86163
86185
86207
86229
86251
86273
86294
86316
86338
86360
86382
86404
86426
86448
86470
86492
86514
86536
86557
86579
86601
86623
86645
86667
86689
86711
86733
86755
86777
86798
86820
86842
86864
86886
86908
86930
86952
86974
86996
87018
87040
87061
87083
87105
87127
87149
87171
87193
87215
87237
87259
87281
87303
87324
87346
87368
87390
87412
87434
87456
87478
87500
87522
87544
87566
87587
87609
87631
87653
87675
87697
87719
87741
87763
87785
87807
87828
87850
87872
87894
87916
87938
87960
87982
88004
88026
88048
88070
88091
88113
88135
88157
88179
88201
88223
88245
88267
88289
88311
88333
88354
88376
88398
88420
88442
88464
88486
88508
88530
88552
88574
88595
88617
88639
88661
88683
88705
88727
88749
88771
88793
88815
88837
88858
88880
88902
88924
88946
88968
88990
89012
89034
89056
89078
89100
89121
89143
89165
89187
89209
89231
89253
89275
89297
89319
89341
89363
89384
89406
89428
89450
89472
89494
89516
89538
89560
89582
89604
89625
89647
89669
89691
89713
89735
89757
89779
89801
89823
89845
89867
89888
89910
89932
89954
89976
89998
90023
90044
90066
90087
90108
90130
90151
90172
90194
90215
90236
90258
90279
90300
90322
90343
90365
90386
90407
90429
90450
90471
90493
90514
90535
90557
90578
90599
90621
90642
90664
90685
90706
90728
90749
90770
90792
90813
90834
90856
90877
90898
90920
90941
90962
90984
91005
91027
91048
91069
91091
91112
91133
91155
91176
91197
91219
91240
91261
91283
91304
91326
91347
91368
91390
91411
91432
91454
91475
91496
91518
91539
91560
91582
91603
91624
91646
91667
91689
91710
91731
91753
91774
91795
91817
91838
91859
91881
91902
91923
91945
91966
91988
92009
92030
92052
92073
92094
92116
92137
92158
92180
92201
92222
92244
92265
92286
92308
92329
92351
92372
92393
92415
92436
92457
92479
92500
92521
92543
92564
92585
92607
92628
92650
92671
92692
92714
92735
92756
92778
92799
92820
92842
92863
92884
92906
92927
92948
92970
92991
93013
93034
93055
93077
93098
93119
93141
93162
93183
93205
93226
93247
93269
93290
93312
93333
93354
93376
93397
93418
93440
93461
93482
93504
93525
93546
93568
93589
93610
93632
93653
93675
93696
93717
93739
93760
93781
93803
93824
93845
93867
93888
93909
93931
93952
93974
93995
94016
94038
94059
94080
94102
94123
94144
94166
94187
94208
94230
94251
94272
94294
94315
94337
94358
94379
94401
94422
94443
94465
94486
94507
94529
94550
94571
94593
94614
94636
94657
94678
94700
94721
94742
94764
94785
94806
94828
94849
94870
94892
94913
94934
94956
94977
94999
95023
95044
95066
95087
95109
95130
95152
95173
95195
95216
95238
95259
95281
95302
95324
95345
95367
95388
95410
95431
95453
95474
95496
95517
95539
95560
95582
95603
95625
95646
95668
95689
95711
95732
95754
95775
95797
95818
95840
95861
95882
95904
95925
95947
95968
95990
96011
96033
96054
96076
96097
96119
96140
96162
96183
96205
96226
96248
96269
96291
96312
96334
96355
96377
96398
96420
96441
96463
96484
96506
96527
96549
96570
96592
96613
96635
96656
96678
96699
96720
96742
96763
96785
96806
96828
96849
96871
96892
96914
96935
96957
96978
97000
97021
97043
97064
97086
97107
97129
97150
97172
97193
97215
97236
97258
97279
97301
97322
97344
97365
97387
97408
97430
97451
97473
97494
97516
97537
97558
97580
97601
97623
97644
97666
97687
97709
97730
97752
97773
97795
97816
97838
97859
97881
97902
97924
97945
97967
97988
98010
98031
98053
98074
98096
98117
98139
98160
98182
98203
98225
98246
98268
98289
98311
98332
98354
98375
98396
98418
98439
98461
98482
98504
98525
98547
98568
98590
98611
98633
98654
98676
98697
98719
98740
98762
98783
98805
98826
98848
98869
98891
98912
98934
98955
98977
98998
99020
99041
99063
99084
99106
99127
99149
99170
99192
99213
99234
99256
99277
99299
99320
99342
99363
99385
99406
99428
99449
99471
99492
99514
99535
99557
99578
99600
99621
99643
99664
99686
99707
99729
99750
99772
99793
99815
99836
99858
99879
99901
99922
99944
99965
99987
100023
100044
100065
100086
100107
100129
100150
100171
100192
100213
100234
100256
100277
100298
100319
100340
100362
100383
100404
100425
100446
100467
100489
100510
100531
100552
100573
100594
100616
100637
100658
100679
100700
100722
100743
100764
100785
100806
100827
100849
100870
100891
100912
100933
100954
100976
100997
101018
101039
101060
101082
101103
101124
101145
101166
101187
101209
101230
101251
101272
101293
101314
101336
101357
101378
101399
101420
101442
101463
101484
101505
101526
101547
101569
101590
101611
101632
101653
101674
101696
101717
101738
101759
101780
101802
101823
101844
101865
101886
101907
101929
101950
101971
101992
102013
102034
102056
102077
102098
102119
102140
102162
102183
102204
102225
102246
102267
102289
102310
102331
102352
102373
102394
102416
102437
102458
102479
102500
102522
102543
102564
102585
102606
102627
102649
102670
102691
102712
102733
102754
102776
102797
102818
102839
102860
102882
102903
102924
102945
102966
102987
103009
103030
103051
103072
103093
103114
103136
103157
103178
103199
103220
103242
103263
103284
103305
103326
103347
103369
103390
103411
103432
103453
103474
103496
103517
103538
103559
103580
103602
103623
103644
103665
103686
103707
103729
103750
103771
103792
103813
103834
103856
103877
103898
103919
103940
103962
103983
104004
104025
104046
104067
104089
104110
104131
104152
104173
104194
104216
104237
104258
104279
104300
104322
104343
104364
104385
104406
104427
104449
104470
104491
104512
104533
104554
104576
104597
104618
104639
104660
104682
104703
104724
104745
104766
104787
104809
104830
104851
104872
104893
104914
104936
104957
104978
104999
105030
105059
105087
105116
105145
105173
105202
105231
105259
105288
105317
105345
105374
105403
105431
105460
105489
105517
105546
105575
105603
105632
105660
105689
105718
105746
105775
105804
105832
105861
105890
105918
105947
105976
106004
106033
106062
106090
106119
106148
106176
106205
106233
106262
106291
106319
106348
106377
106405
106434
106463
106491
106520
106549
106577
106606
106635
106663
106692
106721
106749
106778
106806
106835
106864
106892
106921
106950
106978
107007
107036
107064
107093
107122
107150
107179
107208
107236
107265
107294
107322
107351
107379
107408
107437
107465
107494
107523
107551
107580
107609
107637
107666
107695
107723
107752
107781
107809
107838
107867
107895
107924
107953
107981
108010
108038
108067
108096
108124
108153
108182
108210
108239
108268
108296
108325
108354
108382
108411
108440
108468
108497
108526
108554
108583
108611
108640
108669
108697
108726
108755
108783
108812
108841
108869
108898
108927
108955
108984
109013
109041
109070
109099
109127
109156
109184
109213
109242
109270
109299
109328
109356
109385
109414
109442
109471
109500
109528
109557
109586
109614
109643
109672
109700
109729
109757
109786
109815
109843
109872
109901
109929
109958
109987
110023
110045
110067
110089
110111
110132
110154
110176
110198
110220
110241
110263
110285
110307
110329
110350
110372
110394
110416
110438
110459
110481
110503
110525
110547
110568
110590
110612
110634
110656
110677
110699
110721
110743
110765
110786
110808
110830
110852
110874
110895
110917
110939
110961
110983
111004
111026
111048
111070
111092
111113
111135
111157
111179
111201
111222
111244
111266
111288
111310
111331
111353
111375
111397
111419
111440
111462
111484
111506
111528
111549
111571
111593
111615
111637
111659
111680
111702
111724
111746
111768
111789
111811
111833
111855
111877
111898
111920
111942
111964
111986
112007
112029
112051
112073
112095
112116
112138
112160
112182
112204
112225
112247
112269
112291
112313
112334
112356
112378
112400
112422
112443
112465
112487
112509
112531
112552
112574
112596
112618
112640
112661
112683
112705
112727
112749
112770
112792
112814
112836
112858
112879
112901
112923
112945
112967
112988
113010
113032
113054
113076
113097
113119
113141
113163
113185
113207
113228
113250
113272
113294
113316
113337
113359
113381
113403
113425
113446
113468
113490
113512
113534
113555
113577
113599
113621
113643
113664
113686
113708
113730
113752
113773
113795
113817
113839
113861
113882
113904
113926
113948
113970
113991
114013
114035
114057
114079
114100
114122
114144
114166
114188
114209
114231
114253
114275
114297
114318
114340
114362
114384
114406
114427
114449
114471
114493
114515
114536
114558
114580
114602
114624
114645
114667
114689
114711
114733
114754
114776
114798
114820
114842
114864
114885
114907
114929
114951
114973
114994
115023
115045
115067
115089
115111
115133
115155
115177
115199
115221
115243
115265
115287
115309
115331
115353
115375
115397
115419
115441
115463
115485
115507
115529
115551
115573
115595
115617
115639
115661
115683
115705
115727
115749
115771
115793
115815
115837
115859
115881
115903
115925
115947
115969
115991
116012
116034
116056
116078
116100
116122
116144
116166
116188
116210
116232
116254
116276
116298
116320
116342
116364
116386
116408
116430
116452
116474
116496
116518
116540
116562
116584
116606
116628
116650
116672
116694
116716
116738
116760
116782
116804
116826
116848
116870
116892
116914
116936
116958
116980
117001
117023
117045
117067
117089
117111
117133
117155
117177
117199
117221
117243
117265
117287
117309
117331
117353
117375
117397
117419
117441
117463
117485
117507
117529
117551
117573
117595
117617
117639
117661
117683
117705
117727
117749
117771
117793
117815
117837
117859
117881
117903
117925
117947
117969
117991
118012
118034
118056
118078
118100
118122
118144
118166
118188
118210
118232
118254
118276
118298
118320
118342
118364
118386
118408
118430
118452
118474
118496
118518
118540
118562
118584
118606
118628
118650
118672
118694
118716
118738
118760
118782
118804
118826
118848
118870
118892
118914
118936
118958
118980
119001
119023
119045
119067
119089
119111
119133
119155
119177
119199
119221
119243
119265
119287
119309
119331
119353
119375
119397
119419
119441
119463
119485
119507
119529
119551
119573
119595
119617
119639
119661
119683
119705
119727
119749
119771
119793
119815
119837
119859
119881
119903
119925
119947
119969
119991
120023
120044
120065
120087
120108
120129
120151
120172
120193
120215
120236
120257
120279
120300
120321
120343
120364
120385
120407
120428
120449
120470
120492
120513
120534
120556
120577
120598
120620
120641
120662
120684
120705
120726
120748
120769
120790
120812
120833
120854
120876
120897
120918
120939
120961
120982
121003
121025
121046
121067
121089
121110
121131
121153
121174
121195
121217
121238
121259
121281
121302
121323
121345
121366
121387
121408
121430
121451
121472
121494
121515
121536
121558
121579
121600
121622
121643
121664
121686
121707
121728
121750
121771
121792
121814
121835
121856
121877
121899
121920
121941
121963
121984
122005
122027
122048
122069
122091
122112
122133
122155
122176
122197
122219
122240
122261
122283
122304
122325
122346
122368
122389
122410
122432
122453
122474
122496
122517
122538
122560
122581
122602
122624
122645
122666
122688
122709
122730
122752
122773
122794
122815
122837
122858
122879
122901
122922
122943
122965
122986
123007
123029
123050
123071
123093
123114
123135
123157
123178
123199
123221
123242
123263
123284
123306
123327
123348
123370
123391
123412
123434
123455
123476
123498
123519
123540
123562
123583
123604
123626
123647
123668
123690
123711
123732
123753
123775
123796
123817
123839
123860
123881
123903
123924
123945
123967
123988
124009
124031
124052
124073
124095
124116
124137
124159
124180
124201
124222
124244
124265
124286
124308
124329
124350
124372
124393
124414
124436
124457
124478
124500
124521
124542
124564
124585
124606
124628
124649
124670
124691
124713
124734
124755
124777
124798
124819
124841
124862
124883
124905
124926
124947
124969
124990
125023
125045
125067
125089
125111
125133
125155
125177
125199
125221
125243
125265
125287
125309
125331
125352
125374
125396
125418
125440
125462
125484
125506
125528
125550
125572
125594
125616
125638
125660
125681
125703
125725
125747
125769
125791
125813
125835
125857
125879
125901
125923
125945
125967
125989
126011
126032
126054
126076
126098
126120
126142
126164
126186
126208
126230
126252
126274
126296
126318
126340
126361
126383
126405
126427
126449
126471
126493
126515
126537
126559
126581
126603
126625
126647
126669
126691
126712
126734
126756
126778
126800
126822
126844
126866
126888
126910
126932
126954
126976
126998
127020
127041
127063
127085
127107
127129
127151
127173
127195
127217
127239
127261
127283
127305
127327
127349
127371
127392
127414
127436
127458
127480
127502
127524
127546
127568
127590
127612
127634
127656
127678
127700
127721
127743
127765
127787
127809
127831
127853
127875
127897
127919
127941
127963
127985
128007
128029
128051
128072
128094
128116
128138
128160
128182
128204
128226
128248
128270
128292
128314
128336
128358
128380
128401
128423
128445
128467
128489
128511
128533
128555
128577
128599
128621
128643
128665
128687
128709
128731
128752
128774
128796
128818
128840
128862
128884
128906
128928
128950
128972
128994
129016
129038
129060
129081
129103
129125
129147
129169
129191
129213
129235
129257
129279
129301
129323
129345
129367
129389
129411
129432
129454
129476
129498
129520
129542
129564
129586
129608
129630
129652
129674
129696
129718
129740
129761
129783
129805
129827
129849
129871
129893
129915
129937
129959
129981
130031
130060
130089
130119
130148
130177
130207
130236
130265
130295
130324
130353
130383
130412
130441
130471
130500
130529
130559
130588
130617
130647
130676
130705
130735
130764
130793
130823
130852
130881
130911
130940
130969
130999
131028
131057
131087
131116
131145
131175
131204
131233
131263
131292
131321
131351
131380
131409
131439
131468
131497
131527
131556
131585
131615
131644
131673
131703
131732
131761
131791
131820
131849
131879
131908
131937
131967
131996
132025
132055
132084
132113
132143
132172
132201
132231
132260
132289
132319
132348
132377
132407
132436
132465
132495
132524
132553
132583
132612
132641
132671
132700
132729
132759
132788
132817
132847
132876
132905
132935
132964
132993
133023
133052
133081
133111
133140
133169
133199
133228
133257
133287
133316
133345
133375
133404
133433
133463
133492
133521
133551
133580
133609
133639
133668
133697
133727
133756
133785
133815
133844
133873
133903
133932
133961
133991
134020
134049
134079
134108
134137
134167
134196
134225
134255
134284
134313
134343
134372
134401
134431
134460
134489
134519
134548
134577
134607
134636
134665
134695
134724
134753
134783
134812
134841
134871
134900
134929
134959
134988
135023
135045
135067
135088
135110
135132
135154
135175
135197
135219
135241
135262
135284
135306
135328
135349
135371
135393
135415
135436
135458
135480
135502
135523
135545
135567
135589
135610
135632
135654
135676
135697
135719
135741
135763
135784
135806
135828
135850
135871
135893
135915
135937
135958
135980
136002
136024
136045
136067
136089
136111
136132
136154
136176
136198
136219
136241
136263
136285
136306
136328
136350
136372
136393
136415
136437
136459
136480
136502
136524
136546
136567
136589
136611
136633
136654
136676
136698
136720
136741
136763
136785
136807
136828
136850
136872
136893
136915
136937
136959
136980
137002
137024
137046
137067
137089
137111
137133
137154
137176
137198
137220
137241
137263
137285
137307
137328
137350
137372
137394
137415
137437
137459
137481
137502
137524
137546
137568
137589
137611
137633
137655
137676
137698
137720
137742
137763
137785
137807
137829
137850
137872
137894
137916
137937
137959
137981
138003
138024
138046
138068
138090
138111
138133
138155
138177
138198
138220
138242
138264
138285
138307
138329
138351
138372
138394
138416
138438
138459
138481
138503
138525
138546
138568
138590
138612
138633
138655
138677
138698
138720
138742
138764
138785
138807
138829
138851
138872
138894
138916
138938
138959
138981
139003
139025
139046
139068
139090
139112
139133
139155
139177
139199
139220
139242
139264
139286
139307
139329
139351
139373
139394
139416
139438
139460
139481
139503
139525
139547
139568
139590
139612
139634
139655
139677
139699
139721
139742
139764
139786
139808
139829
139851
139873
139895
139916
139938
139960
139982
140023
140045
140067
140088
140110
140132
140153
140175
140197
140218
140240
140262
140283
140305
140327
140348
140370
140392
140413
140435
140457
140478
140500
140522
140544
140565
140587
140609
140630
140652
140674
140695
140717
140739
140760
140782
140804
140825
140847
140869
140890
140912
140934
140955
140977
140999
141021
141042
141064
141086
141107
141129
141151
141172
141194
141216
141237
141259
141281
141302
141324
141346
141367
141389
141411
141432
141454
141476
141497
141519
141541
141563
141584
141606
141628
141649
141671
141693
141714
141736
141758
141779
141801
141823
141844
141866
141888
141909
141931
141953
141974
141996
142018
142040
142061
142083
142105
142126
142148
142170
142191
142213
142235
142256
142278
142300
142321
142343
142365
142386
142408
142430
142451
142473
142495
142516
142538
142560
142582
142603
142625
142647
142668
142690
142712
142733
142755
142777
142798
142820
142842
142863
142885
142907
142928
142950
142972
142993
143015
143037
143059
143080
143102
143124
143145
143167
143189
143210
143232
143254
143275
143297
143319
143340
143362
143384
143405
143427
143449
143470
143492
143514
143536
143557
143579
143601
143622
143644
143666
143687
143709
143731
143752
143774
143796
143817
143839
143861
143882
143904
143926
143947
143969
143991
144012
144034
144056
144078
144099
144121
144143
144164
144186
144208
144229
144251
144273
144294
144316
144338
144359
144381
144403
144424
144446
144468
144489
144511
144533
144555
144576
144598
144620
144641
144663
144685
144706
144728
144750
144771
144793
144815
144836
144858
144880
144901
144923
144945
144966
144988
145023
145044
145065
145087
145108
145129
145150
145172
145193
145214
145236
145257
145278
145299
145321
145342
145363
145384
145406
145427
145448
145470
145491
145512
145533
145555
145576
145597
145618
145640
145661
145682
145704
145725
145746
145767
145789
145810
145831
145852
145874
145895
145916
145938
145959
145980
146001
146023
146044
146065
146086
146108
146129
146150
146172
146193
146214
146235
146257
146278
146299
146321
146342
146363
146384
146406
146427
146448
146469
146491
146512
146533
146555
146576
146597
146618
146640
146661
146682
146703
146725
146746
146767
146789
146810
146831
146852
146874
146895
146916
146937
146959
146980
147001
147023
147044
147065
147086
147108
147129
147150
147171
147193
147214
147235
147257
147278
147299
147320
147342
147363
147384
147405
147427
147448
147469
147491
147512
147533
147554
147576
147597
147618
147640
147661
147682
147703
147725
147746
147767
147788
147810
147831
147852
147874
147895
147916
147937
147959
147980
148001
148022
148044
148065
148086
148108
148129
148150
148171
148193
148214
148235
148256
148278
148299
148320
148342
148363
148384
148405
148427
148448
148469
148490
148512
148533
148554
148576
148597
148618
148639
148661
148682
148703
148725
148746
148767
148788
148810
148831
148852
148873
148895
148916
148937
148959
148980
149001
149022
149044
149065
149086
149107
149129
149150
149171
149193
149214
149235
149256
149278
149299
149320
149341
149363
149384
149405
149427
149448
149469
149490
149512
149533
149554
149575
149597
149618
149639
149661
149682
149703
149724
149746
149767
149788
149809
149831
149852
149873
149895
149916
149937
149958
149980
150001
150023
150044
150065
150086
150107
150128
150150
150171
150192
150213
150234
150255
150277
150298
150319
150340
150361
150382
150403
150425
150446
150467
150488
150509
150530
150552
150573
150594
150615
150636
150657
150679
150700
150721
150742
150763
150784
150805
150827
150848
150869
150890
150911
150932
150954
150975
150996
151017
151038
151059
151081
151102
151123
151144
151165
151186
151207
151229
151250
151271
151292
151313
151334
151356
151377
151398
151419
151440
151461
151483
151504
151525
151546
151567
151588
151609
151631
151652
151673
151694
151715
151736
151758
151779
151800
151821
151842
151863
151885
151906
151927
151948
151969
151990
152011
152033
152054
152075
152096
152117
152138
152160
152181
152202
152223
152244
152265
152287
152308
152329
152350
152371
152392
152413
152435
152456
152477
152498
152519
152540
152562
152583
152604
152625
152646
152667
152689
152710
152731
152752
152773
152794
152815
152837
152858
152879
152900
152921
152942
152964
152985
153006
153027
153048
153069
153091
153112
153133
153154
153175
153196
153217
153239
153260
153281
153302
153323
153344
153366
153387
153408
153429
153450
153471
153493
153514
153535
153556
153577
153598
153619
153641
153662
153683
153704
153725
153746
153768
153789
153810
153831
153852
153873
153895
153916
153937
153958
153979
154000
154021
154043
154064
154085
154106
154127
154148
154170
154191
154212
154233
154254
154275
154297
154318
154339
154360
154381
154402
154423
154445
154466
154487
154508
154529
154550
154572
154593
154614
154635
154656
154677
154699
154720
154741
154762
154783
154804
154825
154847
154868
154889
154910
154931
154952
154974
154995
155026
155050
155074
155098
155122
155146
155171
155195
155219
155243
155267
155291
155316
155340
155364
155388
155412
155436
155461
155485
155509
155533
155557
155581
155606
155630
155654
155678
155702
155726
155751
155775
155799
155823
155847
155871
155896
155920
155944
155968
155992
156016
156040
156065
156089
156113
156137
156161
156185
156210
156234
156258
156282
156306
156330
156355
156379
156403
156427
156451
156475
156500
156524
156548
156572
156596
156620
156645
156669
156693
156717
156741
156765
156790
156814
156838
156862
156886
156910
156934
156959
156983
157007
157031
157055
157079
157104
157128
157152
157176
157200
157224
157249
157273
157297
157321
157345
157369
157394
157418
157442
157466
157490
157514
157539
157563
157587
157611
157635
157659
157684
157708
157732
157756
157780
157804
157828
157853
157877
157901
157925
157949
157973
157998
158022
158046
158070
158094
158118
158143
158167
158191
158215
158239
158263
158288
158312
158336
158360
158384
158408
158433
158457
158481
158505
158529
158553
158578
158602
158626
158650
158674
158698
158723
158747
158771
158795
158819
158843
158867
158892
158916
158940
158964
158988
159012
159037
159061
159085
159109
159133
159157
159182
159206
159230
159254
159278
159302
159327
159351
159375
159399
159423
159447
159472
159496
159520
159544
159568
159592
159617
159641
159665
159689
159713
159737
159761
159786
159810
159834
159858
159882
159906
159931
159955
159979
160023
160044
160066
160087
160109
160130
160151
160173
160194
160216
160237
160258
160280
160301
160323
160344
160365
160387
160408
160430
160451
160472
160494
160515
160537
160558
160579
160601
160622
160644
160665
160686
160708
160729
160751
160772
160793
160815
160836
160858
160879
160900
160922
160943
160965
160986
161007
161029
161050
161072
161093
161114
161136
161157
161179
161200
161221
161243
161264
161286
161307
161329
161350
161371
161393
161414
161436
161457
161478
161500
161521
161543
161564
161585
161607
161628
161650
161671
161692
161714
161735
161757
161778
161799
161821
161842
161864
161885
161906
161928
161949
161971
161992
162013
162035
162056
162078
162099
162120
162142
162163
162185
162206
162227
162249
162270
162292
162313
162334
162356
162377
162399
162420
162441
162463
162484
162506
162527
162548
162570
162591
162613
162634
162656
162677
162698
162720
162741
162763
162784
162805
162827
162848
162870
162891
162912
162934
162955
162977
162998
163019
163041
163062
163084
163105
163126
163148
163169
163191
163212
163233
163255
163276
163298
163319
163340
163362
163383
163405
163426
163447
163469
163490
163512
163533
163554
163576
163597
163619
163640
163661
163683
163704
163726
163747
163768
163790
163811
163833
163854
163876
163897
163918
163940
163961
163983
164004
164025
164047
164068
164090
164111
164132
164154
164175
164197
164218
164239
164261
164282
164304
164325
164346
164368
164389
164411
164432
164453
164475
164496
164518
164539
164560
164582
164603
164625
164646
164667
164689
164710
164732
164753
164774
164796
164817
164839
164860
164881
164903
164924
164946
164967
164988
165023
165045
165066
165088
165109
165131
165153
165174
165196
165217
165239
165261
165282
165304
165325
165347
165369
165390
165412
165433
165455
165476
165498
165520
165541
165563
165584
165606
165628
165649
165671
165692
165714
165736
165757
165779
165800
165822
165843
165865
165887
165908
165930
165951
165973
165995
166016
166038
166059
166081
166103
166124
166146
166167
166189
166210
166232
166254
166275
166297
166318
166340
166362
166383
166405
166426
166448
166470
166491
166513
166534
166556
166577
166599
166621
166642
166664
166685
166707
166729
166750
166772
166793
166815
166837
166858
166880
166901
166923
166945
166966
166988
167009
167031
167052
167074
167096
167117
167139
167160
167182
167204
167225
167247
167268
167290
167312
167333
167355
167376
167398
167419
167441
167463
167484
167506
167527
167549
167571
167592
167614
167635
167657
167679
167700
167722
167743
167765
167786
167808
167830
167851
167873
167894
167916
167938
167959
167981
168002
168024
168046
168067
168089
168110
168132
168153
168175
168197
168218
168240
168261
168283
168305
168326
168348
168369
168391
168413
168434
168456
168477
168499
168520
168542
168564
168585
168607
168628
168650
168672
168693
168715
168736
168758
168780
168801
168823
168844
168866
168888
168909
168931
168952
168974
168995
169017
169039
169060
169082
169103
169125
169147
169168
169190
169211
169233
169255
169276
169298
169319
169341
169362
169384
169406
169427
169449
169470
169492
169514
169535
169557
169578
169600
169622
169643
169665
169686
169708
169729
169751
169773
169794
169816
169837
169859
169881
169902
169924
169945
169967
169989
170023
170044
170065
170087
170108
170129
170150
170172
170193
170214
170236
170257
170278
170299
170321
170342
170363
170384
170406
170427
170448
170470
170491
170512
170533
170555
170576
170597
170618
170640
170661
170682
170704
170725
170746
170767
170789
170810
170831
170852
170874
170895
170916
170938
170959
170980
171001
171023
171044
171065
171087
171108
171129
171150
171172
171193
171214
171235
171257
171278
171299
171321
171342
171363
171384
171406
171427
171448
171469
171491
171512
171533
171555
171576
171597
171618
171640
171661
171682
171703
171725
171746
171767
171789
171810
171831
171852
171874
171895
171916
171937
171959
171980
172001
172023
172044
172065
172086
172108
172129
172150
172172
172193
172214
172235
172257
172278
172299
172320
172342
172363
172384
172406
172427
172448
172469
172491
172512
172533
172554
172576
172597
172618
172640
172661
172682
172703
172725
172746
172767
172788
172810
172831
172852
172874
172895
172916
172937
172959
172980
173001
173023
173044
173065
173086
173108
173129
173150
173171
173193
173214
173235
173257
173278
173299
173320
173342
173363
173384
173405
173427
173448
173469
173491
173512
173533
173554
173576
173597
173618
173639
173661
173682
173703
173725
173746
173767
173788
173810
173831
173852
173873
173895
173916
173937
173959
173980
174001
174022
174044
174065
174086
174108
174129
174150
174171
174193
174214
174235
174256
174278
174299
174320
174342
174363
174384
174405
174427
174448
174469
174490
174512
174533
174554
174576
174597
174618
174639
174661
174682
174703
174724
174746
174767
174788
174810
174831
174852
174873
174895
174916
174937
174959
174980
175001
175023
175044
175065
175087
175108
175129
175151
175172
175193
175215
175236
175257
175279
175300
175321
175343
175364
175385
175407
175428
175449
175471
175492
175513
175535
175556
175577
175599
175620
175641
175663
175684
175705
175727
175748
175769
175791
175812
175833
175855
175876
175897
175919
175940
175961
175983
176004
176025
176047
176068
176089
176111
176132
176153
176175
176196
176217
176239
176260
176281
176303
176324
176345
176367
176388
176409
176431
176452
176473
176495
176516
176537
176559
176580
176601
176623
176644
176665
176687
176708
176729
176751
176772
176793
176815
176836
176857
176879
176900
176921
176943
176964
176985
177007
177028
177049
177071
177092
177113
177135
177156
177177
177199
177220
177241
177263
177284
177305
177327
177348
177369
177391
177412
177433
177455
177476
177497
177519
177540
177561
177583
177604
177625
177647
177668
177689
177711
177732
177753
177775
177796
177817
177839
177860
177881
177903
177924
177945
177967
177988
178009
178031
178052
178073
178095
178116
178137
178159
178180
178201
178223
178244
178265
178287
178308
178329
178351
178372
178393
178415
178436
178457
178479
178500
178521
178543
178564
178585
178607
178628
178649
178671
178692
178713
178735
178756
178777
178799
178820
178841
178863
178884
178905
178927
178948
178969
178991
179012
179033
179055
179076
179097
179119
179140
179161
179183
179204
179225
179247
179268
179289
179311
179332
179353
179375
179396
179417
179439
179460
179481
179503
179524
179545
179567
179588
179609
179631
179652
179673
179695
179716
179737
179759
179780
179801
179823
179844
179865
179887
179908
179929
179951
179972
179993
180023
180045
180067
180089
180111
180133
180155
180177
180199
180220
180242
180264
180286
180308
180330
180352
180374
180396
180418
180439
180461
180483
180505
180527
180549
180571
180593
180615
180636
180658
180680
180702
180724
180746
180768
180790
180812
180834
180855
180877
180899
180921
180943
180965
180987
181009
181031
181053
181074
181096
181118
181140
181162
181184
181206
181228
181250
181271
181293
181315
181337
181359
181381
181403
181425
181447
181469
181490
181512
181534
181556
181578
181600
181622
181644
181666
181688
181709
181731
181753
181775
181797
181819
181841
181863
181885
181906
181928
181950
181972
181994
182016
182038
182060
182082
182104
182125
182147
182169
182191
182213
182235
182257
182279
182301
182322
182344
182366
182388
182410
182432
182454
182476
182498
182520
182541
182563
182585
182607
182629
182651
182673
182695
182717
182739
182760
182782
182804
182826
182848
182870
182892
182914
182936
182957
182979
183001
183023
183045
183067
183089
183111
183133
183155
183176
183198
183220
183242
183264
183286
183308
183330
183352
183374
183395
183417
183439
183461
183483
183505
183527
183549
183571
183592
183614
183636
183658
183680
183702
183724
183746
183768
183790
183811
183833
183855
183877
183899
183921
183943
183965
183987
184009
184030
184052
184074
184096
184118
184140
184162
184184
184206
184227
184249
184271
184293
184315
184337
184359
184381
184403
184425
184446
184468
184490
184512
184534
184556
184578
184600
184622
184643
184665
184687
184709
184731
184753
184775
184797
184819
184841
184862
184884
184906
184928
184950
184972
184994
185023
185044
185066
185087
185109
185130
185152
185173
185195
185216
185237
185259
185280
185302
185323
185345
185366
185388
185409
185431
185452
185473
185495
185516
185538
185559
185581
185602
185624
185645
185666
185688
185709
185731
185752
185774
185795
185817
185838
185860
185881
185902
185924
185945
185967
185988
186010
186031
186053
186074
186096
186117
186138
186160
186181
186203
186224
186246
186267
186289
186310
186331
186353
186374
186396
186417
186439
186460
186482
186503
186525
186546
186567
186589
186610
186632
186653
186675
186696
186718
186739
186761
186782
186803
186825
186846
186868
186889
186911
186932
186954
186975
186996
187018
187039
187061
187082
187104
187125
187147
187168
187190
187211
187232
187254
187275
187297
187318
187340
187361
187383
187404
187426
187447
187468
187490
187511
187533
187554
187576
187597
187619
187640
187661
187683
187704
187726
187747
187769
187790
187812
187833
187855
187876
187897
187919
187940
187962
187983
188005
188026
188048
188069
188091
188112
188133
188155
188176
188198
188219
188241
188262
188284
188305
188326
188348
188369
188391
188412
188434
188455
188477
188498
188520
188541
188562
188584
188605
188627
188648
188670
188691
188713
188734
188756
188777
188798
188820
188841
188863
188884
188906
188927
188949
188970
188991
189013
189034
189056
189077
189099
189120
189142
189163
189185
189206
189227
189249
189270
189292
189313
189335
189356
189378
189399
189421
189442
189463
189485
189506
189528
189549
189571
189592
189614
189635
189656
189678
189699
189721
189742
189764
189785
189807
189828
189850
189871
189892
189914
189935
189957
189978
190000
190024
190047
190069
190092
190114
190137
190159
190182
190204
190227
190249
190272
190294
190317
190340
190362
190385
190407
190430
190452
190475
190497
190520
190542
190565
190587
190610
190632
190655
190678
190700
190723
190745
190768
190790
190813
190835
190858
190880
190903
190925
190948
190971
190993
191016
191038
191061
191083
191106
191128
191151
191173
191196
191218
191241
191263
191286
191309
191331
191354
191376
191399
191421
191444
191466
191489
191511
191534
191556
191579
191602
191624
191647
191669
191692
191714
191737
191759
191782
191804
191827
191849
191872
191894
191917
191940
191962
191985
192007
192030
192052
192075
192097
192120
192142
192165
192187
192210
192233
192255
192278
192300
192323
192345
192368
192390
192413
192435
192458
192480
192503
192525
192548
192571
192593
192616
192638
192661
192683
192706
192728
192751
192773
192796
192818
192841
192864
192886
192909
192931
192954
192976
192999
193021
193044
193066
193089
193111
193134
193156
193179
193202
193224
193247
193269
193292
193314
193337
193359
193382
193404
193427
193449
193472
193495
193517
193540
193562
193585
193607
193630
193652
193675
193697
193720
193742
193765
193787
193810
193833
193855
193878
193900
193923
193945
193968
193990
194013
194035
194058
194080
194103
194126
194148
194171
194193
194216
194238
194261
194283
194306
194328
194351
194373
194396
194418
194441
194464
194486
194509
194531
194554
194576
194599
194621
194644
194666
194689
194711
194734
194757
194779
194802
194824
194847
194869
194892
194914
194937
194959
194982
195023
195045
195067
195089
195111
195132
195154
195176
195198
195220
195242
195263
195285
195307
195329
195351
195372
195394
195416
195438
195460
195482
195503
195525
195547
195569
195591
195612
195634
195656
195678
195700
195722
195743
195765
195787
195809
195831
195852
195874
195896
195918
195940
195962
195983
196005
196027
196049
196071
196093
196114
196136
196158
196180
196202
196223
196245
196267
196289
196311
196333
196354
196376
196398
196420
196442
196463
196485
196507
196529
196551
196573
196594
196616
196638
196660
196682
196703
196725
196747
196769
196791
196813
196834
196856
196878
196900
196922
196943
196965
196987
197009
197031
197053
197074
197096
197118
197140
197162
197184
197205
197227
197249
197271
197293
197314
197336
197358
197380
197402
197424
197445
197467
197489
197511
197533
197554
197576
197598
197620
197642
197664
197685
197707
197729
197751
197773
197794
197816
197838
197860
197882
197904
197925
197947
197969
197991
198013
198035
198056
198078
198100
198122
198144
198165
198187
198209
198231
198253
198275
198296
198318
198340
198362
198384
198405
198427
198449
198471
198493
198515
198536
198558
198580
198602
198624
198645
198667
198689
198711
198733
198755
198776
198798
198820
198842
198864
198885
198907
198929
198951
198973
198995
199016
199038
199060
199082
199104
199126
199147
199169
199191
199213
199235
199256
199278
199300
199322
199344
199366
199387
199409
199431
199453
199475
199496
199518
199540
199562
199584
199606
199627
199649
199671
199693
199715
199736
199758
199780
199802
199824
199846
199867
199889
199911
199933
199955
199976
199998
200023
200044
200065
200086
200107
200129
200150
200171
200192
200213
200235
200256
200277
200298
200319
200341
200362
200383
200404
200425
200447
200468
200489
200510
200531
200553
200574
200595
200616
200637
200659
200680
200701
200722
200743
200765
200786
200807
200828
200849
200871
200892
200913
200934
200955
200977
200998
201019
201040
201061
201083
201104
201125
201146
201167
201189
201210
201231
201252
201273
201294
201316
201337
201358
201379
201400
201422
201443
201464
201485
201506
201528
201549
201570
201591
201612
201634
201655
201676
201697
201718
201740
201761
201782
201803
201824
201846
201867
201888
201909
201930
201952
201973
201994
202015
202036
202058
202079
202100
202121
202142
202164
202185
202206
202227
202248
202270
202291
202312
202333
202354
202376
202397
202418
202439
202460
202481
202503
202524
202545
202566
202587
202609
202630
202651
202672
202693
202715
202736
202757
202778
202799
202821
202842
202863
202884
202905
202927
202948
202969
202990
203011
203033
203054
203075
203096
203117
203139
203160
203181
203202
203223
203245
203266
203287
203308
203329
203351
203372
203393
203414
203435
203457
203478
203499
203520
203541
203563
203584
203605
203626
203647
203669
203690
203711
203732
203753
203774
203796
203817
203838
203859
203880
203902
203923
203944
203965
203986
204008
204029
204050
204071
204092
204114
204135
204156
204177
204198
204220
204241
204262
204283
204304
204326
204347
204368
204389
204410
204432
204453
204474
204495
204516
204538
204559
204580
204601
204622
204644
204665
204686
204707
204728
204750
204771
204792
204813
204834
204856
204877
204898
204919
204940
204961
204983
205028
205055
205082
205109
205135
205162
205189
205216
205242
205269
205296
205323
205349
205376
205403
205430
205456
205483
205510
205537
205563
205590
205617
205644
205670
205697
205724
205751
205777
205804
205831
205858
205885
205911
205938
205965
205992
206018
206045
206072
206099
206125
206152
206179
206206
206232
206259
206286
206313
206339
206366
206393
206420
206446
206473
206500
206527
206553
206580
206607
206634
206660
206687
206714
206741
206768
206794
206821
206848
206875
206901
206928
206955
206982
207008
207035
207062
207089
207115
207142
207169
207196
207222
207249
207276
207303
207329
207356
207383
207410
207436
207463
207490
207517
207543
207570
207597
207624
207651
207677
207704
207731
207758
207784
207811
207838
207865
207891
207918
207945
207972
207998
208025
208052
208079
208105
208132
208159
208186
208212
208239
208266
208293
208319
208346
208373
208400
208426
208453
208480
208507
208534
208560
208587
208614
208641
208667
208694
208721
208748
208774
208801
208828
208855
208881
208908
208935
208962
208988
209015
209042
209069
209095
209122
209149
209176
209202
209229
209256
209283
209309
209336
209363
209390
209417
209443
209470
209497
209524
209550
209577
209604
209631
209657
209684
209711
209738
209764
209791
209818
209845
209871
209898
209925
209952
209978
210030
210058
210086
210114
210142
210170
210199
210227
210255
210283
210311
210339
210367
210396
210424
210452
210480
210508
210536
210565
210593
210621
210649
210677
210705
210733
210762
210790
210818
210846
210874
210902
210931
210959
210987
211015
211043
211071
211099
211128
211156
211184
211212
211240
211268
211297
211325
211353
211381
211409
211437
211465
211494
211522
211550
211578
211606
211634
211662
211691
211719
211747
211775
211803
211831
211860
211888
211916
211944
211972
212000
212028
212057
212085
212113
212141
212169
212197
212226
212254
212282
212310
212338
212366
212394
212423
212451
212479
212507
212535
212563
212592
212620
212648
212676
212704
212732
212760
212789
212817
212845
212873
212901
212929
212958
212986
213014
213042
213070
213098
213126
213155
213183
213211
213239
213267
213295
213323
213352
213380
213408
213436
213464
213492
213521
213549
213577
213605
213633
213661
213689
213718
213746
213774
213802
213830
213858
213887
213915
213943
213971
213999
214027
214055
214084
214112
214140
214168
214196
214224
214253
214281
214309
214337
214365
214393
214421
214450
214478
214506
214534
214562
214590
214619
214647
214675
214703
214731
214759
214787
214816
214844
214872
214900
214928
214956
214984
215023
215044
215066
215087
215109
215130
215152
215173
215195
215216
215238
215259
215281
215302
215324
215345
215367
215388
215410
215431
215453
215474
215496
215517
215539
215560
215582
215603
215625
215646
215668
215689
215711
215732
215754
215775
215797
215818
215840
215861
215883
215904
215926
215947
215969
215990
216012
216033
216055
216076
216098
216119
216141
216162
216184
216205
216227
216248
216270
216291
216313
216334
216356
216377
216399
216420
216442
216463
216485
216506
216528
216549
216571
216592
216614
216635
216656
216678
216699
216721
216742
216764
216785
216807
216828
216850
216871
216893
216914
216936
216957
216979
217000
217022
217043
217065
217086
217108
217129
217151
217172
217194
217215
217237
217258
217280
217301
217323
217344
217366
217387
217409
217430
217452
217473
217495
217516
217538
217559
217581
217602
217624
217645
217667
217688
217710
217731
217753
217774
217796
217817
217839
217860
217882
217903
217925
217946
217968
217989
218011
218032
218054
218075
218097
218118
218140
218161
218183
218204
218226
218247
218269
218290
218311
218333
218354
218376
218397
218419
218440
218462
218483
218505
218526
218548
218569
218591
218612
218634
218655
218677
218698
218720
218741
218763
218784
218806
218827
218849
218870
218892
218913
218935
218956
218978
218999
219021
219042
219064
219085
219107
219128
219150
219171
219193
219214
219236
219257
219279
219300
219322
219343
219365
219386
219408
219429
219451
219472
219494
219515
219537
219558
219580
219601
219623
219644
219666
219687
219709
219730
219752
219773
219795
219816
219838
219859
219881
219902
219923
219945
219966
219988
220025
220048
220071
220095
220118
220141
220164
220188
220211
220234
220258
220281
220304
220327
220351
220374
220397
220420
220444
220467
220490
220514
220537
220560
220583
220607
220630
220653
220676
220700
220723
220746
220770
220793
220816
220839
220863
220886
220909
220932
220956
220979
221002
221026
221049
221072
221095
221119
221142
221165
221188
221212
221235
221258
221282
221305
221328
221351
221375
221398
221421
221445
221468
221491
221514
221538
221561
221584
221607
221631
221654
221677
221701
221724
221747
221770
221794
221817
221840
221863
221887
221910
221933
221957
221980
222003
222026
222050
222073
222096
222119
222143
222166
222189
222213
222236
222259
222282
222306
222329
222352
222375
222399
222422
222445
222469
222492
222515
222538
222562
222585
222608
222631
222655
222678
222701
222725
222748
222771
222794
222818
222841
222864
222888
222911
222934
222957
222981
223004
223027
223050
223074
223097
223120
223144
223167
223190
223213
223237
223260
223283
223306
223330
223353
223376
223400
223423
223446
223469
223493
223516
223539
223562
223586
223609
223632
223656
223679
223702
223725
223749
223772
223795
223818
223842
223865
223888
223912
223935
223958
223981
224005
224028
224051
224075
224098
224121
224144
224168
224191
224214
224237
224261
224284
224307
224331
224354
224377
224400
224424
224447
224470
224493
224517
224540
224563
224587
224610
224633
224656
224680
224703
224726
224749
224773
224796
224819
224843
224866
224889
224912
224936
224959
224982
225023
225044
225066
225087
225108
225130
225151
225172
225194
225215
225236
225258
225279
225300
225322
225343
225364
225386
225407
225428
225450
225471
225492
225514
225535
225556
225578
225599
225620
225642
225663
225684
225706
225727
225748
225770
225791
225812
225834
225855
225876
225898
225919
225940
225962
225983
226004
226026
226047
226068
226090
226111
226132
226154
226175
226196
226218
226239
226260
226282
226303
226324
226346
226367
226388
226410
226431
226452
226474
226495
226516
226538
226559
226581
226602
226623
226645
226666
226687
226709
226730
226751
226773
226794
226815
226837
226858
226879
226901
226922
226943
226965
226986
227007
227029
227050
227071
227093
227114
227135
227157
227178
227199
227221
227242
227263
227285
227306
227327
227349
227370
227391
227413
227434
227455
227477
227498
227519
227541
227562
227583
227605
227626
227647
227669
227690
227711
227733
227754
227775
227797
227818
227839
227861
227882
227903
227925
227946
227967
227989
228010
228031
228053
228074
228095
228117
228138
228160
228181
228202
228224
228245
228266
228288
228309
228330
228352
228373
228394
228416
228437
228458
228480
228501
228522
228544
228565
228586
228608
228629
228650
228672
228693
228714
228736
228757
228778
228800
228821
228842
228864
228885
228906
228928
228949
228970
228992
229013
229034
229056
229077
229098
229120
229141
229162
229184
229205
229226
229248
229269
229290
229312
229333
229354
229376
229397
229418
229440
229461
229482
229504
229525
229546
229568
229589
229610
229632
229653
229674
229696
229717
229739
229760
229781
229803
229824
229845
229867
229888
229909
229931
229952
229973
229995
230023
230045
230066
230088
230109
230131
230152
230174
230195
230217
230238
230260
230281
230303
230324
230346
230367
230389
230410
230432
230453
230475
230496
230518
230539
230561
230582
230604
230625
230647
230668
230690
230711
230733
230754
230776
230797
230819
230840
230862
230883
230905
230926
230948
230969
230991
231012
231034
231055
231077
231098
231120
231141
231163
231184
231206
231227
231249
231270
231292
231313
231335
231356
231378
231399
231421
231442
231464
231485
231507
231528
231550
231571
231593
231614
231636
231657
231679
231700
231722
231743
231765
231786
231808
231829
231851
231872
231894
231915
231937
231958
231980
232001
232023
232044
232066
232087
232109
232130
232152
232173
232195
232216
232238
232259
232281
232302
232324
232345
232367
232388
232410
232431
232453
232474
232496
232517
232539
232560
232582
232603
232625
232646
232668
232689
232711
232732
232754
232775
232797
232818
232840
232861
232883
232904
232926
232947
232969
232990
233012
233033
233055
233076
233098
233119
233141
233162
233184
233205
233227
233248
233270
233291
233313
233334
233356
233377
233399
233420
233442
233463
233485
233506
233528
233549
233571
233592
233614
233635
233657
233678
233700
233721
233743
233764
233786
233807
233829
233850
233872
233893
233915
233936
233958
233979
234001
234022
234044
234065
234087
234108
234130
234151
234173
234194
234216
234237
234259
234280
234302
234323
234345
234366
234388
234409
234431
234452
234474
234495
234517
234538
234560
234581
234603
234624
234646
234667
234689
234710
234732
234753
234775
234796
234818
234839
234861
234882
234904
234925
234947
234968
234990
235023
235044
235065
235087
235108
235129
235151
235172
235193
235215
235236
235257
235279
235300
235321
235343
235364
235385
235407
235428
235449
235471
235492
235513
235535
235556
235577
235599
235620
235641
235663
235684
235705
235726
235748
235769
235790
235812
235833
235854
235876
235897
235918
235940
235961
235982
236004
236025
236046
236068
236089
236110
236132
236153
236174
236196
236217
236238
236260
236281
236302
236324
236345
236366
236387
236409
236430
236451
236473
236494
236515
236537
236558
236579
236601
236622
236643
236665
236686
236707
236729
236750
236771
236793
236814
236835
236857
236878
236899
236921
236942
236963
236985
237006
237027
237048
237070
237091
237112
237134
237155
237176
237198
237219
237240
237262
237283
237304
237326
237347
237368
237390
237411
237432
237454
237475
237496
237518
237539
237560
237582
237603
237624
237646
237667
237688
237709
237731
237752
237773
237795
237816
237837
237859
237880
237901
237923
237944
237965
237987
238008
238029
238051
238072
238093
238115
238136
238157
238179
238200
238221
238243
238264
238285
238307
238328
238349
238370
238392
238413
238434
238456
238477
238498
238520
238541
238562
238584
238605
238626
238648
238669
238690
238712
238733
238754
238776
238797
238818
238840
238861
238882
238904
238925
238946
238968
238989
239010
239031
239053
239074
239095
239117
239138
239159
239181
239202
239223
239245
239266
239287
239309
239330
239351
239373
239394
239415
239437
239458
239479
239501
239522
239543
239565
239586
239607
239629
239650
239671
239692
239714
239735
239756
239778
239799
239820
239842
239863
239884
239906
239927
239948
239970
239991
240023
240045
240066
240088
240109
240131
240152
240174
240195
240217
240239
240260
240282
240303
240325
240346
240368
240389
240411
240432
240454
240476
240497
240519
240540
240562
240583
240605
240626
240648
240670
240691
240713
240734
240756
240777
240799
240820
240842
240863
240885
240907
240928
240950
240971
240993
241014
241036
241057
241079
241101
241122
241144
241165
241187
241208
241230
241251
241273
241294
241316
241338
241359
241381
241402
241424
241445
241467
241488
241510
241532
241553
241575
241596
241618
241639
241661
241682
241704
241725
241747
241769
241790
241812
241833
241855
241876
241898
241919
241941
241962
241984
242006
242027
242049
242070
242092
242113
242135
242156
242178
242200
242221
242243
242264
242286
242307
242329
242350
242372
242393
242415
242437
242458
242480
242501
242523
242544
242566
242587
242609
242631
242652
242674
242695
242717
242738
242760
242781
242803
242824
242846
242868
242889
242911
242932
242954
242975
242997
243018
243040
243062
243083
243105
243126
243148
243169
243191
243212
243234
243255
243277
243299
243320
243342
243363
243385
243406
243428
243449
243471
243493
243514
243536
243557
243579
243600
243622
243643
243665
243686
243708
243730
243751
243773
243794
243816
243837
243859
243880
243902
243923
243945
243967
243988
244010
244031
244053
244074
244096
244117
244139
244161
244182
244204
244225
244247
244268
244290
244311
244333
244354
244376
244398
244419
244441
244462
244484
244505
244527
244548
244570
244592
244613
244635
244656
244678
244699
244721
244742
244764
244785
244807
244829
244850
244872
244893
244915
244936
244958
244979
245001
245024
245047
245070
245093
245116
245139
245162
245185
245208
245231
245254
245277
245300
245323
245346
245369
245392
245415
245438
245461
245484
245507
245530
245553
245576
245599
245622
245645
245668
245691
245714
245737
245760
245783
245806
245829
245852
245875
245898
245921
245944
245967
245990
246013
246036
246059
246082
246105
246128
246151
246174
246197
246220
246243
246266
246289
246312
246335
246358
246381
246404
246427
246450
246473
246496
246519
246542
246565
246588
246611
246634
246657
246680
246703
246726
246749
246772
246795
246818
246841
246864
246887
246910
246933
246956
246979
247002
247025
247048
247071
247094
247117
247140
247163
247186
247209
247232
247255
247278
247301
247324
247347
247370
247393
247416
247439
247462
247485
247508
247531
247554
247577
247599
247622
247645
247668
247691
247714
247737
247760
247783
247806
247829
247852
247875
247898
247921
247944
247967
247990
248013
248036
248059
248082
248105
248128
248151
248174
248197
248220
248243
248266
248289
248312
248335
248358
248381
248404
248427
248450
248473
248496
248519
248542
248565
248588
248611
248634
248657
248680
248703
248726
248749
248772
248795
248818
248841
248864
248887
248910
248933
248956
248979
249002
249025
249048
249071
249094
249117
249140
249163
249186
249209
249232
249255
249278
249301
249324
249347
249370
249393
249416
249439
249462
249485
249508
249531
249554
249577
249600
249623
249646
249669
249692
249715
249738
249761
249784
249807
249830
249853
249876
249899
249922
249945
249968
249991
250025
250048
250071
250094
250117
250141
250164
250187
250210
250233
250257
250280
250303
250326
250349
250372
250396
250419
250442
250465
250488
250512
250535
250558
250581
250604
250627
250651
250674
250697
250720
250743
250767
250790
250813
250836
250859
250882
250906
250929
250952
250975
250998
251022
251045
251068
251091
251114
251137
251161
251184
251207
251230
251253
251277
251300
251323
251346
251369
251392
251416
251439
251462
251485
251508
251532
251555
251578
251601
251624
251647
251671
251694
251717
251740
251763
251787
251810
251833
251856
251879
251902
251926
251949
251972
251995
252018
252042
252065
252088
252111
252134
252157
252181
252204
252227
252250
252273
252297
252320
252343
252366
252389
252412
252436
252459
252482
252505
252528
252552
252575
252598
252621
252644
252667
252691
252714
252737
252760
252783
252807
252830
252853
252876
252899
252923
252946
252969
252992
253015
253038
253062
253085
253108
253131
253154
253178
253201
253224
253247
253270
253293
253317
253340
253363
253386
253409
253433
253456
253479
253502
253525
253548
253572
253595
253618
253641
253664
253688
253711
253734
253757
253780
253803
253827
253850
253873
253896
253919
253943
253966
253989
254012
254035
254058
254082
254105
254128
254151
254174
254198
254221
254244
254267
254290
254313
254337
254360
254383
254406
254429
254453
254476
254499
254522
254545
254568
254592
254615
254638
254661
254684
254708
254731
254754
254777
254800
254823
254847
254870
254893
254916
254939
254963
254986
255025
255048
255071
255094
255117
255140
255163
255186
255209
255233
255256
255279
255302
255325
255348
255371
255394
255417
255440
255464
255487
255510
255533
255556
255579
255602
255625
255648
255671
255695
255718
255741
255764
255787
255810
255833
255856
255879
255903
255926
255949
255972
255995
256018
256041
256064
256087
256110
256134
256157
256180
256203
256226
256249
256272
256295
256318
256341
256365
256388
256411
256434
256457
256480
256503
256526
256549
256573
256596
256619
256642
256665
256688
256711
256734
256757
256780
256804
256827
256850
256873
256896
256919
256942
256965
256988
257011
257035
257058
257081
257104
257127
257150
257173
257196
257219
257243
257266
257289
257312
257335
257358
257381
257404
257427
257450
257474
257497
257520
257543
257566
257589
257612
257635
257658
257681
257705
257728
257751
257774
257797
257820
257843
257866
257889
257912
257936
257959
257982
258005
258028
258051
258074
258097
258120
258144
258167
258190
258213
258236
258259
258282
258305
258328
258351
258375
258398
258421
258444
258467
258490
258513
258536
258559
258582
258606
258629
258652
258675
258698
258721
258744
258767
258790
258814
258837
258860
258883
258906
258929
258952
258975
258998
259021
259045
259068
259091
259114
259137
259160
259183
259206
259229
259252
259276
259299
259322
259345
259368
259391
259414
259437
259460
259484
259507
259530
259553
259576
259599
259622
259645
259668
259691
259715
259738
259761
259784
259807
259830
259853
259876
259899
259922
259946
259969
259992
260026
260051
260076
260101
260126
260151
260176
260201
260226
260251
260275
260300
260325
260350
260375
260400
260425
260450
260475
260500
260525
260549
260574
260599
260624
260649
260674
260699
260724
260749
260774
260799
260823
260848
260873
260898
260923
260948
260973
260998
261023
261048
261073
261097
261122
261147
261172
261197
261222
261247
261272
261297
261322
261347
261371
261396
261421
261446
261471
261496
261521
261546
261571
261596
261620
261645
261670
261695
261720
261745
261770
261795
261820
261845
261870
261894
261919
261944
261969
261994
262019
262044
262069
262094
262119
262144
262168
262193
262218
262243
262268
262293
262318
262343
262368
262393
262418
262442
262467
262492
262517
262542
262567
262592
262617
262642
262667
262692
262716
262741
262766
262791
262816
262841
262866
262891
262916
262941
262966
262990
263015
263040
263065
263090
263115
263140
263165
263190
263215
263239
263264
263289
263314
263339
263364
263389
263414
263439
263464
263489
263513
263538
263563
263588
263613
263638
263663
263688
263713
263738
263763
263787
263812
263837
263862
263887
263912
263937
263962
263987
264012
264037
264061
264086
264111
264136
264161
264186
264211
264236
264261
264286
264311
264335
264360
264385
264410
264435
264460
264485
264510
264535
264560
264585
264609
264634
264659
264684
264709
264734
264759
264784
264809
264834
264858
264883
264908
264933
264958
264983
265027
265053
265079
265105
265131
265157
265183
265209
265235
265261
265287
265313
265339
265365
265391
265417
265443
265468
265494
265520
265546
265572
265598
265624
265650
265676
265702
265728
265754
265780
265806
265832
265858
265884
265909
265935
265961
265987
266013
266039
266065
266091
266117
266143
266169
266195
266221
266247
266273
266299
266325
266351
266376
266402
266428
266454
266480
266506
266532
266558
266584
266610
266636
266662
266688
266714
266740
266766
266792
266817
266843
266869
266895
266921
266947
266973
266999
267025
267051
267077
267103
267129
267155
267181
267207
267233
267259
267284
267310
267336
267362
267388
267414
267440
267466
267492
267518
267544
267570
267596
267622
267648
267674
267700
267725
267751
267777
267803
267829
267855
267881
267907
267933
267959
267985
268011
268037
268063
268089
268115
268141
268166
268192
268218
268244
268270
268296
268322
268348
268374
268400
268426
268452
268478
268504
268530
268556
268582
268608
268633
268659
268685
268711
268737
268763
268789
268815
268841
268867
268893
268919
268945
268971
268997
269023
269049
269074
269100
269126
269152
269178
269204
269230
269256
269282
269308
269334
269360
269386
269412
269438
269464
269490
269516
269541
269567
269593
269619
269645
269671
269697
269723
269749
269775
269801
269827
269853
269879
269905
269931
269957
269982
270028
270055
270082
270109
270135
270162
270189
270216
270243
270269
270296
270323
270350
270377
270403
270430
270457
270484
270510
270537
270564
270591
270618
270644
270671
270698
270725
270752
270778
270805
270832
270859
270885
270912
270939
270966
270993
271019
271046
271073
271100
271127
271153
271180
271207
271234
271260
271287
271314
271341
271368
271394
271421
271448
271475
271502
271528
271555
271582
271609
271635
271662
271689
271716
271743
271769
271796
271823
271850
271877
271903
271930
271957
271984
272010
272037
272064
272091
272118
272144
272171
272198
272225
272252
272278
272305
272332
272359
272385
272412
272439
272466
272493
272519
272546
272573
272600
272627
272653
272680
272707
272734
272760
272787
272814
272841
272868
272894
272921
272948
272975
273002
273028
273055
273082
273109
273135
273162
273189
273216
273243
273269
273296
273323
273350
273377
273403
273430
273457
273484
273511
273537
273564
273591
273618
273644
273671
273698
273725
273752
273778
273805
273832
273859
273886
273912
273939
273966
273993
274019
274046
274073
274100
274127
274153
274180
274207
274234
274261
274287
274314
274341
274368
274394
274421
274448
274475
274502
274528
274555
274582
274609
274636
274662
274689
274716
274743
274769
274796
274823
274850
274877
274903
274930
274957
274984
275024
275047
275070
275093
275116
275138
275161
275184
275207
275230
275253
275275
275298
275321
275344
275367
275390
275412
275435
275458
275481
275504
275527
275549
275572
275595
275618
275641
275664
275686
275709
275732
275755
275778
275801
275823
275846
275869
275892
275915
275938
275960
275983
276006
276029
276052
276075
276097
276120
276143
276166
276189
276212
276234
276257
276280
276303
276326
276349
276371
276394
276417
276440
276463
276486
276508
276531
276554
276577
276600
276623
276645
276668
276691
276714
276737
276760
276782
276805
276828
276851
276874
276897
276919
276942
276965
276988
277011
277034
277056
277079
277102
277125
277148
277171
277193
277216
277239
277262
277285
277308
277330
277353
277376
277399
277422
277445
277467
277490
277513
277536
277559
277582
277604
277627
277650
277673
277696
277718
277741
277764
277787
277810
277833
277855
277878
277901
277924
277947
277970
277992
278015
278038
278061
278084
278107
278129
278152
278175
278198
278221
278244
278266
278289
278312
278335
278358
278381
278403
278426
278449
278472
278495
278518
278540
278563
278586
278609
278632
278655
278677
278700
278723
278746
278769
278792
278814
278837
278860
278883
278906
278929
278951
278974
278997
279020
279043
279066
279088
279111
279134
279157
279180
279203
279225
279248
279271
279294
279317
279340
279362
279385
279408
279431
279454
279477
279499
279522
279545
279568
279591
279614
279636
279659
279682
279705
279728
279751
279773
279796
279819
279842
279865
279888
279910
279933
279956
279979
285025
285049
285073
285097
285120
285144
285168
285192
285215
285239
285263
285287
285310
285334
285358
285382
285405
285429
285453
285477
285500
285524
285548
285572
285595
285619
285643
285667
285690
285714
285738
285762
285785
285809
285833
285857
285880
285904
285928
285952
285975
285999
286023
286047
286070
286094
286118
286142
286166
286189
286213
286237
286261
286284
286308
286332
286356
286379
286403
286427
286451
286474
286498
286522
286546
286569
286593
286617
286641
286664
286688
286712
286736
286759
286783
286807
286831
286854
286878
286902
286926
286949
286973
286997
287021
287044
287068
287092
287116
287139
287163
287187
287211
287235
287258
287282
287306
287330
287353
287377
287401
287425
287448
287472
287496
287520
287543
287567
287591
287615
287638
287662
287686
287710
287733
287757
287781
287805
287828
287852
287876
287900
287923
287947
287971
287995
288018
288042
288066
288090
288113
288137
288161
288185
288208
288232
288256
288280
288303
288327
288351
288375
288399
288422
288446
288470
288494
288517
288541
288565
288589
288612
288636
288660
288684
288707
288731
288755
288779
288802
288826
288850
288874
288897
288921
288945
288969
288992
289016
289040
289064
289087
289111
289135
289159
289182
289206
289230
289254
289277
289301
289325
289349
289372
289396
289420
289444
289468
289491
289515
289539
289563
289586
289610
289634
289658
289681
289705
289729
289753
289776
289800
289824
289848
289871
289895
289919
289943
289966
289990
290025
290048
290072
290095
290119
290142
290166
290189
290212
290236
290259
290283
290306
290330
290353
290377
290400
290423
290447
290470
290494
290517
290541
290564
290587
290611
290634
290658
290681
290705
290728
290752
290775
290798
290822
290845
290869
290892
290916
290939
290963
290986
291009
291033
291056
291080
291103
291127
291150
291173
291197
291220
291244
291267
291291
291314
291338
291361
291384
291408
291431
291455
291478
291502
291525
291549
291572
291595
291619
291642
291666
291689
291713
291736
291759
291783
291806
291830
291853
291877
291900
291924
291947
291970
291994
292017
292041
292064
292088
292111
292135
292158
292181
292205
292228
292252
292275
292299
292322
292345
292369
292392
292416
292439
292463
292486
292510
292533
292556
292580
292603
292627
292650
292674
292697
292721
292744
292767
292791
292814
292838
292861
292885
292908
292931
292955
292978
293002
293025
293049
293072
293096
293119
293142
293166
293189
293213
293236
293260
293283
293307
293330
293353
293377
293400
293424
293447
293471
293494
293517
293541
293564
293588
293611
293635
293658
293682
293705
293728
293752
293775
293799
293822
293846
293869
293893
293916
293939
293963
293986
294010
294033
294057
294080
294103
294127
294150
294174
294197
294221
294244
294268
294291
294314
294338
294361
294385
294408
294432
294455
294478
294502
294525
294549
294572
294596
294619
294643
294666
294689
294713
294736
294760
294783
294807
294830
294854
294877
294900
294924
294947
294971
294994
295028
295054
295080
295107
295133
295159
295186
295212
295238
295265
295291
295317
295344
295370
295396
295423
295449
295475
295502
295528
295554
295580
295607
295633
295659
295686
295712
295738
295765
295791
295817
295844
295870
295896
295923
295949
295975
296002
296028
296054
296080
296107
296133
296159
296186
296212
296238
296265
296291
296317
296344
296370
296396
296423
296449
296475
296502
296528
296554
296580
296607
296633
296659
296686
296712
296738
296765
296791
296817
296844
296870
296896
296923
296949
296975
297002
297028
297054
297080
297107
297133
297159
297186
297212
297238
297265
297291
297317
297344
297370
297396
297423
297449
297475
297502
297528
297554
297581
297607
297633
297659
297686
297712
297738
297765
297791
297817
297844
297870
297896
297923
297949
297975
298002
298028
298054
298081
298107
298133
298159
298186
298212
298238
298265
298291
298317
298344
298370
298396
298423
298449
298475
298502
298528
298554
298581
298607
298633
298659
298686
298712
298738
298765
298791
298817
298844
298870
298896
298923
298949
298975
299002
299028
299054
299081
299107
299133
299159
299186
299212
299238
299265
299291
299317
299344
299370
299396
299423
299449
299475
299502
299528
299554
299581
299607
299633
299659
299686
299712
299738
299765
299791
299817
299844
299870
299896
299923
299949
299975
300025
300048
300071
300095
300118
300141
300165
300188
300211
300235
300258
300281
300305
300328
300351
300375
300398
300421
300445
300468
300491
300514
300538
300561
300584
300608
300631
300654
300678
300701
300724
300748
300771
300794
300818
300841
300864
300888
300911
300934
300958
300981
301004
301027
301051
301074
301097
301121
301144
301167
301191
301214
301237
301261
301284
301307
301331
301354
301377
301401
301424
301447
301471
301494
301517
301540
301564
301587
301610
301634
301657
301680
301704
301727
301750
301774
301797
301820
301844
301867
301890
301914
301937
301960
301984
302007
302030
302053
302077
302100
302123
302147
302170
302193
302217
302240
302263
302287
302310
302333
302357
302380
302403
302427
302450
302473
302497
302520
302543
302566
302590
302613
302636
302660
302683
302706
302730
302753
302776
302800
302823
302846
302870
302893
302916
302940
302963
302986
303010
303033
303056
303079
303103
303126
303149
303173
303196
303219
303243
303266
303289
303313
303336
303359
303383
303406
303429
303453
303476
303499
303523
303546
303569
303592
303616
303639
303662
303686
303709
303732
303756
303779
303802
303826
303849
303872
303896
303919
303942
303966
303989
304012
304036
304059
304082
304105
304129
304152
304175
304199
304222
304245
304269
304292
304315
304339
304362
304385
304409
304432
304455
304479
304502
304525
304549
304572
304595
304618
304642
304665
304688
304712
304735
304758
304782
304805
304828
304852
304875
304898
304922
304945
304968
304992
305025
305048
305071
305094
305117
305140
305163
305187
305210
305233
305256
305279
305302
305325
305349
305372
305395
305418
305441
305464
305487
305511
305534
305557
305580
305603
305626
305649
305673
305696
305719
305742
305765
305788
305811
305834
305858
305881
305904
305927
305950
305973
305996
306020
306043
306066
306089
306112
306135
306158
306182
306205
306228
306251
306274
306297
306320
306344
306367
306390
306413
306436
306459
306482
306506
306529
306552
306575
306598
306621
306644
306667
306691
306714
306737
306760
306783
306806
306829
306853
306876
306899
306922
306945
306968
306991
307015
307038
307061
307084
307107
307130
307153
307177
307200
307223
307246
307269
307292
307315
307339
307362
307385
307408
307431
307454
307477
307500
307524
307547
307570
307593
307616
307639
307662
307686
307709
307732
307755
307778
307801
307824
307848
307871
307894
307917
307940
307963
307986
308010
308033
308056
308079
308102
308125
308148
308172
308195
308218
308241
308264
308287
308310
308333
308357
308380
308403
308426
308449
308472
308495
308519
308542
308565
308588
308611
308634
308657
308681
308704
308727
308750
308773
308796
308819
308843
308866
308889
308912
308935
308958
308981
309005
309028
309051
309074
309097
309120
309143
309166
309190
309213
309236
309259
309282
309305
309328
309352
309375
309398
309421
309444
309467
309490
309514
309537
309560
309583
309606
309629
309652
309676
309699
309722
309745
309768
309791
309814
309838
309861
309884
309907
309930
309953
309976
309999
310050
310099
310148
310197
310245
310294
310343
310392
310440
310489
310538
310587
310636
310684
310733
310782
310831
310879
310928
310977
311026
311075
311123
311172
311221
311270
311318
311367
311416
311465
311514
311562
311611
311660
311709
311757
311806
311855
311904
311953
312001
312050
312099
312148
312196
312245
312294
312343
312392
312440
312489
312538
312587
312635
312684
312733
312782
312831
312879
312928
312977
313026
313074
313123
313172
313221
313270
313318
313367
313416
313465
313513
313562
313611
313660
313709
313757
313806
313855
313904
313952
314001
314050
314099
314148
314196
314245
314294
314343
314391
314440
314489
314538
314586
314635
314684
314733
314782
314830
314879
314928
314977
315026
315051
315075
315100
315125
315149
315174
315198
315223
315248
315272
315297
315322
315346
315371
315395
315420
315445
315469
315494
315519
315543
315568
315592
315617
315642
315666
315691
315716
315740
315765
315789
315814
315839
315863
315888
315912
315937
315962
315986
316011
316036
316060
316085
316109
316134
316159
316183
316208
316233
316257
316282
316306
316331
316356
316380
316405
316430
316454
316479
316503
316528
316553
316577
316602
316627
316651
316676
316700
316725
316750
316774
316799
316823
316848
316873
316897
316922
316947
316971
316996
317020
317045
317070
317094
317119
317144
317168
317193
317217
317242
317267
317291
317316
317341
317365
317390
317414
317439
317464
317488
317513
317538
317562
317587
317611
317636
317661
317685
317710
317734
317759
317784
317808
317833
317858
317882
317907
317931
317956
317981
318005
318030
318055
318079
318104
318128
318153
318178
318202
318227
318252
318276
318301
318325
318350
318375
318399
318424
318449
318473
318498
318522
318547
318572
318596
318621
318645
318670
318695
318719
318744
318769
318793
318818
318842
318867
318892
318916
318941
318966
318990
319015
319039
319064
319089
319113
319138
319163
319187
319212
319236
319261
319286
319310
319335
319359
319384
319409
319433
319458
319483
319507
319532
319556
319581
319606
319630
319655
319680
319704
319729
319753
319778
319803
319827
319852
319877
319901
319926
319950
319975
320000
