1.00000 25.40000
2.00000 26.00000
3.00000 15.21000
4.00000 17.82000
5.00000 17.82000
6.00000 19.91000
7.00000 18.34000
8.00000 9.17000
9.00000 19.39000
10.00000 18.87000
11.00000 17.82000
12.00000 17.84000
13.00000 27.60000
14.00000 27.40000
15.00000 27.00000
16.00000 27.00000
17.00000 26.40000
18.00000 26.00000
19.00000 19.91000
20.00000 27.00000
21.00000 27.00000
22.00000 26.00000
23.00000 26.50000
24.00000 26.40000
25.00000 18.87000
26.00000 26.50000
27.00000 27.00000
28.00000 27.50000
29.00000 27.00000
30.00000 26.00000
31.00000 27.50000
32.00000 35.60000
33.00000 26.50000
34.00000 9.69000
35.00000 18.87000
36.00000 18.34000
37.00000 18.34000
38.00000 19.39000
39.00000 19.39000
40.00000 19.39000
41.00000 36.20000
42.00000 25.40000
43.00000 16.78000
44.00000 27.00000
45.00000 18.34000
46.00000 26.00000
47.00000 27.00000
48.00000 28.60000
49.00000 26.00000
50.00000 25.40000
51.00000 27.50000
52.00000 28.60000
53.00000 25.40000
54.00000 19.39000
55.00000 7.09000
56.00000 17.30000
57.00000 19.39000
58.00000 28.00000
59.00000 26.50000
60.00000 28.00000
61.00000 17.82000
62.00000 19.39000
63.00000 19.91000
64.00000 19.91000
65.00000 27.00000
66.00000 26.00000
67.00000 18.87000
68.00000 19.39000
69.00000 17.30000
70.00000 26.00000
71.00000 19.39000
72.00000 18.34000
73.00000 18.87000
74.00000 19.91000
75.00000 25.40000
76.00000 26.50000
77.00000 38.80000
78.00000 25.40000
79.00000 26.50000
80.00000 27.00000
81.00000 17.30000
82.00000 18.87000
83.00000 18.87000
84.00000 19.39000
85.00000 28.60000
86.00000 25.40000
87.00000 19.91000
88.00000 18.87000
89.00000 19.39000
90.00000 17.30000
91.00000 17.82000
92.00000 18.87000
93.00000 19.39000
94.00000 26.00000
95.00000 25.40000
96.00000 18.87000
97.00000 17.82000
98.00000 9.17000
99.00000 17.30000
100.00000 18.34000
101.00000 18.34000
102.00000 19.91000
103.00000 25.40000
104.00000 26.00000
105.00000 18.87000
106.00000 25.40000
107.00000 18.34000
108.00000 18.87000
109.00000 17.82000
110.00000 19.39000
111.00000 18.87000
112.00000 26.00000
113.00000 25.40000
114.00000 18.87000
115.00000 26.00000
116.00000 25.40000
117.00000 17.82000
118.00000 17.82000
119.00000 19.39000
120.00000 15.74000
121.00000 19.39000
122.00000 18.87000
123.00000 19.39000
124.00000 19.91000
125.00000 25.40000
126.00000 26.50000
127.00000 17.82000
128.00000 19.91000
129.00000 27.50000
130.00000 27.00000
131.00000 28.00000
132.00000 26.50000
133.00000 27.50000
134.00000 27.50000
135.00000 26.50000
136.00000 19.39000
137.00000 28.60000
138.00000 27.00000
139.00000 26.00000
140.00000 25.40000
141.00000 16.26000
142.00000 18.87000
143.00000 19.91000
144.00000 26.50000
145.00000 19.39000
146.00000 19.39000
147.00000 27.50000
148.00000 28.00000
149.00000 29.10000
150.00000 28.60000
151.00000 19.39000
152.00000 26.00000
153.00000 25.40000
154.00000 18.34000
155.00000 18.87000
156.00000 26.00000
157.00000 18.34000
158.00000 19.39000
159.00000 18.34000
160.00000 26.00000
161.00000 8.65000
162.00000 15.74000
163.00000 19.91000
164.00000 16.26000
165.00000 16.26000
166.00000 18.34000
167.00000 19.39000
168.00000 19.91000
169.00000 17.82000
170.00000 18.87000
171.00000 18.34000
172.00000 18.34000
173.00000 18.87000
174.00000 17.30000
175.00000 18.34000
176.00000 16.78000
177.00000 25.40000
178.00000 25.40000
179.00000 18.34000
180.00000 19.39000
181.00000 19.39000
182.00000 19.39000
183.00000 26.00000
184.00000 9.69000
185.00000 26.50000
186.00000 28.00000
187.00000 26.50000
188.00000 25.40000
189.00000 27.00000
190.00000 26.50000
191.00000 18.87000
192.00000 26.50000
193.00000 27.50000
194.00000 26.50000
195.00000 19.91000
196.00000 19.39000
197.00000 16.78000
198.00000 17.30000
199.00000 16.26000
200.00000 18.87000
201.00000 25.40000
202.00000 27.50000
203.00000 25.40000
204.00000 26.50000
205.00000 15.21000
206.00000 25.40000
207.00000 27.50000
208.00000 19.39000
209.00000 19.91000
210.00000 27.50000
211.00000 27.00000
212.00000 27.00000
213.00000 27.50000
214.00000 26.50000
215.00000 27.50000
216.00000 28.60000
217.00000 26.00000
218.00000 26.50000
219.00000 26.50000
220.00000 26.00000
221.00000 27.50000
222.00000 27.50000
223.00000 29.10000
224.00000 25.40000
225.00000 27.50000
226.00000 15.21000
227.00000 19.91000
228.00000 26.00000
229.00000 26.00000
230.00000 26.50000
231.00000 35.10000
232.00000 36.20000
233.00000 35.10000
234.00000 27.00000
235.00000 26.50000
236.00000 18.87000
237.00000 19.91000
238.00000 28.00000
239.00000 26.00000
240.00000 26.00000
241.00000 19.91000
242.00000 25.40000
243.00000 26.00000
244.00000 27.00000
245.00000 19.91000
246.00000 28.60000
247.00000 28.60000
248.00000 16.26000
249.00000 29.60000
250.00000 28.00000
251.00000 27.00000
252.00000 26.50000
253.00000 28.00000
254.00000 26.50000
255.00000 28.00000
256.00000 27.00000
257.00000 27.50000
258.00000 26.50000
259.00000 35.10000
260.00000 27.50000
261.00000 28.60000
262.00000 27.50000
263.00000 26.00000
264.00000 26.00000
265.00000 18.34000
266.00000 26.50000
267.00000 26.50000
268.00000 19.91000
269.00000 16.26000
270.00000 26.00000
271.00000 18.87000
272.00000 18.87000
273.00000 19.39000
274.00000 27.50000
275.00000 18.87000
276.00000 25.40000
277.00000 18.87000
278.00000 19.91000
279.00000 25.40000
280.00000 19.91000
281.00000 18.87000
282.00000 26.00000
283.00000 26.50000
284.00000 27.00000
285.00000 28.00000
286.00000 27.50000
287.00000 27.00000
288.00000 28.60000
289.00000 28.60000
290.00000 15.74000
291.00000 18.87000
292.00000 26.50000
293.00000 26.00000
294.00000 19.39000
295.00000 17.82000
296.00000 39.20000
297.00000 19.39000
298.00000 26.00000
299.00000 19.39000
