1.00000 0.52000
2.00000 1.04000
3.00000 0.52000
4.00000 0.00000
5.00000 0.52000
6.00000 0.00000
7.00000 0.52000
8.00000 0.00000
9.00000 0.00000
10.00000 0.00000
11.00000 0.52000
12.00000 0.00000
13.00000 0.00000
14.00000 0.52000
15.00000 0.00000
16.00000 0.52000
17.00000 7.09000
18.00000 7.61000
19.00000 8.13000
20.00000 7.61000
21.00000 0.52000
22.00000 0.52000
23.00000 1.04000
24.00000 0.00000
25.00000 0.52000
26.00000 0.52000
27.00000 1.04000
28.00000 1.04000
29.00000 0.52000
30.00000 0.00000
31.00000 0.52000
32.00000 1.04000
33.00000 0.52000
34.00000 0.52000
35.00000 1.04000
36.00000 0.00000
37.00000 1.04000
38.00000 1.56000
39.00000 0.00000
40.00000 0.52000
41.00000 0.52000
42.00000 0.52000
43.00000 0.52000
44.00000 0.00000
45.00000 0.52000
46.00000 0.52000
47.00000 1.04000
48.00000 0.52000
49.00000 0.52000
50.00000 0.00000
51.00000 15.74000
52.00000 16.26000
53.00000 17.82000
54.00000 18.87000
55.00000 19.39000
56.00000 26.50000
57.00000 26.40000
58.00000 26.50000
59.00000 37.80000
60.00000 48.10000
61.00000 55.40000
62.00000 78.50000
63.00000 86.90000
64.00000 77.40000
65.00000 108.90000
66.00000 107.80000
67.00000 95.30000
68.00000 93.30000
69.00000 69.00000
70.00000 64.90000
71.00000 37.20000
72.00000 0.00000
73.00000 29.60000
74.00000 36.70000
75.00000 8.65000
76.00000 0.00000
77.00000 36.70000
78.00000 39.30000
79.00000 35.60000
80.00000 9.17000
81.00000 39.80000
82.00000 18.87000
83.00000 37.70000
84.00000 45.90000
85.00000 28.60000
86.00000 18.87000
87.00000 8.13000
88.00000 28.00000
89.00000 29.10000
90.00000 28.00000
91.00000 1.04000
92.00000 0.00000
93.00000 0.52000
94.00000 25.40000
95.00000 16.26000
96.00000 9.17000
97.00000 29.10000
98.00000 17.82000
99.00000 16.26000
100.00000 15.21000
101.00000 7.09000
102.00000 0.00000
103.00000 1.56000
104.00000 7.61000
105.00000 8.65000
106.00000 0.52000
107.00000 0.00000
108.00000 0.00000
109.00000 0.00000
110.00000 8.65000
111.00000 29.60000
112.00000 29.10000
113.00000 26.00000
114.00000 25.40000
115.00000 28.60000
116.00000 51.10000
117.00000 39.30000
118.00000 48.50000
119.00000 45.90000
120.00000 57.90000
121.00000 55.20000
122.00000 46.90000
123.00000 18.87000
124.00000 55.20000
125.00000 58.40000
126.00000 54.20000
127.00000 49.50000
128.00000 38.80000
129.00000 36.20000
130.00000 27.00000
131.00000 27.50000
132.00000 48.50000
133.00000 29.60000
134.00000 29.10000
135.00000 29.60000
136.00000 35.60000
137.00000 26.00000
138.00000 9.69000
139.00000 7.61000
140.00000 9.69000
141.00000 0.52000
142.00000 0.52000
143.00000 29.60000
144.00000 7.09000
145.00000 25.40000
146.00000 0.52000
147.00000 17.30000
148.00000 15.21000
149.00000 9.69000
150.00000 1.56000
151.00000 15.74000
152.00000 9.69000
153.00000 8.65000
154.00000 9.69000
155.00000 9.69000
156.00000 15.74000
157.00000 8.13000
158.00000 8.65000
159.00000 8.65000
160.00000 9.69000
161.00000 8.13000
162.00000 8.13000
163.00000 8.65000
164.00000 7.09000
165.00000 15.21000
166.00000 15.74000
167.00000 15.74000
168.00000 7.61000
169.00000 1.56000
170.00000 8.13000
171.00000 1.04000
172.00000 16.26000
173.00000 18.87000
174.00000 17.82000
175.00000 26.00000
176.00000 28.60000
177.00000 18.87000
178.00000 26.00000
179.00000 35.10000
180.00000 26.50000
181.00000 17.82000
182.00000 28.00000
183.00000 37.70000
184.00000 38.30000
185.00000 37.20000
186.00000 27.50000
187.00000 27.00000
188.00000 37.20000
189.00000 17.82000
190.00000 35.60000
191.00000 19.91000
192.00000 17.82000
193.00000 17.30000
194.00000 25.40000
195.00000 18.87000
196.00000 19.39000
197.00000 18.87000
198.00000 18.34000
199.00000 17.82000
200.00000 1.04000
201.00000 29.10000
202.00000 18.87000
203.00000 18.87000
204.00000 26.00000
205.00000 8.13000
206.00000 38.80000
207.00000 27.50000
208.00000 26.50000
209.00000 49.50000
210.00000 53.20000
211.00000 18.34000
212.00000 38.80000
213.00000 53.70000
214.00000 25.40000
215.00000 27.00000
216.00000 27.50000
217.00000 25.40000
218.00000 18.34000
219.00000 18.87000
220.00000 16.26000
221.00000 18.34000
222.00000 17.82000
223.00000 25.40000
224.00000 26.50000
225.00000 17.82000
226.00000 17.30000
227.00000 19.91000
228.00000 18.87000
229.00000 17.30000
230.00000 19.91000
231.00000 19.91000
232.00000 16.26000
233.00000 26.00000
234.00000 19.39000
235.00000 18.34000
236.00000 25.40000
237.00000 28.00000
238.00000 19.39000
239.00000 26.50000
240.00000 28.00000
241.00000 28.60000
242.00000 49.00000
243.00000 45.90000
244.00000 28.00000
245.00000 29.10000
246.00000 37.20000
247.00000 39.30000
248.00000 35.10000
249.00000 27.00000
250.00000 16.26000
251.00000 9.69000
252.00000 0.00000
253.00000 7.09000
254.00000 1.04000
255.00000 19.39000
256.00000 1.04000
257.00000 0.00000
258.00000 8.13000
259.00000 17.30000
260.00000 0.52000
261.00000 8.13000
262.00000 1.56000
263.00000 7.61000
264.00000 15.74000
265.00000 17.82000
266.00000 9.17000
267.00000 9.17000
268.00000 7.09000
269.00000 8.65000
270.00000 7.61000
271.00000 7.61000
272.00000 9.69000
273.00000 17.30000
274.00000 18.87000
275.00000 15.21000
276.00000 26.00000
277.00000 19.91000
278.00000 18.87000
279.00000 19.91000
280.00000 26.50000
281.00000 27.00000
282.00000 16.26000
283.00000 16.78000
284.00000 26.50000
285.00000 15.74000
286.00000 15.74000
287.00000 9.69000
288.00000 7.09000
289.00000 8.65000
290.00000 8.13000
291.00000 9.69000
292.00000 16.78000
293.00000 9.69000
294.00000 8.65000
295.00000 8.13000
296.00000 36.60000
297.00000 1.29000
298.00000 7.09000
299.00000 7.09000
