1.00000 16.78000
2.00000 15.74000
3.00000 17.30000
4.00000 18.87000
5.00000 17.30000
6.00000 15.74000
7.00000 17.30000
8.00000 15.74000
9.00000 15.74000
10.00000 18.34000
11.00000 15.21000
12.00000 16.26000
13.00000 16.26000
14.00000 17.82000
15.00000 17.82000
16.00000 15.74000
17.00000 9.17000
18.00000 18.34000
19.00000 17.30000
20.00000 17.82000
21.00000 16.26000
22.00000 17.30000
23.00000 17.82000
24.00000 18.87000
25.00000 18.34000
26.00000 26.00000
27.00000 19.91000
28.00000 26.50000
29.00000 19.39000
30.00000 26.00000
31.00000 27.50000
32.00000 29.60000
33.00000 35.60000
34.00000 17.30000
35.00000 18.87000
36.00000 18.34000
37.00000 18.34000
38.00000 8.13000
39.00000 16.26000
40.00000 7.09000
41.00000 27.50000
42.00000 16.78000
43.00000 15.74000
44.00000 15.21000
45.00000 17.82000
46.00000 18.87000
47.00000 17.30000
48.00000 16.26000
49.00000 17.30000
50.00000 19.91000
51.00000 19.39000
52.00000 19.39000
53.00000 16.78000
54.00000 18.87000
55.00000 18.34000
56.00000 19.91000
57.00000 29.60000
58.00000 18.87000
59.00000 18.87000
60.00000 15.74000
61.00000 19.91000
62.00000 19.39000
63.00000 19.91000
64.00000 19.91000
65.00000 18.34000
66.00000 17.82000
67.00000 16.26000
68.00000 17.30000
69.00000 18.87000
70.00000 16.26000
71.00000 18.34000
72.00000 19.39000
73.00000 19.39000
74.00000 25.40000
75.00000 18.34000
76.00000 18.87000
77.00000 18.87000
78.00000 17.82000
79.00000 25.40000
80.00000 18.87000
81.00000 9.69000
82.00000 18.34000
83.00000 18.87000
84.00000 17.30000
85.00000 16.78000
86.00000 16.26000
87.00000 18.34000
88.00000 17.82000
89.00000 17.30000
90.00000 17.30000
91.00000 18.34000
92.00000 17.82000
93.00000 16.78000
94.00000 17.30000
95.00000 17.82000
96.00000 18.34000
97.00000 8.13000
98.00000 29.10000
99.00000 18.87000
100.00000 19.39000
101.00000 18.34000
102.00000 9.17000
103.00000 17.82000
104.00000 18.87000
105.00000 18.87000
106.00000 18.34000
107.00000 19.39000
108.00000 19.91000
109.00000 18.34000
110.00000 18.34000
111.00000 18.87000
112.00000 18.34000
113.00000 16.78000
114.00000 18.34000
115.00000 17.82000
116.00000 17.30000
117.00000 18.34000
118.00000 19.91000
119.00000 19.39000
120.00000 17.82000
121.00000 16.78000
122.00000 17.82000
123.00000 17.30000
124.00000 8.65000
125.00000 17.30000
126.00000 17.82000
127.00000 18.34000
128.00000 16.78000
129.00000 16.26000
130.00000 16.26000
131.00000 15.74000
132.00000 17.82000
133.00000 16.78000
134.00000 18.87000
135.00000 17.30000
136.00000 15.74000
137.00000 16.26000
138.00000 15.21000
139.00000 17.30000
140.00000 17.30000
141.00000 19.39000
142.00000 18.87000
143.00000 17.30000
144.00000 18.34000
145.00000 9.17000
146.00000 17.82000
147.00000 19.39000
148.00000 17.30000
149.00000 16.26000
150.00000 18.34000
151.00000 17.82000
152.00000 17.82000
153.00000 16.78000
154.00000 17.30000
155.00000 17.82000
156.00000 17.30000
157.00000 15.74000
158.00000 9.69000
159.00000 18.87000
160.00000 17.82000
161.00000 19.39000
162.00000 18.34000
163.00000 16.78000
164.00000 16.26000
165.00000 9.17000
166.00000 0.00000
167.00000 9.69000
168.00000 19.91000
169.00000 15.74000
170.00000 9.17000
171.00000 0.00000
172.00000 27.00000
173.00000 1.56000
174.00000 19.39000
175.00000 9.17000
176.00000 17.82000
177.00000 17.30000
178.00000 15.74000
179.00000 17.82000
180.00000 9.69000
181.00000 9.17000
182.00000 16.78000
183.00000 16.26000
184.00000 15.21000
185.00000 15.74000
186.00000 16.26000
187.00000 16.26000
188.00000 7.61000
189.00000 15.74000
190.00000 16.78000
191.00000 16.78000
192.00000 16.78000
193.00000 8.13000
194.00000 18.34000
195.00000 16.78000
196.00000 18.34000
197.00000 17.30000
198.00000 7.61000
199.00000 27.50000
200.00000 16.78000
201.00000 17.30000
202.00000 17.82000
203.00000 15.74000
204.00000 15.21000
205.00000 0.52000
206.00000 27.00000
207.00000 15.74000
208.00000 18.34000
209.00000 8.13000
210.00000 16.78000
211.00000 15.74000
212.00000 16.26000
213.00000 16.26000
214.00000 17.82000
215.00000 15.21000
216.00000 18.34000
217.00000 17.82000
218.00000 17.82000
219.00000 18.87000
220.00000 16.26000
221.00000 17.30000
222.00000 17.30000
223.00000 18.87000
224.00000 27.50000
225.00000 19.39000
226.00000 26.50000
227.00000 18.34000
228.00000 19.39000
229.00000 19.91000
230.00000 15.74000
231.00000 18.87000
232.00000 26.50000
233.00000 16.78000
234.00000 19.91000
235.00000 26.50000
236.00000 26.50000
237.00000 26.50000
238.00000 26.00000
239.00000 18.87000
240.00000 18.87000
241.00000 19.91000
242.00000 18.87000
243.00000 17.82000
244.00000 19.91000
245.00000 19.91000
246.00000 19.39000
247.00000 25.40000
248.00000 26.00000
249.00000 27.50000
250.00000 19.91000
251.00000 19.91000
252.00000 9.69000
253.00000 18.87000
254.00000 19.91000
255.00000 25.40000
256.00000 26.50000
257.00000 19.91000
258.00000 18.34000
259.00000 26.50000
260.00000 26.50000
261.00000 25.40000
262.00000 26.50000
263.00000 26.50000
264.00000 19.39000
265.00000 19.91000
266.00000 19.39000
267.00000 19.39000
268.00000 19.39000
269.00000 16.78000
270.00000 16.78000
271.00000 18.34000
272.00000 19.39000
273.00000 15.21000
274.00000 17.82000
275.00000 17.82000
276.00000 16.78000
277.00000 17.30000
278.00000 18.87000
279.00000 26.50000
280.00000 15.21000
281.00000 18.87000
282.00000 17.30000
283.00000 15.74000
284.00000 0.52000
285.00000 27.50000
286.00000 16.78000
287.00000 16.78000
288.00000 1.04000
289.00000 27.00000
290.00000 17.30000
291.00000 17.30000
292.00000 15.21000
293.00000 8.13000
294.00000 15.74000
295.00000 16.26000
296.00000 37.60000
297.00000 15.74000
298.00000 17.82000
299.00000 19.94000
