1.00000 15.21000
2.00000 7.09000
3.00000 17.82000
4.00000 15.21000
5.00000 15.21000
6.00000 8.65000
7.00000 15.74000
8.00000 18.34000
9.00000 18.34000
10.00000 16.26000
11.00000 16.26000
12.00000 15.21000
13.00000 16.26000
14.00000 9.69000
15.00000 8.65000
16.00000 8.65000
17.00000 1.56000
18.00000 8.13000
19.00000 8.65000
20.00000 19.91000
21.00000 8.65000
22.00000 18.34000
23.00000 8.65000
24.00000 18.87000
25.00000 18.34000
26.00000 19.91000
27.00000 1.56000
28.00000 15.21000
29.00000 9.17000
30.00000 9.17000
31.00000 16.26000
32.00000 8.65000
33.00000 16.26000
34.00000 25.40000
35.00000 16.78000
36.00000 8.65000
37.00000 15.74000
38.00000 9.69000
39.00000 19.39000
40.00000 19.39000
41.00000 16.78000
42.00000 17.82000
43.00000 18.87000
44.00000 18.87000
45.00000 26.50000
46.00000 18.34000
47.00000 19.91000
48.00000 16.78000
49.00000 16.78000
50.00000 26.50000
51.00000 27.00000
52.00000 35.60000
53.00000 29.10000
54.00000 7.61000
55.00000 0.00000
56.00000 1.05000
57.00000 36.70000
58.00000 16.26000
59.00000 16.26000
60.00000 15.74000
61.00000 16.26000
62.00000 17.30000
63.00000 17.30000
64.00000 16.78000
65.00000 16.26000
66.00000 8.65000
67.00000 17.30000
68.00000 15.21000
69.00000 16.26000
70.00000 17.82000
71.00000 17.82000
72.00000 28.00000
73.00000 27.00000
74.00000 19.91000
75.00000 19.91000
76.00000 9.17000
77.00000 7.61000
78.00000 15.74000
79.00000 27.00000
80.00000 19.39000
81.00000 1.04000
82.00000 26.50000
83.00000 8.13000
84.00000 19.39000
85.00000 15.21000
86.00000 16.26000
87.00000 18.34000
88.00000 15.21000
89.00000 17.82000
90.00000 18.87000
91.00000 25.40000
92.00000 18.87000
93.00000 17.82000
94.00000 9.69000
95.00000 9.17000
96.00000 19.39000
97.00000 19.91000
98.00000 19.91000
99.00000 16.78000
100.00000 16.26000
101.00000 15.21000
102.00000 16.26000
103.00000 16.78000
104.00000 9.17000
105.00000 15.21000
106.00000 9.69000
107.00000 16.78000
108.00000 19.91000
109.00000 8.65000
110.00000 15.74000
111.00000 9.17000
112.00000 16.78000
113.00000 16.26000
114.00000 17.82000
115.00000 16.26000
116.00000 17.30000
117.00000 19.39000
118.00000 18.34000
119.00000 9.69000
120.00000 1.04000
121.00000 17.82000
122.00000 16.26000
123.00000 16.26000
124.00000 17.82000
125.00000 17.82000
126.00000 17.82000
127.00000 16.26000
128.00000 17.82000
129.00000 17.82000
130.00000 7.61000
131.00000 17.82000
132.00000 7.61000
133.00000 16.26000
134.00000 19.39000
135.00000 9.69000
136.00000 19.39000
137.00000 15.74000
138.00000 15.74000
139.00000 9.17000
140.00000 9.17000
141.00000 17.30000
142.00000 9.17000
143.00000 17.82000
144.00000 17.82000
145.00000 9.17000
146.00000 15.21000
147.00000 15.21000
148.00000 16.78000
149.00000 18.87000
150.00000 18.34000
151.00000 18.87000
152.00000 9.69000
153.00000 18.87000
154.00000 17.30000
155.00000 17.30000
156.00000 19.91000
157.00000 26.00000
158.00000 17.82000
159.00000 19.39000
160.00000 19.39000
161.00000 19.91000
162.00000 26.00000
163.00000 19.91000
164.00000 18.87000
165.00000 26.00000
166.00000 18.34000
167.00000 19.39000
168.00000 19.39000
169.00000 18.87000
170.00000 19.91000
171.00000 18.87000
172.00000 25.40000
173.00000 15.21000
174.00000 19.91000
175.00000 25.40000
176.00000 26.00000
177.00000 16.78000
178.00000 18.87000
179.00000 19.39000
180.00000 18.34000
181.00000 18.87000
182.00000 26.50000
183.00000 18.87000
184.00000 18.34000
185.00000 19.91000
186.00000 17.82000
187.00000 17.30000
188.00000 17.82000
189.00000 25.40000
190.00000 9.17000
191.00000 25.40000
192.00000 19.91000
193.00000 18.34000
194.00000 0.00000
195.00000 9.17000
196.00000 26.50000
197.00000 18.34000
198.00000 18.34000
199.00000 16.78000
200.00000 19.39000
201.00000 17.82000
202.00000 18.34000
203.00000 16.78000
204.00000 17.30000
205.00000 16.26000
206.00000 19.39000
207.00000 16.78000
208.00000 15.74000
209.00000 18.87000
210.00000 19.39000
211.00000 29.60000
212.00000 35.10000
213.00000 17.82000
214.00000 16.78000
215.00000 17.30000
216.00000 9.69000
217.00000 18.87000
218.00000 19.91000
219.00000 17.30000
220.00000 18.87000
221.00000 17.30000
222.00000 18.87000
223.00000 16.26000
224.00000 17.30000
225.00000 18.34000
226.00000 19.91000
227.00000 17.82000
228.00000 29.10000
229.00000 25.40000
230.00000 27.50000
231.00000 19.91000
232.00000 18.34000
233.00000 1.04000
234.00000 19.91000
235.00000 19.39000
236.00000 19.39000
237.00000 9.69000
238.00000 26.00000
239.00000 18.87000
240.00000 19.39000
241.00000 18.34000
242.00000 19.91000
243.00000 19.39000
244.00000 15.21000
245.00000 18.87000
246.00000 26.00000
247.00000 18.34000
248.00000 18.34000
249.00000 15.74000
250.00000 17.82000
251.00000 17.82000
252.00000 19.39000
253.00000 19.39000
254.00000 17.30000
255.00000 17.82000
256.00000 18.87000
257.00000 26.50000
258.00000 9.69000
259.00000 17.82000
260.00000 15.21000
261.00000 8.65000
262.00000 27.00000
263.00000 26.00000
264.00000 27.00000
265.00000 25.40000
266.00000 25.40000
267.00000 17.82000
268.00000 16.78000
269.00000 18.87000
270.00000 25.40000
271.00000 25.40000
272.00000 18.34000
273.00000 18.87000
274.00000 18.34000
275.00000 18.87000
276.00000 17.82000
277.00000 8.13000
278.00000 19.39000
279.00000 7.09000
280.00000 0.00000
281.00000 26.00000
282.00000 26.00000
283.00000 25.40000
284.00000 19.91000
285.00000 16.78000
286.00000 8.13000
287.00000 26.50000
288.00000 26.00000
289.00000 18.87000
290.00000 25.40000
291.00000 25.40000
292.00000 19.39000
293.00000 18.87000
294.00000 17.82000
295.00000 7.61000
296.00000 37.60000
297.00000 8.65000
298.00000 8.65000
299.00000 15.74000
