1.00000 17.30000
2.00000 17.30000
3.00000 17.30000
4.00000 16.26000
5.00000 8.13000
6.00000 17.82000
7.00000 15.74000
8.00000 16.78000
9.00000 17.82000
10.00000 17.82000
11.00000 18.34000
12.00000 16.26000
13.00000 17.30000
14.00000 17.30000
15.00000 8.66000
16.00000 25.40000
17.00000 17.82000
18.00000 15.74000
19.00000 18.87000
20.00000 17.82000
21.00000 19.39000
22.00000 15.74000
23.00000 17.82000
24.00000 16.26000
25.00000 15.74000
26.00000 15.74000
27.00000 17.30000
28.00000 15.21000
29.00000 17.30000
30.00000 19.91000
31.00000 25.40000
32.00000 17.30000
33.00000 18.87000
34.00000 18.87000
35.00000 17.82000
36.00000 17.82000
37.00000 18.87000
38.00000 19.91000
39.00000 26.00000
40.00000 27.50000
41.00000 17.30000
42.00000 16.78000
43.00000 8.65000
44.00000 15.74000
45.00000 18.34000
46.00000 26.00000
47.00000 16.78000
48.00000 19.39000
49.00000 19.91000
50.00000 16.78000
51.00000 15.74000
52.00000 16.78000
53.00000 8.13000
54.00000 27.50000
55.00000 17.82000
56.00000 19.39000
57.00000 18.87000
58.00000 18.87000
59.00000 18.34000
60.00000 8.65000
61.00000 17.82000
62.00000 1.56000
63.00000 26.00000
64.00000 8.65000
65.00000 16.26000
66.00000 15.21000
67.00000 16.26000
68.00000 15.74000
69.00000 18.34000
70.00000 16.78000
71.00000 16.78000
72.00000 17.82000
73.00000 16.26000
74.00000 15.74000
75.00000 16.26000
76.00000 9.17000
77.00000 16.26000
78.00000 15.21000
79.00000 17.30000
80.00000 15.21000
81.00000 17.30000
82.00000 17.30000
83.00000 15.74000
84.00000 16.78000
85.00000 18.34000
86.00000 8.13000
87.00000 8.13000
88.00000 15.74000
89.00000 16.26000
90.00000 16.26000
91.00000 16.26000
92.00000 16.26000
93.00000 15.74000
94.00000 17.82000
95.00000 17.30000
96.00000 8.13000
97.00000 16.78000
98.00000 17.82000
99.00000 16.26000
100.00000 17.82000
101.00000 16.78000
102.00000 16.26000
103.00000 17.30000
104.00000 17.30000
105.00000 18.34000
106.00000 18.87000
107.00000 15.74000
108.00000 17.30000
109.00000 16.78000
110.00000 16.78000
111.00000 16.26000
112.00000 19.91000
113.00000 29.60000
114.00000 17.30000
115.00000 19.39000
116.00000 17.82000
117.00000 18.87000
118.00000 17.30000
119.00000 17.82000
120.00000 15.74000
121.00000 16.26000
122.00000 17.82000
123.00000 1.04000
124.00000 27.00000
125.00000 16.78000
126.00000 17.30000
127.00000 18.34000
128.00000 8.13000
129.00000 18.87000
130.00000 17.82000
131.00000 18.87000
132.00000 16.78000
133.00000 15.21000
134.00000 16.26000
135.00000 19.39000
136.00000 16.78000
137.00000 17.30000
138.00000 19.91000
139.00000 17.30000
140.00000 16.26000
141.00000 15.74000
142.00000 0.00000
143.00000 29.10000
144.00000 17.30000
145.00000 18.87000
146.00000 16.26000
147.00000 16.26000
148.00000 16.78000
149.00000 16.78000
150.00000 8.65000
151.00000 16.26000
152.00000 15.74000
153.00000 16.26000
154.00000 16.78000
155.00000 17.30000
156.00000 15.74000
157.00000 15.21000
158.00000 16.26000
159.00000 1.56000
160.00000 19.91000
161.00000 8.13000
162.00000 17.30000
163.00000 16.78000
164.00000 15.21000
165.00000 15.74000
166.00000 16.78000
167.00000 17.82000
168.00000 16.78000
169.00000 15.21000
170.00000 16.78000
171.00000 8.13000
172.00000 16.26000
173.00000 18.34000
174.00000 16.78000
175.00000 17.30000
176.00000 16.78000
177.00000 15.74000
178.00000 15.21000
179.00000 1.56000
180.00000 0.52000
181.00000 18.87000
182.00000 18.34000
183.00000 16.78000
184.00000 17.82000
185.00000 19.91000
186.00000 19.39000
187.00000 15.74000
188.00000 17.82000
189.00000 18.87000
190.00000 18.87000
191.00000 17.82000
192.00000 8.13000
193.00000 8.13000
194.00000 15.21000
195.00000 16.26000
196.00000 16.26000
197.00000 16.26000
198.00000 17.30000
199.00000 15.74000
200.00000 17.82000
201.00000 16.26000
202.00000 16.26000
203.00000 15.74000
204.00000 9.17000
205.00000 9.17000
206.00000 15.21000
207.00000 15.21000
208.00000 15.74000
209.00000 16.78000
210.00000 15.74000
211.00000 18.34000
212.00000 16.78000
213.00000 17.30000
214.00000 9.17000
215.00000 17.30000
216.00000 19.39000
217.00000 19.91000
218.00000 18.87000
219.00000 18.87000
220.00000 17.82000
221.00000 18.34000
222.00000 18.87000
223.00000 17.30000
224.00000 16.26000
225.00000 17.82000
226.00000 17.82000
227.00000 18.87000
228.00000 18.87000
229.00000 15.74000
230.00000 16.26000
231.00000 16.78000
232.00000 16.78000
233.00000 19.39000
234.00000 18.34000
235.00000 9.17000
236.00000 18.34000
237.00000 17.30000
238.00000 17.30000
239.00000 18.34000
240.00000 17.30000
241.00000 17.30000
242.00000 16.78000
243.00000 18.34000
244.00000 25.40000
245.00000 18.34000
246.00000 19.39000
247.00000 26.50000
248.00000 17.30000
249.00000 18.87000
250.00000 17.30000
251.00000 8.13000
252.00000 17.82000
253.00000 18.34000
254.00000 16.26000
255.00000 16.26000
256.00000 0.52000
257.00000 1.04000
258.00000 28.00000
259.00000 16.78000
260.00000 15.21000
261.00000 1.04000
262.00000 28.60000
263.00000 17.30000
264.00000 17.82000
265.00000 16.26000
266.00000 17.82000
267.00000 18.34000
268.00000 17.30000
269.00000 16.78000
270.00000 26.50000
271.00000 17.82000
272.00000 17.30000
273.00000 16.78000
274.00000 17.82000
275.00000 19.91000
276.00000 19.91000
277.00000 16.26000
278.00000 7.61000
279.00000 16.26000
280.00000 17.30000
281.00000 18.87000
282.00000 19.39000
283.00000 18.34000
284.00000 18.34000
285.00000 17.82000
286.00000 17.82000
287.00000 17.82000
288.00000 16.78000
289.00000 25.40000
290.00000 19.39000
291.00000 18.87000
292.00000 18.87000
293.00000 19.91000
294.00000 19.39000
295.00000 17.30000
296.00000 38.10000
297.00000 16.26000
298.00000 15.21000
299.00000 9.69000
