1.00000 19.94000
2.00000 25.90000
3.00000 19.91000
4.00000 16.78000
5.00000 17.82000
6.00000 9.69000
7.00000 9.69000
8.00000 15.74000
9.00000 16.78000
10.00000 16.78000
11.00000 18.34000
12.00000 15.21000
13.00000 16.26000
14.00000 16.78000
15.00000 18.34000
16.00000 17.82000
17.00000 9.17000
18.00000 15.74000
19.00000 1.04000
20.00000 7.09000
21.00000 8.13000
22.00000 0.00000
23.00000 0.52000
24.00000 1.04000
25.00000 8.13000
26.00000 1.04000
27.00000 29.60000
28.00000 16.26000
29.00000 9.17000
30.00000 0.52000
31.00000 9.17000
32.00000 16.78000
33.00000 17.82000
34.00000 16.78000
35.00000 18.34000
36.00000 36.20000
37.00000 25.40000
38.00000 9.69000
39.00000 7.09000
40.00000 1.56000
41.00000 0.52000
42.00000 15.21000
43.00000 17.30000
44.00000 18.34000
45.00000 18.87000
46.00000 19.91000
47.00000 19.39000
48.00000 27.00000
49.00000 19.39000
50.00000 35.60000
51.00000 35.70000
52.00000 58.60000
53.00000 57.50000
54.00000 73.20000
55.00000 60.70000
56.00000 49.70000
57.00000 27.00000
58.00000 27.00000
59.00000 38.30000
60.00000 47.90000
61.00000 36.20000
62.00000 29.10000
63.00000 1.04000
64.00000 29.60000
65.00000 48.10000
66.00000 60.40000
67.00000 49.50000
68.00000 36.20000
69.00000 50.20000
70.00000 50.20000
71.00000 49.20000
72.00000 62.00000
73.00000 50.20000
74.00000 48.90000
75.00000 47.40000
76.00000 15.74000
77.00000 8.65000
78.00000 19.91000
79.00000 9.69000
80.00000 1.56000
81.00000 17.82000
82.00000 29.60000
83.00000 35.10000
84.00000 29.10000
85.00000 17.30000
86.00000 36.70000
87.00000 38.80000
88.00000 38.80000
89.00000 35.10000
90.00000 28.60000
91.00000 60.40000
92.00000 36.70000
93.00000 27.00000
94.00000 19.39000
95.00000 29.60000
96.00000 27.50000
97.00000 25.40000
98.00000 8.65000
99.00000 0.00000
100.00000 17.82000
101.00000 17.30000
102.00000 7.09000
103.00000 9.69000
104.00000 7.61000
105.00000 16.78000
106.00000 17.82000
107.00000 19.91000
108.00000 25.40000
109.00000 16.26000
110.00000 9.69000
111.00000 18.34000
112.00000 35.10000
113.00000 26.50000
114.00000 36.20000
115.00000 17.82000
116.00000 26.50000
117.00000 15.21000
118.00000 9.17000
119.00000 18.34000
120.00000 19.91000
121.00000 19.91000
122.00000 29.60000
123.00000 35.10000
124.00000 26.50000
125.00000 16.26000
126.00000 1.56000
127.00000 9.17000
128.00000 9.69000
129.00000 9.69000
130.00000 15.21000
131.00000 16.26000
132.00000 8.65000
133.00000 17.82000
134.00000 18.34000
135.00000 16.78000
136.00000 8.67000
137.00000 16.24000
138.00000 17.30000
139.00000 19.39000
140.00000 16.26000
141.00000 28.00000
142.00000 35.60000
143.00000 29.10000
144.00000 28.60000
145.00000 38.30000
146.00000 37.70000
147.00000 17.30000
148.00000 15.74000
149.00000 9.69000
150.00000 8.65000
151.00000 29.10000
152.00000 50.60000
153.00000 49.50000
154.00000 51.20000
155.00000 51.50000
156.00000 50.20000
157.00000 78.50000
158.00000 65.90000
159.00000 65.90000
160.00000 64.80000
161.00000 79.50000
162.00000 64.80000
163.00000 65.90000
164.00000 78.50000
165.00000 66.90000
166.00000 79.50000
167.00000 79.50000
168.00000 65.90000
169.00000 65.90000
170.00000 79.50000
171.00000 65.90000
172.00000 78.50000
173.00000 65.90000
174.00000 64.80000
175.00000 65.90000
176.00000 36.60000
177.00000 9.69000
178.00000 8.13000
179.00000 38.90000
180.00000 79.50000
181.00000 65.90000
182.00000 52.30000
183.00000 81.60000
184.00000 65.90000
185.00000 65.90000
186.00000 65.90000
187.00000 65.90000
188.00000 64.80000
189.00000 65.90000
190.00000 65.90000
191.00000 65.90000
192.00000 52.30000
193.00000 52.30000
194.00000 64.80000
195.00000 52.30000
196.00000 65.30000
197.00000 28.00000
198.00000 29.10000
199.00000 51.60000
200.00000 49.50000
201.00000 50.20000
202.00000 52.00000
203.00000 47.50000
204.00000 65.90000
205.00000 52.30000
206.00000 65.40000
207.00000 52.30000
208.00000 65.90000
209.00000 65.90000
210.00000 52.30000
211.00000 65.90000
212.00000 52.30000
213.00000 49.90000
214.00000 52.30000
215.00000 65.90000
216.00000 50.70000
217.00000 52.30000
218.00000 52.30000
219.00000 64.30000
220.00000 52.10000
221.00000 49.50000
222.00000 26.50000
223.00000 51.60000
224.00000 49.00000
225.00000 47.40000
226.00000 28.00000
227.00000 28.60000
228.00000 36.70000
229.00000 29.60000
230.00000 29.60000
231.00000 27.50000
232.00000 15.74000
233.00000 7.09000
234.00000 35.60000
235.00000 18.34000
236.00000 16.26000
237.00000 18.34000
238.00000 15.21000
239.00000 35.10000
240.00000 29.60000
241.00000 38.30000
242.00000 28.00000
243.00000 35.60000
244.00000 35.60000
245.00000 18.34000
246.00000 38.30000
247.00000 45.30000
248.00000 28.00000
249.00000 15.21000
250.00000 26.50000
251.00000 29.60000
252.00000 9.69000
253.00000 18.87000
254.00000 8.65000
255.00000 36.70000
256.00000 45.30000
257.00000 37.20000
258.00000 46.90000
259.00000 36.20000
260.00000 25.40000
261.00000 15.21000
262.00000 9.69000
263.00000 1.04000
264.00000 8.13000
265.00000 27.00000
266.00000 16.26000
267.00000 25.40000
268.00000 25.40000
269.00000 29.60000
270.00000 27.00000
271.00000 26.00000
272.00000 26.00000
273.00000 35.10000
274.00000 37.70000
275.00000 37.70000
276.00000 38.80000
277.00000 37.70000
278.00000 37.70000
279.00000 37.70000
280.00000 35.60000
281.00000 16.26000
282.00000 17.82000
283.00000 8.65000
284.00000 15.74000
285.00000 17.30000
286.00000 25.40000
287.00000 15.74000
288.00000 28.00000
289.00000 19.39000
290.00000 19.91000
291.00000 18.34000
292.00000 9.17000
293.00000 8.65000
294.00000 27.50000
295.00000 35.60000
296.00000 27.00000
297.00000 25.40000
298.00000 27.00000
299.00000 29.10000
