1.00000 9.17000
2.00000 8.13000
3.00000 1.56000
4.00000 1.04000
5.00000 0.52000
6.00000 18.87000
7.00000 1.04000
8.00000 8.13000
9.00000 9.69000
10.00000 15.21000
11.00000 9.17000
12.00000 16.26000
13.00000 9.69000
14.00000 8.13000
15.00000 15.21000
16.00000 16.26000
17.00000 16.26000
18.00000 15.74000
19.00000 15.21000
20.00000 19.91000
21.00000 25.40000
22.00000 19.39000
23.00000 18.87000
24.00000 17.82000
25.00000 17.31000
26.00000 26.50000
27.00000 19.39000
28.00000 28.00000
29.00000 29.60000
30.00000 18.87000
31.00000 0.52000
32.00000 0.00000
33.00000 35.60000
34.00000 27.00000
35.00000 27.50000
36.00000 28.60000
37.00000 16.78000
38.00000 8.65000
39.00000 18.34000
40.00000 7.09000
41.00000 27.50000
42.00000 16.78000
43.00000 19.91000
44.00000 27.50000
45.00000 17.82000
46.00000 18.34000
47.00000 18.34000
48.00000 25.40000
49.00000 19.39000
50.00000 16.26000
51.00000 8.65000
52.00000 15.21000
53.00000 15.21000
54.00000 16.26000
55.00000 7.61000
56.00000 18.87000
57.00000 15.21000
58.00000 16.78000
59.00000 15.21000
60.00000 7.61000
61.00000 15.21000
62.00000 16.26000
63.00000 16.26000
64.00000 17.82000
65.00000 17.30000
66.00000 18.34000
67.00000 16.78000
68.00000 17.30000
69.00000 15.21000
70.00000 8.13000
71.00000 17.30000
72.00000 27.00000
73.00000 18.34000
74.00000 18.34000
75.00000 16.78000
76.00000 17.82000
77.00000 18.34000
78.00000 18.34000
79.00000 28.00000
80.00000 27.50000
81.00000 9.69000
82.00000 28.00000
83.00000 27.50000
84.00000 26.50000
85.00000 16.78000
86.00000 17.82000
87.00000 17.82000
88.00000 37.20000
89.00000 18.34000
90.00000 19.39000
91.00000 38.80000
92.00000 17.82000
93.00000 18.34000
94.00000 19.39000
95.00000 18.87000
96.00000 19.39000
97.00000 18.87000
98.00000 18.87000
99.00000 17.30000
100.00000 18.34000
101.00000 26.00000
102.00000 8.65000
103.00000 18.87000
104.00000 28.00000
105.00000 29.10000
106.00000 19.39000
107.00000 17.82000
108.00000 19.39000
109.00000 25.40000
110.00000 19.91000
111.00000 27.00000
112.00000 18.34000
113.00000 18.87000
114.00000 1.56000
115.00000 0.00000
116.00000 26.50000
117.00000 8.13000
118.00000 28.60000
119.00000 15.74000
120.00000 17.82000
121.00000 9.17000
122.00000 0.52000
123.00000 18.87000
124.00000 16.78000
125.00000 16.26000
126.00000 17.30000
127.00000 15.74000
128.00000 16.26000
129.00000 16.78000
130.00000 16.78000
131.00000 18.34000
132.00000 16.26000
133.00000 18.34000
134.00000 16.26000
135.00000 17.30000
136.00000 17.30000
137.00000 18.87000
138.00000 0.52000
139.00000 8.13000
140.00000 17.30000
141.00000 15.74000
142.00000 8.65000
143.00000 16.26000
144.00000 8.65000
145.00000 0.00000
146.00000 9.17000
147.00000 9.17000
148.00000 7.09000
149.00000 16.26000
150.00000 9.69000
151.00000 15.74000
152.00000 9.17000
153.00000 8.65000
154.00000 9.17000
155.00000 9.17000
156.00000 9.17000
157.00000 8.65000
158.00000 16.26000
159.00000 15.74000
160.00000 16.78000
161.00000 9.17000
162.00000 9.17000
163.00000 17.82000
164.00000 7.61000
165.00000 7.09000
166.00000 8.65000
167.00000 9.69000
168.00000 8.65000
169.00000 1.04000
170.00000 7.61000
171.00000 7.61000
172.00000 8.13000
173.00000 15.21000
174.00000 9.69000
175.00000 15.74000
176.00000 8.13000
177.00000 9.17000
178.00000 15.74000
179.00000 16.78000
180.00000 15.74000
181.00000 17.82000
182.00000 18.34000
183.00000 16.26000
184.00000 17.82000
185.00000 9.69000
186.00000 7.61000
187.00000 15.21000
188.00000 7.09000
189.00000 17.30000
190.00000 19.91000
191.00000 19.91000
192.00000 26.50000
193.00000 16.78000
194.00000 25.40000
195.00000 18.34000
196.00000 18.34000
197.00000 16.78000
198.00000 17.82000
199.00000 18.34000
200.00000 18.87000
201.00000 19.91000
202.00000 19.91000
203.00000 18.34000
204.00000 18.87000
205.00000 17.82000
206.00000 16.78000
207.00000 18.34000
208.00000 18.34000
209.00000 8.65000
210.00000 18.34000
211.00000 18.87000
212.00000 17.30000
213.00000 16.26000
214.00000 15.21000
215.00000 8.65000
216.00000 0.52000
217.00000 29.10000
218.00000 16.26000
219.00000 0.00000
220.00000 16.26000
221.00000 8.13000
222.00000 16.78000
223.00000 1.56000
224.00000 26.50000
225.00000 16.78000
226.00000 16.26000
227.00000 18.34000
228.00000 18.34000
229.00000 19.91000
230.00000 9.69000
231.00000 25.40000
232.00000 27.50000
233.00000 27.00000
234.00000 18.87000
235.00000 17.82000
236.00000 18.87000
237.00000 17.30000
238.00000 15.74000
239.00000 0.00000
240.00000 16.26000
241.00000 16.26000
242.00000 8.65000
243.00000 15.21000
244.00000 8.13000
245.00000 15.21000
246.00000 9.17000
247.00000 9.17000
248.00000 9.17000
249.00000 15.74000
250.00000 8.13000
251.00000 15.21000
252.00000 9.69000
253.00000 7.61000
254.00000 7.09000
255.00000 8.65000
256.00000 7.61000
257.00000 9.69000
258.00000 15.74000
259.00000 18.87000
260.00000 17.30000
261.00000 17.82000
262.00000 15.21000
263.00000 17.82000
264.00000 17.82000
265.00000 18.87000
266.00000 15.74000
267.00000 15.21000
268.00000 15.74000
269.00000 16.78000
270.00000 15.74000
271.00000 9.69000
272.00000 0.00000
273.00000 16.26000
274.00000 9.69000
275.00000 16.78000
276.00000 17.30000
277.00000 17.30000
278.00000 25.40000
279.00000 15.74000
280.00000 15.74000
281.00000 15.74000
282.00000 17.82000
283.00000 26.00000
284.00000 18.87000
285.00000 8.13000
286.00000 17.82000
287.00000 16.26000
288.00000 16.26000
289.00000 17.30000
290.00000 19.39000
291.00000 18.34000
292.00000 17.30000
293.00000 8.65000
294.00000 18.87000
295.00000 18.87000
296.00000 51.80000
297.00000 26.50000
298.00000 25.60000
299.00000 38.90000
