1.00000 1.04000
2.00000 0.52000
3.00000 0.52000
4.00000 0.00000
5.00000 0.52000
6.00000 0.52000
7.00000 0.52000
8.00000 1.56000
9.00000 1.56000
10.00000 0.52000
11.00000 1.04000
12.00000 0.52000
13.00000 0.00000
14.00000 0.52000
15.00000 0.52000
16.00000 0.52000
17.00000 0.52000
18.00000 0.00000
19.00000 0.52000
20.00000 1.56000
21.00000 7.61000
22.00000 8.65000
23.00000 8.13000
24.00000 15.74000
25.00000 15.21000
26.00000 18.34000
27.00000 26.50000
28.00000 48.10000
29.00000 49.10000
30.00000 53.30000
31.00000 51.20000
32.00000 60.70000
33.00000 54.40000
34.00000 61.10000
35.00000 50.60000
36.00000 61.50000
37.00000 49.00000
38.00000 49.50000
39.00000 49.50000
40.00000 53.20000
41.00000 52.60000
42.00000 52.60000
43.00000 50.00000
44.00000 47.40000
45.00000 45.90000
46.00000 52.60000
47.00000 56.30000
48.00000 55.80000
49.00000 53.70000
50.00000 53.70000
51.00000 55.20000
52.00000 54.70000
53.00000 36.70000
54.00000 54.20000
55.00000 53.20000
56.00000 37.70000
57.00000 46.40000
58.00000 45.30000
59.00000 47.90000
60.00000 53.70000
61.00000 54.20000
62.00000 51.60000
63.00000 52.60000
64.00000 51.60000
65.00000 50.60000
66.00000 56.30000
67.00000 55.20000
68.00000 51.10000
69.00000 51.10000
70.00000 55.20000
71.00000 52.60000
72.00000 52.10000
73.00000 50.00000
74.00000 27.50000
75.00000 35.60000
76.00000 45.30000
77.00000 51.60000
78.00000 53.20000
79.00000 51.10000
80.00000 53.70000
81.00000 52.60000
82.00000 53.70000
83.00000 50.00000
84.00000 35.60000
85.00000 49.00000
86.00000 46.90000
87.00000 25.40000
88.00000 27.00000
89.00000 50.60000
90.00000 54.20000
91.00000 56.30000
92.00000 54.20000
93.00000 54.20000
94.00000 29.60000
95.00000 58.40000
96.00000 59.90000
97.00000 56.30000
98.00000 58.90000
99.00000 61.50000
100.00000 57.90000
101.00000 58.40000
102.00000 56.30000
103.00000 54.20000
104.00000 53.20000
105.00000 55.20000
106.00000 56.30000
107.00000 54.70000
108.00000 49.50000
109.00000 53.70000
110.00000 52.60000
111.00000 54.20000
112.00000 53.70000
113.00000 52.10000
114.00000 55.20000
115.00000 28.00000
116.00000 52.10000
117.00000 57.30000
118.00000 57.90000
119.00000 58.40000
120.00000 60.50000
121.00000 57.90000
122.00000 57.30000
123.00000 57.90000
124.00000 53.20000
125.00000 51.60000
126.00000 46.90000
127.00000 35.10000
128.00000 26.50000
129.00000 29.10000
130.00000 18.87000
131.00000 18.87000
132.00000 7.09000
133.00000 9.17000
134.00000 1.04000
135.00000 15.21000
136.00000 7.61000
137.00000 0.52000
138.00000 0.00000
139.00000 1.56000
140.00000 0.00000
141.00000 0.00000
142.00000 8.13000
143.00000 0.52000
144.00000 0.00000
145.00000 15.21000
146.00000 7.09000
147.00000 0.52000
148.00000 7.61000
149.00000 1.04000
150.00000 7.09000
151.00000 0.00000
152.00000 7.09000
153.00000 8.13000
154.00000 8.65000
155.00000 9.69000
156.00000 9.69000
157.00000 7.61000
158.00000 0.00000
159.00000 0.52000
160.00000 1.04000
161.00000 0.52000
162.00000 0.52000
163.00000 0.52000
164.00000 0.00000
165.00000 0.00000
166.00000 0.00000
167.00000 0.00000
168.00000 1.04000
169.00000 1.56000
170.00000 0.52000
171.00000 0.00000
172.00000 0.00000
173.00000 0.00000
174.00000 0.52000
175.00000 0.52000
176.00000 1.56000
177.00000 8.13000
178.00000 9.17000
179.00000 1.04000
180.00000 9.69000
181.00000 9.69000
182.00000 16.26000
183.00000 16.26000
184.00000 16.78000
185.00000 39.30000
186.00000 49.00000
187.00000 49.50000
188.00000 28.00000
189.00000 46.90000
190.00000 38.80000
191.00000 29.10000
192.00000 28.60000
193.00000 29.60000
194.00000 18.87000
195.00000 19.91000
196.00000 19.91000
197.00000 19.39000
198.00000 9.69000
199.00000 17.82000
200.00000 18.34000
201.00000 1.04000
202.00000 0.00000
203.00000 15.21000
204.00000 19.39000
205.00000 19.91000
206.00000 18.87000
207.00000 18.87000
208.00000 16.26000
209.00000 27.50000
210.00000 15.74000
211.00000 9.69000
212.00000 15.21000
213.00000 15.74000
214.00000 7.61000
215.00000 15.21000
216.00000 8.13000
217.00000 1.56000
218.00000 8.65000
219.00000 0.52000
220.00000 1.04000
221.00000 1.04000
222.00000 1.04000
223.00000 7.61000
224.00000 1.04000
225.00000 8.65000
226.00000 8.13000
227.00000 7.61000
228.00000 7.09000
229.00000 7.61000
230.00000 0.52000
231.00000 7.61000
232.00000 1.56000
233.00000 9.17000
234.00000 8.65000
235.00000 8.65000
236.00000 9.17000
237.00000 16.78000
238.00000 17.82000
239.00000 9.17000
240.00000 7.09000
241.00000 0.00000
242.00000 0.00000
243.00000 0.00000
244.00000 0.00000
245.00000 0.00000
246.00000 0.00000
247.00000 0.52000
248.00000 36.20000
249.00000 16.26000
250.00000 15.74000
251.00000 9.69000
252.00000 17.82000
253.00000 17.82000
254.00000 18.87000
255.00000 25.40000
256.00000 26.50000
257.00000 28.00000
258.00000 29.10000
259.00000 35.10000
260.00000 36.70000
261.00000 38.30000
262.00000 39.30000
263.00000 49.00000
264.00000 47.40000
265.00000 27.00000
266.00000 50.00000
267.00000 49.00000
268.00000 51.10000
269.00000 52.10000
270.00000 54.20000
271.00000 54.20000
272.00000 56.80000
273.00000 57.90000
274.00000 61.00000
275.00000 64.60000
276.00000 60.50000
277.00000 51.10000
278.00000 35.10000
279.00000 28.60000
280.00000 26.00000
281.00000 0.00000
282.00000 38.80000
283.00000 18.34000
284.00000 1.56000
285.00000 0.52000
286.00000 1.56000
287.00000 8.65000
288.00000 15.21000
289.00000 9.69000
290.00000 8.13000
291.00000 15.21000
292.00000 8.65000
293.00000 8.65000
294.00000 9.17000
295.00000 16.78000
296.00000 36.70000
297.00000 1.76000
298.00000 9.17000
299.00000 18.87000
