1.00000 25.40000
2.00000 26.50000
3.00000 28.50000
4.00000 27.00000
5.00000 28.10000
6.00000 28.50000
7.00000 27.00000
8.00000 29.00000
9.00000 19.39000
10.00000 18.87000
11.00000 17.82000
12.00000 26.00000
13.00000 28.60000
14.00000 16.78000
15.00000 27.00000
16.00000 26.00000
17.00000 26.00000
18.00000 18.34000
19.00000 27.00000
20.00000 19.91000
21.00000 25.40000
22.00000 28.60000
23.00000 28.60000
24.00000 29.10000
25.00000 36.20000
26.00000 38.30000
27.00000 37.20000
28.00000 25.40000
29.00000 48.50000
30.00000 18.34000
31.00000 28.60000
32.00000 19.39000
33.00000 19.91000
34.00000 26.00000
35.00000 15.21000
36.00000 29.10000
37.00000 18.87000
38.00000 27.50000
39.00000 25.40000
40.00000 19.39000
41.00000 27.50000
42.00000 28.00000
43.00000 27.50000
44.00000 27.50000
45.00000 27.50000
46.00000 27.50000
47.00000 26.00000
48.00000 27.50000
49.00000 28.60000
50.00000 28.60000
51.00000 37.70000
52.00000 29.10000
53.00000 35.10000
54.00000 27.50000
55.00000 26.00000
56.00000 15.74000
57.00000 27.50000
58.00000 29.60000
59.00000 26.50000
60.00000 35.60000
61.00000 19.91000
62.00000 29.10000
63.00000 27.50000
64.00000 29.10000
65.00000 25.40000
66.00000 27.50000
67.00000 26.50000
68.00000 19.91000
69.00000 29.10000
70.00000 27.00000
71.00000 29.60000
72.00000 26.50000
73.00000 27.50000
74.00000 25.40000
75.00000 27.50000
76.00000 28.00000
77.00000 26.00000
78.00000 15.74000
79.00000 29.10000
80.00000 27.50000
81.00000 26.50000
82.00000 27.00000
83.00000 19.91000
84.00000 26.50000
85.00000 27.00000
86.00000 27.00000
87.00000 29.10000
88.00000 35.10000
89.00000 28.00000
90.00000 29.10000
91.00000 18.87000
92.00000 27.00000
93.00000 25.40000
94.00000 35.60000
95.00000 35.10000
96.00000 29.60000
97.00000 35.60000
98.00000 29.60000
99.00000 16.78000
100.00000 29.10000
101.00000 26.00000
102.00000 27.00000
103.00000 35.10000
104.00000 29.10000
105.00000 35.10000
106.00000 29.60000
107.00000 35.60000
108.00000 27.50000
109.00000 26.50000
110.00000 27.50000
111.00000 27.50000
112.00000 26.00000
113.00000 19.91000
114.00000 19.91000
115.00000 19.91000
116.00000 26.00000
117.00000 16.26000
118.00000 28.60000
119.00000 19.91000
120.00000 15.74000
121.00000 26.50000
122.00000 25.40000
123.00000 28.00000
124.00000 27.00000
125.00000 28.60000
126.00000 25.40000
127.00000 19.91000
128.00000 17.30000
129.00000 25.40000
130.00000 29.10000
131.00000 27.00000
132.00000 27.00000
133.00000 19.91000
134.00000 25.40000
135.00000 27.00000
136.00000 27.00000
137.00000 18.87000
138.00000 25.40000
139.00000 26.50000
140.00000 25.40000
141.00000 16.26000
142.00000 19.38000
143.00000 27.50000
144.00000 28.00000
145.00000 28.00000
146.00000 26.50000
147.00000 26.50000
148.00000 27.00000
149.00000 27.00000
150.00000 26.00000
151.00000 26.00000
152.00000 26.50000
153.00000 28.60000
154.00000 27.50000
155.00000 26.50000
156.00000 26.50000
157.00000 29.10000
158.00000 29.10000
159.00000 37.20000
160.00000 29.10000
161.00000 27.50000
162.00000 27.50000
163.00000 16.78000
164.00000 28.00000
165.00000 26.00000
166.00000 26.50000
167.00000 26.50000
168.00000 17.82000
169.00000 26.00000
170.00000 28.60000
171.00000 28.00000
172.00000 27.50000
173.00000 26.50000
174.00000 25.40000
175.00000 26.50000
176.00000 27.50000
177.00000 29.10000
178.00000 29.10000
179.00000 17.30000
180.00000 38.30000
181.00000 28.00000
182.00000 26.50000
183.00000 26.50000
184.00000 15.74000
185.00000 26.00000
186.00000 18.34000
187.00000 19.91000
188.00000 25.40000
189.00000 19.91000
190.00000 28.60000
191.00000 26.00000
192.00000 25.40000
193.00000 18.87000
194.00000 26.00000
195.00000 19.39000
196.00000 18.87000
197.00000 17.82000
198.00000 18.87000
199.00000 26.50000
200.00000 26.50000
201.00000 26.00000
202.00000 27.00000
203.00000 29.60000
204.00000 28.60000
205.00000 28.00000
206.00000 16.78000
207.00000 26.00000
208.00000 27.00000
209.00000 25.40000
210.00000 26.00000
211.00000 18.87000
212.00000 18.87000
213.00000 18.87000
214.00000 19.91000
215.00000 18.34000
216.00000 18.34000
217.00000 19.39000
218.00000 17.82000
219.00000 19.39000
220.00000 18.87000
221.00000 19.91000
222.00000 25.40000
223.00000 26.50000
224.00000 28.60000
225.00000 25.40000
226.00000 27.00000
227.00000 16.26000
228.00000 17.82000
229.00000 25.40000
230.00000 26.00000
231.00000 28.00000
232.00000 27.00000
233.00000 27.50000
234.00000 27.50000
235.00000 26.50000
236.00000 25.40000
237.00000 19.39000
238.00000 16.78000
239.00000 25.40000
240.00000 19.39000
241.00000 26.00000
242.00000 26.50000
243.00000 27.50000
244.00000 28.60000
245.00000 19.39000
246.00000 19.91000
247.00000 16.78000
248.00000 19.39000
249.00000 18.87000
250.00000 25.40000
251.00000 18.87000
252.00000 19.91000
253.00000 26.00000
254.00000 19.91000
255.00000 18.87000
256.00000 18.87000
257.00000 19.91000
258.00000 19.91000
259.00000 26.00000
260.00000 25.40000
261.00000 19.91000
262.00000 18.34000
263.00000 25.40000
264.00000 26.00000
265.00000 19.39000
266.00000 19.39000
267.00000 19.91000
268.00000 18.87000
269.00000 45.30000
270.00000 9.17000
271.00000 28.00000
272.00000 26.50000
273.00000 19.39000
274.00000 18.87000
275.00000 19.91000
276.00000 27.00000
277.00000 27.00000
278.00000 26.50000
279.00000 26.50000
280.00000 19.39000
281.00000 15.21000
282.00000 16.78000
283.00000 18.87000
284.00000 25.40000
285.00000 19.91000
286.00000 19.91000
287.00000 27.00000
288.00000 19.39000
289.00000 25.40000
290.00000 18.34000
291.00000 8.65000
292.00000 18.34000
293.00000 18.34000
294.00000 19.91000
295.00000 19.39000
296.00000 38.10000
297.00000 16.74000
298.00000 36.80000
299.00000 26.30000
