1.00000 9.17000
2.00000 9.17000
3.00000 9.17000
4.00000 1.04000
5.00000 0.00000
6.00000 0.00000
7.00000 0.52000
8.00000 36.50000
9.00000 7.09000
10.00000 9.69000
11.00000 15.74000
12.00000 19.44000
13.00000 54.40000
14.00000 53.30000
15.00000 52.80000
16.00000 28.60000
17.00000 18.89000
18.00000 29.60000
19.00000 0.52000
20.00000 15.74000
21.00000 1.56000
22.00000 19.39000
23.00000 7.61000
24.00000 15.21000
25.00000 15.74000
26.00000 1.56000
27.00000 9.17000
28.00000 9.17000
29.00000 0.52000
30.00000 0.00000
31.00000 0.52000
32.00000 0.00000
33.00000 0.00000
34.00000 0.00000
35.00000 0.00000
36.00000 0.00000
37.00000 0.00000
38.00000 0.00000
39.00000 0.00000
40.00000 0.00000
41.00000 0.00000
42.00000 0.00000
43.00000 0.00000
44.00000 0.00000
45.00000 0.00000
46.00000 0.00000
47.00000 0.00000
48.00000 0.00000
49.00000 0.00000
50.00000 0.00000
51.00000 0.00000
52.00000 0.00000
53.00000 0.00000
54.00000 0.00000
55.00000 0.00000
56.00000 0.00000
57.00000 0.00000
58.00000 1.04000
59.00000 7.09000
60.00000 1.04000
61.00000 1.04000
62.00000 7.61000
63.00000 1.04000
64.00000 0.00000
65.00000 0.00000
66.00000 0.00000
67.00000 0.00000
68.00000 0.00000
69.00000 0.00000
70.00000 0.00000
71.00000 0.00000
72.00000 0.52000
73.00000 0.00000
74.00000 0.00000
75.00000 1.04000
76.00000 1.04000
77.00000 1.56000
78.00000 1.04000
79.00000 0.52000
80.00000 1.04000
81.00000 1.04000
82.00000 0.00000
83.00000 0.52000
84.00000 0.52000
85.00000 0.52000
86.00000 0.52000
87.00000 0.52000
88.00000 1.56000
89.00000 1.04000
90.00000 1.56000
91.00000 1.04000
92.00000 0.52000
93.00000 1.04000
94.00000 0.00000
95.00000 0.00000
96.00000 1.04000
97.00000 0.52000
98.00000 0.52000
99.00000 0.52000
100.00000 0.00000
101.00000 0.00000
102.00000 0.52000
103.00000 1.04000
104.00000 0.00000
105.00000 0.00000
106.00000 0.52000
107.00000 0.52000
108.00000 0.52000
109.00000 0.52000
110.00000 0.52000
111.00000 0.00000
112.00000 0.00000
113.00000 0.52000
114.00000 0.00000
115.00000 0.52000
116.00000 0.52000
117.00000 0.52000
118.00000 0.00000
119.00000 0.52000
120.00000 1.04000
121.00000 0.00000
122.00000 0.00000
123.00000 0.00000
124.00000 0.52000
125.00000 0.00000
126.00000 0.00000
127.00000 0.00000
128.00000 0.00000
129.00000 0.00000
130.00000 0.52000
131.00000 0.00000
132.00000 0.00000
133.00000 0.00000
134.00000 0.00000
135.00000 0.00000
136.00000 0.00000
137.00000 0.00000
138.00000 0.00000
139.00000 0.00000
140.00000 0.00000
141.00000 0.00000
142.00000 0.00000
143.00000 0.00000
144.00000 0.00000
145.00000 0.00000
146.00000 0.00000
147.00000 0.00000
148.00000 0.00000
149.00000 0.00000
150.00000 0.00000
151.00000 0.00000
152.00000 0.52000
153.00000 0.00000
154.00000 0.52000
155.00000 0.52000
156.00000 0.00000
157.00000 1.04000
158.00000 0.52000
159.00000 0.00000
160.00000 0.00000
161.00000 0.00000
162.00000 0.00000
163.00000 0.00000
164.00000 0.00000
165.00000 0.00000
166.00000 0.52000
167.00000 0.52000
168.00000 0.52000
169.00000 0.52000
170.00000 0.52000
171.00000 0.00000
172.00000 0.52000
173.00000 0.00000
174.00000 0.00000
175.00000 0.00000
176.00000 0.52000
177.00000 0.52000
178.00000 1.04000
179.00000 1.04000
180.00000 1.04000
181.00000 1.04000
182.00000 0.52000
183.00000 0.52000
184.00000 1.56000
185.00000 8.13000
186.00000 0.00000
187.00000 0.52000
188.00000 7.09000
189.00000 7.09000
190.00000 0.52000
191.00000 8.13000
192.00000 0.52000
193.00000 7.09000
194.00000 1.04000
195.00000 0.00000
196.00000 1.56000
197.00000 1.04000
198.00000 0.00000
199.00000 0.00000
200.00000 0.00000
201.00000 0.00000
202.00000 0.00000
203.00000 0.52000
204.00000 0.00000
205.00000 0.00000
206.00000 0.00000
207.00000 0.52000
208.00000 0.00000
209.00000 0.52000
210.00000 0.00000
211.00000 0.52000
212.00000 0.00000
213.00000 0.52000
214.00000 0.52000
215.00000 1.56000
216.00000 7.09000
217.00000 8.13000
218.00000 9.17000
219.00000 15.74000
220.00000 19.39000
221.00000 15.74000
222.00000 27.50000
223.00000 29.10000
224.00000 47.40000
225.00000 48.50000
226.00000 48.50000
227.00000 56.50000
228.00000 60.20000
229.00000 52.60000
230.00000 54.20000
231.00000 37.70000
232.00000 51.10000
233.00000 47.90000
234.00000 50.00000
235.00000 51.10000
236.00000 36.20000
237.00000 50.00000
238.00000 46.90000
239.00000 38.30000
240.00000 37.70000
241.00000 35.10000
242.00000 36.70000
243.00000 39.30000
244.00000 37.20000
245.00000 45.90000
246.00000 29.10000
247.00000 26.00000
248.00000 15.21000
249.00000 26.50000
250.00000 29.60000
251.00000 48.50000
252.00000 53.70000
253.00000 55.20000
254.00000 54.20000
255.00000 55.20000
256.00000 45.90000
257.00000 37.70000
258.00000 37.20000
259.00000 29.10000
260.00000 39.30000
261.00000 39.80000
262.00000 50.60000
263.00000 52.60000
264.00000 48.50000
265.00000 39.30000
266.00000 39.30000
267.00000 37.70000
268.00000 19.91000
269.00000 35.60000
270.00000 26.50000
271.00000 36.20000
272.00000 45.30000
273.00000 51.10000
274.00000 53.20000
275.00000 55.20000
276.00000 56.80000
277.00000 56.80000
278.00000 56.80000
279.00000 55.80000
280.00000 53.70000
281.00000 49.50000
282.00000 51.60000
283.00000 48.50000
284.00000 51.10000
285.00000 52.10000
286.00000 48.50000
287.00000 51.10000
288.00000 54.20000
289.00000 26.50000
290.00000 47.90000
291.00000 37.20000
292.00000 50.60000
293.00000 52.10000
294.00000 49.00000
295.00000 53.70000
296.00000 56.30000
297.00000 54.20000
298.00000 58.40000
299.00000 55.80000
300.00000 53.20000
301.00000 51.10000
302.00000 36.70000
303.00000 38.80000
304.00000 28.60000
305.00000 38.30000
306.00000 38.80000
307.00000 48.50000
308.00000 36.70000
309.00000 38.80000
310.00000 54.20000
311.00000 36.70000
312.00000 49.50000
313.00000 49.50000
314.00000 48.50000
315.00000 36.20000
316.00000 37.70000
317.00000 26.50000
318.00000 36.70000
319.00000 36.30000
320.00000 0.00000
321.00000 0.00000
322.00000 0.00000
