1.00000 61.70000
2.00000 62.70000
3.00000 8.65000
4.00000 59.90000
5.00000 58.90000
6.00000 68.30000
7.00000 59.40000
8.00000 63.20000
9.00000 68.20000
10.00000 59.40000
11.00000 64.60000
12.00000 64.10000
13.00000 57.30000
14.00000 50.60000
15.00000 1.04000
16.00000 7.09000
17.00000 52.10000
18.00000 52.60000
19.00000 57.90000
20.00000 64.60000
21.00000 57.30000
22.00000 60.00000
23.00000 67.70000
24.00000 62.00000
25.00000 7.61000
26.00000 7.61000
27.00000 50.50000
28.00000 8.65000
29.00000 16.78000
30.00000 28.00000
31.00000 37.20000
32.00000 52.60000
33.00000 62.00000
34.00000 57.90000
35.00000 63.10000
36.00000 65.70000
37.00000 39.80000
38.00000 73.70000
39.00000 47.20000
40.00000 65.70000
41.00000 46.40000
42.00000 62.00000
43.00000 56.80000
44.00000 62.50000
45.00000 69.30000
46.00000 53.20000
47.00000 56.30000
48.00000 64.10000
49.00000 53.70000
50.00000 58.50000
51.00000 72.20000
52.00000 70.10000
53.00000 66.10000
54.00000 59.90000
55.00000 52.10000
56.00000 27.00000
57.00000 61.50000
58.00000 65.70000
59.00000 68.80000
60.00000 50.60000
61.00000 65.70000
62.00000 55.20000
63.00000 59.90000
64.00000 38.30000
65.00000 53.20000
66.00000 49.00000
67.00000 48.50000
68.00000 37.70000
69.00000 55.20000
70.00000 38.80000
71.00000 28.50000
72.00000 38.30000
73.00000 47.40000
74.00000 36.20000
75.00000 39.30000
76.00000 89.40000
77.00000 71.30000
78.00000 93.20000
79.00000 93.20000
80.00000 116.20000
81.00000 102.60000
82.00000 117.30000
83.00000 119.40000
84.00000 117.30000
85.00000 117.30000
86.00000 93.20000
87.00000 116.20000
88.00000 93.20000
89.00000 93.20000
90.00000 94.20000
91.00000 93.20000
92.00000 94.20000
93.00000 71.10000
94.00000 117.30000
95.00000 93.20000
96.00000 117.30000
97.00000 92.10000
98.00000 96.30000
99.00000 94.20000
100.00000 94.20000
101.00000 116.20000
102.00000 94.20000
103.00000 93.20000
104.00000 93.20000
105.00000 117.30000
106.00000 94.20000
107.00000 94.20000
108.00000 92.10000
109.00000 93.20000
110.00000 93.20000
111.00000 94.20000
112.00000 94.20000
113.00000 93.20000
114.00000 95.30000
115.00000 93.20000
116.00000 116.20000
117.00000 70.10000
118.00000 94.20000
119.00000 94.20000
120.00000 94.20000
121.00000 115.20000
122.00000 93.20000
123.00000 70.00000
124.00000 68.30000
125.00000 51.60000
126.00000 26.00000
127.00000 9.69000
128.00000 26.00000
129.00000 77.40000
130.00000 71.10000
131.00000 93.20000
132.00000 91.90000
133.00000 46.40000
134.00000 27.50000
135.00000 49.00000
136.00000 65.90000
137.00000 70.10000
138.00000 92.30000
139.00000 71.10000
140.00000 94.20000
141.00000 71.10000
142.00000 91.90000
143.00000 47.90000
144.00000 51.10000
145.00000 51.10000
146.00000 52.60000
147.00000 49.50000
148.00000 35.20000
149.00000 70.30000
150.00000 65.70000
151.00000 67.20000
152.00000 63.60000
153.00000 66.20000
154.00000 61.00000
155.00000 58.40000
156.00000 56.30000
157.00000 45.90000
158.00000 36.70000
159.00000 54.20000
160.00000 51.10000
161.00000 45.30000
162.00000 47.40000
163.00000 46.40000
164.00000 45.90000
165.00000 49.00000
166.00000 38.80000
167.00000 47.40000
168.00000 27.00000
169.00000 19.39000
170.00000 28.00000
171.00000 19.39000
172.00000 37.70000
173.00000 29.60000
174.00000 18.87000
175.00000 17.30000
176.00000 18.87000
177.00000 8.65000
178.00000 0.00000
179.00000 0.52000
180.00000 1.56000
181.00000 26.50000
182.00000 0.00000
183.00000 8.65000
184.00000 0.00000
185.00000 1.04000
186.00000 0.52000
187.00000 1.04000
188.00000 7.09000
189.00000 1.56000
190.00000 1.56000
191.00000 0.52000
192.00000 0.52000
193.00000 7.09000
194.00000 1.04000
195.00000 8.65000
196.00000 7.61000
197.00000 15.21000
198.00000 15.21000
199.00000 1.04000
200.00000 9.17000
201.00000 0.00000
202.00000 7.61000
203.00000 7.09000
204.00000 0.52000
205.00000 1.56000
206.00000 8.13000
207.00000 0.52000
208.00000 1.56000
209.00000 0.52000
210.00000 0.52000
211.00000 1.04000
212.00000 0.00000
213.00000 0.00000
214.00000 0.00000
215.00000 0.00000
216.00000 0.00000
217.00000 0.00000
218.00000 0.00000
219.00000 1.04000
220.00000 7.09000
221.00000 7.61000
222.00000 16.26000
223.00000 16.26000
224.00000 18.34000
225.00000 18.87000
226.00000 18.34000
227.00000 15.21000
228.00000 9.17000
229.00000 15.21000
230.00000 8.13000
231.00000 19.39000
232.00000 17.30000
233.00000 18.34000
234.00000 17.82000
235.00000 17.82000
236.00000 16.78000
237.00000 17.30000
238.00000 15.74000
239.00000 18.34000
240.00000 15.74000
241.00000 1.04000
242.00000 0.00000
243.00000 0.00000
244.00000 7.61000
245.00000 0.52000
246.00000 0.52000
247.00000 1.04000
248.00000 0.00000
249.00000 1.04000
250.00000 1.56000
251.00000 8.65000
252.00000 9.17000
253.00000 1.56000
254.00000 1.04000
255.00000 7.09000
256.00000 15.74000
257.00000 17.30000
258.00000 1.04000
259.00000 8.13000
260.00000 7.61000
261.00000 1.56000
262.00000 0.52000
263.00000 1.56000
264.00000 15.74000
265.00000 29.10000
266.00000 29.10000
267.00000 17.82000
268.00000 8.65000
269.00000 7.09000
270.00000 15.21000
271.00000 17.82000
272.00000 19.39000
273.00000 1.04000
274.00000 8.13000
275.00000 0.00000
276.00000 7.61000
277.00000 15.74000
278.00000 8.65000
279.00000 1.04000
280.00000 0.52000
281.00000 9.17000
282.00000 17.30000
283.00000 9.69000
284.00000 9.69000
285.00000 7.61000
286.00000 8.65000
287.00000 16.78000
288.00000 19.39000
289.00000 9.17000
290.00000 9.69000
291.00000 17.30000
292.00000 0.52000
293.00000 15.21000
294.00000 15.74000
295.00000 38.10000
296.00000 17.30000
297.00000 26.00000
298.00000 18.34000
299.00000 17.30000
