0.0330 1.36964
1.0700 1.36964
1.1300 1.38121
2.0100 1.38121
2.1310 1.37785
2.9240 1.37785
3.0370 1.38304
3.9150 1.38304
4.0360 1.37153
4.9670 1.37153
5.0450 1.35197
9.6740 1.35197
9.7330 1.28298
15.2470 1.28298
15.3560 0.94600
24.1140 0.94600
24.2470 1.15320
25.2680 1.15320
25.3420 1.16107
26.2780 1.16107
26.3420 1.15792
27.2990 1.15792
27.6230 1.14869
28.6850 1.14869
28.7470 2.26006
30.9050 2.26006
31.2070 2.66446
34.2460 2.66446
34.3190 2.67013
36.7230 2.67013
36.8130 2.66627
39.5180 2.66627
39.6120 2.66396
42.4470 2.66396
42.5150 2.55620
45.2220 2.55620
45.4040 1.02284
62.3660 1.02284
62.4250 1.63351
66.8430 1.63351
66.9260 1.13429
73.0670 1.13429
73.1210 1.54572
77.9490 1.54572
78.2200 1.14223
84.8410 1.14223
84.9890 0.70925
88.7760 0.70925
88.8750 0.84819
92.1900 0.84819
92.3560 1.04341
95.1990 1.04341
95.3290 1.42826
97.6580 1.42826
97.7310 0.88811
100.1740 0.88811
100.2740 0.71320
104.6600 0.71320
104.7460 0.95984
105.9590 0.95984
106.0460 0.95708
107.3310 0.95708
107.4480 1.01937
108.6550 1.01937
108.7430 1.33074
113.9390 1.33074
114.0290 1.89426
118.2990 1.89426
118.4370 1.19340
125.1540 1.19340
125.2490 1.07862
132.0860 1.07862
132.1450 1.26500
136.6470 1.26500
136.7310 1.31647
142.3010 1.31647
142.4390 1.27198
148.0200 1.27198
148.1260 1.64273
149.9840 1.64273
150.0260 1.64294
151.6690 1.64294
151.7250 1.82944
153.3670 1.82944
153.4220 1.94968
154.9130 1.94968
155.0210 1.63779
159.6670 1.63779
159.7260 1.58833
164.4430 1.58833
164.5250 1.74849
168.9130 1.74849
169.0240 1.84903
172.5340 1.84903
172.6310 1.42291
177.2780 1.42291
177.3340 1.42464
180.6180 1.42464
