0.0190 2.34376
0.6250 2.34376
0.7250 2.65512
4.9380 2.65512
5.0180 3.98863
7.5660 3.98863
7.6130 3.19537
11.3300 3.19537
11.4110 4.49740
13.9690 4.49740
14.0180 3.27471
14.7780 3.27471
14.8110 3.25342
18.1450 3.25342
18.2140 3.43241
21.9440 3.43241
22.0140 3.71598
23.8070 3.71598
23.9080 3.22336
26.1230 3.22336
26.2120 3.12307
28.5630 3.12307
28.6080 6.55755
29.7010 6.55755
29.8080 6.53469
30.9400 6.53469
31.0090 6.61078
33.6980 6.61078
33.8060 7.37626
35.9300 7.37626
36.0100 6.05337
38.7880 6.05337
38.9070 5.23659
42.3230 5.23659
42.4090 5.49332
45.3380 5.49332
45.4090 4.83945
48.9940 4.83945
49.1130 3.52278
53.8960 3.52278
54.0140 3.39998
58.7010 3.39998
59.0030 3.58651
63.7440 3.58651
63.8140 3.45383
68.8390 3.45383
68.9120 3.00006
74.2350 3.00006
74.3110 4.46532
78.1370 4.46532
78.2090 4.43319
81.9190 4.43319
82.0130 4.00332
86.6880 4.00332
86.8130 3.66214
91.0200 3.66214
91.1130 3.56035
95.7970 3.56035
95.9130 5.22315
99.1500 5.22315
99.3980 7.30824
101.6570 7.30824
101.7070 7.48109
103.9500 7.48109
104.0080 7.17125
106.3950 7.17125
106.5060 7.71054
108.8230 7.71054
108.9080 4.52777
112.8900 4.52777
113.0120 3.73875
117.4920 3.73875
117.6100 4.26815
121.1240 4.26815
121.2120 4.38158
125.0410 4.38158
125.1130 3.17419
130.3650 3.17419
130.6010 3.44849
135.4630 3.44849
135.5350 4.46896
139.2210 4.46896
139.3130 3.25271
144.5600 3.25271
144.6150 3.61167
149.2050 3.61167
149.3110 3.53306
154.2180 3.53306
154.3100 6.53332
156.8510 6.53332
156.9100 6.93435
159.4410 6.93435
159.5070 6.83686
161.7480 6.83686
161.8080 6.05831
164.5870 6.05831
164.9000 5.06350
167.1120 5.06350
