0.0120 3.02196
0.4820 3.02196
0.5130 3.02355
0.9150 3.02355
1.0180 2.98553
1.9360 2.98553
2.0140 2.97358
4.4660 2.97358
4.5150 3.09380
7.0320 3.09380
7.1150 3.17195
9.0880 3.17195
9.2140 3.07452
12.7420 3.07452
12.8140 3.14901
15.4450 3.14901
15.5130 3.20017
17.5950 3.20017
17.7110 3.25273
19.9060 3.25273
20.0110 3.25747
22.2650 3.25747
22.5010 3.23439
24.7170 3.23439
24.8080 3.21621
27.1080 3.21621
27.2190 3.20526
32.7650 3.20526
32.8150 3.20655
37.7010 3.20655
37.8140 3.25771
42.9760 3.25771
43.0130 3.27743
48.4710 3.27743
48.5140 3.31341
53.3700 3.31341
53.4110 3.21167
58.8130 3.21167
58.9170 3.12606
64.3070 3.12606
64.4160 3.08115
69.5880 3.08115
69.9200 2.76842
76.0620 2.76842
76.1160 3.14719
78.5190 3.14719
78.6130 3.20182
80.7460 3.20182
80.8090 3.25996
82.9610 3.25996
83.0130 3.25258
85.1890 3.25258
85.3150 3.25123
87.9020 3.25123
88.0090 3.18806
89.8670 3.18806
89.9140 3.07692
92.3840 3.07692
92.4130 3.04332
94.9180 3.04332
95.2040 3.07788
97.4210 3.07788
97.5150 3.14234
102.8550 3.14234
102.9160 3.17054
108.3150 3.17054
108.4160 3.19766
114.0030 3.19766
114.1150 3.22822
119.7000 3.22822
119.8180 3.11331
125.1980 3.11331
125.3230 1.98076
132.8950 1.98076
133.0200 1.98718
136.7100 1.98718
136.8190 2.15577
140.1120 2.15577
140.4070 2.28549
143.5880 2.28549
143.7230 2.47752
146.4300 2.47752
146.5190 2.78728
149.3920 2.78728
149.5160 2.78851
151.9990 2.78851
152.1350 2.68022
154.9740 2.68022
155.0130 2.98492
157.5230 2.98492
157.6160 2.80014
160.3560 2.80014
160.4170 2.79986
162.7350 2.79986
162.8130 2.79825
165.1760 2.79825
165.2110 2.84854
169.1430 2.84854
