0.0490 0.73898
1.9710 0.73898
2.0820 0.77825
6.0860 0.77825
6.1350 1.42455
6.9020 1.42455
7.0270 1.42692
7.8780 1.42692
7.9280 1.41333
10.2030 1.41333
10.3340 1.40371
12.1070 1.40371
12.2420 1.10209
18.6610 1.10209
18.7300 1.34389
24.8950 1.34389
25.0280 1.57252
29.2650 1.57252
29.3350 1.20198
35.2750 1.20198
35.3470 1.33223
38.9090 1.33223
39.2130 1.39555
41.4810 1.39555
41.5300 1.44514
42.3990 1.44514
42.5300 0.98340
50.7640 0.98340
50.8420 1.42725
52.6870 1.42725
52.7280 1.29576
54.9360 1.29576
55.0360 1.25480
58.8790 1.25480
58.9290 1.39549
61.0170 1.39549
61.1300 1.15985
63.8620 1.15985
63.9390 1.06904
66.5020 1.06904
66.8210 1.38819
68.9960 1.38819
69.1310 1.42310
74.3750 1.42310
74.4330 1.20887
80.6890 1.20887
80.8410 1.41926
85.6530 1.41926
85.7270 0.94104
93.1820 0.94104
93.2300 1.58371
97.6990 1.58371
97.8280 1.08068
105.6110 1.08068
105.7450 0.83021
106.7910 0.83021
106.9390 1.28346
107.8740 1.28346
107.9400 1.27245
108.8550 1.27245
108.9400 1.26347
111.1550 1.26347
111.2390 1.07254
114.1550 1.07254
114.2510 1.04355
120.8770 1.04355
120.9390 1.13762
128.0490 1.13762
128.1320 1.29731
134.3110 1.29731
134.4420 1.28119
140.1980 1.28119
140.3290 1.36702
144.4950 1.36702
144.6380 1.38118
149.9470 1.38118
150.0280 1.59404
150.7350 1.59404
150.8320 1.58781
151.5700 1.58781
151.6290 1.54211
154.5010 1.54211
154.6300 1.25503
158.6230 1.25503
158.7460 1.07949
165.1600 1.07949
165.2340 1.40966
167.6630 1.40966
167.7300 1.17715
170.3780 1.17715
170.4470 1.11548
174.9200 1.11548
175.0320 1.25801
180.1910 1.25801
180.3240 1.61000
184.4310 1.61000
184.5310 1.19808
188.4360 1.19808
