0.0100 3.71812
0.3920 3.71812
0.5140 3.73990
0.8390 3.73990
0.9150 3.67882
1.6600 3.67882
1.7160 3.65841
3.7090 3.65841
3.8140 2.93853
6.4640 2.93853
6.5220 1.88900
9.8350 1.88900
9.9190 2.32479
12.9620 2.32479
13.0160 2.99099
15.7860 2.99099
15.9130 3.21097
17.9880 3.21097
18.1140 3.02404
20.4750 3.02404
20.5160 2.95943
22.9970 2.95943
23.3030 2.95685
25.7270 2.95685
25.8210 2.27189
29.0770 2.27189
29.1240 2.15928
32.8740 2.15928
32.9190 3.29856
34.8650 3.29856
34.9120 3.65734
36.8840 3.65734
36.9150 3.69667
41.7540 3.69667
41.8120 3.19752
46.8440 3.19752
46.9200 3.18982
52.3590 3.18982
52.4150 3.66851
57.0080 3.66851
57.1130 3.71809
61.3990 3.71809
61.5130 3.72479
66.0780 3.72479
66.1140 3.67235
70.8400 3.67235
70.9140 3.64597
75.2940 3.64597
75.6040 3.43818
80.5730 3.43818
80.6160 3.34223
85.5370 3.34223
85.6160 3.27997
91.3220 3.27997
91.4180 3.26204
96.1410 3.26204
96.2150 3.11132
101.5750 3.11132
101.6150 3.73231
106.1450 3.73231
106.2140 3.61729
110.7780 3.61729
110.9130 2.98684
116.5310 2.98684
116.6230 2.37613
119.5330 2.37613
119.6190 2.37478
123.0250 2.37478
123.1170 2.37091
126.4980 2.37091
126.6280 2.40998
129.6880 2.40998
129.8180 2.49235
132.1030 2.49235
132.2150 2.49327
135.1560 2.49327
135.2160 2.59654
137.9500 2.59654
138.0130 3.84054
139.9060 3.84054
140.2030 3.84335
141.9480 3.84335
142.0130 2.96258
144.7160 2.96258
144.8120 4.26872
146.4340 4.26872
146.5120 4.25964
150.5820 4.25964
150.7120 3.76188
155.1250 3.76188
155.2150 3.34748
160.4580 3.34748
160.5170 3.48214
164.9170 3.48214
165.0110 4.16424
169.0540 4.16424
169.1100 4.50360
171.5970 4.50360
