0.0080 5.12751
0.2850 5.12751
0.3070 5.17221
0.5420 5.17221
0.6090 5.12973
0.8220 5.12973
0.9130 5.08018
1.5010 5.08018
1.6090 5.05008
2.6190 5.05008
2.7140 5.05106
3.9530 5.05106
4.0100 4.81043
7.5140 4.81043
7.6090 4.88318
11.2730 4.88318
11.3090 4.81221
14.6460 4.81221
14.7140 4.66214
18.3490 4.66214
18.4090 4.72472
22.0030 4.72472
22.1090 4.77761
25.5470 4.77761
25.6090 4.80552
29.2010 4.80552
29.3120 4.73532
33.0660 4.73532
33.3020 4.64626
36.6740 4.64626
36.7130 4.73965
40.2610 4.73965
40.3120 4.70247
44.1160 4.70247
44.2090 4.67731
47.6490 4.67731
47.7080 4.63640
51.4500 4.63640
51.5090 4.72635
55.0740 4.72635
55.1100 4.77118
58.4500 4.77118
58.5090 4.74433
62.0930 4.74433
62.2100 4.66421
65.9310 4.66421
66.2020 4.62611
69.6540 4.62611
69.7090 4.75092
73.3050 4.75092
73.4120 4.71129
76.9030 4.71129
77.0100 4.52175
81.1490 4.52175
81.2110 4.58667
84.5700 4.58667
84.6120 4.67396
88.1800 4.67396
88.2080 4.70040
91.8050 4.70040
91.9120 4.48623
95.5920 4.48623
95.7090 4.59981
99.3570 4.59981
99.6060 4.52731
103.3870 4.52731
103.5110 4.39275
107.5780 4.39275
107.6090 4.61115
111.5190 4.61115
111.6120 4.46537
115.3630 4.46537
115.4160 4.70018
118.6070 4.70018
118.7130 4.30402
122.6110 4.30402
122.7110 4.61925
126.3200 4.61925
126.4110 4.58103
130.0710 4.58103
130.1110 4.60514
133.6880 4.60514
134.0020 4.48540
137.8070 4.48540
137.9090 4.52815
141.5700 4.52815
141.6120 4.76546
145.2500 4.76546
145.3100 4.59866
148.9200 4.59866
149.0150 4.68772
152.7590 4.68772
152.8120 4.51826
156.2030 4.51826
156.3090 4.69362
159.8960 4.69362
160.0120 4.55859
162.4690 4.55859
