0.0110 3.96738
0.3690 3.96738
0.4140 3.98514
0.7190 3.98514
0.8140 3.91191
2.5670 3.91191
2.6100 3.91160
4.4740 3.91160
4.5110 3.91115
6.5020 3.91115
6.6110 3.91386
8.2100 3.91386
8.3100 3.91280
10.1180 3.91280
10.2110 3.90989
12.3300 3.90989
12.4140 4.93951
15.6650 4.93951
15.7070 4.56666
19.4180 4.56666
19.5080 4.68819
23.1300 4.68819
23.2090 4.57277
26.8010 4.57277
26.9090 4.81625
30.4930 4.81625
30.6090 5.03723
34.1380 5.03723
34.2080 4.93921
37.3800 4.93921
37.4080 4.79506
40.9150 4.79506
41.2000 4.97447
44.7960 4.97447
44.9080 4.14582
48.7890 4.14582
48.9150 3.70160
53.6020 3.70160
53.7090 4.92386
57.1310 4.92386
57.2070 4.84369
60.4970 4.84369
60.6080 4.81827
64.1370 4.81827
64.2100 4.74194
67.8700 4.74194
67.9090 4.81294
71.2270 4.81294
71.3080 4.88123
74.8080 4.88123
75.1010 4.44157
78.8040 4.44157
78.9090 4.33130
83.2300 4.33130
83.3120 4.17298
87.0040 4.17298
87.1090 4.29479
90.9920 4.29479
91.1100 4.54621
94.8290 4.54621
94.9090 4.59230
98.5040 4.59230
98.6100 4.73212
102.1560 4.73212
102.2070 4.73914
105.8190 4.73914
105.9100 4.88791
109.5650 4.88791
109.8000 4.93286
113.4550 4.93286
113.5090 4.70891
117.0660 4.70891
117.1090 4.33853
120.5660 4.33853
120.6100 4.42667
124.4000 4.42667
124.5080 4.79737
127.9830 4.79737
128.0100 4.80005
131.5030 4.80005
131.6090 4.35092
135.3950 4.35092
135.5100 4.32952
139.4520 4.32952
139.5100 4.71758
143.0240 4.71758
143.3000 4.74329
146.9550 4.74329
147.0100 4.62815
150.5970 4.62815
150.7110 4.59446
154.5310 4.59446
154.6090 4.60102
157.9390 4.60102
158.0100 4.55890
161.7030 4.55890
161.8090 4.42531
164.3400 4.42531
