0.0150 3.04137
0.4820 3.04137
0.5160 3.03867
0.9160 3.03867
1.0210 3.00517
1.9330 3.00517
2.0170 2.99557
4.4510 2.99557
4.5110 2.99504
7.1110 2.99504
7.2140 3.04984
9.2660 3.04984
9.3140 2.77970
11.8590 2.77970
11.9170 2.37394
15.4070 2.37394
15.5170 2.03009
18.7990 2.03009
18.9150 2.99612
21.2980 2.99612
21.4130 2.94164
23.9090 2.94164
24.2020 2.99265
26.5970 2.99265
26.7120 2.93892
29.2290 2.93892
29.3160 2.89707
32.1110 2.89707
32.2150 2.89535
34.4320 2.89535
34.5150 3.00261
36.9170 3.00261
37.0170 2.99221
39.5410 2.99221
39.6200 2.88040
45.2060 2.88040
45.3160 2.86910
51.3630 2.86910
51.4140 2.78549
57.4630 2.78549
57.5160 2.74801
63.3150 2.74801
63.4170 2.93572
69.2090 2.93572
69.3170 2.85218
75.4020 2.85218
75.5190 3.01365
80.8180 3.01365
80.9170 2.96654
86.6760 2.96654
86.9030 3.01395
92.3600 3.01395
92.4150 3.01575
95.2040 3.01575
95.3150 2.98559
97.2990 2.98559
97.4150 2.96990
99.9740 2.96990
100.0150 3.01325
102.5450 3.01325
102.6170 3.02199
104.8750 3.02199
104.9150 3.06480
107.3480 3.06480
107.4150 3.05953
109.6750 3.05953
109.7150 3.06267
112.3560 3.06267
112.6020 3.00643
118.5990 3.00643
118.7160 3.03215
124.2400 3.03215
124.3140 3.01050
129.2960 3.01050
129.4140 2.95475
135.0920 2.95475
135.2170 2.89023
140.9850 2.89023
141.1190 2.49058
147.8510 2.49058
147.9220 2.27652
150.8680 2.27652
150.9190 2.20906
154.5440 2.20906
154.6220 3.01694
156.9170 3.01694
157.0150 3.01831
159.5360 3.01831
159.6150 2.90393
162.1950 2.90393
162.3170 2.82073
165.0370 2.82073
165.1150 2.75470
167.4710 2.75470
167.5160 2.74824
169.9220 2.74824
170.2050 2.87378
171.8330 2.87378
