0.0350 1.21707
1.2020 1.21707
1.3350 1.22527
2.3270 1.22527
2.4330 1.22355
3.3260 1.22355
3.4320 1.22411
4.4240 1.22411
4.5410 1.21725
5.5900 1.21725
5.7460 1.42460
10.1390 1.42460
10.2260 2.17004
13.4860 2.17004
13.5190 2.03764
17.5850 2.03764
17.6250 0.61772
28.4110 0.61772
28.6240 0.47066
30.9330 0.47066
31.0920 0.51854
33.2290 0.51854
33.5750 0.39492
36.6640 0.39492
36.8120 0.35099
40.3900 0.35099
40.6940 0.44850
48.2610 0.44850
48.4270 0.43264
50.9560 0.43264
51.1220 0.40977
53.7590 0.40977
53.9330 0.40918
56.6730 0.40918
56.8170 0.37848
59.9260 0.37848
60.1890 0.27201
64.9390 0.27201
65.1500 0.33363
68.4490 0.33363
68.7660 0.75990
70.3870 0.75990
70.4490 0.95946
71.7340 0.95946
71.8460 0.49735
74.4210 0.49735
74.6230 0.40953
77.2490 0.40953
77.4250 0.39754
80.3090 0.39754
80.5170 0.39678
83.5480 0.39678
83.7260 0.44489
91.2030 0.44489
91.4590 0.33922
94.0190 0.33922
94.2620 0.40597
97.2180 0.40597
97.5420 0.50709
99.8380 0.50709
100.0110 0.43844
106.3940 0.43844
106.6580 0.39750
114.5260 0.39750
114.7000 0.51824
116.8690 0.51824
116.9990 0.41730
124.7280 0.41730
124.9540 0.44265
128.1190 0.44265
128.3010 0.47885
130.9100 0.47885
131.1020 0.44724
133.4010 0.44724
133.6370 0.41297
135.9830 0.41297
136.1170 0.45824
142.5670 0.45824
142.7010 0.52571
144.9300 0.52571
145.0880 0.31576
148.7490 0.31576
148.9820 0.48337
151.5980 0.48337
151.8020 0.36690
154.8940 0.36690
155.1440 0.38840
158.6100 0.38840
158.8340 0.41524
176.8770 0.41524
177.0410 0.35335
180.5800 0.35335
180.7470 0.36049
183.7270 0.36049
184.0760 0.36395
186.6180 0.36395
186.8510 0.29987
189.7760 0.29987
