0.0400 1.05131
1.3910 1.05131
1.5470 1.06995
2.6830 1.06995
2.7390 1.06702
3.7630 1.06702
3.8410 1.06894
4.9770 1.06894
5.0440 1.05966
6.2490 1.05966
6.3380 1.06894
7.2610 1.06894
7.3510 1.97351
8.7470 1.97351
8.8170 2.79617
11.7800 2.79617
11.8200 3.05071
14.0040 3.05071
14.1100 3.80381
15.9870 3.80381
16.1080 3.79449
18.0430 3.79449
18.1320 2.73711
24.1330 2.73711
24.2340 3.16840
29.6820 3.16840
29.8270 2.54021
36.8250 2.54021
36.9330 2.63225
42.8850 2.63225
43.0320 2.29982
50.3440 2.29982
50.4370 1.36595
55.9660 1.36595
56.0270 1.00256
62.9290 1.00256
63.0300 1.37450
68.6440 1.37450
68.7250 1.32152
74.1860 1.32152
74.3330 1.07794
77.1340 1.07794
77.2460 1.01809
78.4570 1.01809
78.5500 1.04824
81.5450 1.04824
81.6310 1.35997
83.6060 1.35997
83.7350 1.50280
85.6060 1.50280
85.7290 1.98157
87.2260 1.98157
87.3250 1.61006
92.5490 1.61006
92.6300 2.20038
95.3220 2.20038
95.4180 2.32700
98.6840 2.32700
98.8130 1.10775
105.6950 1.10775
105.8500 1.77515
109.6940 1.77515
109.8330 1.60462
114.4800 1.60462
114.5220 1.69267
118.6070 1.69267
118.7370 1.82832
123.1610 1.82832
123.4180 1.10490
130.6730 1.10490
130.7410 1.26972
136.5490 1.26972
136.6310 1.72786
139.9270 1.72786
140.0160 1.93782
143.8000 1.93782
143.9220 1.05702
150.6380 1.05702
150.7230 1.76122
152.4560 1.76122
152.5220 1.76428
154.0520 1.76428
154.1240 1.06109
156.9550 1.06109
157.0440 1.23806
159.3920 1.23806
159.5120 3.42065
160.5130 3.42065
160.6130 1.37269
166.0710 1.37269
166.1420 3.30848
168.4610 3.30848
168.5150 2.27005
171.3740 2.27005
171.4180 3.02898
173.6010 3.02898
173.7110 3.96149
174.8920 3.96149
