0.0150 2.73139
0.5350 2.73139
0.6140 2.74993
1.0560 2.74993
1.1120 2.74531
1.5100 2.74531
1.6200 2.70086
2.7260 2.70086
2.8170 2.98128
5.4290 2.98128
5.5100 4.01428
7.0690 4.01428
7.1100 2.54290
9.8920 2.54290
10.0110 3.71028
12.2440 3.71028
12.3140 3.62655
16.7420 3.62655
16.8130 3.55057
21.5860 3.55057
21.7130 3.30813
26.8460 3.30813
26.9080 4.01109
31.0030 4.01109
31.1100 4.13447
35.2850 4.13447
35.4070 4.80313
39.1080 4.80313
39.2080 4.80441
42.4690 4.80441
42.5060 4.65309
46.1200 4.65309
46.3980 4.58437
50.3000 4.58437
50.4090 4.51204
53.9750 4.51204
54.0070 4.38227
57.9660 4.38227
58.0090 4.41779
61.8230 4.41779
61.9060 5.02387
65.0780 5.02387
65.1070 5.02472
68.4910 5.02472
68.6100 5.02040
72.0670 5.02040
72.1070 5.02180
75.2870 5.02180
75.4060 4.99687
78.8250 4.99687
79.1010 4.70186
82.5990 4.70186
82.7080 4.70713
86.6840 4.70713
86.8080 4.92067
89.9390 4.92067
90.0070 4.98853
93.3500 4.98853
93.4080 4.98301
96.8010 4.98301
96.9070 4.94735
100.2440 4.94735
100.3080 4.94405
103.7020 4.94405
103.8070 4.76552
107.3990 4.76552
107.5090 4.70884
111.3030 4.70884
111.6010 4.31020
115.7840 4.31020
115.9110 4.07731
120.0190 4.07731
120.1080 4.04376
123.8170 4.04376
123.9110 3.34271
128.9300 3.34271
129.0130 3.34085
134.0030 3.34085
134.1140 3.75259
138.5820 3.75259
138.7100 3.97025
142.8590 3.97025
142.9110 4.12245
147.0510 4.12245
147.1090 4.43013
150.8510 4.43013
151.1010 4.33310
155.1020 4.33310
155.2130 3.55257
159.8860 3.55257
160.0120 3.55208
164.9530 3.55208
165.0140 3.59489
169.2760 3.59489
169.3130 3.62143
173.9620 3.62143
174.0120 3.62709
177.1000 3.62709
