0.0110 3.72787
0.3920 3.72787
0.5120 3.75145
0.8360 3.75145
0.9150 3.69868
1.6560 3.69868
1.7100 3.69240
2.5190 3.69240
2.6140 3.64224
4.7520 3.64224
4.8120 2.64397
7.1790 2.64397
7.2180 3.01442
8.6740 3.01442
8.7110 3.68388
10.9600 3.68388
11.0140 3.19252
16.0440 3.19252
16.1060 4.51676
19.8580 4.51676
19.9070 3.77012
24.4110 3.77012
24.5090 4.84811
27.8970 4.84811
28.0060 5.49202
31.1490 5.49202
31.2080 5.39659
34.5020 5.39659
34.6080 4.77367
37.8900 4.77367
38.0080 4.76922
41.5340 4.76922
41.8230 2.01104
50.7180 2.01104
50.8150 3.00185
56.1750 3.00185
56.2230 3.70477
60.9060 3.70477
61.0130 3.43516
65.9180 3.43516
66.0100 3.62588
70.4050 3.62588
70.5120 3.54834
75.3040 3.54834
75.4080 4.50910
79.2570 4.50910
79.3080 4.37157
82.9610 4.37157
83.0100 4.10089
87.1760 4.10089
87.4020 4.10255
91.4110 4.10255
91.5090 4.20290
95.9620 4.20290
96.0090 4.24659
99.6370 4.24659
99.7120 4.24343
103.6420 4.24343
103.7120 4.52673
107.4470 4.52673
107.5100 4.52682
111.1570 4.52682
111.2090 4.44035
114.9880 4.44035
115.1080 4.29017
119.0980 4.29017
119.2110 4.28836
123.3770 4.28836
123.7000 4.81688
127.4430 4.81688
127.5070 5.01335
130.8480 5.01335
130.9070 4.98117
133.9180 4.98117
134.0070 4.50029
137.7350 4.50029
137.8100 4.50442
141.5110 4.50442
141.6080 3.71764
146.1180 3.71764
146.2110 3.28270
151.2290 3.28270
151.3130 3.28337
156.5110 3.28337
156.6130 3.91349
160.8490 3.91349
161.1020 4.13962
165.2900 4.13962
165.4100 4.15757
169.4030 4.15757
169.5110 4.18375
173.7060 4.18375
173.8110 4.44485
177.2580 4.44485
177.3080 4.76402
180.8420 4.76402
180.9070 4.77021
183.2550 4.77021
