0.0160 2.09487
0.6940 2.09487
0.8180 2.12124
1.3910 2.12124
1.5250 2.11751
2.0410 2.11751
2.1200 2.10818
2.6960 2.10818
2.8210 2.10708
3.4270 2.10708
3.5280 2.06885
6.5530 2.06885
6.6190 1.86658
10.4090 1.86658
10.5420 1.16790
17.6360 1.16790
17.7400 1.14284
23.5700 1.14284
23.6090 1.65886
27.9130 1.65886
28.0450 1.14189
34.4750 1.14189
34.5880 1.19997
40.5610 1.19997
40.6500 1.22152
43.1210 1.22152
43.2290 1.42899
44.2120 1.42899
44.3280 1.44157
45.0870 1.44157
45.1280 1.06716
47.8090 1.06716
47.9490 0.83156
51.3390 0.83156
51.4760 1.14602
57.5140 1.14602
57.6890 0.77165
67.6890 0.77165
67.8340 1.30098
68.6800 1.30098
68.7340 1.30212
69.6800 1.30212
69.7340 1.11086
76.4520 1.11086
76.5700 1.36857
82.0960 1.36857
82.2720 0.84744
90.3310 0.84744
90.4460 0.64812
92.2150 0.64812
92.3870 0.62475
94.3120 0.62475
94.4840 0.61949
96.7780 0.61949
96.8730 1.04500
97.7040 1.04500
97.8130 3.13751
98.8100 3.13751
98.9140 1.87701
100.5810 1.87701
100.6470 0.79078
109.2760 0.79078
109.3630 1.07383
116.3070 1.07383
116.4270 0.86518
124.4190 0.86518
124.6060 0.54873
126.9330 0.54873
127.0870 0.61126
129.3790 0.61126
129.4750 0.61212
131.5160 0.61212
131.6860 0.78369
132.9980 0.78369
133.1450 1.12048
135.6660 1.12048
135.7380 0.67512
140.1160 0.67512
140.2810 0.74010
144.4050 0.74010
144.5350 1.44350
146.4050 1.44350
146.5270 1.20746
153.1590 1.20746
153.2830 0.67307
163.5700 0.67307
163.8140 0.27345
168.7370 0.27345
168.9870 0.33077
172.9320 0.33077
173.1160 0.44773
175.9090 0.44773
176.1190 0.44817
178.5160 0.44817
178.7260 0.45463
180.7610 0.45463
180.8800 0.59513
184.2400 0.59513
