0.0330 1.35656
1.0800 1.35656
1.1400 1.37186
2.0260 1.37186
2.1310 1.36750
2.9300 1.36750
3.0350 1.37056
3.9210 1.37056
4.0350 1.35839
4.9750 1.35839
5.0450 1.31979
8.1250 1.31979
8.2450 1.29094
13.7250 1.29094
13.8260 1.68224
18.7510 1.68224
18.8300 1.58864
23.0240 1.58864
23.1240 2.02949
26.6420 2.02949
26.7270 1.70514
31.0330 1.70514
31.1270 2.24613
34.3180 2.24613
34.4170 1.81173
38.5000 1.81173
38.6250 1.59396
43.7050 1.59396
44.0100 1.68345
47.8230 1.68345
47.9260 2.00396
51.5250 2.00396
51.6180 2.05338
55.2960 2.05338
55.4140 2.63304
58.0420 2.63304
58.1160 2.62733
61.0530 2.62733
61.1170 3.00952
63.5150 3.00952
63.6120 2.04933
67.0110 2.04933
67.1360 1.39856
72.4720 1.39856
72.5330 1.47738
77.6520 1.47738
77.9130 1.42370
82.7100 1.42370
82.8320 1.66479
87.0460 1.66479
87.1230 1.79635
91.0630 1.79635
91.1270 1.49077
96.7690 1.49077
96.8300 1.48942
100.8070 1.48942
100.9290 1.50405
105.9820 1.50405
106.0250 1.35551
109.7220 1.35551
109.8350 1.34271
114.9170 1.34271
115.0350 1.36269
120.5070 1.36269
120.6420 1.44683
122.6390 1.44683
122.7290 1.56491
124.7900 1.56491
124.9250 1.56051
126.9330 1.56051
127.0300 1.57267
128.8440 1.57267
128.9260 1.75406
130.3560 1.75406
130.4340 1.34053
135.9040 1.34053
136.0330 1.34120
141.3260 1.34120
141.4380 1.47467
146.3680 1.47467
146.4260 1.66873
150.4450 1.66873
150.5320 1.49960
155.8720 1.49960
155.9760 1.16898
161.8990 1.16898
162.0150 2.18403
165.4990 2.18403
165.6400 1.22281
171.7670 1.22281
171.8400 1.26557
174.2710 1.26557
174.3320 1.32838
176.2790 1.32838
176.3320 1.32647
178.1820 1.32647
178.2340 1.31826
181.7830 1.31826
