0.0390 1.09088
1.3410 1.09088
1.4370 1.10698
2.5350 1.10698
2.6320 1.10479
3.6210 1.10479
3.7290 1.10593
4.8270 1.10593
4.9340 1.09699
6.0980 1.09699
6.2440 1.09014
8.5270 1.09014
8.6350 1.08551
11.1730 1.08551
11.2480 1.08047
18.9160 1.08047
19.0310 1.09082
25.1390 1.09082
25.2330 1.08854
31.7920 1.08854
31.9300 1.08150
38.7190 1.08150
39.0070 1.10001
40.1160 1.10001
40.2320 1.09967
41.3740 1.09967
41.4270 1.09571
42.7090 1.09571
42.8270 1.08903
45.2450 1.08903
45.3320 1.08992
47.9570 1.08992
48.0310 1.08184
55.0120 1.08184
55.1380 1.08187
61.5340 1.08187
61.6280 1.08165
68.7620 1.08165
68.8350 1.10173
69.8340 1.10173
70.1150 1.09203
71.2430 1.09203
71.3290 1.10179
72.4480 1.10179
72.5350 1.10119
73.6980 1.10119
73.8280 1.09585
76.2790 1.09585
76.6100 1.09207
83.0340 1.09207
83.1290 1.07546
89.7100 1.07546
89.8280 1.09219
97.5290 1.09219
97.6310 1.07855
103.1230 1.07855
103.2300 1.08664
110.2240 1.08664
110.5110 1.11629
111.5540 1.11629
111.6280 1.10997
112.7360 1.10997
112.8320 1.10447
113.9460 1.10447
114.0330 1.08826
116.6880 1.08826
116.8390 1.08596
119.8090 1.08596
119.9380 1.07990
127.3610 1.07990
127.4330 0.98262
134.9380 0.98262
135.0450 1.00370
140.7190 1.00370
140.8380 1.10220
141.7170 1.10220
142.0140 1.09098
143.0470 1.09098
143.1350 1.08904
144.2110 1.08904
144.5100 1.09241
146.9810 1.09241
147.1310 1.09115
149.8840 1.09115
150.2070 1.07932
156.6220 1.07932
156.7390 1.08532
163.7500 1.08532
163.8340 1.09295
170.6890 1.09295
170.8360 1.09402
177.8490 1.09402
177.9320 1.12020
178.8910 1.12020
179.2100 1.11466
180.0400 1.11466
180.1360 1.11592
180.9220 1.11592
