0.0090 4.48051
0.3260 4.48051
0.4080 4.53533
0.6760 4.53533
0.7110 4.44201
1.3280 4.44201
1.4080 4.41203
4.1000 4.41203
4.2100 4.45232
5.9590 4.45232
6.0050 4.49265
7.3980 4.49265
7.5100 3.24336
12.7070 3.24336
12.8100 4.52503
16.7640 4.52503
16.8130 4.50192
20.3800 4.50192
20.5100 4.49997
24.2760 4.49997
24.4080 4.55979
28.1320 4.55979
28.2080 4.37544
31.9620 4.37544
32.0110 4.43739
35.9010 4.43739
36.0090 4.50263
39.9570 4.50263
40.1970 4.42201
43.7400 4.42201
43.8120 4.43818
47.6010 4.43818
47.7090 4.43986
51.7380 4.43986
51.8120 4.45828
55.4210 4.45828
55.5100 4.56204
59.3130 4.56204
59.4100 4.50520
63.1500 4.50520
63.2120 4.45381
66.7900 4.45381
66.9070 4.42113
70.7530 4.42113
70.8090 4.43421
74.7230 4.43421
75.0000 4.45200
78.5870 4.45200
78.7100 4.62864
82.4010 4.62864
82.5100 5.39958
85.5560 5.39958
85.6050 5.39508
89.0740 5.39508
89.2080 5.40015
92.0610 5.40015
92.1080 5.39349
95.2000 5.39349
95.3080 5.27366
98.5140 5.27366
98.6100 4.66629
102.1480 4.66629
102.2120 4.54007
105.9080 4.54007
106.2000 4.43236
110.0620 4.43236
110.1070 4.34574
114.2180 4.34574
114.3110 4.35392
118.4520 4.35392
118.5100 4.24685
122.4540 4.24685
122.5080 4.34481
125.9600 4.34481
126.0090 4.39421
129.8270 4.39421
129.9090 4.53136
133.5880 4.53136
133.7090 3.64728
138.3060 3.64728
138.4110 4.20863
142.3250 4.20863
142.6020 3.60824
147.3320 3.60824
147.4140 3.69293
151.9030 3.69293
152.0120 4.50188
155.8630 4.50188
155.9110 4.45789
159.6350 4.45789
159.7090 4.54214
163.5730 4.54214
163.6130 4.56130
166.9720 4.56130
167.0100 4.50161
170.7500 4.50161
170.8110 4.48197
173.3100 4.48197
