0.0880 0.53658
2.7350 0.53658
2.8900 0.54093
5.1370 0.54093
5.2920 0.54037
7.3140 0.54037
7.4920 0.60807
9.4890 0.60807
9.6190 1.53104
10.4530 1.53104
10.5250 1.32969
11.2670 1.32969
11.3400 1.32072
13.4260 1.32072
13.5220 2.19123
17.3030 2.19123
17.4360 1.21805
22.9060 1.21805
23.0280 1.96525
26.6610 1.96525
26.7130 1.87736
30.6240 1.87736
30.7210 1.54971
35.3460 1.54971
35.4210 1.47180
40.4470 1.47180
40.5310 1.25423
46.9870 1.25423
47.1300 1.49106
51.4350 1.49106
51.7080 1.63026
56.1320 1.63026
56.2240 1.52449
61.1780 1.52449
61.2210 1.66859
65.3680 1.66859
65.4190 1.93395
69.4090 1.93395
69.5160 2.00858
73.1090 2.00858
73.2170 2.03080
76.6470 2.03080
76.7170 2.11649
80.2430 2.11649
80.3130 2.04287
84.0150 2.04287
84.1170 2.06579
87.4230 2.06579
87.7050 2.10358
91.0400 2.10358
91.1150 2.06948
94.5350 2.06948
94.6220 2.04149
98.7420 2.04149
98.8250 2.02648
101.7480 2.02648
101.8180 1.94075
105.7340 1.94075
105.8140 1.95927
109.7050 1.95927
109.8230 1.88135
113.4500 1.88135
113.5250 1.71181
117.8810 1.71181
118.0160 1.96157
121.5410 1.96157
121.8020 1.80547
126.2820 1.80547
126.4300 1.53653
131.6470 1.53653
131.7160 1.58150
136.3790 1.58150
136.4260 1.89078
139.4380 1.89078
139.5140 1.74050
143.7270 1.74050
143.8510 0.92930
151.4900 0.92930
151.6530 0.94730
154.8750 0.94730
154.9290 1.52507
155.6870 1.52507
155.8280 1.59660
156.6200 1.59660
156.7200 1.85394
158.2880 1.85394
158.4260 1.49916
160.7100 1.49916
160.8430 1.10540
165.2970 1.10540
165.4340 1.96576
169.3370 1.96576
169.4090 3.53876
171.2430 3.53876
171.3100 3.40838
173.2500 3.40838
173.3100 3.16116
174.7900 3.16116
