0.0060 8.71362
0.1690 8.71362
0.2040 8.58439
0.5670 8.58439
0.6050 8.61861
0.9230 8.61861
1.0070 8.61720
1.5670 8.61720
1.6070 8.56443
3.6440 8.56443
3.7050 2.94600
8.8540 2.94600
8.9090 4.07340
13.0470 4.07340
13.1070 4.46629
17.1130 4.46629
17.2140 2.71761
23.1230 2.71761
23.2110 4.92213
26.6540 4.92213
26.7060 5.77573
29.6460 5.77573
29.7050 5.77546
32.5490 5.77546
32.8000 5.23708
36.0960 5.23708
36.2070 5.23759
39.6010 5.23759
39.7060 5.61749
42.4950 5.61749
42.6070 5.72177
45.5460 5.72177
45.6080 5.63941
48.7800 5.63941
48.8090 5.59261
51.6860 5.59261
51.8120 5.47128
54.9830 5.47128
55.1070 5.40740
58.2230 5.40740
58.3060 5.03498
61.4710 5.03498
61.7010 4.74168
65.2870 4.74168
65.4100 4.61583
69.1700 4.61583
69.2100 4.03572
73.1670 4.03572
73.2140 3.37568
78.2750 3.37568
78.3160 3.49418
83.0230 3.49418
83.1040 6.17267
86.1360 6.17267
86.2060 6.17748
88.7000 6.17748
88.8070 5.17748
92.0280 5.17748
92.1100 4.99626
95.4940 4.99626
95.8020 4.90619
99.1670 4.90619
99.2100 4.83716
102.6790 4.83716
102.7080 4.74571
106.3150 4.74571
106.4090 5.03532
109.9570 5.03532
110.0080 6.36863
112.8390 6.36863
112.9070 6.36625
115.5380 6.36625
115.6080 6.87679
117.7890 6.87679
117.9050 6.93268
120.3250 6.93268
120.4070 7.38957
122.6630 7.38957
122.9000 7.49511
125.1370 7.49511
125.2060 6.27766
127.8300 6.27766
127.9050 5.90144
130.7970 5.90144
130.9070 4.72295
134.4170 4.72295
134.5100 4.30192
138.5400 4.30192
138.6110 3.64701
143.1630 3.64701
143.2170 3.24955
148.6180 3.24955
148.7130 3.70351
152.8500 3.70351
152.9090 5.11889
156.1980 5.11889
156.5000 5.12841
158.6840 5.12841
