0.0180 2.39919
0.6100 2.39919
0.7230 2.43581
1.2220 2.43581
1.3200 2.40139
1.7750 2.40139
1.8180 2.43349
2.3170 2.43349
2.4260 2.46008
3.7330 2.46008
3.8190 3.59257
5.5610 3.59257
5.6200 2.54381
8.4010 2.54381
8.5180 2.18545
12.3090 2.18545
12.4180 2.64605
14.9360 2.64605
15.0120 3.19881
17.2440 3.19881
17.3110 3.05168
19.7170 3.05168
19.8140 3.14084
22.0960 3.14084
22.2170 3.19065
27.6270 3.19065
27.7140 3.05331
33.5360 3.05331
33.6150 3.25789
38.4240 3.25789
38.5160 3.60942
43.1750 3.60942
43.2100 3.92285
47.7700 3.92285
47.8110 3.98266
51.8510 3.98266
51.9130 4.24191
56.0030 4.24191
56.1100 5.58113
59.1290 5.58113
59.3990 7.16857
61.6220 7.16857
61.7100 6.96586
64.1510 6.96586
64.2100 7.04936
66.6720 7.04936
66.7090 6.80415
69.0560 6.80415
69.1080 5.76393
72.0720 5.76393
72.1100 5.32441
75.1990 5.32441
75.3090 3.78627
80.2520 3.78627
80.3170 3.10305
85.2820 3.10305
85.4110 4.50721
89.1110 4.50721
89.4020 4.42022
93.2270 4.42022
93.3120 4.94587
96.6500 4.94587
96.7100 5.59710
99.7080 5.59710
99.8100 6.68663
102.3700 6.68663
102.4080 6.85020
105.0160 6.85020
105.1090 6.82422
107.7510 6.82422
107.8100 4.51472
111.5200 4.51472
111.6160 3.28622
116.1800 3.28622
116.3180 2.06895
124.4270 2.06895
124.7090 4.44083
128.4630 4.44083
128.5140 3.94879
132.7600 3.94879
132.8160 3.66546
137.3100 3.66546
137.4110 4.49012
141.2120 4.49012
141.3140 3.95740
145.5030 3.95740
145.6150 3.70127
150.2990 3.70127
150.4190 3.32556
155.4110 3.32556
155.5190 2.59129
162.2920 2.59129
162.4220 1.99523
170.1010 1.99523
170.4090 2.23973
177.9260 2.23973
178.0260 2.27559
182.9480 2.27559
