0.0130 3.27263
0.4470 3.27263
0.5150 3.27620
0.8860 3.27620
0.9150 3.29106
1.2470 3.29106
1.3190 3.22935
2.2440 3.22935
2.3120 3.11858
4.8090 3.11858
4.9120 1.97359
8.0830 1.97359
8.1170 2.39402
11.0720 2.39402
11.1050 4.70742
12.8650 4.70742
12.9070 3.52101
15.8980 3.52101
16.0200 3.62423
20.6960 3.62423
20.8090 2.79103
26.8930 2.79103
27.0080 3.53311
31.6570 3.53311
31.7110 3.53573
36.5930 3.53573
36.7130 4.19452
40.9510 4.19452
41.0090 4.38365
44.5830 4.38365
44.7090 4.38380
48.5450 4.38380
48.6090 3.26010
54.0960 3.26010
54.4040 3.25312
59.3500 3.25312
59.4130 3.77490
64.0090 3.77490
64.1070 4.27759
68.0460 4.27759
68.1090 4.27575
71.8360 4.27575
71.9070 4.30473
75.8570 4.30473
75.9110 4.31086
79.9370 4.31086
80.0100 4.30905
83.7160 4.30905
83.8100 3.91483
88.1740 3.91483
88.2120 3.91691
92.4110 3.91691
92.7000 3.65324
97.8230 3.65324
97.9070 3.49674
102.3130 3.49674
102.4130 3.50068
104.5840 3.50068
104.6120 3.49703
106.7920 3.49703
106.9130 4.20954
108.5340 4.20954
108.6070 4.82945
110.1510 4.82945
110.2070 4.82462
113.7550 4.82462
113.8090 4.62353
117.6730 4.62353
117.7100 4.03437
122.1790 4.03437
122.4010 4.03313
126.5540 4.03313
126.6130 3.41025
131.0110 3.41025
131.1170 2.86006
136.9830 2.86006
137.0140 2.86146
142.8400 2.86146
142.9140 3.58566
147.5900 3.58566
147.7120 3.72599
152.1330 3.72599
152.2130 4.21927
156.2580 4.21927
156.3080 4.50110
159.9910 4.50110
160.1110 3.77131
164.7080 3.77131
165.0040 3.03439
170.4750 3.03439
170.5210 2.76283
173.2980 2.76283
173.4150 3.26299
175.4040 3.26299
175.5150 3.34460
177.4920 3.34460
177.6130 3.34897
179.0100 3.34897
