0.0070 5.91800
0.2470 5.91800
0.3060 5.95818
0.5100 5.95818
0.6070 5.86878
1.0740 5.86878
1.1060 5.86866
1.6150 5.86866
1.7060 5.84929
2.5780 5.84929
2.6060 5.82749
5.2090 5.82749
5.3070 5.83244
8.1970 5.83244
8.3060 5.83180
11.3740 5.83180
11.4050 5.42512
14.3650 5.42512
14.4060 5.57463
17.4460 5.57463
17.5060 5.69247
20.4890 5.69247
20.6090 5.71915
23.4810 5.71915
23.5050 5.51131
26.6370 5.51131
26.8990 5.53436
30.1110 5.53436
30.2060 3.36422
34.8630 3.36422
34.9050 5.70817
37.8510 5.70817
37.9070 5.68782
41.0520 5.68782
41.1100 3.85850
45.2800 3.85850
45.3060 5.25104
48.6100 5.25104
48.7070 6.00693
51.5120 6.00693
51.6060 3.11549
56.7210 3.11549
56.8120 1.52472
67.9640 1.52472
68.2030 3.11813
73.7690 3.11813
73.8150 5.08902
76.9530 5.08902
77.0060 5.09371
80.3600 5.09371
80.4120 3.89834
84.6310 3.89834
84.7050 3.80629
89.6220 3.80629
89.7170 4.57441
93.0850 4.57441
93.2070 4.25642
97.1250 4.25642
97.2150 4.05744
101.3820 4.05744
101.4040 6.05624
104.1300 6.05624
104.3990 6.09299
107.1530 6.09299
107.2050 5.74036
110.1870 5.74036
110.3070 5.72790
113.4260 5.72790
113.5060 6.12210
116.4510 6.12210
116.5050 5.90398
119.3420 5.90398
119.4050 5.61103
122.0780 5.61103
122.1050 5.64695
125.0760 5.64695
125.1060 5.69360
128.0340 5.69360
128.1090 4.66126
131.7060 4.66126
132.0020 4.17768
135.9450 4.17768
136.0070 5.76587
138.9670 5.76587
139.0070 5.61380
141.9600 5.61380
142.0070 5.17051
145.3600 5.17051
145.4090 6.06768
148.1450 6.06768
148.2060 6.24140
151.0180 6.24140
151.1070 5.24885
154.0260 5.24885
154.1060 4.67538
157.7070 4.67538
157.8120 4.16529
160.5010 4.16529
