0.1340 0.29807
4.8990 0.29807
5.1770 0.30632
9.1450 0.30632
9.3640 0.34819
12.5020 0.34819
12.7400 0.36119
16.1020 0.36119
16.3280 0.36968
19.7820 0.36968
19.9430 0.36114
22.6750 0.36114
22.8440 0.34623
26.3030 0.34623
26.5320 0.35676
30.3390 0.35676
30.5350 0.33223
34.0790 0.33223
34.2600 0.33855
37.4700 0.33855
37.6310 0.36131
40.6980 0.36131
41.0860 0.35146
44.5570 0.35146
44.7630 0.34663
48.3860 0.34663
48.5580 0.34556
52.6230 0.34556
52.8570 0.34879
55.9940 0.34879
56.2290 0.33757
59.4300 0.33757
59.6370 0.34203
62.9150 0.34203
63.1570 0.34477
66.5700 0.34477
66.7410 0.34345
70.5030 0.34345
70.7450 0.33576
74.0230 0.33576
74.4010 0.32322
78.2120 0.32322
78.4910 0.31244
82.4370 0.31244
82.6340 0.35954
86.1960 0.35954
86.4710 0.35283
89.5190 0.35283
89.7650 0.33485
93.1890 0.33485
93.4420 0.36094
96.7740 0.36094
96.9380 0.35554
100.9350 0.35554
101.1400 0.34903
103.6280 0.34903
103.8340 0.34683
107.2940 0.34683
107.6740 0.33660
111.1330 0.33660
111.3580 0.33529
115.0260 0.33529
115.2360 0.33644
118.8930 0.33644
119.1590 0.35844
122.2950 0.35844
122.5330 0.35479
126.1320 0.35479
126.3700 0.33525
130.5490 0.33525
130.7560 0.34493
134.3780 0.34493
134.5440 0.35021
137.4800 0.35021
137.6480 0.34989
140.4170 0.34989
140.7850 0.34859
144.0180 0.34859
144.2520 0.34792
147.6200 0.34792
147.8530 0.34861
151.1690 0.34861
151.3890 0.33788
175.0890 0.33788
175.3620 0.35025
178.6010 0.35025
178.8320 0.35689
182.6040 0.35689
182.8340 0.34430
186.6240 0.34430
186.8710 0.33607
190.5920 0.33607
190.8390 0.34744
193.9310 0.34744
194.2740 0.34794
196.9330 0.34794
197.1400 0.34875
199.6550 0.34875
