0.0130 3.14230
0.4650 3.14230
0.5180 3.14888
0.9040 3.14888
1.0180 3.09336
1.9040 3.09336
2.0140 1.47295
4.0420 1.47295
4.1580 0.79234
8.2160 0.79234
8.3840 1.10884
14.0280 1.10884
14.1260 1.17067
20.1690 1.17067
20.2410 1.13183
21.4410 1.13183
21.5450 1.13981
22.5780 1.13981
22.6450 1.15546
25.0980 1.15546
25.2330 1.43501
27.1560 1.43501
27.2270 1.93244
30.9360 1.93244
31.0130 1.69818
35.3690 1.69818
35.6110 2.03808
39.5840 2.03808
39.6200 1.89016
43.0160 1.89016
43.1270 1.68040
47.4190 1.68040
47.5170 1.69373
51.9760 1.69373
52.0230 1.86614
55.7310 1.86614
55.8240 1.83072
60.0390 1.83072
60.1320 1.83868
64.0570 1.83868
64.1230 2.16392
67.3420 2.16392
67.4190 1.92836
71.2890 1.92836
71.6090 2.21650
75.0210 2.21650
75.1200 0.95092
82.3020 0.95092
82.4140 0.99004
89.5000 0.99004
89.6540 2.36157
92.6510 2.36157
92.7250 2.30879
96.3680 2.30879
96.4260 1.12441
101.6940 1.12441
101.8120 7.65356
102.8050 7.65356
102.9180 2.87138
105.5730 2.87138
105.6240 2.03509
108.9770 2.03509
109.0230 1.27810
111.4700 1.27810
111.5540 0.90436
116.6020 0.90436
116.7670 0.68623
121.4670 0.68623
121.5680 1.68617
126.3220 1.68617
126.4310 0.97884
133.9650 0.97884
134.0210 1.67156
137.4280 1.67156
137.5290 1.33274
143.0310 1.33274
143.1400 1.49666
143.8930 1.49666
144.2100 1.98581
145.7470 1.98581
146.0090 2.46600
147.8050 2.46600
147.9260 1.62653
151.0070 1.62653
151.3150 1.62076
155.5870 1.62076
155.7270 1.69507
160.2160 1.69507
160.3250 1.55471
165.1440 1.55471
165.2460 1.46140
170.4960 1.46140
170.6330 0.85497
178.2240 0.85497
178.3540 1.44404
182.9330 1.44404
183.0280 1.68352
185.8070 1.68352
