0.0120 3.36569
0.4340 3.36569
0.5150 3.38571
0.8740 3.38571
0.9170 3.32611
1.7410 3.32611
1.8110 3.32275
2.7100 3.32275
2.8120 3.32849
3.7780 3.32849
3.8160 3.32709
5.6970 3.32709
5.8100 3.59651
7.7770 3.59651
7.8120 2.98992
10.5830 2.98992
10.7120 2.19646
18.0230 2.19646
18.1100 4.70616
21.7110 4.70616
21.8120 4.70639
25.4200 4.70639
25.5110 4.49273
29.1670 4.49273
29.2110 4.51515
33.0340 4.51515
33.1130 4.26497
37.2810 4.26497
37.4140 3.12157
42.4330 3.12157
42.5100 4.32406
46.3990 4.32406
46.7030 1.56516
58.1320 1.56516
58.2490 3.21964
59.6600 3.21964
59.7080 3.98546
60.9610 3.98546
61.0160 3.73349
62.9490 3.73349
63.0120 2.67601
65.6150 2.67601
65.7450 1.13003
72.3490 1.13003
72.4390 2.71259
75.2270 2.71259
75.3120 3.90480
77.0610 3.90480
77.1100 3.88022
78.9180 3.88022
79.0090 3.90166
80.8230 3.90166
80.9130 2.83913
87.5050 2.83913
87.6230 2.41143
94.0120 2.41143
94.1130 3.74015
96.1450 3.74015
96.2130 3.15674
98.6280 3.15674
98.7160 2.62146
101.3190 2.62146
101.4210 2.32948
104.6220 2.32948
104.7250 2.61420
107.3700 2.61420
107.4140 4.05642
109.4080 4.05642
109.7010 3.72204
114.5450 3.72204
114.6100 3.59048
119.2750 3.59048
119.3160 3.75803
123.3070 3.75803
123.4240 2.33957
130.5950 2.33957
130.7280 1.82935
139.8410 1.82935
139.9170 2.76116
142.5500 2.76116
142.6190 2.24452
145.6070 2.24452
145.7230 2.23371
149.3080 2.23371
149.4220 1.83462
153.1960 1.83462
153.3300 1.20819
159.6280 1.20819
159.7250 1.59883
164.4110 1.59883
164.5250 1.77232
168.8540 1.77232
168.9360 0.98171
175.5470 0.98171
175.8380 0.70886
185.1660 0.70886
185.2280 1.47684
186.5820 1.47684
