0.0260 1.73633
0.8440 1.73633
0.9250 1.75392
1.6180 1.75392
1.7280 1.75664
2.3500 1.75664
2.4320 1.72170
4.1670 1.72170
4.2270 1.72403
6.0920 1.72403
6.2270 1.04811
12.1980 1.04811
12.3440 2.04638
15.8010 2.04638
15.9190 2.64276
19.0540 2.64276
19.1140 2.14720
22.2170 2.14720
22.3230 1.94969
25.9850 1.94969
26.0180 2.78858
28.6510 2.78858
28.7160 2.63024
31.4410 2.63024
31.5210 1.92688
35.3600 1.92688
35.6110 1.84449
40.0010 1.84449
40.1190 1.87580
43.5410 1.87580
43.6230 1.94035
47.3400 1.94035
47.4220 2.30606
50.6970 2.30606
50.8140 2.42880
53.6630 2.42880
53.7220 1.73990
58.1570 1.73990
58.2220 1.63055
62.6480 1.63055
62.7230 1.98792
66.2270 1.98792
66.3200 1.82731
70.4040 1.82731
70.7120 1.64621
75.3060 1.64621
75.4250 1.59605
79.7040 1.59605
79.8280 0.92042
87.4500 0.92042
87.5950 0.52692
101.0270 0.52692
101.2060 0.51192
103.9820 0.51192
104.0960 0.51629
105.7780 0.51629
105.8910 0.51748
108.2100 0.51748
108.3920 0.85609
109.7520 0.85609
109.8580 0.88415
111.2490 0.88415
111.3550 0.87215
114.9410 0.87215
115.0600 0.87582
118.3590 0.87582
118.4520 0.93055
121.9180 0.93055
122.0530 0.67260
133.9710 0.67260
134.1100 0.50315
136.5930 0.50315
136.8060 0.50801
138.8300 0.50801
138.9950 0.50804
140.9020 0.50804
141.0900 0.50357
143.3280 0.50357
143.4930 0.72067
145.1190 0.72067
145.2390 1.09470
146.2950 1.09470
146.4480 1.08170
147.6170 1.08170
147.7470 1.07507
150.4510 1.07507
150.5500 0.82925
159.7260 0.82925
159.8620 0.78890
169.3590 0.78890
169.4580 0.74187
179.8000 0.74187
179.9630 0.72783
181.4390 0.72783
181.5850 0.72278
182.8650 0.72278
182.9640 0.72309
184.1770 0.72309
