0.0060 8.30597
0.1770 8.30597
0.2090 8.20035
0.5890 8.20035
0.7090 8.13693
1.9580 8.13693
2.0080 8.13975
4.0820 8.13975
4.1050 3.35560
9.3040 3.35560
9.4270 4.72700
12.6360 4.72700
12.7100 5.34933
15.8610 5.34933
15.9120 5.24230
19.3250 5.24230
19.4080 1.48290
30.2370 1.48290
30.3260 3.57703
32.3220 3.57703
32.4070 6.97941
33.4590 6.97941
33.5080 7.07543
34.5210 7.07543
34.6020 2.04967
38.2110 2.04967
38.3090 5.59592
39.7560 5.59592
39.8120 4.72045
43.1310 4.72045
43.2070 6.92028
45.6370 6.92028
45.7090 1.58079
57.0250 1.58079
57.1630 1.44647
64.5020 1.44647
64.6120 2.95085
67.2270 2.95085
67.3320 1.44423
72.3290 1.44423
72.4260 1.53733
74.3900 1.53733
74.5280 4.50818
75.2210 4.50818
75.3080 6.86975
75.7650 6.86975
75.8110 6.72194
76.8270 6.72194
76.9090 6.71334
77.9540 6.71334
78.0060 7.03771
80.3430 7.03771
80.4100 6.87061
83.1340 6.87061
83.2080 3.49198
87.6200 3.49198
87.7240 4.14019
91.7520 4.14019
91.8080 4.76263
95.3580 4.76263
95.4140 4.08444
99.4560 4.08444
99.5070 4.95866
102.8910 4.95866
103.0140 3.93331
107.3660 3.93331
107.6010 4.00388
112.0630 4.00388
112.1090 6.16185
115.0350 6.16185
115.1120 6.34214
117.7530 6.34214
117.8070 6.78656
120.0170 6.78656
120.1050 6.30955
122.7640 6.30955
122.8090 6.30278
125.4540 6.30278
125.5070 6.30796
128.1650 6.30796
128.2090 6.10774
130.9060 6.10774
131.0090 6.26310
133.7340 6.26310
134.0060 3.28139
139.0580 3.28139
139.1090 6.48102
141.7840 6.48102
141.9060 6.64845
144.4030 6.64845
144.5090 5.56463
147.6630 5.56463
147.7080 6.45384
150.0820 6.45384
150.2100 5.58780
153.2230 5.58780
153.3110 4.33119
155.8970 4.33119
