0.0260 1.70302
0.8600 1.70302
0.9230 1.71676
1.6310 1.71676
1.7280 1.72068
2.3630 1.72068
2.4210 1.72243
3.1260 1.72243
3.2310 1.68961
5.1340 1.68961
5.2310 2.11499
8.1900 2.11499
8.3100 3.35754
10.4170 3.35754
10.5120 3.20505
13.0970 3.20505
13.2130 2.68551
15.6940 2.68551
15.8210 2.52110
18.6530 2.52110
18.7160 2.78647
21.3510 2.78647
21.4160 2.59877
24.1740 2.59877
24.2160 2.70467
26.9510 2.70467
27.2010 2.50613
30.4320 2.50613
30.5170 2.69592
32.8980 2.69592
33.0150 2.67418
35.7120 2.67418
35.8180 2.64716
38.6710 2.64716
38.7190 2.62907
44.8390 2.62907
44.9180 2.31975
52.3970 2.31975
52.5200 2.57047
59.0750 2.57047
59.1190 2.67737
65.0710 2.67737
65.1150 2.61756
71.6110 2.61756
71.9050 2.47876
74.9560 2.47876
75.0160 2.44522
77.8090 2.44522
77.9170 2.52991
80.6900 2.52991
80.8160 2.54591
83.5960 2.54591
83.7180 2.51448
87.0630 2.51448
87.1170 2.48153
89.5040 2.48153
89.6200 2.50411
92.6550 2.50411
92.7180 2.51022
95.7550 2.51022
95.8180 2.50318
98.5440 2.50318
98.8040 2.46420
101.8300 2.46420
101.9190 2.48986
108.7940 2.48986
108.9230 2.42801
116.2810 2.42801
116.4250 2.35250
124.0890 2.35250
124.2200 2.44484
131.0710 2.44484
131.1410 2.39976
134.8500 2.39976
134.9180 2.16880
138.2990 2.16880
138.4300 2.18362
141.6810 2.18362
141.8200 2.52698
144.6970 2.52698
145.0040 2.46568
147.7240 2.46568
147.8180 2.45564
151.0790 2.45564
151.1200 2.51685
153.8710 2.51685
153.9200 2.56719
156.8840 2.56719
157.0200 2.53799
159.9720 2.53799
160.0210 2.54305
163.0380 2.54305
163.1180 2.55013
165.6630 2.55013
165.7210 2.55794
168.3060 2.55794
168.4190 2.49843
172.9020 2.49843
