0.0240 1.69895
0.8600 1.69895
0.9220 1.71434
1.6310 1.71434
1.7280 1.72340
2.3620 1.72340
2.4360 1.68956
4.2040 1.68956
4.3210 1.70252
5.0710 1.70252
5.1330 1.63413
6.6560 1.63413
6.7260 0.83909
15.1570 0.83909
15.2880 1.54803
20.6400 1.54803
20.7510 1.08656
26.8830 1.08656
27.0280 1.47668
31.8630 1.47668
31.9340 1.39801
37.1860 1.39801
37.3380 1.90218
41.1060 1.90218
41.2310 1.31500
42.1860 1.31500
42.3310 1.50636
44.5840 1.50636
44.7240 1.95945
46.8250 1.95945
46.9280 1.76253
51.0200 1.76253
51.1350 1.62416
55.7850 1.62416
55.9210 1.55253
60.3780 1.55253
60.4540 0.85643
69.4640 0.85643
69.5630 0.69572
71.1450 0.69572
71.4460 0.93816
72.7590 0.93816
72.8230 1.67287
73.5600 1.67287
73.8100 1.10223
78.4630 1.10223
78.7360 0.36395
97.5010 0.36395
97.6370 1.20432
98.5890 1.20432
98.7360 1.21356
99.7270 1.21356
99.8360 0.70878
101.8410 0.70878
102.0120 0.49341
103.7720 0.49341
103.8930 0.49182
106.3330 0.49182
106.5060 0.77125
110.5630 0.77125
110.6410 1.07307
113.2490 1.07307
113.3420 1.17664
116.0000 1.17664
116.3120 2.06404
119.6620 2.06404
119.7150 2.17960
123.4260 2.17960
123.5590 0.93602
132.1230 0.93602
132.3180 0.91678
140.3620 0.91678
140.4090 1.43959
144.3650 1.43959
144.4360 1.40500
149.6550 1.40500
149.7230 1.68963
150.3900 1.68963
150.5400 1.24395
151.4820 1.24395
151.5580 0.80670
152.9910 0.80670
153.1550 0.48194
159.3880 0.48194
159.6560 0.39953
166.9320 0.39953
167.1120 0.51539
169.7240 0.51539
169.8430 1.19714
170.9330 1.19714
171.0410 1.20125
172.0820 1.20125
172.3200 0.99654
173.3980 0.99654
173.5580 0.83734
178.6980 0.83734
178.8980 0.51266
188.0240 0.51266
