0.0110 3.70841
0.3940 3.70841
0.5130 3.72843
0.8390 3.72843
0.9120 3.72912
1.2050 3.72912
1.3150 3.66521
2.1300 3.66521
2.2160 3.64735
4.3510 3.64735
4.4130 3.65339
6.1260 3.65339
6.2120 3.65599
8.1470 3.65599
8.2120 3.64659
10.4840 3.64659
10.5130 3.63640
14.9290 3.63640
15.0120 3.64371
19.6630 3.64371
19.7130 3.66041
24.3520 3.66041
24.4120 3.67623
28.8800 3.67623
28.9120 3.83673
33.4110 3.83673
33.5120 2.88812
39.6670 2.88812
39.7190 2.53596
45.8970 2.53596
46.0130 3.28186
51.1370 3.28186
51.4060 2.74233
57.9290 2.74233
58.0170 2.74235
61.8880 2.74235
62.0180 2.74705
64.8270 2.74705
64.9140 2.74822
67.5400 2.74822
67.6150 2.16594
70.8310 2.16594
70.9160 3.22365
73.2310 3.22365
73.3130 3.23331
75.6520 3.23331
75.7190 3.34451
77.7610 3.34451
77.8090 3.55752
79.7810 3.55752
79.8090 3.94296
81.6040 3.94296
81.9030 3.47272
84.3250 3.47272
84.4220 2.11853
87.2180 2.11853
87.3210 2.51073
90.3480 2.51073
90.4120 3.98928
92.3230 3.98928
92.4090 3.84385
96.7040 3.84385
96.8110 3.40505
101.7390 3.40505
101.8110 3.83548
106.2740 3.83548
106.3110 3.55387
111.3380 3.55387
111.4130 3.64308
116.3620 3.64308
116.4150 3.87453
120.7380 3.87453
120.8120 3.87954
124.6780 3.87954
124.7100 3.83915
129.0800 3.83915
129.4020 3.86257
133.7180 3.86257
133.8120 3.80885
138.2140 3.80885
138.3130 3.77465
142.6770 3.77465
142.7090 3.70056
147.3210 3.70056
147.4120 3.68882
151.9060 3.68882
152.0130 3.85775
156.5070 3.85775
156.6110 3.85805
160.9140 3.85805
161.0130 3.85817
165.5620 3.85817
165.6140 2.63481
171.4290 2.63481
171.7090 2.34224
178.8970 2.34224
179.0160 2.46597
183.5580 2.46597
