0.0410 1.14358
1.2830 1.14358
1.3450 1.15539
2.3970 1.15539
2.5420 1.15135
3.4910 1.15135
3.6370 1.15210
4.6910 1.15210
4.8460 0.76464
9.0510 0.76464
9.1620 0.65806
12.9440 0.65806
13.0750 0.62529
17.4810 0.62529
17.5730 0.61504
23.1260 0.61504
23.2800 0.60567
25.2240 0.60567
25.3810 0.60781
27.1690 0.60781
27.3050 0.60653
29.1320 0.60653
29.4440 0.64648
31.3310 0.64648
31.6450 0.64592
36.3180 0.64592
36.4870 0.57708
42.3680 0.57708
42.4820 0.60661
46.8230 0.60661
46.9950 0.54279
52.2660 0.54279
52.3950 0.59196
54.2890 0.59196
54.4800 0.62656
56.3580 0.62656
56.4720 0.62208
58.5490 0.62208
58.6820 0.62173
63.0890 0.62173
63.2820 0.62382
68.1220 0.62382
68.4420 0.60324
73.6210 0.60324
73.7760 0.67263
75.6800 0.67263
75.7650 0.69878
77.3040 0.69878
77.4750 0.69402
79.1270 0.69402
79.2760 0.59045
84.3000 0.59045
84.4990 0.50032
95.3730 0.50032
95.5010 0.45753
97.3990 0.45753
97.6050 0.45768
100.2270 0.45768
100.4000 0.45766
102.9440 0.45766
103.2720 0.49751
105.7440 0.49751
105.9010 0.51875
111.9300 0.51875
112.0860 0.50204
114.3250 0.50204
114.4900 0.47452
121.2870 0.47452
121.4220 0.42575
128.7820 0.42575
128.9180 0.45298
131.6760 0.45298
131.8050 0.46005
134.0400 0.46005
134.2190 0.45528
136.3470 0.45528
136.5010 0.46590
142.8450 0.46590
143.1670 0.40620
150.6810 0.40620
150.7990 0.50524
153.0870 0.50524
153.2050 0.45749
155.9690 0.45749
156.1050 0.43333
158.7230 0.43333
158.9150 0.42845
162.0570 0.42845
162.2210 0.37187
165.7300 0.37187
165.9490 0.35745
174.5560 0.35745
174.7500 0.43848
177.2000 0.43848
177.4280 0.45642
179.4550 0.45642
179.7640 0.45564
181.6890 0.45564
