0.0080 4.53776
0.3210 4.53776
0.4100 4.56943
0.6760 4.56943
0.7090 4.47099
1.3220 4.47099
1.4080 4.47178
2.0760 4.47178
2.1120 4.45997
3.8580 4.45997
3.9120 2.97081
9.0180 2.97081
9.1120 3.11509
14.5230 3.11509
14.6130 1.98954
23.6060 1.98954
23.7270 2.62430
27.7400 2.62430
27.8120 3.01765
30.1780 3.01765
30.2190 3.45197
32.3460 3.45197
32.4100 3.69264
34.3510 3.69264
34.6030 3.68574
36.6100 3.68574
36.7100 2.50225
39.9460 2.50225
40.0140 2.50742
42.5740 2.50742
42.6140 2.50426
45.4940 2.50426
45.6140 2.50243
48.6320 2.50243
48.7140 2.66447
51.3110 2.66447
51.4070 3.60751
53.5460 3.60751
53.6130 2.97601
56.0380 2.97601
56.1110 2.96916
58.4570 2.96916
58.7030 3.02258
61.1720 3.02258
61.2100 2.58377
64.1370 2.58377
64.2190 2.62826
70.2950 2.62826
70.4130 2.67193
76.8070 2.67193
76.9160 2.81195
82.7650 2.81195
82.8130 2.79963
89.4980 2.79963
89.6150 2.28721
96.3510 2.28721
96.4180 2.83424
102.3020 2.83424
102.4100 4.05549
106.5790 4.05549
106.6110 2.83763
112.4290 2.83763
112.5150 3.08381
114.9330 3.08381
115.0120 3.28170
117.1190 3.28170
117.2160 2.99353
119.9180 2.99353
120.0100 2.99330
122.6880 2.99330
122.8140 2.99657
125.2750 2.99657
125.3120 2.99738
127.2120 2.99738
127.3120 2.80088
129.9300 2.80088
130.0150 2.55818
132.7900 2.55818
133.1040 2.59740
135.9030 2.59740
136.0130 3.46596
137.9480 3.46596
138.0130 3.45835
142.9480 3.45835
143.0140 2.07791
150.9920 2.07791
151.1200 1.53844
162.3890 1.53844
162.5150 2.60868
165.3870 2.60868
165.5150 2.83218
168.2240 2.83218
168.3110 2.13489
171.3510 2.13489
171.4290 1.46841
175.9320 1.46841
176.2160 2.73918
177.9240 2.73918
