0.0130 3.32628
0.4400 3.32628
0.5150 3.33005
0.8800 3.33005
0.9140 3.34138
1.2410 3.34138
1.3160 3.28981
2.2240 3.28981
2.3140 3.27878
4.6890 3.27878
4.8130 3.27658
6.7230 3.27658
6.8110 3.28123
8.9670 3.28123
9.0110 3.34930
14.3530 3.34930
14.4150 3.20526
19.4250 3.20526
19.5150 3.26467
24.7060 3.26467
24.8160 3.34660
29.8900 3.34660
30.0140 3.40149
33.5050 3.40149
33.8020 3.41991
35.9650 3.41991
36.0140 3.39937
38.3960 3.39937
38.5100 3.36425
40.4180 3.36425
40.5130 3.36079
42.6590 3.36079
42.7140 3.33289
44.9800 3.33289
45.0140 3.30321
49.8850 3.30321
50.0130 3.16364
55.4970 3.16364
55.6150 3.23903
60.8170 3.23903
60.9160 3.25485
65.8120 3.25485
65.9130 2.88344
71.8100 2.88344
71.9110 3.08597
77.5350 3.08597
77.6150 3.21185
82.5870 3.21185
82.7150 3.35513
87.8070 3.35513
88.1050 3.34019
93.0290 3.34019
93.1160 3.33900
95.6350 3.33900
95.7150 3.34278
97.4870 3.34278
97.5140 3.30434
99.8140 3.30434
99.9160 3.27612
102.2430 3.27612
102.3120 3.27746
104.3940 3.27746
104.5140 3.27765
106.7890 3.27765
106.9160 3.32750
108.9940 3.32750
109.1150 3.35901
111.5230 3.35901
111.8050 3.34687
117.1920 3.34687
117.3120 3.28166
122.4160 3.28166
122.5150 3.29633
127.0650 3.29633
127.1150 3.32549
132.1600 3.32549
132.2100 3.28490
137.2850 3.28490
137.4160 3.27408
142.5370 3.27408
142.6150 3.09752
147.9330 3.09752
148.0190 3.13385
153.4650 3.13385
153.5160 3.37697
158.4250 3.37697
158.7050 3.36179
163.8620 3.36179
163.9130 3.33960
168.8840 3.33960
169.0160 3.32858
171.3210 3.32858
171.4140 3.31634
173.3710 3.31634
173.4140 3.31442
175.4090 3.31442
175.5140 3.31810
176.9240 3.31810
