0.0190 2.32078
0.6310 2.32078
0.7240 2.34194
1.2430 2.34194
1.3240 2.28013
2.5260 2.28013
2.6220 2.33972
3.1410 2.33972
3.2230 2.29338
4.6250 2.29338
4.7260 2.28154
7.4690 2.28154
7.5220 2.30135
10.5960 2.30135
10.7120 2.96743
13.5040 2.96743
13.6130 3.00530
15.8300 3.00530
15.9130 2.84566
18.4220 2.84566
18.5210 2.93811
21.0200 2.93811
21.1120 3.19809
26.2480 3.19809
26.3200 3.06434
31.9530 3.06434
32.0110 4.28243
36.1620 4.28243
36.2120 4.37142
39.7960 4.37142
39.9110 3.71712
44.4350 3.71712
44.5160 3.19489
50.1150 3.19489
50.2150 3.13278
55.3510 3.13278
55.4160 4.15854
59.5880 4.15854
59.9020 4.20500
63.9090 4.20500
64.0090 4.13378
67.8640 4.13378
67.9130 4.23503
71.9280 4.23503
72.0090 3.19329
77.4440 3.19329
77.5140 2.87477
83.0690 2.87477
83.1170 4.09892
87.2850 4.09892
87.4140 4.15331
91.3740 4.15331
91.4120 4.22950
95.8370 4.22950
95.9130 4.13712
99.6370 4.13712
99.9000 4.17648
103.8930 4.17648
104.0140 4.14396
108.0940 4.14396
108.2140 4.10577
112.2350 4.10577
112.3110 4.19817
116.3080 4.19817
116.4120 4.29555
120.3970 4.29555
120.5120 4.18882
124.7770 4.18882
124.9130 4.10884
129.3010 4.10884
129.4120 3.93091
133.6730 3.93091
133.8120 3.95733
137.6020 3.95733
137.9010 4.29851
141.8040 4.29851
141.9140 4.10309
145.9770 4.10309
146.1150 3.88115
150.4350 3.88115
150.5150 3.72683
154.9350 3.72683
155.0120 3.70618
159.6170 3.70618
159.7130 3.60069
164.3170 3.60069
164.4170 3.58415
166.5400 3.58415
166.6120 3.33429
168.8590 3.33429
168.9160 3.42670
171.1550 3.42670
171.2140 3.45769
173.0910 3.45769
173.2130 3.44389
175.1330 3.44389
175.2140 3.43000
176.5780 3.43000
