0.0310 1.49037
0.9840 1.49037
1.0320 1.50243
1.8410 1.50243
1.9280 1.49881
2.6570 1.49881
2.7300 1.50286
3.5380 1.50286
3.6270 1.49344
4.4820 1.49344
4.5370 1.48054
6.2180 1.48054
6.3280 1.47564
8.1950 1.47564
8.3390 0.45903
26.3880 0.45903
26.6930 0.32825
30.2800 0.32825
30.4160 0.49511
32.6110 0.49511
32.8040 0.49404
35.0470 0.49404
35.3710 0.49071
37.8570 0.49071
38.0030 0.48941
40.5690 0.48941
40.7130 0.68522
42.7630 0.68522
42.8690 0.78377
44.2650 0.78377
44.3690 0.76254
48.1210 0.76254
48.2640 0.69877
59.0720 0.69877
59.1690 0.71837
60.8070 0.71837
60.9720 0.62966
63.0240 0.62966
63.2090 0.44043
65.7080 0.44043
66.0520 0.44072
68.8470 0.44072
69.0060 0.55650
74.6200 0.55650
74.7330 1.33822
75.6900 1.33822
76.0170 1.26935
78.1330 1.26935
78.4280 0.88882
86.3210 0.88882
86.4480 0.82925
94.9830 0.82925
95.0640 0.71592
97.0490 0.71592
97.1660 0.58954
98.6390 0.58954
98.7860 0.56393
100.9140 0.56393
101.2520 0.95669
102.4690 0.95669
102.5520 0.99558
105.3630 0.99558
105.4460 0.91475
108.8650 0.91475
108.9790 1.02983
113.4120 1.02983
113.7230 0.91334
122.5790 0.91334
122.6680 0.77161
126.7290 0.77161
126.8650 0.77646
128.4740 0.77646
128.5650 0.77192
129.8970 0.77192
130.0690 0.76467
131.3360 0.76467
131.4750 0.89577
139.4000 0.89577
139.5320 1.34632
144.9320 1.34632
145.0350 1.74334
148.8820 1.74334
148.9260 1.80276
153.3680 1.80276
153.6160 1.85776
157.3430 1.85776
157.4280 1.99193
161.2480 1.99193
161.3200 2.10217
164.8840 2.10217
164.9180 2.26792
168.3010 2.26792
168.4270 2.28524
171.2670 2.28524
171.3250 2.32826
174.1650 2.32826
174.2240 2.28890
176.2680 2.28890
