0.0310 1.41749
1.0330 1.41749
1.1420 1.40303
3.3630 1.40303
3.4380 2.26348
7.9280 2.26348
8.0090 5.50380
10.1670 5.50380
10.2090 6.45697
11.4150 6.45697
11.5040 8.20218
12.2670 8.20218
12.3030 7.77400
13.2130 7.77400
13.3060 5.40447
14.8390 5.40447
14.9090 3.66629
19.2890 3.66629
19.4170 3.78871
23.8900 3.78871
24.0090 4.49461
27.7870 4.49461
27.9060 4.34535
31.6860 4.34535
31.8050 5.96662
34.6980 5.96662
34.8080 3.08403
40.5720 3.08403
40.6120 4.60393
44.0150 4.60393
44.1080 5.22245
47.3280 5.22245
47.5970 7.34930
50.0310 7.34930
50.1080 3.85480
54.2820 3.85480
54.4130 3.57204
59.2700 3.57204
59.3120 3.98520
63.5400 3.98520
63.6110 3.22390
68.5540 3.22390
68.6120 3.61780
73.3120 3.61780
73.4070 5.76787
76.4160 5.76787
76.5120 3.17356
81.5440 3.17356
81.6130 2.01751
90.0810 2.01751
90.2250 2.22497
93.4060 2.22497
93.5140 3.34165
96.0310 3.34165
96.1110 3.23507
97.9420 3.23507
98.0130 3.01706
100.5320 3.01706
100.6170 2.78841
103.3510 2.78841
103.4170 2.68542
105.9580 2.68542
106.0180 2.57748
108.9110 2.57748
109.0200 2.38680
111.9170 2.38680
112.2070 3.04882
114.8600 3.04882
114.9090 3.96051
116.9330 3.96051
117.0100 3.53356
119.0970 3.53356
119.2140 2.44910
125.3380 2.44910
125.4290 3.43652
130.3110 3.43652
130.4110 6.79334
132.8650 6.79334
132.9080 6.14835
135.6350 6.14835
135.7090 3.10804
141.0090 3.10804
141.1200 4.44221
144.9620 4.44221
145.0120 4.41950
148.7630 4.41950
148.8080 5.01207
152.2670 5.01207
152.5010 5.98240
155.2760 5.98240
155.4120 3.03805
161.1890 3.03805
161.3180 4.77302
164.5280 4.77302
164.6060 5.87850
167.4700 5.87850
167.5080 6.48550
169.2350 6.48550
