0.0430 1.07113
1.3690 1.07113
1.4470 1.08234
2.5700 1.08234
2.6460 1.07968
3.6580 1.07968
3.7460 1.08227
4.8680 1.08227
4.9450 1.07302
6.1350 1.07302
6.2500 1.06586
8.5850 1.06586
8.6510 1.05273
15.3710 1.05273
15.4470 1.08557
23.0790 1.08557
23.1380 1.15632
25.6700 1.15632
25.7400 1.18126
26.6600 1.18126
26.7410 1.19582
32.8810 1.19582
32.9370 1.09376
39.4900 1.09376
39.6390 1.11843
46.2530 1.11843
46.3430 1.14203
47.5730 1.14203
47.6350 1.24335
48.5150 1.24335
48.6360 1.37828
49.4200 1.37828
49.5330 1.38586
50.3420 1.38586
50.4280 1.36158
52.5680 1.36158
52.6360 1.33758
55.0050 1.33758
55.1310 1.27709
60.7820 1.27709
60.8410 1.15249
66.8850 1.15249
66.9340 1.03491
74.1450 1.03491
74.2450 1.32889
79.9360 1.32889
80.0360 1.38867
84.9540 1.38867
85.0350 1.39030
90.0810 1.39030
90.1300 1.15008
96.2840 1.15008
96.4410 1.10047
104.0840 1.10047
104.2440 1.12196
105.0180 1.12196
105.1360 1.11424
106.2130 1.11424
106.3420 1.11522
107.3860 1.11522
107.5470 1.10997
108.6550 1.10997
108.7410 1.09892
111.5870 1.09892
111.7440 1.11043
114.3460 1.11043
114.4510 1.10919
119.1710 1.10919
119.2400 1.21511
125.8370 1.21511
125.9380 1.23817
131.8940 1.23817
132.0330 1.24617
136.6030 1.24617
136.7340 1.14699
143.1270 1.14699
143.2420 1.14518
149.4410 1.14518
149.7180 1.26019
152.1400 1.26019
152.2420 1.28731
153.1400 1.28731
153.2330 1.27342
154.2260 1.27342
154.3380 1.26102
158.0520 1.26102
158.1340 1.27478
160.8200 1.27478
160.9390 1.27384
163.3860 1.27384
163.4410 1.21111
169.7760 1.21111
169.8450 1.17044
175.3900 1.17044
175.5360 1.34096
180.4670 1.34096
180.5350 1.34286
184.0190 1.34286
