0.0270 1.72369
0.8510 1.72369
0.9250 1.74136
1.6230 1.74136
1.7260 1.73986
2.3540 1.73986
2.4280 1.73970
3.1260 1.73970
3.2300 1.73020
3.9680 1.73020
4.0300 1.70432
7.7020 1.70432
7.8240 1.94724
11.4570 1.94724
11.5200 1.83176
16.0430 1.83176
16.1360 1.60278
20.2930 1.60278
20.4220 2.64926
23.1170 2.64926
23.2160 2.81531
25.8240 2.81531
25.9170 2.36704
28.9450 2.36704
29.0150 2.00849
32.6980 2.00849
33.0080 2.04632
36.9650 2.04632
37.0160 2.08612
40.0930 2.08612
40.2220 1.95084
43.9190 1.95084
44.0190 1.95707
47.8780 1.95707
47.9240 1.77791
51.8160 1.77791
51.9310 1.71844
54.8370 1.71844
54.9240 1.85475
58.8150 1.85475
58.9180 2.35088
61.8810 2.35088
61.9190 2.30973
65.1500 2.30973
65.4070 2.29242
68.7060 2.29242
68.8170 2.58987
71.4540 2.58987
71.5140 2.29338
74.5730 2.29338
74.6190 2.16176
77.8930 2.16176
78.0210 2.16219
81.9110 2.16219
82.0170 2.24117
84.6600 2.24117
84.7200 2.28228
88.0500 2.28228
88.1150 2.28181
91.4560 2.28181
91.5190 2.05346
94.8420 2.05346
95.1090 1.96176
98.9100 1.96176
99.0220 1.84733
102.7650 1.84733
102.8220 1.86414
107.1610 1.86414
107.2200 1.91223
111.4120 1.91223
111.5130 3.14078
113.8610 3.14078
113.9180 2.38712
120.2010 2.38712
120.3250 2.53086
126.9540 2.53086
127.0160 2.32055
134.2000 2.32055
134.3170 2.60189
140.7610 2.60189
140.8170 2.45091
147.5380 2.45091
147.6190 2.02782
151.5680 2.02782
151.6310 1.64462
155.8410 1.64462
155.9310 1.41830
161.2960 1.41830
161.4400 1.45705
166.5820 1.45705
166.6300 1.66141
171.2480 1.66141
171.3210 2.07285
174.4520 2.07285
174.5220 2.12408
177.6350 2.12408
177.7190 2.20165
179.8440 2.20165
