0.0530 0.82529
1.7740 0.82529
1.8610 0.82911
3.3270 0.82911
3.4560 0.82901
4.7740 0.82901
4.8600 0.82775
6.3270 0.82775
6.4560 0.82168
8.0100 0.82168
8.1690 1.26398
11.3850 1.26398
11.4290 1.88097
15.1900 1.88097
15.3180 1.99496
19.4710 1.99496
19.5210 2.04567
22.7780 2.04567
22.8210 2.11360
26.1990 2.11360
26.3190 2.30167
29.5090 2.30167
29.6150 1.63192
34.0070 1.63192
34.1220 2.94126
36.6370 2.94126
36.7130 3.41226
39.0860 3.41226
39.4010 2.99254
41.5460 2.99254
41.6220 2.12626
45.0140 2.12626
45.1090 3.87697
47.0570 3.87697
47.1100 3.88090
48.8930 3.88090
49.0140 3.64714
53.7710 3.64714
53.8170 2.57086
60.3710 2.57086
60.4150 4.41311
64.0260 4.41311
64.1100 3.94334
68.4220 3.94334
68.5140 4.60603
72.2820 4.60603
72.4080 4.37276
76.0600 4.37276
76.1070 6.30882
78.8150 6.30882
78.9090 6.11644
81.5980 6.11644
81.8980 7.65461
84.3430 7.65461
84.4060 7.71875
86.4020 7.71875
86.5050 7.95263
88.6020 7.95263
88.7060 7.95640
90.8310 7.95640
90.9050 6.33512
93.5110 6.33512
93.6070 6.27763
96.2800 6.27763
96.4060 4.34020
100.3500 4.34020
100.4120 4.00119
104.8770 4.00119
104.9110 3.94089
109.4860 3.94089
109.8020 3.92630
114.0680 3.92630
114.1110 4.53669
117.4170 4.53669
117.5090 5.35667
120.6410 5.35667
120.7080 5.64922
123.6590 5.64922
123.7070 6.09472
126.4580 6.09472
126.5080 5.91263
129.2940 5.91263
129.4100 4.25504
133.4210 4.25504
133.5130 4.25502
137.4090 4.25502
137.5110 4.85351
141.0830 4.85351
141.4010 5.28700
144.5410 5.28700
144.6110 5.42362
147.8470 5.42362
147.9080 5.92017
150.4960 5.92017
150.6070 6.34604
153.2600 6.34604
153.3060 6.34227
155.0720 6.34227
