0.0560 0.81534
1.7980 0.81534
1.9550 0.82015
3.4370 0.82015
3.5530 0.89195
4.7780 0.89195
4.8520 0.91508
6.1790 0.91508
6.2430 0.90817
7.6490 0.90817
7.7530 1.25846
8.5370 1.25846
8.6380 1.15086
14.7850 1.15086
14.9330 1.41989
20.7680 1.41989
20.8450 1.10880
26.8540 1.10880
26.9550 0.87176
35.1450 0.87176
35.2570 0.84332
36.5710 0.84332
36.8410 0.83555
38.3010 0.83555
38.4710 1.56587
39.2730 1.56587
39.3490 2.15071
40.9270 2.15071
41.0420 1.73128
42.5630 1.73128
42.6240 1.59775
47.1380 1.59775
47.2140 2.36306
50.4100 2.36306
50.5200 1.91733
54.1290 1.91733
54.2210 1.86839
58.3510 1.86839
58.4230 2.12447
61.8200 2.12447
61.9190 2.25864
65.0030 2.25864
65.1120 4.22579
66.8780 4.22579
66.9120 3.06555
69.3790 3.06555
69.6070 2.34933
72.5140 2.34933
72.6230 3.51651
74.6180 3.51651
74.7140 4.58520
78.3010 4.58520
78.4110 3.73638
83.4200 3.73638
83.5120 3.15839
88.3900 3.15839
88.5190 2.70945
94.6740 2.70945
94.7170 3.08416
100.1990 3.08416
100.3170 2.45748
107.0350 2.45748
107.1220 2.63176
113.4980 2.63176
113.6190 2.75294
119.8370 2.75294
119.9220 2.62529
123.0030 2.62529
123.1170 3.36385
125.5000 3.36385
125.6100 3.72076
127.5920 3.72076
127.7100 3.89004
129.1740 3.89004
129.2290 3.50734
132.5680 3.50734
132.6160 3.20347
137.8200 3.20347
137.9140 3.96936
142.1380 3.96936
142.2080 5.52215
145.1910 5.52215
145.3130 5.32510
148.5180 5.32510
148.6150 5.01136
151.9230 5.01136
152.0120 4.58401
155.7940 4.58401
155.9120 4.36528
159.7150 4.36528
159.8100 3.72234
164.5250 3.72234
164.8050 3.36438
169.3590 3.36438
169.4100 5.07415
172.7280 5.07415
172.8180 5.16388
174.9870 5.16388
