1.00000 13.21000
2.00000 16.87000
3.00000 8.69000
4.00000 7.65000
5.00000 6.61000
6.00000 8.17000
7.00000 8.17000
8.00000 13.74000
9.00000 13.21000
10.00000 13.21000
11.00000 13.21000
12.00000 7.65000
13.00000 1.56000
14.00000 13.21000
15.00000 8.69000
16.00000 1.56000
17.00000 7.13000
18.00000 6.09000
19.00000 16.34000
20.00000 25.50000
21.00000 13.74000
22.00000 24.40000
23.00000 34.80000
24.00000 25.50000
25.00000 33.80000
26.00000 34.80000
27.00000 42.00000
28.00000 45.10000
29.00000 52.50000
30.00000 43.00000
31.00000 51.40000
32.00000 49.30000
33.00000 51.40000
34.00000 50.40000
35.00000 48.30000
36.00000 50.40000
37.00000 51.40000
38.00000 49.30000
39.00000 51.40000
40.00000 51.40000
41.00000 45.10000
42.00000 43.40000
43.00000 43.00000
44.00000 56.70000
45.00000 56.70000
46.00000 47.20000
47.00000 55.60000
48.00000 46.20000
49.00000 34.80000
50.00000 57.70000
51.00000 56.70000
52.00000 48.30000
53.00000 49.30000
54.00000 51.40000
55.00000 52.50000
56.00000 51.40000
57.00000 42.00000
58.00000 43.00000
59.00000 49.30000
60.00000 41.90000
61.00000 42.30000
62.00000 36.30000
63.00000 35.80000
64.00000 28.60000
65.00000 24.40000
66.00000 8.69000
67.00000 15.82000
68.00000 25.00000
69.00000 13.74000
70.00000 15.82000
71.00000 17.39000
72.00000 14.78000
73.00000 28.60000
74.00000 17.91000
75.00000 8.17000
76.00000 15.30000
77.00000 32.10000
78.00000 15.82000
79.00000 6.09000
80.00000 0.00000
81.00000 0.52000
82.00000 17.39000
83.00000 27.00000
84.00000 34.20000
85.00000 33.70000
86.00000 35.80000
87.00000 13.74000
88.00000 0.00000
89.00000 1.04000
90.00000 7.65000
91.00000 14.26000
92.00000 6.09000
93.00000 0.52000
94.00000 6.09000
95.00000 8.69000
96.00000 8.17000
97.00000 6.09000
98.00000 13.21000
99.00000 27.60000
100.00000 27.00000
101.00000 13.74000
102.00000 0.00000
103.00000 0.00000
104.00000 0.52000
105.00000 1.56000
106.00000 0.00000
107.00000 0.00000
108.00000 8.17000
109.00000 6.09000
110.00000 1.56000
111.00000 1.04000
112.00000 0.00000
113.00000 6.61000
114.00000 1.56000
115.00000 1.56000
116.00000 7.13000
117.00000 6.09000
118.00000 1.04000
119.00000 1.04000
120.00000 1.56000
121.00000 13.74000
122.00000 14.26000
123.00000 15.82000
124.00000 14.26000
125.00000 15.30000
126.00000 8.69000
127.00000 8.69000
128.00000 13.21000
129.00000 13.74000
130.00000 14.78000
131.00000 15.82000
132.00000 16.87000
133.00000 16.87000
134.00000 17.39000
135.00000 32.60000
136.00000 33.20000
137.00000 25.00000
138.00000 26.50000
139.00000 17.91000
140.00000 7.13000
141.00000 16.87000
142.00000 16.34000
143.00000 17.39000
144.00000 17.91000
145.00000 17.39000
146.00000 14.26000
147.00000 32.10000
148.00000 25.00000
149.00000 17.91000
150.00000 24.40000
151.00000 17.91000
152.00000 17.91000
153.00000 24.40000
154.00000 16.87000
155.00000 25.00000
156.00000 17.91000
157.00000 24.40000
158.00000 26.50000
159.00000 26.50000
160.00000 28.10000
161.00000 14.78000
162.00000 28.10000
163.00000 28.60000
164.00000 44.50000
165.00000 28.10000
166.00000 27.00000
167.00000 27.00000
168.00000 26.50000
169.00000 25.50000
170.00000 26.50000
171.00000 25.00000
172.00000 17.39000
173.00000 17.91000
174.00000 16.87000
175.00000 16.87000
176.00000 16.34000
177.00000 15.30000
178.00000 15.30000
179.00000 13.74000
180.00000 15.30000
181.00000 16.34000
182.00000 7.65000
183.00000 14.26000
184.00000 0.52000
185.00000 0.00000
186.00000 1.04000
187.00000 1.04000
188.00000 0.00000
189.00000 0.00000
190.00000 32.10000
191.00000 15.30000
192.00000 16.87000
193.00000 17.39000
194.00000 25.00000
195.00000 24.40000
196.00000 26.50000
197.00000 27.60000
198.00000 28.10000
199.00000 33.20000
200.00000 34.70000
201.00000 33.20000
202.00000 28.10000
203.00000 25.00000
204.00000 16.34000
205.00000 34.20000
206.00000 28.10000
207.00000 35.30000
208.00000 43.40000
209.00000 35.80000
210.00000 34.20000
211.00000 34.70000
212.00000 15.30000
213.00000 51.20000
214.00000 41.90000
215.00000 32.60000
216.00000 32.10000
217.00000 33.20000
218.00000 33.20000
219.00000 36.30000
220.00000 45.50000
221.00000 43.40000
222.00000 43.90000
223.00000 34.70000
224.00000 32.60000
225.00000 13.21000
226.00000 33.70000
227.00000 48.60000
228.00000 61.20000
229.00000 56.50000
230.00000 56.50000
231.00000 62.20000
232.00000 55.90000
233.00000 60.20000
234.00000 65.30000
235.00000 66.10000
236.00000 66.10000
237.00000 65.80000
238.00000 43.40000
239.00000 47.60000
240.00000 41.40000
241.00000 89.20000
242.00000 69.20000
243.00000 89.20000
244.00000 90.20000
245.00000 90.20000
246.00000 63.00000
247.00000 57.70000
248.00000 68.20000
249.00000 90.20000
250.00000 89.20000
251.00000 66.10000
252.00000 89.20000
253.00000 67.10000
254.00000 89.20000
255.00000 66.10000
256.00000 89.20000
257.00000 67.10000
258.00000 89.20000
259.00000 89.20000
260.00000 66.10000
261.00000 91.30000
262.00000 61.90000
263.00000 66.10000
264.00000 89.20000
265.00000 66.10000
266.00000 66.10000
267.00000 67.10000
268.00000 66.10000
269.00000 89.20000
270.00000 66.10000
271.00000 66.10000
272.00000 89.20000
273.00000 65.00000
274.00000 64.30000
275.00000 62.90000
276.00000 88.10000
277.00000 67.10000
278.00000 56.70000
279.00000 58.00000
280.00000 54.90000
281.00000 59.10000
282.00000 60.10000
283.00000 59.10000
284.00000 57.50000
285.00000 57.10000
286.00000 64.70000
287.00000 56.00000
288.00000 51.80000
289.00000 65.70000
290.00000 51.80000
291.00000 58.00000
292.00000 61.70000
293.00000 62.90000
294.00000 66.10000
295.00000 56.50000
296.00000 59.10000
297.00000 36.30000
298.00000 41.30000
299.00000 51.20000
