1.00000 28.10000
2.00000 24.50000
3.00000 34.20000
4.00000 28.10000
5.00000 48.30000
6.00000 34.80000
7.00000 34.40000
8.00000 17.39000
9.00000 47.20000
10.00000 35.10000
11.00000 28.60000
12.00000 34.80000
13.00000 34.10000
14.00000 16.87000
15.00000 13.21000
16.00000 0.52000
17.00000 16.34000
18.00000 7.13000
19.00000 13.74000
20.00000 8.69000
21.00000 1.04000
22.00000 1.04000
23.00000 6.09000
24.00000 6.61000
25.00000 8.17000
26.00000 6.61000
27.00000 27.60000
28.00000 34.30000
29.00000 33.60000
30.00000 24.40000
31.00000 16.87000
32.00000 27.00000
33.00000 16.34000
34.00000 7.65000
35.00000 6.61000
36.00000 1.56000
37.00000 0.52000
38.00000 0.52000
39.00000 0.00000
40.00000 1.56000
41.00000 0.52000
42.00000 0.00000
43.00000 0.52000
44.00000 0.00000
45.00000 0.52000
46.00000 0.52000
47.00000 0.00000
48.00000 0.52000
49.00000 0.00000
50.00000 1.04000
51.00000 0.00000
52.00000 0.00000
53.00000 1.04000
54.00000 0.52000
55.00000 0.52000
56.00000 0.00000
57.00000 0.00000
58.00000 0.52000
59.00000 0.00000
60.00000 0.52000
61.00000 0.00000
62.00000 0.00000
63.00000 0.52000
64.00000 0.00000
65.00000 0.00000
66.00000 0.52000
67.00000 0.00000
68.00000 1.04000
69.00000 0.00000
70.00000 0.52000
71.00000 0.00000
72.00000 0.00000
73.00000 0.00000
74.00000 0.00000
75.00000 0.00000
76.00000 0.52000
77.00000 0.00000
78.00000 0.00000
79.00000 0.00000
80.00000 0.00000
81.00000 0.52000
82.00000 0.00000
83.00000 0.00000
84.00000 0.00000
85.00000 0.00000
86.00000 0.52000
87.00000 0.00000
88.00000 0.52000
89.00000 0.00000
90.00000 0.52000
91.00000 0.00000
92.00000 0.52000
93.00000 0.52000
94.00000 0.52000
95.00000 1.04000
96.00000 6.61000
97.00000 8.17000
98.00000 8.17000
99.00000 14.26000
100.00000 14.26000
101.00000 14.26000
102.00000 15.82000
103.00000 14.78000
104.00000 7.13000
105.00000 8.17000
106.00000 1.56000
107.00000 0.00000
108.00000 0.00000
109.00000 0.52000
110.00000 6.61000
111.00000 0.52000
112.00000 6.61000
113.00000 1.56000
114.00000 1.56000
115.00000 1.04000
116.00000 1.04000
117.00000 0.52000
118.00000 0.52000
119.00000 0.52000
120.00000 0.52000
121.00000 0.00000
122.00000 0.00000
123.00000 1.04000
124.00000 0.00000
125.00000 0.52000
126.00000 0.00000
127.00000 0.52000
128.00000 0.00000
129.00000 0.52000
130.00000 0.00000
131.00000 0.00000
132.00000 0.52000
133.00000 0.00000
134.00000 0.00000
135.00000 0.52000
136.00000 0.52000
137.00000 0.00000
138.00000 0.52000
139.00000 1.04000
140.00000 1.04000
141.00000 1.56000
142.00000 1.04000
143.00000 0.52000
144.00000 0.00000
145.00000 0.52000
146.00000 0.52000
147.00000 0.52000
148.00000 0.00000
149.00000 0.00000
150.00000 0.00000
151.00000 0.00000
152.00000 0.00000
153.00000 0.00000
154.00000 0.00000
155.00000 0.00000
156.00000 0.52000
157.00000 0.52000
158.00000 0.52000
159.00000 0.52000
160.00000 0.52000
161.00000 1.04000
162.00000 1.04000
163.00000 1.04000
164.00000 0.52000
165.00000 1.04000
166.00000 1.04000
167.00000 1.04000
168.00000 0.52000
169.00000 0.52000
170.00000 1.04000
171.00000 0.52000
172.00000 0.00000
173.00000 0.52000
174.00000 0.52000
175.00000 0.00000
176.00000 0.00000
177.00000 0.00000
178.00000 0.00000
179.00000 0.52000
180.00000 0.00000
181.00000 0.00000
182.00000 0.00000
183.00000 0.00000
184.00000 0.52000
185.00000 1.04000
186.00000 1.04000
187.00000 0.52000
188.00000 0.00000
189.00000 0.52000
190.00000 0.00000
191.00000 0.52000
192.00000 0.00000
193.00000 0.00000
194.00000 0.52000
195.00000 1.04000
196.00000 0.00000
197.00000 0.52000
198.00000 0.00000
199.00000 0.52000
200.00000 1.56000
201.00000 0.00000
202.00000 0.52000
203.00000 0.52000
204.00000 0.52000
205.00000 0.00000
206.00000 1.04000
207.00000 0.52000
208.00000 0.52000
209.00000 1.04000
210.00000 1.04000
211.00000 1.56000
212.00000 6.09000
213.00000 7.13000
214.00000 0.52000
215.00000 6.61000
216.00000 1.04000
217.00000 6.09000
218.00000 0.52000
219.00000 1.56000
220.00000 0.52000
221.00000 0.52000
222.00000 1.04000
223.00000 0.52000
224.00000 0.00000
225.00000 0.00000
226.00000 0.52000
227.00000 0.52000
228.00000 0.00000
229.00000 0.52000
230.00000 0.52000
231.00000 1.04000
232.00000 1.56000
233.00000 7.13000
234.00000 8.69000
235.00000 13.74000
236.00000 7.65000
237.00000 13.74000
238.00000 8.17000
239.00000 14.78000
240.00000 35.30000
241.00000 47.60000
242.00000 36.30000
243.00000 32.10000
244.00000 0.52000
245.00000 1.56000
246.00000 14.78000
247.00000 7.13000
248.00000 6.61000
249.00000 13.74000
250.00000 26.50000
251.00000 26.00000
252.00000 25.50000
253.00000 15.82000
254.00000 15.82000
255.00000 17.39000
256.00000 8.69000
257.00000 8.17000
258.00000 27.00000
259.00000 15.82000
260.00000 7.65000
261.00000 1.04000
262.00000 0.00000
263.00000 33.70000
264.00000 1.04000
265.00000 13.74000
266.00000 6.61000
267.00000 6.61000
268.00000 13.21000
269.00000 7.65000
270.00000 7.13000
271.00000 8.17000
272.00000 8.69000
273.00000 16.34000
274.00000 6.09000
275.00000 0.52000
276.00000 1.04000
277.00000 0.52000
278.00000 1.04000
279.00000 1.04000
280.00000 0.00000
281.00000 0.00000
282.00000 1.56000
283.00000 0.52000
284.00000 1.56000
285.00000 6.09000
286.00000 6.09000
287.00000 6.09000
288.00000 7.13000
289.00000 6.09000
290.00000 0.00000
291.00000 0.52000
292.00000 8.69000
293.00000 14.26000
294.00000 14.78000
295.00000 15.30000
296.00000 36.20000
297.00000 17.91000
298.00000 13.21000
299.00000 15.82000
