1.00000 33.80000
2.00000 33.80000
3.00000 56.70000
4.00000 52.50000
5.00000 51.40000
6.00000 56.30000
7.00000 66.10000
8.00000 56.70000
9.00000 60.10000
10.00000 62.70000
11.00000 60.10000
12.00000 61.70000
13.00000 55.40000
14.00000 58.00000
15.00000 57.00000
16.00000 60.60000
17.00000 63.20000
18.00000 60.10000
19.00000 57.50000
20.00000 60.60000
21.00000 64.80000
22.00000 55.40000
23.00000 54.90000
24.00000 34.20000
25.00000 54.40000
26.00000 64.80000
27.00000 64.30000
28.00000 63.20000
29.00000 64.30000
30.00000 62.70000
31.00000 62.70000
32.00000 56.50000
33.00000 59.60000
34.00000 59.60000
35.00000 64.30000
36.00000 63.20000
37.00000 60.60000
38.00000 59.10000
39.00000 61.70000
40.00000 62.20000
41.00000 54.40000
42.00000 55.90000
43.00000 58.00000
44.00000 36.80000
45.00000 57.00000
46.00000 60.60000
47.00000 61.70000
48.00000 57.00000
49.00000 61.20000
50.00000 61.20000
51.00000 53.90000
52.00000 49.20000
53.00000 57.50000
54.00000 61.70000
55.00000 60.10000
56.00000 60.60000
57.00000 62.20000
58.00000 61.70000
59.00000 62.20000
60.00000 60.60000
61.00000 59.10000
62.00000 61.70000
63.00000 63.20000
64.00000 60.10000
65.00000 51.80000
66.00000 41.30000
67.00000 72.60000
68.00000 57.00000
69.00000 52.80000
70.00000 28.10000
71.00000 47.60000
72.00000 48.60000
73.00000 45.50000
74.00000 49.70000
75.00000 50.70000
76.00000 55.90000
77.00000 56.50000
78.00000 57.00000
79.00000 49.70000
80.00000 50.20000
81.00000 52.80000
82.00000 53.90000
83.00000 53.90000
84.00000 53.30000
85.00000 50.70000
86.00000 51.80000
87.00000 44.50000
88.00000 45.00000
89.00000 44.50000
90.00000 45.50000
91.00000 28.60000
92.00000 44.50000
93.00000 47.10000
94.00000 53.90000
95.00000 55.90000
96.00000 52.30000
97.00000 52.30000
98.00000 53.30000
99.00000 48.10000
100.00000 49.70000
101.00000 48.60000
102.00000 54.90000
103.00000 26.00000
104.00000 36.80000
105.00000 27.00000
106.00000 27.00000
107.00000 27.00000
108.00000 8.17000
109.00000 0.00000
110.00000 14.26000
111.00000 17.39000
112.00000 34.20000
113.00000 41.90000
114.00000 16.34000
115.00000 8.17000
116.00000 46.00000
117.00000 36.30000
118.00000 28.60000
119.00000 1.04000
120.00000 0.52000
121.00000 0.00000
122.00000 0.00000
123.00000 16.34000
124.00000 26.00000
125.00000 41.30000
126.00000 47.10000
127.00000 45.00000
128.00000 50.20000
129.00000 51.20000
130.00000 47.60000
131.00000 48.10000
132.00000 32.10000
133.00000 44.50000
134.00000 43.90000
135.00000 43.90000
136.00000 44.50000
137.00000 33.20000
138.00000 36.30000
139.00000 34.70000
140.00000 36.80000
141.00000 48.10000
142.00000 35.80000
143.00000 34.70000
144.00000 34.20000
145.00000 17.91000
146.00000 7.65000
147.00000 0.52000
148.00000 0.52000
149.00000 1.04000
150.00000 6.09000
151.00000 36.30000
152.00000 26.00000
153.00000 28.60000
154.00000 0.52000
155.00000 0.52000
156.00000 7.13000
157.00000 6.61000
158.00000 8.69000
159.00000 15.30000
160.00000 24.40000
161.00000 14.78000
162.00000 14.26000
163.00000 7.13000
164.00000 0.00000
165.00000 0.00000
166.00000 0.52000
167.00000 15.82000
168.00000 24.40000
169.00000 6.61000
170.00000 14.78000
171.00000 17.91000
172.00000 16.87000
173.00000 32.10000
174.00000 17.39000
175.00000 24.40000
176.00000 28.60000
177.00000 25.00000
178.00000 16.34000
179.00000 15.30000
180.00000 13.74000
181.00000 13.74000
182.00000 17.39000
183.00000 16.34000
184.00000 8.69000
185.00000 17.39000
186.00000 7.65000
187.00000 33.20000
188.00000 27.60000
189.00000 28.60000
190.00000 34.70000
191.00000 35.80000
192.00000 43.90000
193.00000 27.60000
194.00000 0.52000
195.00000 7.65000
196.00000 14.26000
197.00000 7.13000
198.00000 6.09000
199.00000 1.04000
200.00000 7.65000
201.00000 1.56000
202.00000 0.00000
203.00000 0.00000
204.00000 0.00000
205.00000 1.56000
206.00000 7.13000
207.00000 8.17000
208.00000 1.56000
209.00000 1.56000
210.00000 0.00000
211.00000 0.00000
212.00000 1.04000
213.00000 1.04000
214.00000 6.61000
215.00000 15.82000
216.00000 16.87000
217.00000 17.91000
218.00000 17.91000
219.00000 25.00000
220.00000 27.00000
221.00000 32.60000
222.00000 43.40000
223.00000 49.20000
224.00000 57.00000
225.00000 65.00000
226.00000 66.10000
227.00000 114.30000
228.00000 90.20000
229.00000 66.10000
230.00000 90.20000
231.00000 91.30000
232.00000 102.10000
233.00000 68.20000
234.00000 89.20000
235.00000 68.20000
236.00000 88.10000
237.00000 67.10000
238.00000 91.30000
239.00000 64.50000
240.00000 62.70000
241.00000 90.20000
242.00000 88.10000
243.00000 113.30000
244.00000 112.20000
245.00000 113.30000
246.00000 93.40000
247.00000 112.20000
248.00000 90.20000
249.00000 66.10000
250.00000 112.20000
251.00000 67.10000
252.00000 88.10000
253.00000 67.10000
254.00000 91.30000
255.00000 66.10000
256.00000 73.40000
257.00000 82.90000
258.00000 65.80000
259.00000 61.20000
260.00000 63.20000
261.00000 59.60000
262.00000 52.80000
263.00000 28.10000
264.00000 42.90000
265.00000 44.50000
266.00000 67.10000
267.00000 66.60000
268.00000 63.90000
269.00000 91.30000
270.00000 78.70000
271.00000 86.40000
272.00000 66.10000
273.00000 66.80000
274.00000 91.30000
275.00000 66.10000
276.00000 89.20000
277.00000 67.10000
278.00000 65.00000
279.00000 92.30000
280.00000 62.30000
281.00000 56.50000
282.00000 66.40000
283.00000 64.90000
284.00000 73.70000
285.00000 67.10000
286.00000 65.00000
287.00000 90.20000
288.00000 67.10000
289.00000 66.10000
290.00000 62.30000
291.00000 50.20000
292.00000 26.50000
293.00000 47.10000
294.00000 0.00000
295.00000 0.52000
296.00000 0.00000
297.00000 0.00000
298.00000 0.52000
299.00000 8.17000
300.00000 6.61000
301.00000 1.56000
