1.00000 34.80000
2.00000 44.10000
3.00000 34.80000
4.00000 54.60000
5.00000 42.20000
6.00000 59.80000
7.00000 50.50000
8.00000 51.80000
9.00000 50.20000
10.00000 47.60000
11.00000 26.00000
12.00000 43.90000
13.00000 41.90000
14.00000 41.90000
15.00000 44.50000
16.00000 43.90000
17.00000 44.50000
18.00000 47.60000
19.00000 46.00000
20.00000 47.60000
21.00000 47.10000
22.00000 48.10000
23.00000 47.10000
24.00000 43.40000
25.00000 34.20000
26.00000 33.70000
27.00000 45.00000
28.00000 54.90000
29.00000 47.10000
30.00000 48.60000
31.00000 51.80000
32.00000 32.60000
33.00000 52.80000
34.00000 50.70000
35.00000 46.00000
36.00000 47.10000
37.00000 46.00000
38.00000 45.00000
39.00000 51.20000
40.00000 49.20000
41.00000 52.30000
42.00000 51.20000
43.00000 47.10000
44.00000 51.20000
45.00000 49.20000
46.00000 42.40000
47.00000 41.30000
48.00000 32.10000
49.00000 34.20000
50.00000 48.60000
51.00000 49.20000
52.00000 48.60000
53.00000 35.30000
54.00000 42.30000
55.00000 48.10000
56.00000 43.40000
57.00000 50.70000
58.00000 34.70000
59.00000 41.30000
60.00000 36.80000
61.00000 41.90000
62.00000 49.70000
63.00000 49.70000
64.00000 48.10000
65.00000 47.60000
66.00000 53.90000
67.00000 42.40000
68.00000 53.90000
69.00000 42.40000
70.00000 36.30000
71.00000 42.40000
72.00000 32.60000
73.00000 50.20000
74.00000 46.00000
75.00000 17.39000
76.00000 51.20000
77.00000 47.60000
78.00000 50.20000
79.00000 52.80000
80.00000 46.00000
81.00000 48.60000
82.00000 47.10000
83.00000 41.90000
84.00000 47.10000
85.00000 44.50000
86.00000 45.50000
87.00000 43.90000
88.00000 50.20000
89.00000 43.40000
90.00000 45.00000
91.00000 32.10000
92.00000 34.70000
93.00000 36.80000
94.00000 26.00000
95.00000 8.17000
96.00000 0.00000
97.00000 61.70000
98.00000 53.90000
99.00000 34.20000
100.00000 34.70000
101.00000 24.40000
102.00000 41.30000
103.00000 36.80000
104.00000 33.70000
105.00000 13.21000
106.00000 34.20000
107.00000 24.40000
108.00000 25.50000
109.00000 17.39000
110.00000 0.52000
111.00000 27.60000
112.00000 14.26000
113.00000 7.65000
114.00000 14.78000
115.00000 17.39000
116.00000 25.50000
117.00000 25.00000
118.00000 16.34000
119.00000 34.20000
120.00000 41.30000
121.00000 41.30000
122.00000 34.20000
123.00000 34.70000
124.00000 27.60000
125.00000 27.60000
126.00000 16.87000
127.00000 16.34000
128.00000 27.60000
129.00000 28.60000
130.00000 17.39000
131.00000 13.74000
132.00000 15.82000
133.00000 14.78000
134.00000 27.60000
135.00000 34.70000
136.00000 26.00000
137.00000 1.56000
138.00000 7.65000
139.00000 6.09000
140.00000 25.00000
141.00000 0.52000
142.00000 0.00000
143.00000 0.00000
144.00000 7.65000
145.00000 6.61000
146.00000 8.17000
147.00000 7.13000
148.00000 1.56000
149.00000 7.13000
150.00000 0.52000
151.00000 1.56000
152.00000 0.00000
153.00000 0.00000
154.00000 1.56000
155.00000 0.00000
156.00000 0.00000
157.00000 0.00000
158.00000 0.00000
159.00000 0.00000
160.00000 0.00000
161.00000 0.00000
162.00000 0.00000
163.00000 0.00000
164.00000 0.00000
165.00000 0.00000
166.00000 0.00000
167.00000 0.00000
168.00000 0.00000
169.00000 1.56000
170.00000 7.65000
171.00000 8.69000
172.00000 6.61000
173.00000 13.74000
174.00000 15.82000
175.00000 16.87000
176.00000 17.91000
177.00000 25.50000
178.00000 28.60000
179.00000 32.60000
180.00000 34.20000
181.00000 44.50000
182.00000 42.90000
183.00000 36.80000
184.00000 42.90000
185.00000 45.50000
186.00000 41.90000
187.00000 43.90000
188.00000 36.30000
189.00000 43.40000
190.00000 42.40000
191.00000 17.91000
192.00000 17.91000
193.00000 42.40000
194.00000 27.00000
195.00000 45.50000
196.00000 45.00000
197.00000 46.00000
198.00000 47.10000
199.00000 43.90000
200.00000 45.50000
201.00000 48.10000
202.00000 48.60000
203.00000 45.00000
204.00000 54.90000
205.00000 43.90000
206.00000 33.20000
207.00000 1.56000
208.00000 15.82000
209.00000 15.30000
210.00000 15.30000
211.00000 13.74000
212.00000 14.78000
213.00000 6.09000
214.00000 17.39000
215.00000 7.13000
216.00000 0.52000
217.00000 7.65000
218.00000 17.91000
219.00000 13.74000
220.00000 14.26000
221.00000 1.56000
222.00000 0.52000
223.00000 1.04000
224.00000 7.13000
225.00000 26.50000
226.00000 8.69000
227.00000 14.26000
228.00000 15.30000
229.00000 8.17000
230.00000 14.78000
231.00000 13.21000
232.00000 7.13000
233.00000 7.65000
234.00000 8.17000
235.00000 15.30000
236.00000 6.61000
237.00000 13.74000
238.00000 14.26000
239.00000 14.78000
240.00000 13.74000
241.00000 14.78000
242.00000 7.65000
243.00000 1.04000
244.00000 8.69000
245.00000 8.69000
246.00000 8.69000
247.00000 8.17000
248.00000 17.39000
249.00000 7.65000
250.00000 17.91000
251.00000 15.82000
252.00000 14.78000
253.00000 14.78000
254.00000 17.91000
255.00000 26.00000
256.00000 17.39000
257.00000 27.00000
258.00000 15.30000
259.00000 36.30000
260.00000 43.40000
261.00000 34.70000
262.00000 36.80000
263.00000 41.30000
264.00000 26.50000
265.00000 27.60000
266.00000 43.40000
267.00000 43.90000
268.00000 27.00000
269.00000 33.20000
270.00000 1.56000
271.00000 32.10000
272.00000 8.17000
273.00000 8.18000
274.00000 63.20000
275.00000 46.00000
276.00000 41.90000
277.00000 45.00000
278.00000 7.65000
279.00000 15.82000
280.00000 1.56000
281.00000 26.00000
282.00000 24.40000
283.00000 43.40000
284.00000 51.20000
285.00000 32.10000
286.00000 42.90000
287.00000 24.40000
288.00000 15.82000
289.00000 1.56000
290.00000 1.04000
291.00000 1.56000
292.00000 0.00000
293.00000 0.52000
294.00000 0.00000
295.00000 0.00000
296.00000 0.00000
297.00000 0.00000
298.00000 0.00000
299.00000 0.00000
