1.00000 0.72000
2.00000 6.09000
3.00000 7.13000
4.00000 13.21000
5.00000 8.69000
6.00000 13.21000
7.00000 14.26000
8.00000 8.69000
9.00000 8.69000
10.00000 16.34000
11.00000 15.30000
12.00000 14.78000
13.00000 14.26000
14.00000 14.26000
15.00000 14.26000
16.00000 8.17000
17.00000 7.65000
18.00000 6.61000
19.00000 6.61000
20.00000 13.74000
21.00000 1.04000
22.00000 6.61000
23.00000 13.21000
24.00000 13.21000
25.00000 7.13000
26.00000 8.69000
27.00000 13.21000
28.00000 8.17000
29.00000 7.65000
30.00000 7.65000
31.00000 6.09000
32.00000 17.91000
33.00000 8.69000
34.00000 7.13000
35.00000 0.52000
36.00000 8.17000
37.00000 1.56000
38.00000 1.04000
39.00000 6.09000
40.00000 0.52000
41.00000 1.56000
42.00000 0.52000
43.00000 7.13000
44.00000 7.65000
45.00000 8.17000
46.00000 14.26000
47.00000 14.26000
48.00000 8.69000
49.00000 8.17000
50.00000 8.17000
51.00000 8.17000
52.00000 6.61000
53.00000 8.17000
54.00000 7.13000
55.00000 13.21000
56.00000 1.04000
57.00000 8.17000
58.00000 7.65000
59.00000 7.65000
60.00000 8.17000
61.00000 7.13000
62.00000 7.65000
63.00000 6.61000
64.00000 6.09000
65.00000 6.61000
66.00000 7.65000
67.00000 7.65000
68.00000 15.30000
69.00000 8.69000
70.00000 13.21000
71.00000 25.50000
72.00000 16.34000
73.00000 13.74000
74.00000 13.21000
75.00000 8.17000
76.00000 1.04000
77.00000 15.82000
78.00000 14.26000
79.00000 8.69000
80.00000 8.17000
81.00000 8.69000
82.00000 13.23000
83.00000 26.00000
84.00000 26.00000
85.00000 24.40000
86.00000 13.74000
87.00000 26.00000
88.00000 26.50000
89.00000 36.30000
90.00000 26.60000
91.00000 26.40000
92.00000 17.91000
93.00000 24.40000
94.00000 17.91000
95.00000 15.30000
96.00000 8.17000
97.00000 15.82000
98.00000 14.26000
99.00000 15.82000
100.00000 15.30000
101.00000 25.00000
102.00000 16.87000
103.00000 15.30000
104.00000 14.26000
105.00000 13.21000
106.00000 1.04000
107.00000 14.26000
108.00000 14.26000
109.00000 14.78000
110.00000 16.34000
111.00000 17.39000
112.00000 16.34000
113.00000 8.17000
114.00000 16.34000
115.00000 15.82000
116.00000 15.82000
117.00000 16.34000
118.00000 25.50000
119.00000 26.00000
120.00000 25.50000
121.00000 26.50000
122.00000 16.87000
123.00000 25.00000
124.00000 27.50000
125.00000 32.10000
126.00000 33.20000
127.00000 34.70000
128.00000 36.30000
129.00000 36.80000
130.00000 33.70000
131.00000 27.60000
132.00000 25.00000
133.00000 25.50000
134.00000 14.78000
135.00000 17.39000
136.00000 26.00000
137.00000 27.60000
138.00000 28.10000
139.00000 24.40000
140.00000 15.82000
141.00000 13.74000
142.00000 26.00000
143.00000 26.50000
144.00000 17.91000
145.00000 26.00000
146.00000 27.60000
147.00000 27.60000
148.00000 27.00000
149.00000 28.10000
150.00000 6.09000
151.00000 43.40000
152.00000 32.60000
153.00000 33.20000
154.00000 36.80000
155.00000 34.20000
156.00000 24.40000
157.00000 28.10000
158.00000 17.39000
159.00000 27.00000
160.00000 25.50000
161.00000 41.90000
162.00000 36.80000
163.00000 35.80000
164.00000 42.90000
165.00000 41.90000
166.00000 41.90000
167.00000 35.80000
168.00000 36.30000
169.00000 36.80000
170.00000 43.90000
171.00000 35.80000
172.00000 34.20000
173.00000 42.90000
174.00000 28.10000
175.00000 34.70000
176.00000 35.30000
177.00000 16.34000
178.00000 65.30000
179.00000 33.20000
180.00000 25.00000
181.00000 41.90000
182.00000 34.20000
183.00000 33.70000
184.00000 32.60000
185.00000 26.00000
186.00000 26.50000
187.00000 28.10000
188.00000 28.60000
189.00000 27.60000
190.00000 27.00000
191.00000 32.60000
192.00000 32.60000
193.00000 28.60000
194.00000 32.10000
195.00000 28.60000
196.00000 17.39000
197.00000 24.40000
198.00000 25.50000
199.00000 16.87000
200.00000 27.60000
201.00000 14.26000
202.00000 27.60000
203.00000 25.50000
204.00000 16.87000
205.00000 15.30000
206.00000 24.40000
207.00000 25.50000
208.00000 26.00000
209.00000 25.50000
210.00000 25.00000
211.00000 27.60000
212.00000 25.00000
213.00000 16.87000
214.00000 15.82000
215.00000 26.00000
216.00000 28.60000
217.00000 15.82000
218.00000 17.91000
219.00000 26.00000
220.00000 25.50000
221.00000 16.34000
222.00000 7.65000
223.00000 8.69000
224.00000 14.78000
225.00000 6.09000
226.00000 28.60000
227.00000 17.91000
228.00000 16.87000
229.00000 15.30000
230.00000 16.87000
231.00000 25.00000
232.00000 7.13000
233.00000 27.00000
234.00000 16.34000
235.00000 45.50000
236.00000 43.90000
237.00000 34.20000
238.00000 42.40000
239.00000 42.90000
240.00000 62.70000
241.00000 65.40000
242.00000 64.70000
243.00000 62.20000
244.00000 63.20000
245.00000 35.30000
246.00000 57.50000
247.00000 60.60000
248.00000 59.60000
249.00000 59.60000
250.00000 59.60000
251.00000 60.10000
252.00000 59.10000
253.00000 57.50000
254.00000 59.10000
255.00000 61.70000
256.00000 62.20000
257.00000 60.10000
258.00000 58.00000
259.00000 60.10000
260.00000 42.40000
261.00000 42.40000
262.00000 36.80000
263.00000 33.70000
264.00000 26.00000
265.00000 28.60000
266.00000 16.34000
267.00000 46.60000
268.00000 49.20000
269.00000 33.20000
270.00000 51.80000
271.00000 41.90000
272.00000 41.90000
273.00000 47.10000
274.00000 43.40000
275.00000 44.50000
276.00000 46.00000
277.00000 45.50000
278.00000 47.10000
279.00000 36.30000
280.00000 44.50000
281.00000 44.50000
282.00000 44.50000
283.00000 45.50000
284.00000 46.60000
285.00000 43.90000
286.00000 43.40000
287.00000 34.80000
288.00000 25.40000
289.00000 43.40000
290.00000 32.10000
291.00000 45.50000
292.00000 47.10000
293.00000 47.10000
294.00000 45.50000
295.00000 48.10000
296.00000 46.60000
297.00000 43.90000
298.00000 47.60000
299.00000 51.80000
