1.00000 15.30000
2.00000 34.80000
3.00000 24.90000
4.00000 25.50000
5.00000 41.30000
6.00000 33.70000
7.00000 34.70000
8.00000 35.30000
9.00000 15.82000
10.00000 6.10000
11.00000 71.30000
12.00000 74.50000
13.00000 72.40000
14.00000 56.70000
15.00000 49.70000
16.00000 42.00000
17.00000 81.80000
18.00000 60.80000
19.00000 60.80000
20.00000 80.80000
21.00000 60.80000
22.00000 59.90000
23.00000 61.90000
24.00000 64.00000
25.00000 62.20000
26.00000 55.60000
27.00000 81.80000
28.00000 61.90000
29.00000 80.80000
30.00000 60.80000
31.00000 82.90000
32.00000 61.90000
33.00000 61.90000
34.00000 59.70000
35.00000 81.80000
36.00000 59.20000
37.00000 60.60000
38.00000 56.70000
39.00000 60.80000
40.00000 60.70000
41.00000 60.80000
42.00000 60.90000
43.00000 61.90000
44.00000 56.80000
45.00000 57.90000
46.00000 46.00000
47.00000 15.30000
48.00000 61.20000
49.00000 49.70000
50.00000 49.70000
51.00000 42.40000
52.00000 44.50000
53.00000 50.20000
54.00000 54.40000
55.00000 60.60000
56.00000 57.00000
57.00000 54.40000
58.00000 49.20000
59.00000 47.60000
60.00000 43.90000
61.00000 45.00000
62.00000 42.90000
63.00000 33.20000
64.00000 46.00000
65.00000 49.70000
66.00000 50.70000
67.00000 43.40000
68.00000 45.00000
69.00000 42.40000
70.00000 36.30000
71.00000 36.30000
72.00000 32.60000
73.00000 0.52000
74.00000 8.17000
75.00000 26.50000
76.00000 24.40000
77.00000 1.04000
78.00000 28.60000
79.00000 36.80000
80.00000 35.80000
81.00000 24.40000
82.00000 6.61000
83.00000 13.21000
84.00000 0.00000
85.00000 41.90000
86.00000 8.69000
87.00000 34.70000
88.00000 26.00000
89.00000 28.60000
90.00000 49.20000
91.00000 42.40000
92.00000 43.40000
93.00000 34.70000
94.00000 17.91000
95.00000 0.52000
96.00000 14.26000
97.00000 7.65000
98.00000 6.61000
99.00000 1.04000
100.00000 16.87000
101.00000 27.60000
102.00000 33.70000
103.00000 28.10000
104.00000 24.40000
105.00000 14.78000
106.00000 7.13000
107.00000 32.60000
108.00000 25.00000
109.00000 36.30000
110.00000 33.70000
111.00000 33.70000
112.00000 33.20000
113.00000 28.10000
114.00000 25.50000
115.00000 33.70000
116.00000 42.40000
117.00000 41.30000
118.00000 25.00000
119.00000 15.82000
120.00000 28.10000
121.00000 26.00000
122.00000 32.10000
123.00000 25.00000
124.00000 28.10000
125.00000 32.10000
126.00000 25.50000
127.00000 13.21000
128.00000 32.60000
129.00000 32.10000
130.00000 33.20000
131.00000 7.13000
132.00000 33.70000
133.00000 28.10000
134.00000 8.17000
135.00000 33.70000
136.00000 24.40000
137.00000 27.60000
138.00000 49.20000
139.00000 52.80000
140.00000 52.30000
141.00000 36.30000
142.00000 41.30000
143.00000 17.39000
144.00000 25.00000
145.00000 42.90000
146.00000 35.80000
147.00000 35.30000
148.00000 17.39000
149.00000 17.91000
150.00000 51.80000
151.00000 49.70000
152.00000 26.00000
153.00000 15.82000
154.00000 15.30000
155.00000 14.78000
156.00000 0.00000
157.00000 0.00000
158.00000 0.00000
159.00000 13.21000
160.00000 24.40000
161.00000 17.91000
162.00000 32.10000
163.00000 25.50000
164.00000 25.00000
165.00000 17.39000
166.00000 13.74000
167.00000 24.40000
168.00000 17.39000
169.00000 25.50000
170.00000 16.34000
171.00000 26.00000
172.00000 35.30000
173.00000 25.50000
174.00000 0.00000
175.00000 0.00000
176.00000 0.00000
177.00000 0.00000
178.00000 24.40000
179.00000 17.39000
180.00000 15.82000
181.00000 36.80000
182.00000 28.10000
183.00000 6.09000
184.00000 36.80000
185.00000 14.26000
186.00000 47.60000
187.00000 33.20000
188.00000 47.60000
189.00000 41.90000
190.00000 41.30000
191.00000 34.70000
192.00000 14.78000
193.00000 43.90000
194.00000 32.60000
195.00000 33.70000
196.00000 7.13000
197.00000 35.80000
198.00000 17.39000
199.00000 16.34000
200.00000 25.00000
201.00000 26.00000
202.00000 26.50000
203.00000 26.00000
204.00000 33.70000
205.00000 35.30000
206.00000 36.30000
207.00000 25.00000
208.00000 44.50000
209.00000 44.50000
210.00000 35.30000
211.00000 48.10000
212.00000 43.40000
213.00000 32.60000
214.00000 28.10000
215.00000 26.50000
216.00000 26.50000
217.00000 1.56000
218.00000 24.40000
219.00000 15.82000
220.00000 16.87000
221.00000 14.78000
222.00000 28.60000
223.00000 34.70000
224.00000 41.30000
225.00000 36.30000
226.00000 41.30000
227.00000 16.34000
228.00000 32.10000
229.00000 34.20000
230.00000 32.10000
231.00000 24.40000
232.00000 24.40000
233.00000 25.00000
234.00000 1.04000
235.00000 14.78000
236.00000 0.52000
237.00000 17.39000
238.00000 32.60000
239.00000 25.50000
240.00000 43.40000
241.00000 35.80000
242.00000 42.40000
243.00000 41.30000
244.00000 34.20000
245.00000 36.80000
246.00000 28.10000
247.00000 28.10000
248.00000 28.10000
249.00000 14.78000
250.00000 26.50000
251.00000 26.00000
252.00000 16.87000
253.00000 26.00000
254.00000 34.70000
255.00000 33.70000
256.00000 34.20000
257.00000 32.60000
258.00000 32.60000
259.00000 33.70000
260.00000 24.40000
261.00000 34.70000
262.00000 42.40000
263.00000 43.90000
264.00000 13.74000
265.00000 26.00000
266.00000 25.00000
267.00000 6.09000
268.00000 16.87000
269.00000 33.20000
270.00000 28.60000
271.00000 26.50000
272.00000 17.91000
273.00000 17.39000
274.00000 16.34000
275.00000 24.40000
276.00000 16.87000
277.00000 17.91000
278.00000 16.34000
279.00000 13.74000
280.00000 15.82000
281.00000 16.34000
282.00000 8.69000
283.00000 28.10000
284.00000 13.74000
285.00000 27.00000
286.00000 17.39000
287.00000 0.00000
288.00000 7.65000
289.00000 24.40000
290.00000 0.52000
291.00000 14.78000
292.00000 15.30000
293.00000 35.80000
294.00000 25.50000
295.00000 45.50000
296.00000 45.00000
297.00000 44.50000
298.00000 43.90000
299.00000 35.80000
