1.00000 7.13000
2.00000 14.26000
3.00000 15.82000
4.00000 7.13000
5.00000 25.00000
6.00000 17.39000
7.00000 25.50000
8.00000 24.90000
9.00000 25.40000
10.00000 34.30000
11.00000 47.20000
12.00000 32.70000
13.00000 35.00000
14.00000 33.80000
15.00000 53.50000
16.00000 43.00000
17.00000 43.00000
18.00000 44.00000
19.00000 35.20000
20.00000 14.78000
21.00000 46.60000
22.00000 47.20000
23.00000 43.30000
24.00000 52.50000
25.00000 36.60000
26.00000 56.70000
27.00000 47.20000
28.00000 46.20000
29.00000 44.00000
30.00000 26.50000
31.00000 36.30000
32.00000 25.50000
33.00000 32.60000
34.00000 36.30000
35.00000 41.90000
36.00000 44.00000
37.00000 46.20000
38.00000 46.20000
39.00000 59.80000
40.00000 46.20000
41.00000 59.80000
42.00000 58.70000
43.00000 59.80000
44.00000 71.30000
45.00000 72.40000
46.00000 72.40000
47.00000 76.60000
48.00000 75.50000
49.00000 76.60000
50.00000 76.60000
51.00000 75.60000
52.00000 17.91000
53.00000 43.00000
54.00000 62.90000
55.00000 62.90000
56.00000 62.90000
57.00000 61.90000
58.00000 61.90000
59.00000 61.90000
60.00000 64.00000
61.00000 64.00000
62.00000 61.90000
63.00000 75.50000
64.00000 61.90000
65.00000 61.90000
66.00000 61.90000
67.00000 61.90000
68.00000 49.30000
69.00000 61.90000
70.00000 48.30000
71.00000 75.50000
72.00000 61.90000
73.00000 49.30000
74.00000 61.90000
75.00000 74.50000
76.00000 48.30000
77.00000 61.90000
78.00000 61.90000
79.00000 28.30000
80.00000 51.40000
81.00000 42.80000
82.00000 82.90000
83.00000 67.10000
84.00000 71.30000
85.00000 51.40000
86.00000 82.90000
87.00000 66.10000
88.00000 81.80000
89.00000 67.10000
90.00000 68.20000
91.00000 68.20000
92.00000 68.20000
93.00000 50.40000
94.00000 45.50000
95.00000 60.10000
96.00000 47.20000
97.00000 51.40000
98.00000 47.30000
99.00000 27.00000
100.00000 33.20000
101.00000 43.40000
102.00000 46.60000
103.00000 41.90000
104.00000 35.30000
105.00000 17.91000
106.00000 32.60000
107.00000 16.87000
108.00000 16.34000
109.00000 14.26000
110.00000 13.74000
111.00000 7.13000
112.00000 26.50000
113.00000 16.34000
114.00000 27.00000
115.00000 26.00000
116.00000 25.00000
117.00000 8.17000
118.00000 17.91000
119.00000 28.60000
120.00000 33.20000
121.00000 27.60000
122.00000 28.10000
123.00000 28.60000
124.00000 15.30000
125.00000 27.00000
126.00000 25.00000
127.00000 27.60000
128.00000 16.34000
129.00000 32.10000
130.00000 15.82000
131.00000 17.91000
132.00000 26.50000
133.00000 25.00000
134.00000 27.60000
135.00000 28.60000
136.00000 28.60000
137.00000 33.20000
138.00000 35.80000
139.00000 15.30000
140.00000 33.20000
141.00000 36.80000
142.00000 34.20000
143.00000 32.60000
144.00000 32.60000
145.00000 41.30000
146.00000 35.80000
147.00000 51.20000
148.00000 32.60000
149.00000 33.20000
150.00000 14.26000
151.00000 47.20000
152.00000 76.60000
153.00000 58.70000
154.00000 57.70000
155.00000 75.50000
156.00000 57.70000
157.00000 57.70000
158.00000 54.40000
159.00000 50.20000
160.00000 47.10000
161.00000 54.40000
162.00000 48.10000
163.00000 52.30000
164.00000 46.60000
165.00000 41.90000
166.00000 42.90000
167.00000 35.30000
168.00000 36.80000
169.00000 42.40000
170.00000 36.80000
171.00000 36.80000
172.00000 32.60000
173.00000 33.20000
174.00000 35.80000
175.00000 13.74000
176.00000 16.87000
177.00000 25.00000
178.00000 26.50000
179.00000 15.82000
180.00000 15.30000
181.00000 0.00000
182.00000 0.00000
183.00000 1.04000
184.00000 0.00000
185.00000 0.52000
186.00000 0.00000
187.00000 0.00000
188.00000 7.13000
189.00000 6.09000
190.00000 8.69000
191.00000 1.04000
192.00000 6.09000
193.00000 6.09000
194.00000 6.09000
195.00000 6.61000
196.00000 6.09000
197.00000 1.04000
198.00000 1.04000
199.00000 1.04000
200.00000 0.52000
201.00000 1.56000
202.00000 1.04000
203.00000 1.04000
204.00000 6.61000
205.00000 7.13000
206.00000 7.13000
207.00000 6.61000
208.00000 6.61000
209.00000 7.13000
210.00000 14.26000
211.00000 7.65000
212.00000 13.21000
213.00000 8.17000
214.00000 13.74000
215.00000 8.69000
216.00000 17.39000
217.00000 6.61000
218.00000 13.21000
219.00000 8.69000
220.00000 1.56000
221.00000 14.26000
222.00000 27.00000
223.00000 28.60000
224.00000 27.00000
225.00000 28.10000
226.00000 28.60000
227.00000 28.60000
228.00000 28.10000
229.00000 33.70000
230.00000 36.80000
231.00000 43.40000
232.00000 43.90000
233.00000 45.50000
234.00000 0.00000
235.00000 14.78000
236.00000 7.13000
237.00000 6.61000
238.00000 13.21000
239.00000 13.21000
240.00000 14.78000
241.00000 15.30000
242.00000 14.26000
243.00000 17.39000
244.00000 16.87000
245.00000 14.26000
246.00000 13.74000
247.00000 8.69000
248.00000 8.17000
249.00000 6.61000
250.00000 14.26000
251.00000 14.26000
252.00000 13.21000
253.00000 14.78000
254.00000 14.26000
255.00000 8.17000
256.00000 14.78000
257.00000 7.13000
258.00000 1.04000
259.00000 0.00000
260.00000 28.10000
261.00000 34.20000
262.00000 33.20000
263.00000 28.60000
264.00000 27.60000
265.00000 41.90000
266.00000 45.50000
267.00000 45.00000
268.00000 48.10000
269.00000 50.70000
270.00000 54.50000
271.00000 56.70000
272.00000 57.70000
273.00000 56.50000
274.00000 55.00000
275.00000 55.30000
276.00000 50.20000
277.00000 50.70000
278.00000 34.70000
279.00000 27.00000
280.00000 13.74000
281.00000 15.82000
282.00000 33.70000
283.00000 1.56000
284.00000 15.30000
285.00000 1.56000
286.00000 33.70000
287.00000 35.80000
288.00000 35.30000
289.00000 35.80000
290.00000 26.00000
291.00000 25.00000
292.00000 8.17000
293.00000 25.00000
294.00000 33.70000
295.00000 33.20000
296.00000 27.60000
297.00000 34.20000
298.00000 34.20000
299.00000 32.60000
