1.00000 29.60000
2.00000 35.60000
3.00000 28.00000
4.00000 36.20000
5.00000 36.70000
6.00000 28.00000
7.00000 18.87000
8.00000 28.00000
9.00000 16.26000
10.00000 18.34000
11.00000 25.40000
12.00000 18.87000
13.00000 25.40000
14.00000 25.40000
15.00000 26.00000
16.00000 25.40000
17.00000 26.00000
18.00000 18.34000
19.00000 19.91000
20.00000 28.60000
21.00000 15.21000
22.00000 27.00000
23.00000 26.00000
24.00000 25.40000
25.00000 19.39000
26.00000 19.39000
27.00000 18.34000
28.00000 15.21000
29.00000 17.82000
30.00000 18.87000
31.00000 27.50000
32.00000 19.39000
33.00000 18.34000
34.00000 16.26000
35.00000 15.74000
36.00000 0.52000
37.00000 27.00000
38.00000 16.26000
39.00000 17.30000
40.00000 18.87000
41.00000 16.78000
42.00000 9.69000
43.00000 26.50000
44.00000 27.00000
45.00000 27.00000
46.00000 18.87000
47.00000 27.50000
48.00000 26.00000
49.00000 27.00000
50.00000 27.00000
51.00000 26.00000
52.00000 19.91000
53.00000 17.30000
54.00000 18.87000
55.00000 19.91000
56.00000 26.00000
57.00000 26.00000
58.00000 26.00000
59.00000 19.39000
60.00000 19.39000
61.00000 19.39000
62.00000 19.91000
63.00000 9.69000
64.00000 19.91000
65.00000 19.91000
66.00000 25.40000
67.00000 26.00000
68.00000 26.50000
69.00000 18.87000
70.00000 27.50000
71.00000 26.50000
72.00000 19.91000
73.00000 16.78000
74.00000 18.34000
75.00000 19.39000
76.00000 19.91000
77.00000 19.39000
78.00000 25.40000
79.00000 25.40000
80.00000 26.50000
81.00000 25.40000
82.00000 18.34000
83.00000 19.91000
84.00000 18.87000
85.00000 8.65000
86.00000 19.91000
87.00000 19.91000
88.00000 27.50000
89.00000 27.50000
90.00000 28.00000
91.00000 26.50000
92.00000 55.20000
93.00000 28.60000
94.00000 28.60000
95.00000 27.00000
96.00000 27.00000
97.00000 26.00000
98.00000 18.87000
99.00000 17.30000
100.00000 18.34000
101.00000 26.00000
102.00000 18.87000
103.00000 17.30000
104.00000 18.87000
105.00000 18.34000
106.00000 9.17000
107.00000 18.87000
108.00000 19.91000
109.00000 18.34000
110.00000 18.87000
111.00000 26.50000
112.00000 25.40000
113.00000 28.60000
114.00000 27.50000
115.00000 28.60000
116.00000 26.50000
117.00000 19.91000
118.00000 18.87000
119.00000 1.04000
120.00000 28.00000
121.00000 25.40000
122.00000 25.40000
123.00000 25.40000
124.00000 27.50000
125.00000 28.60000
126.00000 27.50000
127.00000 15.74000
128.00000 27.00000
129.00000 35.60000
130.00000 27.50000
131.00000 19.91000
132.00000 26.00000
133.00000 25.40000
134.00000 19.39000
135.00000 26.50000
136.00000 19.91000
137.00000 18.87000
138.00000 25.40000
139.00000 27.50000
140.00000 19.39000
141.00000 26.00000
142.00000 19.39000
143.00000 18.34000
144.00000 16.78000
145.00000 16.78000
146.00000 19.39000
147.00000 16.26000
148.00000 16.26000
149.00000 15.21000
150.00000 19.91000
151.00000 17.82000
152.00000 19.39000
153.00000 19.39000
154.00000 18.34000
155.00000 18.87000
156.00000 26.50000
157.00000 27.50000
158.00000 26.00000
159.00000 27.00000
160.00000 26.00000
161.00000 27.00000
162.00000 27.50000
163.00000 17.82000
164.00000 18.34000
165.00000 19.91000
166.00000 26.50000
167.00000 27.00000
168.00000 18.34000
169.00000 26.50000
170.00000 15.21000
171.00000 26.50000
172.00000 27.50000
173.00000 19.91000
174.00000 27.00000
175.00000 19.39000
176.00000 18.34000
177.00000 19.39000
178.00000 19.39000
179.00000 26.50000
180.00000 19.39000
181.00000 19.39000
182.00000 18.34000
183.00000 25.40000
184.00000 25.40000
185.00000 18.87000
186.00000 19.91000
187.00000 18.34000
188.00000 18.34000
189.00000 16.78000
190.00000 17.82000
191.00000 15.21000
192.00000 26.00000
193.00000 26.50000
194.00000 29.10000
195.00000 28.60000
196.00000 25.40000
197.00000 19.91000
198.00000 26.50000
199.00000 27.50000
200.00000 26.50000
201.00000 26.50000
202.00000 27.00000
203.00000 27.00000
204.00000 29.60000
205.00000 29.10000
206.00000 28.00000
207.00000 27.50000
208.00000 17.30000
209.00000 7.09000
210.00000 26.50000
211.00000 19.39000
212.00000 27.50000
213.00000 15.74000
214.00000 29.10000
215.00000 29.60000
216.00000 28.00000
217.00000 25.40000
218.00000 18.87000
219.00000 25.40000
220.00000 28.00000
221.00000 18.34000
222.00000 18.87000
223.00000 18.34000
224.00000 26.00000
225.00000 27.50000
226.00000 26.50000
227.00000 25.40000
228.00000 18.34000
229.00000 19.91000
230.00000 26.00000
231.00000 26.50000
232.00000 26.00000
233.00000 26.00000
234.00000 15.21000
235.00000 19.91000
236.00000 17.30000
237.00000 18.87000
238.00000 27.50000
239.00000 27.50000
240.00000 26.00000
241.00000 26.50000
242.00000 25.40000
243.00000 26.00000
244.00000 18.34000
245.00000 18.87000
246.00000 19.39000
247.00000 28.00000
248.00000 28.00000
249.00000 27.50000
250.00000 28.60000
251.00000 27.50000
252.00000 28.00000
253.00000 27.00000
254.00000 19.91000
255.00000 9.69000
256.00000 19.91000
257.00000 25.40000
258.00000 27.50000
259.00000 25.40000
260.00000 27.00000
261.00000 29.10000
262.00000 27.00000
263.00000 26.00000
264.00000 18.87000
265.00000 28.00000
266.00000 27.00000
267.00000 28.00000
268.00000 26.50000
269.00000 26.00000
270.00000 26.50000
271.00000 26.50000
272.00000 26.00000
273.00000 26.00000
274.00000 16.78000
275.00000 28.60000
276.00000 28.60000
277.00000 15.21000
278.00000 26.50000
279.00000 26.50000
280.00000 28.00000
281.00000 19.91000
282.00000 18.87000
283.00000 18.87000
284.00000 18.87000
285.00000 28.00000
286.00000 28.00000
287.00000 28.00000
288.00000 27.50000
289.00000 26.00000
290.00000 18.87000
291.00000 17.82000
292.00000 25.40000
293.00000 27.50000
294.00000 25.40000
295.00000 38.10000
296.00000 17.82000
297.00000 17.30000
298.00000 18.87000
299.00000 16.78000
