1.00000 48.10000
2.00000 66.90000
3.00000 68.00000
4.00000 63.80000
5.00000 55.40000
6.00000 58.20000
7.00000 58.90000
8.00000 58.90000
9.00000 17.30000
10.00000 7.09000
11.00000 1.56000
12.00000 0.00000
13.00000 47.90000
14.00000 58.90000
15.00000 59.90000
16.00000 58.40000
17.00000 37.20000
18.00000 62.00000
19.00000 54.20000
20.00000 56.80000
21.00000 59.90000
22.00000 62.00000
23.00000 60.50000
24.00000 62.50000
25.00000 56.80000
26.00000 56.80000
27.00000 58.40000
28.00000 52.10000
29.00000 55.20000
30.00000 58.90000
31.00000 59.90000
32.00000 59.90000
33.00000 62.00000
34.00000 60.50000
35.00000 60.50000
36.00000 56.30000
37.00000 63.60000
38.00000 58.90000
39.00000 59.90000
40.00000 39.80000
41.00000 36.20000
42.00000 19.39000
43.00000 8.65000
44.00000 46.90000
45.00000 36.70000
46.00000 53.20000
47.00000 35.10000
48.00000 1.04000
49.00000 17.30000
50.00000 19.91000
51.00000 46.90000
52.00000 50.00000
53.00000 63.70000
54.00000 67.10000
55.00000 61.00000
56.00000 65.20000
57.00000 63.60000
58.00000 67.20000
59.00000 65.20000
60.00000 66.70000
61.00000 63.60000
62.00000 50.00000
63.00000 64.10000
64.00000 57.90000
65.00000 57.30000
66.00000 66.20000
67.00000 61.50000
68.00000 45.90000
69.00000 64.10000
70.00000 55.90000
71.00000 66.10000
72.00000 66.70000
73.00000 64.60000
74.00000 48.50000
75.00000 63.10000
76.00000 59.40000
77.00000 63.60000
78.00000 63.10000
79.00000 61.60000
80.00000 68.70000
81.00000 64.20000
82.00000 63.50000
83.00000 38.80000
84.00000 7.61000
85.00000 1.56000
86.00000 1.04000
87.00000 1.56000
88.00000 7.09000
89.00000 55.80000
90.00000 62.00000
91.00000 59.40000
92.00000 19.91000
93.00000 15.74000
94.00000 7.09000
95.00000 35.70000
96.00000 48.40000
97.00000 29.10000
98.00000 57.90000
99.00000 18.87000
100.00000 52.60000
101.00000 62.50000
102.00000 53.70000
103.00000 52.60000
104.00000 59.90000
105.00000 64.10000
106.00000 57.90000
107.00000 38.80000
108.00000 39.80000
109.00000 25.40000
110.00000 8.65000
111.00000 47.90000
112.00000 55.80000
113.00000 49.00000
114.00000 52.60000
115.00000 8.65000
116.00000 18.34000
117.00000 37.20000
118.00000 59.40000
119.00000 64.10000
120.00000 66.20000
121.00000 55.80000
122.00000 62.50000
123.00000 63.10000
124.00000 61.00000
125.00000 8.65000
126.00000 18.34000
127.00000 16.26000
128.00000 0.52000
129.00000 15.21000
130.00000 1.04000
131.00000 0.00000
132.00000 0.00000
133.00000 0.00000
134.00000 0.00000
135.00000 0.00000
136.00000 1.56000
137.00000 16.26000
138.00000 19.39000
139.00000 16.26000
140.00000 19.39000
141.00000 9.17000
142.00000 16.26000
143.00000 15.21000
144.00000 16.26000
145.00000 15.74000
146.00000 15.21000
147.00000 17.30000
148.00000 39.30000
149.00000 35.60000
150.00000 48.50000
151.00000 49.50000
152.00000 38.80000
153.00000 53.20000
154.00000 50.00000
155.00000 54.70000
156.00000 48.50000
157.00000 51.60000
158.00000 38.30000
159.00000 55.20000
160.00000 62.50000
161.00000 67.80000
162.00000 64.60000
163.00000 65.70000
164.00000 19.39000
165.00000 55.20000
166.00000 17.82000
167.00000 0.52000
168.00000 66.20000
169.00000 51.60000
170.00000 58.90000
171.00000 29.60000
172.00000 37.20000
173.00000 56.30000
174.00000 45.90000
175.00000 8.65000
176.00000 37.70000
177.00000 58.90000
178.00000 19.39000
179.00000 15.74000
180.00000 15.21000
181.00000 19.91000
182.00000 27.00000
183.00000 19.91000
184.00000 29.10000
185.00000 17.30000
186.00000 18.87000
187.00000 27.00000
188.00000 28.00000
189.00000 16.78000
190.00000 15.74000
191.00000 7.09000
192.00000 8.13000
193.00000 26.50000
194.00000 27.50000
195.00000 26.50000
196.00000 26.50000
197.00000 27.50000
198.00000 27.50000
199.00000 27.50000
200.00000 19.91000
201.00000 16.26000
202.00000 0.00000
203.00000 0.52000
204.00000 0.52000
205.00000 16.26000
206.00000 29.10000
207.00000 9.69000
208.00000 15.74000
209.00000 28.00000
210.00000 28.60000
211.00000 28.00000
212.00000 29.60000
213.00000 25.40000
214.00000 19.39000
215.00000 28.00000
216.00000 9.69000
217.00000 17.82000
218.00000 8.13000
219.00000 0.52000
220.00000 0.52000
221.00000 18.34000
222.00000 27.50000
223.00000 16.78000
224.00000 0.00000
225.00000 0.00000
226.00000 9.17000
227.00000 16.78000
228.00000 17.30000
229.00000 25.40000
230.00000 27.00000
231.00000 29.10000
232.00000 29.10000
233.00000 28.60000
234.00000 27.50000
235.00000 15.74000
236.00000 37.20000
237.00000 38.30000
238.00000 37.70000
239.00000 39.30000
240.00000 29.60000
241.00000 26.50000
242.00000 18.34000
243.00000 8.13000
244.00000 15.21000
245.00000 8.13000
246.00000 15.74000
247.00000 8.13000
248.00000 1.56000
249.00000 1.56000
250.00000 9.69000
251.00000 9.69000
252.00000 15.74000
253.00000 16.26000
254.00000 15.74000
255.00000 16.78000
256.00000 1.04000
257.00000 1.04000
258.00000 8.13000
259.00000 9.17000
260.00000 9.17000
261.00000 16.26000
262.00000 18.87000
263.00000 18.87000
264.00000 9.69000
265.00000 16.78000
266.00000 25.40000
267.00000 27.00000
268.00000 28.60000
269.00000 28.00000
270.00000 29.60000
271.00000 36.20000
272.00000 36.70000
273.00000 35.60000
274.00000 29.10000
275.00000 8.65000
276.00000 15.21000
277.00000 0.52000
278.00000 26.50000
279.00000 27.00000
280.00000 19.39000
281.00000 18.34000
282.00000 16.78000
283.00000 8.65000
284.00000 17.30000
285.00000 9.17000
286.00000 16.26000
287.00000 15.74000
288.00000 18.87000
289.00000 16.26000
290.00000 16.26000
291.00000 17.30000
292.00000 19.39000
293.00000 16.26000
294.00000 1.56000
295.00000 9.69000
296.00000 9.17000
297.00000 0.00000
298.00000 1.56000
299.00000 0.52000
300.00000 17.82000
