1.00000 16.26000
2.00000 19.39000
3.00000 17.82000
4.00000 17.82000
5.00000 16.26000
6.00000 25.40000
7.00000 18.87000
8.00000 19.91000
9.00000 18.87000
10.00000 25.40000
11.00000 15.21000
12.00000 18.87000
13.00000 17.30000
14.00000 8.13000
15.00000 15.74000
16.00000 17.30000
17.00000 19.39000
18.00000 19.39000
19.00000 19.91000
20.00000 15.21000
21.00000 16.26000
22.00000 17.30000
23.00000 17.30000
24.00000 19.39000
25.00000 17.82000
26.00000 27.00000
27.00000 27.50000
28.00000 35.60000
29.00000 36.20000
30.00000 27.50000
31.00000 27.50000
32.00000 1.56000
33.00000 35.10000
34.00000 18.87000
35.00000 19.91000
36.00000 18.87000
37.00000 25.40000
38.00000 19.39000
39.00000 18.34000
40.00000 18.87000
41.00000 15.21000
42.00000 27.00000
43.00000 27.50000
44.00000 27.50000
45.00000 7.61000
46.00000 26.50000
47.00000 15.21000
48.00000 18.34000
49.00000 17.30000
50.00000 18.34000
51.00000 9.69000
52.00000 19.39000
53.00000 19.91000
54.00000 19.91000
55.00000 19.39000
56.00000 8.13000
57.00000 7.61000
58.00000 16.78000
59.00000 19.91000
60.00000 26.00000
61.00000 19.39000
62.00000 9.17000
63.00000 15.21000
64.00000 17.82000
65.00000 17.82000
66.00000 17.82000
67.00000 7.61000
68.00000 17.30000
69.00000 19.91000
70.00000 17.82000
71.00000 26.00000
72.00000 18.87000
73.00000 25.40000
74.00000 7.61000
75.00000 9.17000
76.00000 15.74000
77.00000 15.21000
78.00000 18.87000
79.00000 16.26000
80.00000 17.30000
81.00000 25.40000
82.00000 17.82000
83.00000 25.40000
84.00000 9.17000
85.00000 15.74000
86.00000 17.30000
87.00000 18.87000
88.00000 9.69000
89.00000 19.91000
90.00000 16.26000
91.00000 16.26000
92.00000 18.87000
93.00000 17.82000
94.00000 16.78000
95.00000 17.30000
96.00000 17.30000
97.00000 25.40000
98.00000 18.34000
99.00000 19.39000
100.00000 26.00000
101.00000 18.87000
102.00000 19.39000
103.00000 19.39000
104.00000 19.91000
105.00000 15.21000
106.00000 26.50000
107.00000 26.00000
108.00000 29.10000
109.00000 35.10000
110.00000 0.00000
111.00000 1.56000
112.00000 37.20000
113.00000 17.82000
114.00000 15.21000
115.00000 0.52000
116.00000 26.00000
117.00000 7.61000
118.00000 16.26000
119.00000 1.56000
120.00000 15.74000
121.00000 9.17000
122.00000 9.17000
123.00000 9.69000
124.00000 9.17000
125.00000 15.21000
126.00000 15.21000
127.00000 7.61000
128.00000 8.65000
129.00000 9.69000
130.00000 7.61000
131.00000 9.69000
132.00000 15.21000
133.00000 8.65000
134.00000 15.74000
135.00000 15.21000
136.00000 15.21000
137.00000 15.74000
138.00000 15.74000
139.00000 7.09000
140.00000 15.74000
141.00000 9.17000
142.00000 8.13000
143.00000 9.69000
144.00000 9.69000
145.00000 9.69000
146.00000 15.74000
147.00000 15.21000
148.00000 7.09000
149.00000 9.69000
150.00000 9.17000
151.00000 9.69000
152.00000 19.39000
153.00000 26.50000
154.00000 19.91000
155.00000 26.50000
156.00000 19.91000
157.00000 8.65000
158.00000 27.00000
159.00000 18.87000
160.00000 17.30000
161.00000 17.82000
162.00000 19.91000
163.00000 27.00000
164.00000 19.91000
165.00000 19.91000
166.00000 16.78000
167.00000 18.87000
168.00000 7.09000
169.00000 0.00000
170.00000 17.82000
171.00000 19.39000
172.00000 15.21000
173.00000 8.13000
174.00000 17.30000
175.00000 16.78000
176.00000 8.65000
177.00000 16.78000
178.00000 16.78000
179.00000 18.87000
180.00000 17.82000
181.00000 16.78000
182.00000 16.78000
183.00000 17.82000
184.00000 8.13000
185.00000 16.78000
186.00000 8.13000
187.00000 16.26000
188.00000 16.26000
189.00000 17.30000
190.00000 9.69000
191.00000 8.13000
192.00000 15.74000
193.00000 16.78000
194.00000 15.74000
195.00000 9.69000
196.00000 19.91000
197.00000 17.30000
198.00000 16.78000
199.00000 17.30000
200.00000 16.78000
201.00000 15.21000
202.00000 1.04000
203.00000 8.65000
204.00000 25.40000
205.00000 9.17000
206.00000 16.78000
207.00000 17.82000
208.00000 16.26000
209.00000 15.74000
210.00000 8.13000
211.00000 16.26000
212.00000 7.61000
213.00000 8.65000
214.00000 16.26000
215.00000 7.61000
216.00000 15.74000
217.00000 18.34000
218.00000 17.30000
219.00000 15.21000
220.00000 9.69000
221.00000 8.13000
222.00000 8.65000
223.00000 9.69000
224.00000 15.21000
225.00000 15.21000
226.00000 15.74000
227.00000 8.13000
228.00000 15.21000
229.00000 15.74000
230.00000 15.21000
231.00000 16.26000
232.00000 16.78000
233.00000 8.65000
234.00000 15.21000
235.00000 15.21000
236.00000 17.30000
237.00000 9.17000
238.00000 16.26000
239.00000 15.21000
240.00000 16.26000
241.00000 16.78000
242.00000 15.21000
243.00000 9.69000
244.00000 9.17000
245.00000 16.78000
246.00000 16.26000
247.00000 15.74000
248.00000 8.65000
249.00000 8.13000
250.00000 15.21000
251.00000 9.17000
252.00000 15.74000
253.00000 9.17000
254.00000 16.78000
255.00000 7.61000
256.00000 15.21000
257.00000 9.17000
258.00000 15.21000
259.00000 16.78000
260.00000 16.78000
261.00000 15.74000
262.00000 9.69000
263.00000 17.30000
264.00000 9.69000
265.00000 8.65000
266.00000 9.69000
267.00000 15.74000
268.00000 15.74000
269.00000 8.65000
270.00000 16.78000
271.00000 17.30000
272.00000 18.34000
273.00000 1.56000
274.00000 8.65000
275.00000 17.82000
276.00000 0.52000
277.00000 8.65000
278.00000 1.56000
279.00000 9.17000
280.00000 8.13000
281.00000 8.13000
282.00000 15.21000
283.00000 7.61000
284.00000 7.61000
285.00000 9.17000
286.00000 8.13000
287.00000 9.69000
288.00000 8.13000
289.00000 9.69000
290.00000 8.13000
291.00000 8.65000
292.00000 15.74000
293.00000 9.69000
294.00000 9.69000
295.00000 19.39000
296.00000 38.60000
297.00000 26.00000
298.00000 28.00000
299.00000 29.10000
