1.00000 17.82000
2.00000 17.30000
3.00000 19.39000
4.00000 18.34000
5.00000 16.26000
6.00000 15.74000
7.00000 16.78000
8.00000 17.30000
9.00000 17.30000
10.00000 17.30000
11.00000 18.87000
12.00000 19.39000
13.00000 26.00000
14.00000 19.91000
15.00000 15.21000
16.00000 1.04000
17.00000 8.65000
18.00000 9.17000
19.00000 18.34000
20.00000 9.17000
21.00000 16.78000
22.00000 9.17000
23.00000 1.56000
24.00000 8.13000
25.00000 18.34000
26.00000 7.09000
27.00000 8.65000
28.00000 7.61000
29.00000 18.34000
30.00000 19.39000
31.00000 19.91000
32.00000 17.82000
33.00000 16.78000
34.00000 18.87000
35.00000 19.91000
36.00000 19.39000
37.00000 19.91000
38.00000 19.91000
39.00000 26.00000
40.00000 17.82000
41.00000 18.87000
42.00000 1.04000
43.00000 0.52000
44.00000 16.26000
45.00000 1.04000
46.00000 26.00000
47.00000 16.78000
48.00000 17.82000
49.00000 17.82000
50.00000 17.82000
51.00000 16.78000
52.00000 9.17000
53.00000 19.39000
54.00000 18.34000
55.00000 9.69000
56.00000 25.40000
57.00000 18.34000
58.00000 17.82000
59.00000 17.82000
60.00000 15.74000
61.00000 7.09000
62.00000 7.61000
63.00000 18.34000
64.00000 15.74000
65.00000 9.17000
66.00000 15.21000
67.00000 9.69000
68.00000 18.34000
69.00000 16.26000
70.00000 17.30000
71.00000 17.30000
72.00000 7.61000
73.00000 8.13000
74.00000 7.61000
75.00000 9.69000
76.00000 9.69000
77.00000 15.74000
78.00000 16.78000
79.00000 16.26000
80.00000 18.34000
81.00000 25.40000
82.00000 19.39000
83.00000 18.34000
84.00000 9.69000
85.00000 16.26000
86.00000 8.65000
87.00000 15.21000
88.00000 9.69000
89.00000 16.78000
90.00000 17.82000
91.00000 18.34000
92.00000 27.00000
93.00000 18.34000
94.00000 16.78000
95.00000 16.78000
96.00000 8.65000
97.00000 19.39000
98.00000 15.74000
99.00000 15.74000
100.00000 15.74000
101.00000 16.78000
102.00000 16.78000
103.00000 17.30000
104.00000 9.17000
105.00000 8.65000
106.00000 1.56000
107.00000 7.09000
108.00000 9.69000
109.00000 8.13000
110.00000 7.61000
111.00000 15.74000
112.00000 18.34000
113.00000 17.82000
114.00000 9.69000
115.00000 17.30000
116.00000 17.82000
117.00000 16.26000
118.00000 17.30000
119.00000 17.82000
120.00000 19.39000
121.00000 17.82000
122.00000 15.21000
123.00000 18.87000
124.00000 18.87000
125.00000 16.78000
126.00000 16.78000
127.00000 27.00000
128.00000 27.00000
129.00000 18.32000
130.00000 16.26000
131.00000 16.78000
132.00000 15.74000
133.00000 16.78000
134.00000 15.74000
135.00000 16.78000
136.00000 18.34000
137.00000 18.87000
138.00000 18.34000
139.00000 39.80000
140.00000 38.80000
141.00000 18.34000
142.00000 9.69000
143.00000 0.00000
144.00000 36.20000
145.00000 19.39000
146.00000 17.82000
147.00000 1.04000
148.00000 15.74000
149.00000 16.78000
150.00000 0.00000
151.00000 1.04000
152.00000 28.60000
153.00000 17.82000
154.00000 7.61000
155.00000 18.34000
156.00000 15.74000
157.00000 18.87000
158.00000 18.87000
159.00000 16.78000
160.00000 16.78000
161.00000 18.34000
162.00000 7.61000
163.00000 18.34000
164.00000 16.26000
165.00000 17.82000
166.00000 16.78000
167.00000 16.78000
168.00000 1.04000
169.00000 17.82000
170.00000 16.26000
171.00000 8.65000
172.00000 17.82000
173.00000 18.87000
174.00000 19.91000
175.00000 9.17000
176.00000 17.82000
177.00000 17.82000
178.00000 15.21000
179.00000 9.69000
180.00000 8.65000
181.00000 9.69000
182.00000 18.87000
183.00000 19.91000
184.00000 25.40000
185.00000 18.87000
186.00000 17.30000
187.00000 18.34000
188.00000 18.34000
189.00000 17.30000
190.00000 17.30000
191.00000 7.61000
192.00000 8.13000
193.00000 9.17000
194.00000 15.21000
195.00000 1.56000
196.00000 9.17000
197.00000 8.65000
198.00000 9.69000
199.00000 9.69000
200.00000 16.78000
201.00000 9.69000
202.00000 9.17000
203.00000 7.61000
204.00000 7.09000
205.00000 7.09000
206.00000 8.65000
207.00000 8.13000
208.00000 8.13000
209.00000 8.65000
210.00000 9.17000
211.00000 16.26000
212.00000 15.74000
213.00000 9.69000
214.00000 1.56000
215.00000 1.56000
216.00000 0.52000
217.00000 9.69000
218.00000 7.61000
219.00000 9.17000
220.00000 19.39000
221.00000 15.21000
222.00000 16.26000
223.00000 8.65000
224.00000 9.17000
225.00000 15.74000
226.00000 15.74000
227.00000 15.21000
228.00000 9.17000
229.00000 17.30000
230.00000 16.26000
231.00000 9.69000
232.00000 8.65000
233.00000 9.17000
234.00000 9.69000
235.00000 7.61000
236.00000 15.21000
237.00000 15.21000
238.00000 15.21000
239.00000 15.74000
240.00000 16.78000
241.00000 15.21000
242.00000 8.13000
243.00000 17.30000
244.00000 18.87000
245.00000 26.00000
246.00000 18.34000
247.00000 15.74000
248.00000 15.74000
249.00000 7.61000
250.00000 15.74000
251.00000 7.09000
252.00000 15.21000
253.00000 9.17000
254.00000 15.74000
255.00000 15.21000
256.00000 15.75000
257.00000 8.63000
258.00000 9.69000
259.00000 15.74000
260.00000 18.34000
261.00000 17.82000
262.00000 9.17000
263.00000 15.74000
264.00000 15.21000
265.00000 15.21000
266.00000 15.74000
267.00000 7.09000
268.00000 16.26000
269.00000 1.04000
270.00000 19.39000
271.00000 17.82000
272.00000 16.78000
273.00000 16.26000
274.00000 17.30000
275.00000 18.87000
276.00000 17.82000
277.00000 17.30000
278.00000 7.09000
279.00000 9.69000
280.00000 15.21000
281.00000 7.09000
282.00000 9.69000
283.00000 16.78000
284.00000 16.26000
285.00000 15.21000
286.00000 9.69000
287.00000 9.69000
288.00000 15.21000
289.00000 16.78000
290.00000 17.82000
291.00000 17.82000
292.00000 19.39000
293.00000 17.30000
294.00000 16.78000
295.00000 37.60000
296.00000 9.69000
297.00000 17.30000
298.00000 26.50000
299.00000 26.00000
