1.00000 36.20000
2.00000 17.30000
3.00000 26.50000
4.00000 26.50000
5.00000 25.80000
6.00000 26.00000
7.00000 26.50000
8.00000 37.80000
9.00000 50.20000
10.00000 48.10000
11.00000 52.30000
12.00000 46.30000
13.00000 52.70000
14.00000 29.00000
15.00000 45.90000
16.00000 51.60000
17.00000 52.60000
18.00000 37.20000
19.00000 36.70000
20.00000 29.60000
21.00000 46.40000
22.00000 49.00000
23.00000 39.80000
24.00000 37.20000
25.00000 46.40000
26.00000 49.50000
27.00000 46.40000
28.00000 38.80000
29.00000 51.60000
30.00000 55.20000
31.00000 58.40000
32.00000 51.10000
33.00000 50.60000
34.00000 28.60000
35.00000 77.70000
36.00000 36.70000
37.00000 59.90000
38.00000 79.20000
39.00000 59.90000
40.00000 55.80000
41.00000 61.00000
42.00000 38.30000
43.00000 18.87000
44.00000 26.00000
45.00000 57.40000
46.00000 71.50000
47.00000 62.40000
48.00000 62.70000
49.00000 62.80000
50.00000 61.00000
51.00000 55.90000
52.00000 63.80000
53.00000 63.80000
54.00000 82.70000
55.00000 63.80000
56.00000 83.70000
57.00000 62.70000
58.00000 63.10000
59.00000 59.40000
60.00000 61.70000
61.00000 63.80000
62.00000 83.70000
63.00000 64.80000
64.00000 62.70000
65.00000 64.10000
66.00000 67.40000
67.00000 68.20000
68.00000 59.40000
69.00000 65.20000
70.00000 62.00000
71.00000 47.90000
72.00000 52.60000
73.00000 46.40000
74.00000 8.65000
75.00000 0.00000
76.00000 1.04000
77.00000 8.65000
78.00000 16.26000
79.00000 0.00000
80.00000 16.26000
81.00000 0.52000
82.00000 18.87000
83.00000 39.30000
84.00000 25.40000
85.00000 28.60000
86.00000 35.60000
87.00000 1.56000
88.00000 18.34000
89.00000 17.30000
90.00000 15.21000
91.00000 17.30000
92.00000 8.13000
93.00000 19.91000
94.00000 8.65000
95.00000 17.30000
96.00000 9.17000
97.00000 37.20000
98.00000 19.39000
99.00000 27.00000
100.00000 35.10000
101.00000 29.10000
102.00000 19.91000
103.00000 35.10000
104.00000 38.30000
105.00000 37.20000
106.00000 38.80000
107.00000 38.30000
108.00000 35.60000
109.00000 15.74000
110.00000 18.87000
111.00000 25.40000
112.00000 36.20000
113.00000 35.10000
114.00000 35.10000
115.00000 46.40000
116.00000 25.40000
117.00000 7.61000
118.00000 15.21000
119.00000 16.78000
120.00000 16.78000
121.00000 49.50000
122.00000 39.80000
123.00000 36.20000
124.00000 39.30000
125.00000 38.30000
126.00000 39.80000
127.00000 37.70000
128.00000 37.70000
129.00000 35.60000
130.00000 39.80000
131.00000 38.80000
132.00000 19.91000
133.00000 1.04000
134.00000 1.04000
135.00000 16.78000
136.00000 16.78000
137.00000 29.10000
138.00000 18.34000
139.00000 35.60000
140.00000 28.60000
141.00000 28.60000
142.00000 19.39000
143.00000 18.34000
144.00000 26.50000
145.00000 16.26000
146.00000 1.56000
147.00000 8.13000
148.00000 1.56000
149.00000 9.69000
150.00000 7.09000
151.00000 17.30000
152.00000 26.50000
153.00000 17.30000
154.00000 15.74000
155.00000 19.91000
156.00000 9.17000
157.00000 7.09000
158.00000 9.69000
159.00000 8.65000
160.00000 1.04000
161.00000 8.13000
162.00000 17.82000
163.00000 18.87000
164.00000 19.91000
165.00000 19.91000
166.00000 25.40000
167.00000 29.10000
168.00000 28.60000
169.00000 29.10000
170.00000 27.00000
171.00000 17.82000
172.00000 35.10000
173.00000 50.00000
174.00000 46.90000
175.00000 45.30000
176.00000 52.10000
177.00000 49.00000
178.00000 46.90000
179.00000 27.00000
180.00000 53.70000
181.00000 27.00000
182.00000 36.70000
183.00000 46.40000
184.00000 37.20000
185.00000 52.10000
186.00000 51.60000
187.00000 47.40000
188.00000 53.70000
189.00000 55.20000
190.00000 52.10000
191.00000 59.40000
192.00000 68.30000
193.00000 64.60000
194.00000 62.00000
195.00000 63.10000
196.00000 54.20000
197.00000 61.00000
198.00000 66.70000
199.00000 59.40000
200.00000 63.60000
201.00000 51.10000
202.00000 28.60000
203.00000 39.30000
204.00000 53.70000
205.00000 50.00000
206.00000 35.10000
207.00000 36.70000
208.00000 46.40000
209.00000 29.60000
210.00000 38.80000
211.00000 64.60000
212.00000 65.70000
213.00000 66.20000
214.00000 60.50000
215.00000 47.40000
216.00000 61.70000
217.00000 70.20000
218.00000 71.10000
219.00000 71.10000
220.00000 70.10000
221.00000 91.00000
222.00000 68.40000
223.00000 66.70000
224.00000 70.30000
225.00000 63.60000
226.00000 75.10000
227.00000 59.50000
228.00000 53.60000
229.00000 0.52000
230.00000 58.00000
231.00000 69.70000
232.00000 67.20000
233.00000 65.70000
234.00000 70.50000
235.00000 70.10000
236.00000 92.10000
237.00000 70.10000
238.00000 71.10000
239.00000 69.20000
240.00000 69.00000
241.00000 69.60000
242.00000 70.90000
243.00000 63.10000
244.00000 65.70000
245.00000 62.00000
246.00000 67.80000
247.00000 57.30000
248.00000 46.40000
249.00000 49.00000
250.00000 53.70000
251.00000 46.40000
252.00000 53.70000
253.00000 51.10000
254.00000 49.50000
255.00000 28.00000
256.00000 16.78000
257.00000 29.60000
258.00000 38.80000
259.00000 46.90000
260.00000 18.34000
261.00000 0.52000
262.00000 1.56000
263.00000 28.60000
264.00000 39.30000
265.00000 39.80000
266.00000 47.40000
267.00000 19.39000
268.00000 29.60000
269.00000 19.91000
270.00000 9.69000
271.00000 15.21000
272.00000 0.00000
273.00000 16.26000
274.00000 0.52000
275.00000 15.74000
276.00000 0.52000
277.00000 1.04000
278.00000 8.13000
279.00000 0.00000
280.00000 9.69000
281.00000 7.61000
282.00000 8.13000
283.00000 15.74000
284.00000 0.00000
285.00000 7.61000
286.00000 8.65000
287.00000 15.74000
288.00000 26.00000
289.00000 26.00000
290.00000 27.00000
291.00000 19.39000
292.00000 0.52000
293.00000 8.65000
294.00000 26.00000
295.00000 16.26000
296.00000 17.82000
297.00000 16.78000
298.00000 9.69000
299.00000 8.13000
