1.00000 35.70000
2.00000 37.80000
3.00000 48.10000
4.00000 51.20000
5.00000 49.10000
6.00000 53.10000
7.00000 39.30000
8.00000 46.90000
9.00000 51.60000
10.00000 52.60000
11.00000 52.60000
12.00000 56.30000
13.00000 51.70000
14.00000 36.10000
15.00000 52.60000
16.00000 52.10000
17.00000 56.80000
18.00000 51.60000
19.00000 67.20000
20.00000 38.80000
21.00000 89.00000
22.00000 71.10000
23.00000 68.90000
24.00000 71.10000
25.00000 92.10000
26.00000 71.10000
27.00000 69.00000
28.00000 70.20000
29.00000 69.80000
30.00000 66.70000
31.00000 56.80000
32.00000 67.80000
33.00000 71.10000
34.00000 70.10000
35.00000 69.50000
36.00000 69.70000
37.00000 67.80000
38.00000 89.70000
39.00000 59.90000
40.00000 68.80000
41.00000 91.70000
42.00000 71.10000
43.00000 70.10000
44.00000 92.40000
45.00000 70.10000
46.00000 69.00000
47.00000 65.60000
48.00000 68.80000
49.00000 62.50000
50.00000 68.40000
51.00000 69.30000
52.00000 69.70000
53.00000 64.60000
54.00000 38.80000
55.00000 50.50000
56.00000 60.00000
57.00000 69.30000
58.00000 66.60000
59.00000 69.00000
60.00000 70.10000
61.00000 93.20000
62.00000 92.10000
63.00000 71.10000
64.00000 70.10000
65.00000 93.20000
66.00000 70.10000
67.00000 68.70000
68.00000 70.10000
69.00000 94.20000
70.00000 70.10000
71.00000 93.20000
72.00000 70.10000
73.00000 68.80000
74.00000 67.80000
75.00000 68.00000
76.00000 67.60000
77.00000 69.20000
78.00000 71.10000
79.00000 64.00000
80.00000 67.10000
81.00000 55.80000
82.00000 70.40000
83.00000 69.70000
84.00000 70.10000
85.00000 70.60000
86.00000 69.30000
87.00000 69.30000
88.00000 66.70000
89.00000 66.30000
90.00000 67.10000
91.00000 68.80000
92.00000 64.60000
93.00000 60.50000
94.00000 62.50000
95.00000 54.20000
96.00000 50.00000
97.00000 17.82000
98.00000 48.50000
99.00000 47.40000
100.00000 51.10000
101.00000 49.50000
102.00000 0.00000
103.00000 58.40000
104.00000 47.90000
105.00000 39.30000
106.00000 0.00000
107.00000 17.82000
108.00000 37.70000
109.00000 39.30000
110.00000 28.00000
111.00000 39.80000
112.00000 45.30000
113.00000 17.30000
114.00000 29.60000
115.00000 38.80000
116.00000 53.20000
117.00000 51.10000
118.00000 57.90000
119.00000 56.30000
120.00000 50.00000
121.00000 51.60000
122.00000 55.80000
123.00000 29.60000
124.00000 56.30000
125.00000 54.70000
126.00000 55.80000
127.00000 51.10000
128.00000 49.50000
129.00000 51.10000
130.00000 53.20000
131.00000 49.00000
132.00000 49.00000
133.00000 29.10000
134.00000 70.90000
135.00000 68.80000
136.00000 62.10000
137.00000 64.50000
138.00000 51.10000
139.00000 1.57000
140.00000 65.10000
141.00000 59.40000
142.00000 55.80000
143.00000 56.30000
144.00000 57.30000
145.00000 61.00000
146.00000 57.90000
147.00000 37.60000
148.00000 59.40000
149.00000 57.90000
150.00000 8.65000
151.00000 16.78000
152.00000 35.10000
153.00000 17.82000
154.00000 28.60000
155.00000 35.60000
156.00000 7.61000
157.00000 37.70000
158.00000 26.00000
159.00000 29.60000
160.00000 27.50000
161.00000 26.50000
162.00000 16.78000
163.00000 9.69000
164.00000 28.00000
165.00000 19.91000
166.00000 19.91000
167.00000 18.87000
168.00000 28.60000
169.00000 28.00000
170.00000 29.60000
171.00000 36.20000
172.00000 26.50000
173.00000 27.00000
174.00000 28.00000
175.00000 28.00000
176.00000 29.10000
177.00000 37.20000
178.00000 26.00000
179.00000 35.10000
180.00000 27.00000
181.00000 28.00000
182.00000 28.00000
183.00000 35.10000
184.00000 27.00000
185.00000 28.60000
186.00000 17.30000
187.00000 17.30000
188.00000 15.21000
189.00000 16.78000
190.00000 7.09000
191.00000 25.40000
192.00000 17.82000
193.00000 15.21000
194.00000 26.00000
195.00000 19.91000
196.00000 26.50000
197.00000 27.00000
198.00000 19.91000
199.00000 29.60000
200.00000 26.50000
201.00000 17.82000
202.00000 17.82000
203.00000 19.91000
204.00000 18.34000
205.00000 9.17000
206.00000 19.91000
207.00000 9.17000
208.00000 27.50000
209.00000 36.70000
210.00000 16.78000
211.00000 39.80000
212.00000 36.20000
213.00000 27.50000
214.00000 45.90000
215.00000 37.20000
216.00000 37.20000
217.00000 37.70000
218.00000 27.50000
219.00000 26.00000
220.00000 36.20000
221.00000 27.50000
222.00000 18.87000
223.00000 28.60000
224.00000 26.00000
225.00000 17.30000
226.00000 18.87000
227.00000 26.50000
228.00000 7.61000
229.00000 1.04000
230.00000 51.60000
231.00000 27.00000
232.00000 49.00000
233.00000 55.80000
234.00000 55.20000
235.00000 53.70000
236.00000 53.20000
237.00000 38.30000
238.00000 52.60000
239.00000 47.90000
240.00000 49.50000
241.00000 49.00000
242.00000 59.40000
243.00000 51.60000
244.00000 59.90000
245.00000 52.60000
246.00000 52.10000
247.00000 45.90000
248.00000 53.20000
249.00000 37.70000
250.00000 49.50000
251.00000 49.00000
252.00000 27.50000
253.00000 52.10000
254.00000 45.30000
255.00000 37.70000
256.00000 29.60000
257.00000 26.00000
258.00000 35.60000
259.00000 36.20000
260.00000 17.82000
261.00000 1.04000
262.00000 7.09000
263.00000 1.56000
264.00000 16.26000
265.00000 7.61000
266.00000 0.52000
267.00000 8.13000
268.00000 0.00000
269.00000 9.17000
270.00000 15.21000
271.00000 8.65000
272.00000 1.56000
273.00000 1.04000
274.00000 7.09000
275.00000 8.13000
276.00000 7.09000
277.00000 7.09000
278.00000 0.52000
279.00000 7.61000
280.00000 1.04000
281.00000 1.56000
282.00000 7.09000
283.00000 7.09000
284.00000 1.56000
285.00000 7.09000
286.00000 1.56000
287.00000 1.56000
288.00000 0.52000
289.00000 0.52000
290.00000 0.00000
291.00000 15.21000
292.00000 1.56000
293.00000 7.61000
294.00000 7.61000
295.00000 8.65000
296.00000 7.09000
297.00000 8.13000
298.00000 8.13000
299.00000 1.56000
