1.00000 37.80000
2.00000 54.40000
3.00000 55.40000
4.00000 52.30000
5.00000 58.60000
6.00000 64.90000
7.00000 50.20000
8.00000 86.90000
9.00000 86.90000
10.00000 100.50000
11.00000 89.00000
12.00000 85.80000
13.00000 101.50000
14.00000 86.90000
15.00000 85.80000
16.00000 101.50000
17.00000 71.10000
18.00000 54.80000
19.00000 26.50000
20.00000 47.00000
21.00000 55.40000
22.00000 71.10000
23.00000 71.10000
24.00000 56.50000
25.00000 71.10000
26.00000 70.10000
27.00000 71.10000
28.00000 71.10000
29.00000 70.10000
30.00000 55.40000
31.00000 71.10000
32.00000 70.10000
33.00000 72.20000
34.00000 70.10000
35.00000 71.10000
36.00000 54.40000
37.00000 71.10000
38.00000 70.10000
39.00000 71.10000
40.00000 55.40000
41.00000 70.10000
42.00000 85.80000
43.00000 55.40000
44.00000 65.90000
45.00000 60.70000
46.00000 58.40000
47.00000 35.10000
48.00000 54.20000
49.00000 49.00000
50.00000 54.20000
51.00000 58.40000
52.00000 54.20000
53.00000 51.60000
54.00000 37.20000
55.00000 56.80000
56.00000 48.50000
57.00000 57.90000
58.00000 56.80000
59.00000 58.40000
60.00000 58.80000
61.00000 52.10000
62.00000 45.30000
63.00000 53.70000
64.00000 49.00000
65.00000 18.34000
66.00000 61.00000
67.00000 63.60000
68.00000 61.00000
69.00000 59.90000
70.00000 57.30000
71.00000 64.10000
72.00000 59.40000
73.00000 53.20000
74.00000 47.90000
75.00000 7.61000
76.00000 49.50000
77.00000 17.30000
78.00000 39.80000
79.00000 27.00000
80.00000 38.80000
81.00000 52.60000
82.00000 52.60000
83.00000 51.10000
84.00000 48.50000
85.00000 49.50000
86.00000 52.60000
87.00000 53.20000
88.00000 54.20000
89.00000 55.20000
90.00000 54.20000
91.00000 18.87000
92.00000 28.60000
93.00000 48.50000
94.00000 51.10000
95.00000 50.60000
96.00000 58.40000
97.00000 59.90000
98.00000 56.80000
99.00000 56.30000
100.00000 51.60000
101.00000 55.80000
102.00000 51.10000
103.00000 56.80000
104.00000 55.80000
105.00000 54.20000
106.00000 51.10000
107.00000 48.50000
108.00000 50.60000
109.00000 48.50000
110.00000 56.80000
111.00000 57.90000
112.00000 53.20000
113.00000 36.70000
114.00000 51.10000
115.00000 54.70000
116.00000 58.90000
117.00000 58.90000
118.00000 46.90000
119.00000 19.91000
120.00000 69.00000
121.00000 69.70000
122.00000 92.10000
123.00000 64.80000
124.00000 71.10000
125.00000 70.00000
126.00000 63.10000
127.00000 58.40000
128.00000 57.90000
129.00000 62.00000
130.00000 58.90000
131.00000 56.30000
132.00000 54.70000
133.00000 52.10000
134.00000 51.10000
135.00000 55.80000
136.00000 53.20000
137.00000 27.50000
138.00000 52.60000
139.00000 54.70000
140.00000 46.40000
141.00000 37.70000
142.00000 52.60000
143.00000 47.40000
144.00000 39.80000
145.00000 25.40000
146.00000 26.00000
147.00000 17.30000
148.00000 15.74000
149.00000 28.00000
150.00000 29.10000
151.00000 37.70000
152.00000 29.60000
153.00000 19.91000
154.00000 17.82000
155.00000 26.50000
156.00000 19.39000
157.00000 25.40000
158.00000 17.30000
159.00000 39.30000
160.00000 38.80000
161.00000 29.10000
162.00000 27.00000
163.00000 25.40000
164.00000 47.90000
165.00000 36.20000
166.00000 36.70000
167.00000 25.40000
168.00000 18.34000
169.00000 36.70000
170.00000 18.87000
171.00000 38.30000
172.00000 26.00000
173.00000 36.20000
174.00000 35.10000
175.00000 28.60000
176.00000 46.90000
177.00000 35.60000
178.00000 48.50000
179.00000 35.10000
180.00000 18.87000
181.00000 37.20000
182.00000 47.40000
183.00000 47.90000
184.00000 36.70000
185.00000 39.80000
186.00000 25.40000
187.00000 54.20000
188.00000 37.70000
189.00000 93.20000
190.00000 70.10000
191.00000 72.20000
192.00000 66.90000
193.00000 66.70000
194.00000 68.80000
195.00000 63.10000
196.00000 62.00000
197.00000 59.40000
198.00000 64.80000
199.00000 69.70000
200.00000 66.70000
201.00000 66.70000
202.00000 54.70000
203.00000 35.60000
204.00000 47.40000
205.00000 47.40000
206.00000 39.80000
207.00000 46.40000
208.00000 25.40000
209.00000 52.10000
210.00000 54.70000
211.00000 52.10000
212.00000 52.10000
213.00000 49.50000
214.00000 50.60000
215.00000 47.40000
216.00000 46.40000
217.00000 45.90000
218.00000 37.70000
219.00000 39.30000
220.00000 39.80000
221.00000 49.50000
222.00000 37.70000
223.00000 26.50000
224.00000 35.60000
225.00000 39.80000
226.00000 36.20000
227.00000 48.50000
228.00000 38.80000
229.00000 27.00000
230.00000 48.50000
231.00000 49.50000
232.00000 39.80000
233.00000 50.60000
234.00000 45.30000
235.00000 36.70000
236.00000 36.70000
237.00000 47.40000
238.00000 45.90000
239.00000 38.30000
240.00000 39.30000
241.00000 47.90000
242.00000 50.00000
243.00000 46.90000
244.00000 17.86000
245.00000 58.30000
246.00000 55.80000
247.00000 55.80000
248.00000 19.92000
249.00000 63.10000
250.00000 46.40000
251.00000 45.30000
252.00000 28.60000
253.00000 50.00000
254.00000 45.90000
255.00000 19.91000
256.00000 54.20000
257.00000 52.60000
258.00000 48.50000
259.00000 45.30000
260.00000 28.00000
261.00000 26.50000
262.00000 35.10000
263.00000 16.26000
264.00000 19.91000
265.00000 47.40000
266.00000 50.00000
267.00000 16.78000
268.00000 9.17000
269.00000 16.26000
270.00000 37.20000
271.00000 39.30000
272.00000 8.65000
273.00000 26.00000
274.00000 15.21000
275.00000 15.74000
276.00000 19.39000
277.00000 27.00000
278.00000 16.78000
279.00000 0.52000
280.00000 1.04000
281.00000 0.52000
282.00000 0.00000
283.00000 19.39000
284.00000 16.26000
285.00000 19.39000
286.00000 19.39000
287.00000 27.00000
288.00000 17.30000
289.00000 16.78000
290.00000 8.13000
291.00000 18.34000
292.00000 0.00000
293.00000 9.69000
294.00000 8.13000
295.00000 8.13000
296.00000 8.65000
297.00000 1.56000
298.00000 0.00000
299.00000 16.26000
