0.000 0.117546
1.000 0.117546
2.000 0.806434
3.000 2.138474
4.000 3.470515
5.000 3.348373
6.000 1.822067
7.000 3.922626
8.000 4.164194
9.000 3.937500
10.000 3.652962
11.000 3.034626
12.000 2.416290
13.000 2.248520
14.000 2.092700
15.000 1.754083
16.000 1.415466
17.000 1.076849
18.000 0.853004
19.000 0.853004
20.000 0.853004
21.000 0.853004
22.000 3.623864
23.000 3.524944
24.000 3.426024
25.000 3.327103
26.000 3.228183
27.000 3.177277
28.000 3.437316
29.000 3.714199
30.000 3.991082
31.000 4.267965
32.000 4.544848
33.000 4.635719
34.000 4.933061
35.000 5.061508
36.000 4.880284
37.000 4.693680
38.000 4.507076
39.000 4.320471
40.000 4.144371
41.000 4.124242
42.000 4.029370
43.000 3.934497
44.000 3.839625
45.000 3.744752
46.000 3.676720
47.000 3.332929
48.000 2.874916
49.000 2.814376
50.000 2.682816
51.000 2.551256
52.000 2.419696
53.000 2.288136
54.000 2.242310
55.000 2.491556
56.000 3.013565
57.000 3.005736
58.000 2.988382
59.000 2.971028
60.000 2.953674
61.000 2.936320
62.000 2.925560
63.000 3.051515
64.000 3.233750
65.000 3.415985
66.000 3.598220
67.000 3.780455
68.000 3.827446
69.000 3.432660
70.000 3.260521
71.000 3.506021
72.000 3.769385
73.000 4.032750
74.000 4.296114
75.000 4.559478
76.000 4.545350
77.000 4.075245
78.000 3.605140
79.000 3.135034
80.000 2.664929
81.000 2.465866
82.000 3.174172
83.000 4.740640
84.000 4.652705
85.000 4.194434
86.000 3.736163
87.000 3.277892
88.000 2.819621
89.000 2.577911
90.000 2.607675
91.000 2.650552
92.000 2.693430
93.000 2.736307
94.000 2.779184
95.000 2.803871
96.000 2.689398
97.000 2.628120
98.000 2.905507
99.000 3.302244
100.000 3.698982
101.000 4.095720
102.000 4.492458
103.000 4.704163
104.000 1.580803
105.000 1.580803
106.000 1.917476
107.000 2.263077
108.000 2.608678
109.000 2.954279
110.000 3.299880
111.000 3.261437
112.000 2.876203
113.000 2.490970
114.000 2.105737
115.000 1.720504
116.000 1.679993
117.000 2.573284
118.000 4.221725
119.000 4.162892
120.000 4.035041
121.000 3.907189
122.000 3.779338
123.000 3.651486
124.000 3.583099
125.000 3.591852
126.000 3.604370
127.000 3.616889
128.000 3.629408
129.000 3.641926
130.000 3.644524
131.000 4.225463
132.000 4.433113
133.000 3.836785
134.000 3.202507
135.000 2.568228
136.000 2.084702
137.000 2.084702
138.000 2.203734
139.000 2.767423
140.000 3.331112
141.000 3.894800
142.000 4.458489
143.000 4.915321
144.000 4.557684
145.000 3.994759
146.000 3.772215
147.000 3.265477
148.000 2.758738
149.000 2.251999
150.000 2.075874
151.000 2.075874
152.000 2.356997
153.000 2.967913
154.000 3.578828
155.000 4.189743
156.000 4.800658
157.000 4.937935
158.000 3.825035
159.000 3.825035
160.000 3.862003
161.000 3.901660
162.000 3.941318
163.000 3.980975
164.000 4.011932
165.000 4.011932
166.000 2.238197
167.000 2.238197
168.000 2.199474
169.000 2.157933
170.000 2.116392
171.000 2.074851
172.000 2.043785
173.000 2.118460
174.000 2.554727
175.000 2.990993
176.000 3.427260
177.000 3.863527
178.000 4.299794
179.000 3.709237
180.000 2.811371
181.000 2.953661
182.000 3.273295
183.000 3.592928
184.000 3.912561
185.000 4.232194
186.000 4.461876
187.000 4.389375
188.000 4.284631
189.000 4.179887
190.000 4.075143
191.000 3.970399
192.000 3.922104
193.000 4.319687
194.000 4.544128
195.000 4.271406
196.000 3.988549
197.000 3.705691
198.000 3.422833
199.000 3.139976
200.000 3.025286
201.000 3.203531
202.000 3.381776
203.000 3.560022
204.000 3.738267
205.000 3.916512
206.000 4.143563
207.000 4.525474
208.000 4.576472
209.000 4.391450
210.000 4.206428
211.000 4.021405
212.000 3.836383
213.000 3.651361
214.000 4.421362
215.000 5.446495
216.000 4.964582
217.000 4.268343
218.000 3.572104
219.000 2.875866
220.000 2.179627
221.000 2.001060
222.000 2.268035
223.000 2.554745
224.000 2.841455
225.000 3.128165
226.000 3.243568
227.000 3.287598
228.000 3.525360
229.000 3.502575
230.000 3.389313
231.000 3.276050
232.000 3.162787
233.000 3.049524
234.000 2.973495
235.000 3.006299
236.000 3.196829
237.000 3.387360
238.000 3.577891
239.000 3.768422
240.000 3.873268
241.000 4.556479
242.000 5.551018
243.000 5.353266
244.000 4.915924
245.000 4.478582
246.000 4.041240
247.000 3.603898
248.000 3.414833
249.000 3.545736
250.000 3.726750
251.000 3.907763
252.000 4.088777
253.000 4.269790
254.000 4.346107
255.000 3.631616
256.000 3.396011
257.000 3.447265
258.000 3.521313
259.000 3.595361
260.000 3.669410
261.000 3.743458
262.000 3.817506
263.000 3.891554
264.000 3.901421
265.000 1.933235
266.000 2.042163
267.000 2.872615
268.000 3.703067
269.000 4.252884
270.000 4.076733
271.000 3.053595
272.000 2.030458
273.000 1.007320
274.000 0.976616
275.000 0.976616
276.000 2.346218
277.000 2.688904
278.000 2.884141
279.000 3.316880
280.000 3.749618
281.000 4.182357
282.000 4.615095
283.000 4.874207
284.000 4.937583
285.000 5.077743
286.000 5.217904
287.000 5.358065
288.000 5.498226
289.000 5.559982
290.000 2.864914
291.000 2.864914
292.000 3.102487
293.000 3.357896
294.000 3.613304
295.000 3.868713
296.000 4.124122
297.000 4.167501
298.000 4.312702
299.000 4.457903
300.000 4.603105
301.000 4.748306
302.000 4.842522
303.000 4.893570
304.000 5.002647
305.000 4.697817
306.000 4.023661
307.000 3.349506
308.000 2.675351
309.000 2.381042
310.000 2.381042
311.000 2.305235
312.000 2.195713
313.000 2.086191
314.000 1.976669
315.000 1.935928
316.000 1.935928
317.000 2.065178
318.000 2.065178
319.000 2.350598
320.000 2.654181
321.000 2.957765
322.000 3.261349
323.000 3.564933
324.000 3.714371
325.000 3.319527
326.000 3.319527
327.000 3.220035
328.000 3.112960
329.000 3.005884
330.000 2.898808
331.000 2.880890
332.000 2.880890
333.000 3.114180
334.000 3.362316
335.000 3.610452
336.000 3.858589
337.000 4.071983
338.000 3.977844
339.000 3.534141
340.000 3.329529
341.000 3.416459
342.000 3.503389
343.000 3.590319
344.000 3.677249
345.000 3.764179
346.000 3.810196
347.000 3.810196
348.000 3.810196
349.000 3.810196
350.000 3.810196
351.000 3.810196
352.000 3.499702
353.000 3.499702
354.000 3.477046
355.000 3.444360
356.000 3.411674
357.000 3.392662
358.000 3.392662
359.000 3.392662
