0.000 0.107414
1.000 0.107414
2.000 0.921394
3.000 1.962631
4.000 2.218552
5.000 3.163643
6.000 3.163643
7.000 3.152214
8.000 3.152214
9.000 3.169755
10.000 3.150513
11.000 3.146660
12.000 3.146660
13.000 2.885994
14.000 2.885994
15.000 1.156250
16.000 1.156250
17.000 1.156250
18.000 1.265307
19.000 1.773284
20.000 2.281261
21.000 3.124184
22.000 3.124184
23.000 3.098816
24.000 3.246262
25.000 3.205276
26.000 3.205276
27.000 2.115891
28.000 2.115891
29.000 2.115891
30.000 2.115891
31.000 2.269318
32.000 2.269318
33.000 2.269318
34.000 3.091278
35.000 3.091278
36.000 3.091278
37.000 3.091278
38.000 3.016617
39.000 2.813008
40.000 2.609399
41.000 2.405791
42.000 2.202182
43.000 1.998573
44.000 1.794964
45.000 1.591356
46.000 1.387747
47.000 1.184138
48.000 1.173073
49.000 1.026733
50.000 1.026733
51.000 1.026733
52.000 2.029876
53.000 2.505886
54.000 2.955559
55.000 3.184746
56.000 3.184746
57.000 3.230001
58.000 3.244980
59.000 3.181259
60.000 3.279335
61.000 3.279335
62.000 3.198677
63.000 3.198677
64.000 3.080986
65.000 3.080986
66.000 3.080986
67.000 3.080986
68.000 3.052696
69.000 3.138248
70.000 3.162254
71.000 3.162254
72.000 3.270554
73.000 3.270554
74.000 3.319273
75.000 3.326920
76.000 3.087746
77.000 3.087746
78.000 3.127947
79.000 3.135689
80.000 3.271828
81.000 3.269316
82.000 3.252594
83.000 3.252594
84.000 3.252594
85.000 2.906776
86.000 2.906776
87.000 3.020549
88.000 2.957655
89.000 2.862387
90.000 3.013466
91.000 3.259178
92.000 3.259178
93.000 2.689060
94.000 2.669029
95.000 2.961135
96.000 3.023476
97.000 3.038305
98.000 2.874428
99.000 3.206902
100.000 3.047836
101.000 3.222961
102.000 2.906448
103.000 2.920873
104.000 2.931870
105.000 3.244232
106.000 3.218513
107.000 3.131691
108.000 3.201080
109.000 3.201080
110.000 2.875931
111.000 2.875931
112.000 2.875931
113.000 2.875931
114.000 2.875931
115.000 2.981468
116.000 2.981468
117.000 2.981468
118.000 2.981468
119.000 3.224842
120.000 3.220679
121.000 3.216516
122.000 3.212353
123.000 3.208190
124.000 3.207535
125.000 3.182213
126.000 3.182213
127.000 3.171448
128.000 2.901443
129.000 2.901443
130.000 3.053162
131.000 3.111511
132.000 2.569901
133.000 2.980110
134.000 2.980110
135.000 3.188637
136.000 3.188637
137.000 3.187544
138.000 3.183077
139.000 3.182152
140.000 3.181195
141.000 3.174246
142.000 3.124146
143.000 2.995789
144.000 2.847137
145.000 2.749644
146.000 2.573082
147.000 2.573082
148.000 2.724434
149.000 2.930537
150.000 3.139267
151.000 3.139267
152.000 3.172455
153.000 3.172455
154.000 2.995361
155.000 2.987312
156.000 3.001609
157.000 3.214211
158.000 3.266182
159.000 3.149040
160.000 2.924802
161.000 3.042526
162.000 3.270241
163.000 3.167404
164.000 3.058090
165.000 3.091217
166.000 3.281746
167.000 3.164401
168.000 3.016181
169.000 2.818069
170.000 3.115642
171.000 3.191841
172.000 3.117851
173.000 3.184799
174.000 2.698303
175.000 2.807823
176.000 3.306351
177.000 3.275833
178.000 3.211135
179.000 3.121315
180.000 2.869690
181.000 2.878738
182.000 3.146538
183.000 3.146538
184.000 3.193954
185.000 3.193954
186.000 3.193954
187.000 2.327537
188.000 2.122012
189.000 1.916488
190.000 1.710963
191.000 1.528000
192.000 2.554932
193.000 3.132568
194.000 2.599052
195.000 1.994560
196.000 1.677216
197.000 1.677216
198.000 1.565529
199.000 1.565529
200.000 1.565529
201.000 2.122986
202.000 2.950607
203.000 2.950607
204.000 2.809738
205.000 3.106812
206.000 3.078598
207.000 1.837730
208.000 1.837730
209.000 1.768288
210.000 1.768288
211.000 1.914894
212.000 1.914894
213.000 1.836559
214.000 1.810570
215.000 1.810570
216.000 3.265739
217.000 3.265739
218.000 1.695595
219.000 1.695595
220.000 2.171797
221.000 2.971725
222.000 2.971725
223.000 3.208046
224.000 3.284264
225.000 3.280965
226.000 3.262383
227.000 3.015602
228.000 2.756973
229.000 2.756973
230.000 2.120651
231.000 2.014517
232.000 1.732559
233.000 1.732559
234.000 1.732559
235.000 1.718079
236.000 1.718079
237.000 1.505783
238.000 1.505783
239.000 2.139998
240.000 3.166672
241.000 2.801598
242.000 3.232895
243.000 1.418724
244.000 1.418724
245.000 1.418724
246.000 1.407135
247.000 1.407135
248.000 1.407135
249.000 1.718920
250.000 1.787910
251.000 1.787910
252.000 1.962181
253.000 1.962181
254.000 1.575588
255.000 1.528152
256.000 1.528152
257.000 1.528152
258.000 1.805435
259.000 1.805435
260.000 1.805435
261.000 2.504285
262.000 3.242180
263.000 3.000603
264.000 3.296310
265.000 3.138675
266.000 3.085436
267.000 2.914070
268.000 1.955070
269.000 1.955070
270.000 3.166962
271.000 3.166962
272.000 3.055400
273.000 2.854755
274.000 2.796364
275.000 3.193199
276.000 3.193199
277.000 3.235863
278.000 2.920644
279.000 1.505781
280.000 1.460831
281.000 1.460831
282.000 1.460831
283.000 1.460831
284.000 1.460831
285.000 1.460831
286.000 1.460831
287.000 2.226864
288.000 2.760120
289.000 3.284546
290.000 3.252953
291.000 3.244904
292.000 2.997238
293.000 1.857872
294.000 1.857872
295.000 2.327945
296.000 3.204964
297.000 3.168656
298.000 2.570303
299.000 2.039192
300.000 3.081337
301.000 3.186455
302.000 3.186455
303.000 3.185936
304.000 3.221110
305.000 3.286407
306.000 3.286407
307.000 3.190239
308.000 3.149408
309.000 3.100578
310.000 3.097679
311.000 3.097679
312.000 3.101568
313.000 3.105820
314.000 3.176018
315.000 3.248314
316.000 2.956635
317.000 2.930595
318.000 3.215332
319.000 3.199326
320.000 3.199326
321.000 3.246666
322.000 3.133324
323.000 3.133324
324.000 3.049324
325.000 3.049324
326.000 3.070152
327.000 3.070152
328.000 2.987879
329.000 2.911812
330.000 2.911812
331.000 3.173882
332.000 3.173882
333.000 3.229530
334.000 3.166698
335.000 3.111053
336.000 3.241623
337.000 3.241623
338.000 3.055717
339.000 3.055717
340.000 3.174065
341.000 3.174065
342.000 3.130514
343.000 3.027481
344.000 2.925133
345.000 2.925133
346.000 3.091133
347.000 3.099227
348.000 3.192017
349.000 3.186356
350.000 3.121307
351.000 3.235359
352.000 3.235359
353.000 3.190994
354.000 3.190994
355.000 3.147701
356.000 3.137466
357.000 3.135122
358.000 3.134575
359.000 3.239935
