0.000 0.405861
1.000 0.405861
2.000 1.032341
3.000 1.032341
4.000 1.802017
5.000 1.802017
6.000 1.794759
7.000 1.786766
8.000 1.786766
9.000 1.881836
10.000 1.946770
11.000 1.946770
12.000 1.837799
13.000 2.270714
14.000 2.536835
15.000 1.823715
16.000 1.823715
17.000 4.304284
18.000 6.668976
19.000 8.429249
20.000 10.379684
21.000 5.123597
22.000 0.384941
23.000 0.384941
24.000 0.384941
25.000 0.384941
26.000 0.384941
27.000 0.384941
28.000 0.384941
29.000 6.829485
30.000 5.261902
31.000 10.070603
32.000 15.663620
33.000 5.170708
34.000 0.589577
35.000 0.589577
36.000 0.589577
37.000 0.589577
38.000 0.589577
39.000 0.589577
40.000 0.589577
41.000 2.193047
42.000 2.193047
43.000 1.451958
44.000 1.356377
45.000 1.356377
46.000 1.895058
47.000 1.895058
48.000 1.872154
49.000 1.872154
50.000 1.828941
51.000 1.828941
52.000 1.891357
53.000 1.891357
54.000 1.896154
55.000 1.899185
56.000 1.899185
57.000 1.904259
58.000 1.808678
59.000 1.808678
60.000 1.808678
61.000 1.852628
62.000 1.901475
63.000 2.021581
64.000 1.796211
65.000 2.714853
66.000 3.783328
67.000 4.083625
68.000 4.400426
69.000 5.075107
70.000 5.821564
71.000 5.873979
72.000 5.928878
73.000 5.932739
74.000 5.932739
75.000 5.701248
76.000 5.432935
77.000 5.844821
78.000 6.341837
79.000 6.599451
80.000 6.861778
81.000 6.883156
82.000 6.883156
83.000 6.843047
84.000 6.796559
85.000 7.075350
86.000 7.402277
87.000 7.428986
88.000 7.428986
89.000 7.568422
90.000 7.730038
91.000 7.743752
92.000 7.743752
93.000 7.865485
94.000 8.006910
95.000 8.019371
96.000 8.019371
97.000 8.019371
98.000 8.019371
99.000 8.086007
100.000 8.163002
101.000 9.089830
102.000 10.155433
103.000 10.116076
104.000 9.961427
105.000 9.920575
106.000 9.885161
107.000 9.882027
108.000 9.882027
109.000 10.016537
110.000 10.172442
111.000 10.186035
112.000 10.186035
113.000 10.609419
114.000 11.100146
115.000 11.144386
116.000 11.144386
117.000 11.574068
118.000 12.071519
119.000 12.118492
120.000 12.118492
121.000 12.118492
122.000 12.118492
123.000 12.118492
124.000 12.118492
125.000 12.283361
126.000 12.474453
127.000 12.493134
128.000 12.493134
129.000 12.400873
130.000 12.293689
131.000 12.283417
132.000 12.283417
133.000 12.401642
134.000 12.538513
135.000 12.551003
136.000 12.551003
137.000 12.551003
138.000 12.551003
139.000 12.551003
140.000 12.551003
141.000 12.551003
142.000 12.551003
143.000 12.684887
144.000 12.839887
145.000 12.855164
146.000 12.855164
147.000 12.918055
148.000 12.990949
149.000 12.998024
150.000 12.998024
151.000 12.998024
152.000 12.998024
153.000 12.998024
154.000 12.998024
155.000 12.998024
156.000 12.998024
157.000 12.738845
158.000 12.438790
159.000 12.409912
160.000 12.409912
161.000 12.635361
162.000 12.899116
163.000 6.316223
164.000 1.660896
165.000 1.660896
166.000 1.660896
167.000 1.660896
168.000 1.660896
169.000 4.757204
170.000 1.903924
171.000 1.863457
172.000 1.880638
173.000 1.880638
174.000 1.813751
175.000 1.813751
176.000 1.891722
177.000 1.904274
178.000 1.896631
179.000 1.859184
180.000 1.904556
181.000 1.625113
182.000 1.573845
183.000 1.822853
184.000 1.822853
185.000 1.836082
186.000 1.846611
187.000 2.490413
188.000 3.541058
189.000 4.042644
190.000 4.495479
191.000 4.941401
192.000 5.485049
193.000 4.025893
194.000 1.467499
195.000 1.467499
196.000 1.467499
197.000 1.467499
198.000 1.467499
199.000 1.845573
200.000 1.845573
201.000 1.845573
202.000 1.790572
203.000 1.776230
204.000 1.776230
205.000 1.952019
206.000 1.952019
207.000 2.153573
208.000 3.215927
209.000 3.215927
210.000 2.235017
211.000 1.891914
212.000 1.891914
213.000 1.910957
214.000 1.900345
215.000 1.900345
216.000 1.933449
217.000 1.933449
218.000 1.933449
219.000 1.930794
220.000 1.930794
221.000 0.974960
222.000 0.974960
223.000 0.974960
224.000 0.974960
225.000 0.974960
226.000 1.489479
227.000 1.489479
228.000 1.489479
229.000 1.730907
230.000 1.984406
231.000 1.984406
232.000 1.721657
233.000 1.861965
234.000 1.958717
235.000 1.918961
236.000 1.912865
237.000 1.922607
238.000 1.902794
239.000 1.902794
240.000 1.735519
241.000 1.735519
242.000 1.898102
243.000 1.898102
244.000 1.857712
245.000 1.857712
246.000 1.857712
247.000 1.379906
248.000 1.379906
249.000 1.379906
250.000 1.883141
251.000 1.883141
252.000 1.883141
253.000 1.883141
254.000 2.064952
255.000 1.928234
256.000 1.863419
257.000 1.863419
258.000 1.862033
259.000 1.855865
260.000 1.855865
261.000 1.826218
262.000 1.826218
263.000 1.832871
264.000 1.837128
265.000 1.806847
266.000 1.853798
267.000 1.853798
268.000 1.853798
269.000 2.114840
270.000 2.467710
271.000 2.610649
272.000 1.904205
273.000 1.904205
274.000 1.045776
275.000 1.045776
276.000 1.045776
277.000 1.919807
278.000 1.919807
279.000 1.944801
280.000 1.944801
281.000 1.874802
282.000 1.874802
283.000 1.903603
284.000 1.903603
285.000 1.519127
286.000 1.519127
287.000 1.561837
288.000 1.893521
289.000 1.895676
290.000 1.895676
291.000 1.802170
292.000 1.802170
293.000 1.914352
294.000 1.914352
295.000 1.871945
296.000 1.759390
297.000 1.730995
298.000 1.848640
299.000 1.951309
300.000 1.886872
301.000 1.874588
302.000 1.832703
303.000 1.832703
304.000 1.839836
305.000 1.841957
306.000 1.841957
307.000 1.923622
308.000 1.923622
309.000 1.906959
310.000 1.858772
311.000 1.858772
312.000 1.873268
313.000 1.523140
314.000 1.523140
315.000 2.690750
316.000 2.284339
317.000 1.532036
318.000 1.848030
319.000 1.848030
320.000 1.911621
321.000 1.908941
322.000 1.864091
323.000 1.848381
324.000 1.848381
325.000 1.884422
326.000 1.884422
327.000 1.875114
328.000 1.875114
329.000 1.886810
330.000 1.886810
331.000 1.902878
332.000 1.902878
333.000 1.789513
334.000 1.789513
335.000 1.913345
336.000 1.913345
337.000 1.922210
338.000 1.926498
339.000 1.926498
340.000 1.820854
341.000 1.820854
342.000 1.862854
343.000 1.862854
344.000 1.812000
345.000 1.782738
346.000 1.782738
347.000 1.807190
348.000 1.882607
349.000 1.882607
350.000 1.783718
351.000 1.898293
352.000 1.479362
353.000 1.479362
354.000 1.479362
355.000 1.479362
356.000 1.479362
357.000 1.832741
358.000 1.818329
359.000 1.818329
