0.000 0.277657
1.000 0.277657
2.000 0.277657
3.000 0.277657
4.000 0.277657
5.000 0.277657
6.000 0.277657
7.000 0.277657
8.000 0.277657
9.000 0.277657
10.000 5.365898
11.000 5.991814
12.000 4.591927
13.000 5.488785
14.000 5.153839
15.000 4.570137
16.000 5.729907
17.000 6.530815
18.000 5.769851
19.000 5.768478
20.000 2.747246
21.000 2.833436
22.000 5.679146
23.000 5.311540
24.000 5.269966
25.000 5.315080
26.000 5.428017
27.000 5.545830
28.000 5.234344
29.000 5.459465
30.000 5.302711
31.000 4.974014
32.000 5.391632
33.000 5.493896
34.000 4.870277
35.000 4.871710
36.000 4.874306
37.000 5.357868
38.000 5.851593
39.000 5.711223
40.000 5.622124
41.000 5.586658
42.000 5.573158
43.000 5.555564
44.000 5.545990
45.000 5.516017
46.000 5.506554
47.000 5.329746
48.000 5.276993
49.000 5.470323
50.000 5.581673
51.000 5.348288
52.000 5.202065
53.000 5.035767
54.000 5.035767
55.000 5.431607
56.000 5.562256
57.000 5.590441
58.000 5.606255
59.000 5.408182
60.000 5.246010
61.000 5.169133
62.000 5.119095
63.000 5.388785
64.000 5.573303
65.000 5.550702
66.000 5.533127
67.000 5.546187
68.000 5.555260
69.000 5.453194
70.000 5.412094
71.000 5.199903
72.000 5.078979
73.000 5.647072
74.000 5.647072
75.000 5.225473
76.000 5.130089
77.000 4.942427
78.000 4.878014
79.000 4.842849
80.000 4.838737
81.000 4.964434
82.000 5.017670
83.000 5.489483
84.000 5.772591
85.000 3.397697
86.000 3.397697
87.000 4.705233
88.000 5.532532
89.000 5.312896
90.000 5.168037
91.000 5.084360
92.000 5.026489
93.000 5.018480
94.000 5.012436
95.000 5.428437
96.000 5.781746
97.000 5.625500
98.000 5.478867
99.000 5.090831
100.000 4.709198
101.000 5.242640
102.000 5.981728
103.000 5.759217
104.000 5.533684
105.000 5.671152
106.000 5.823029
107.000 5.700870
108.000 5.590439
109.000 5.311011
110.000 5.147499
111.000 5.404081
112.000 5.599525
113.000 5.772605
114.000 5.886528
115.000 5.369147
116.000 5.360733
117.000 5.304665
118.000 5.280853
119.000 5.347829
120.000 5.365875
121.000 5.476039
122.000 5.509468
123.000 4.968387
124.000 4.885551
125.000 5.253935
126.000 5.624954
127.000 5.429522
128.000 5.267380
129.000 5.102067
130.000 4.975807
131.000 5.221214
132.000 5.452492
133.000 5.530248
134.000 5.606171
135.000 5.584517
136.000 5.566490
137.000 5.203667
138.000 4.925964
139.000 5.116788
140.000 5.390419
141.000 5.312805
142.000 5.226173
143.000 5.082654
144.000 4.969833
145.000 4.768521
146.000 4.648651
147.000 4.732799
148.000 4.808334
149.000 4.910086
150.000 5.016434
151.000 5.091353
152.000 5.155983
153.000 4.997039
154.000 4.890549
155.000 5.256448
156.000 5.556633
157.000 5.473983
158.000 5.368828
159.000 5.435462
160.000 5.525063
161.000 5.397385
162.000 5.227921
163.000 5.388663
164.000 5.575844
165.000 5.404266
166.000 5.208702
167.000 5.095507
168.000 5.039894
169.000 5.076727
170.000 5.092155
171.000 4.967451
172.000 4.824783
173.000 5.147308
174.000 5.416214
175.000 5.358834
176.000 5.302643
177.000 5.176261
178.000 5.100403
179.000 4.964433
180.000 4.901291
181.000 5.280736
182.000 5.385193
183.000 5.463422
184.000 5.534309
185.000 4.841387
186.000 4.417839
187.000 4.659269
188.000 4.812691
189.000 4.838346
190.000 4.850769
191.000 4.998487
192.000 5.128143
193.000 5.365984
194.000 5.566116
195.000 5.024054
196.000 4.924706
197.000 5.415917
198.000 5.760635
199.000 5.618805
200.000 5.456177
201.000 5.561100
202.000 5.676384
203.000 5.632120
204.000 5.596512
205.000 5.304181
206.000 5.099144
207.000 5.387518
208.000 5.592506
209.000 5.294815
210.000 5.068336
211.000 5.001660
212.000 4.935387
213.000 5.474251
214.000 5.769852
215.000 5.105409
216.000 4.762726
217.000 5.100063
218.000 5.418625
219.000 5.280212
220.000 5.114944
221.000 5.073065
222.000 5.052795
223.000 5.236876
224.000 5.268768
225.000 5.438661
226.000 5.600845
227.000 5.272612
228.000 5.020996
229.000 5.236148
230.000 5.389107
231.000 5.519619
232.000 5.695435
233.000 5.629784
234.000 5.547043
235.000 5.222661
236.000 4.948051
237.000 5.178911
238.000 5.448792
239.000 4.905222
240.000 4.309700
241.000 4.629830
242.000 5.050972
243.000 5.275508
244.000 5.457550
245.000 5.524250
246.000 5.609337
247.000 5.191313
248.000 4.934258
249.000 5.201169
250.000 5.409134
251.000 5.124194
252.000 4.815819
253.000 5.072253
254.000 5.542580
255.000 5.568050
256.000 5.617798
257.000 5.589586
258.000 5.547676
259.000 5.398510
260.000 5.131004
261.000 5.189533
262.000 5.294189
263.000 5.331144
264.000 5.380013
265.000 5.479995
266.000 5.650391
267.000 5.306607
268.000 4.902634
269.000 5.159167
270.000 5.491936
271.000 5.549793
272.000 5.654037
273.000 5.448737
274.000 5.152382
275.000 5.259829
276.000 5.390671
277.000 5.483202
278.000 5.602097
279.000 5.611997
280.000 5.626053
281.000 5.346352
282.000 5.024673
283.000 5.238609
284.000 5.487404
285.000 5.520304
286.000 5.574638
287.000 5.439543
288.000 5.276733
289.000 5.445298
290.000 5.599380
291.000 4.739586
292.000 4.556664
293.000 5.351412
294.000 5.426544
295.000 5.513690
296.000 5.582230
297.000 5.196658
298.000 4.907562
299.000 5.069964
300.000 5.308426
301.000 5.337188
302.000 5.389832
303.000 5.436549
304.000 5.513344
305.000 5.583222
306.000 5.671349
307.000 5.606697
308.000 5.484093
309.000 5.306932
310.000 5.218582
311.000 5.244669
312.000 5.273445
313.000 4.950417
314.000 4.534500
315.000 4.765871
316.000 5.289497
317.000 5.357385
318.000 5.489983
319.000 5.258992
320.000 5.033195
321.000 4.908472
322.000 4.737381
323.000 4.815773
324.000 4.919472
325.000 5.304586
326.000 5.598717
327.000 5.561387
328.000 5.504372
329.000 5.179817
330.000 4.838486
331.000 4.906916
332.000 4.991364
333.000 5.127298
334.000 5.325798
335.000 5.376832
336.000 5.475754
337.000 5.468511
338.000 5.456314
339.000 5.042839
340.000 4.625290
341.000 4.980793
342.000 5.657791
343.000 4.963657
344.000 4.837257
345.000 5.241298
346.000 5.835388
347.000 5.592887
348.000 5.208801
349.000 5.307763
350.000 5.524490
351.000 5.541374
352.000 5.569229
353.000 5.585276
354.000 5.620453
355.000 5.183458
356.000 4.447266
357.000 4.878120
358.000 5.478432
359.000 5.385727
