0.000 0.300217
1.000 0.300217
2.000 3.335785
3.000 3.710316
4.000 3.441887
5.000 1.805977
6.000 1.805977
7.000 3.175476
8.000 3.296692
9.000 3.296692
10.000 3.169296
11.000 3.169296
12.000 3.396240
13.000 3.473274
14.000 3.492378
15.000 3.840912
16.000 5.232086
17.000 3.940635
18.000 3.351814
19.000 5.601417
20.000 7.532257
21.000 6.001247
22.000 3.351360
23.000 3.307667
24.000 3.285950
25.000 3.374619
26.000 3.200157
27.000 3.276379
28.000 4.576035
29.000 3.327112
30.000 4.014328
31.000 3.372551
32.000 3.372551
33.000 3.437096
34.000 3.437096
35.000 3.437096
36.000 3.273361
37.000 3.273361
38.000 2.909729
39.000 2.909729
40.000 3.400459
41.000 3.400459
42.000 3.381142
43.000 3.381142
44.000 3.378780
45.000 3.365507
46.000 3.352234
47.000 3.338962
48.000 3.338547
49.000 3.395714
50.000 3.395714
51.000 3.249596
52.000 3.249596
53.000 3.366982
54.000 3.366982
55.000 3.366982
56.000 3.022560
57.000 3.022560
58.000 3.052121
59.000 3.287460
60.000 2.435654
61.000 2.435654
62.000 4.022308
63.000 2.958725
64.000 3.140060
65.000 3.206490
66.000 3.344490
67.000 3.281929
68.000 3.315369
69.000 3.315369
70.000 3.403442
71.000 3.403442
72.000 3.354881
73.000 3.244001
74.000 3.209030
75.000 3.209030
76.000 3.335876
77.000 3.335876
78.000 3.429184
79.000 3.429184
80.000 3.319734
81.000 3.383804
82.000 3.383804
83.000 3.242363
84.000 3.428070
85.000 3.428070
86.000 3.428070
87.000 3.135190
88.000 3.054710
89.000 3.054710
90.000 3.319633
91.000 3.319633
92.000 3.392353
93.000 3.501526
94.000 3.501526
95.000 3.325623
96.000 3.403564
97.000 3.403564
98.000 2.977356
99.000 3.110443
100.000 3.110443
101.000 3.070290
102.000 3.067598
103.000 3.058617
104.000 3.058617
105.000 3.058617
106.000 3.149727
107.000 3.149727
108.000 3.149727
109.000 3.205299
110.000 3.205299
111.000 3.227486
112.000 3.297018
113.000 3.384720
114.000 3.319122
115.000 3.319122
116.000 3.246468
117.000 3.279282
118.000 3.279282
119.000 3.279282
120.000 3.529615
121.000 4.294800
122.000 4.294800
123.000 3.385857
124.000 3.385857
125.000 3.385857
126.000 3.387573
127.000 3.387573
128.000 3.387573
129.000 3.391287
130.000 3.391495
131.000 3.391495
132.000 3.071739
133.000 3.071739
134.000 3.263603
135.000 3.263603
136.000 3.284165
137.000 3.371620
138.000 3.371620
139.000 3.515686
140.000 3.515686
141.000 3.515686
142.000 3.287445
143.000 3.287445
144.000 3.287445
145.000 3.287445
146.000 3.377023
147.000 3.450508
148.000 3.450508
149.000 3.075203
150.000 3.075203
151.000 3.125636
152.000 3.263448
153.000 3.349602
154.000 3.296707
155.000 3.261757
156.000 3.289291
157.000 3.394775
158.000 3.394775
159.000 3.394775
160.000 3.389173
161.000 3.385944
162.000 3.384247
163.000 3.384247
164.000 3.384247
165.000 3.277812
166.000 3.166008
167.000 3.476540
168.000 3.412883
169.000 3.234039
170.000 3.290237
171.000 3.428047
172.000 3.428047
173.000 3.161736
174.000 3.161736
175.000 3.428238
176.000 3.428238
177.000 4.373833
178.000 4.373833
179.000 3.174538
180.000 3.297104
181.000 3.297104
182.000 3.415135
183.000 3.431870
184.000 3.358719
185.000 3.358719
186.000 3.167381
187.000 3.167381
188.000 3.418922
189.000 3.271023
190.000 2.025017
191.000 2.025017
192.000 2.025017
193.000 2.025017
194.000 2.025017
195.000 3.245888
196.000 3.245888
197.000 3.245888
198.000 3.245888
199.000 3.405899
200.000 3.405899
201.000 3.405899
202.000 3.169206
203.000 2.886063
204.000 2.886063
205.000 2.399720
206.000 2.073296
207.000 1.877640
208.000 1.877640
209.000 3.021912
210.000 3.404022
211.000 3.397842
212.000 3.329727
213.000 3.329727
214.000 2.952065
215.000 2.952065
216.000 3.249962
217.000 3.249962
218.000 3.352570
219.000 3.352570
220.000 3.020496
221.000 2.810753
222.000 2.810753
223.000 3.195714
224.000 3.410538
225.000 4.250165
226.000 4.899895
227.000 3.378143
228.000 3.378143
229.000 3.395042
230.000 3.313259
231.000 3.281326
232.000 3.315150
233.000 3.324905
234.000 3.324905
235.000 3.324905
236.000 3.306416
237.000 3.282097
238.000 3.348732
239.000 3.348732
240.000 3.294037
241.000 3.294037
242.000 3.294037
243.000 3.306862
244.000 3.310745
245.000 3.310745
246.000 3.310745
247.000 3.301506
248.000 3.301506
249.000 3.445564
250.000 3.445564
251.000 3.445564
252.000 3.291909
253.000 3.198486
254.000 3.439209
255.000 3.439209
256.000 3.405914
257.000 3.405914
258.000 3.299049
259.000 3.299049
260.000 5.331322
261.000 5.095621
262.000 3.247841
263.000 3.247841
264.000 3.408707
265.000 3.408707
266.000 3.397194
267.000 3.397194
268.000 3.396248
269.000 3.395592
270.000 3.395592
271.000 3.381402
272.000 3.370211
273.000 3.341202
274.000 3.263906
275.000 3.249992
276.000 3.398238
277.000 3.399345
278.000 3.228188
279.000 3.228188
280.000 3.294830
281.000 3.294830
282.000 3.260522
283.000 3.231461
284.000 6.264431
285.000 3.169250
286.000 3.169250
287.000 3.169250
288.000 3.214684
289.000 2.346642
290.000 2.346642
291.000 2.346642
292.000 2.346642
293.000 2.346642
294.000 2.346642
295.000 3.239575
296.000 3.249725
297.000 3.249725
298.000 3.249725
299.000 3.207920
300.000 3.020790
301.000 3.020790
302.000 3.020790
303.000 3.281979
304.000 3.312309
305.000 3.316353
306.000 3.317955
307.000 3.480812
308.000 3.237404
309.000 3.237404
310.000 3.091927
311.000 3.091927
312.000 3.335060
313.000 3.335060
314.000 3.335899
315.000 3.335899
316.000 3.327232
317.000 3.327232
318.000 3.327232
319.000 3.357828
320.000 3.358231
321.000 3.358231
322.000 3.385002
323.000 3.440548
324.000 3.447083
325.000 3.447083
326.000 3.131615
327.000 3.131615
328.000 3.101936
329.000 3.101936
330.000 3.101936
331.000 3.257458
332.000 3.311745
333.000 3.304604
334.000 3.304604
335.000 3.361726
336.000 3.363808
337.000 3.466599
338.000 3.466599
339.000 2.154884
340.000 2.154884
341.000 2.154884
342.000 2.154884
343.000 3.447502
344.000 3.450279
345.000 3.450279
346.000 3.160591
347.000 3.160591
348.000 3.353973
349.000 3.353973
350.000 3.257927
351.000 3.257927
352.000 3.383224
353.000 3.383224
354.000 3.403229
355.000 3.403229
356.000 3.403229
357.000 3.476934
358.000 3.500542
359.000 3.500542
