0.000 0.325432
1.000 4.631454
2.000 4.119629
3.000 4.388397
4.000 4.301956
5.000 4.488571
6.000 3.138603
7.000 4.775314
8.000 3.863281
9.000 4.510697
10.000 3.605164
11.000 4.464973
12.000 4.482810
13.000 4.218489
14.000 4.092937
15.000 3.685287
16.000 3.809893
17.000 4.125229
18.000 4.262044
19.000 4.479301
20.000 4.456870
21.000 4.136673
22.000 4.123576
23.000 3.901924
24.000 3.895859
25.000 3.842690
26.000 3.884258
27.000 4.242874
28.000 4.232059
29.000 3.963745
30.000 3.888640
31.000 3.770180
32.000 3.777944
33.000 3.986065
34.000 4.042694
35.000 4.057889
36.000 4.115944
37.000 4.324539
38.000 4.344530
39.000 4.764214
40.000 4.730165
41.000 3.925348
42.000 3.939330
43.000 4.589348
44.000 4.593957
45.000 4.700382
46.000 3.754173
47.000 3.754173
48.000 3.754173
49.000 4.585976
50.000 4.585976
51.000 4.651115
52.000 4.720520
53.000 4.720520
54.000 4.675171
55.000 3.772400
56.000 3.772400
57.000 4.180130
58.000 4.162881
59.000 3.859917
60.000 3.870628
61.000 4.123001
62.000 4.123001
63.000 3.586411
64.000 3.657897
65.000 3.875237
66.000 3.885132
67.000 3.885132
68.000 3.930930
69.000 4.600365
70.000 4.600365
71.000 4.522453
72.000 4.527053
73.000 4.620674
74.000 4.620674
75.000 4.733521
76.000 4.706553
77.000 4.208984
78.000 4.208984
79.000 4.631660
80.000 4.630946
81.000 4.609772
82.000 3.706261
83.000 3.706261
84.000 4.500023
85.000 4.500023
86.000 4.500023
87.000 4.510492
88.000 4.513214
89.000 4.513214
90.000 4.513214
91.000 4.546645
92.000 4.643730
93.000 4.643730
94.000 4.643730
95.000 3.643013
96.000 3.643013
97.000 3.870129
98.000 3.890869
99.000 4.003378
100.000 4.507469
101.000 4.522476
102.000 4.522476
103.000 4.712410
104.000 4.712410
105.000 3.799469
106.000 4.741722
107.000 4.503525
108.000 4.612701
109.000 4.612701
110.000 4.611336
111.000 4.667862
112.000 4.667862
113.000 4.595199
114.000 4.525955
115.000 4.443169
116.000 4.443169
117.000 4.481277
118.000 4.481277
119.000 4.386406
120.000 4.386406
121.000 4.434662
122.000 4.434662
123.000 4.161411
124.000 4.136230
125.000 3.641083
126.000 3.641083
127.000 4.463799
128.000 4.463799
129.000 4.613548
130.000 4.613548
131.000 3.356720
132.000 3.356720
133.000 3.356720
134.000 4.591850
135.000 4.591850
136.000 4.591850
137.000 4.440582
138.000 4.440582
139.000 4.627281
140.000 4.627281
141.000 4.627281
142.000 4.496246
143.000 4.496246
144.000 4.579231
145.000 4.579231
146.000 4.210617
147.000 4.210617
148.000 4.316200
149.000 4.495605
150.000 4.495605
151.000 4.498916
152.000 4.508774
153.000 3.915718
154.000 3.915718
155.000 4.281021
156.000 4.281021
157.000 4.467072
158.000 4.467072
159.000 4.207466
160.000 3.787209
161.000 3.787209
162.000 4.518761
163.000 3.739433
164.000 3.739433
165.000 3.918996
166.000 4.781357
167.000 3.986404
168.000 3.986404
169.000 3.682220
170.000 3.682220
171.000 4.663429
172.000 4.663429
173.000 4.434174
174.000 4.434174
175.000 4.431083
176.000 4.413353
177.000 4.410652
178.000 4.798630
179.000 4.798630
180.000 4.441101
181.000 4.441101
182.000 4.441101
183.000 3.726891
184.000 3.726891
185.000 4.496185
186.000 4.496185
187.000 4.496185
188.000 3.252365
189.000 3.252365
190.000 4.704269
191.000 4.704269
192.000 4.535767
193.000 4.600090
194.000 4.600090
195.000 4.711540
196.000 4.711540
197.000 3.869888
198.000 3.869888
199.000 3.987483
200.000 4.578575
201.000 4.578575
202.000 4.357338
203.000 4.357338
204.000 4.679695
205.000 4.679695
206.000 4.343224
207.000 3.568062
208.000 3.568062
209.000 4.258629
210.000 4.810944
211.000 4.368291
212.000 3.763130
213.000 4.517166
214.000 3.475578
215.000 3.475578
216.000 3.475578
217.000 4.374657
218.000 4.374657
219.000 4.572784
220.000 4.572784
221.000 3.781960
222.000 3.781960
223.000 3.853722
224.000 3.853722
225.000 3.853722
226.000 3.688477
227.000 3.688477
228.000 4.529495
229.000 4.529495
230.000 4.597439
231.000 4.799255
232.000 4.799255
233.000 4.389679
234.000 4.426330
235.000 4.667099
236.000 4.645493
237.000 4.596795
238.000 4.586327
239.000 4.410431
240.000 4.410431
241.000 3.731728
242.000 3.731728
243.000 4.116264
244.000 4.507729
245.000 4.293995
246.000 3.889709
247.000 4.628746
248.000 3.691833
249.000 3.691833
250.000 3.747551
251.000 4.681297
252.000 4.681297
253.000 4.652039
254.000 4.652039
255.000 4.492920
256.000 4.492920
257.000 4.492920
258.000 3.865189
259.000 3.865189
260.000 3.865189
261.000 4.572487
262.000 4.572487
263.000 4.516343
264.000 4.347896
265.000 4.336334
266.000 4.781593
267.000 4.600311
268.000 4.715843
269.000 4.577492
270.000 4.577492
271.000 3.775085
272.000 3.775085
273.000 3.775085
274.000 4.236435
275.000 4.236435
276.000 4.236435
277.000 4.542197
278.000 4.552269
279.000 4.441666
280.000 4.441666
281.000 4.509064
282.000 4.509064
283.000 4.500815
284.000 4.469559
285.000 4.469559
286.000 4.423241
287.000 4.423241
288.000 4.483330
289.000 4.676460
290.000 4.676460
291.000 4.748001
292.000 4.748001
293.000 4.375694
294.000 4.375694
295.000 4.375694
296.000 4.601494
297.000 4.601494
298.000 4.587357
299.000 4.479309
300.000 4.479309
301.000 3.674339
302.000 4.482956
303.000 3.853027
304.000 3.853027
305.000 3.676392
306.000 3.676392
307.000 3.676392
308.000 3.676392
309.000 4.658785
310.000 4.663817
311.000 4.664948
312.000 4.820663
313.000 4.546860
314.000 4.618240
315.000 4.618240
316.000 3.351616
317.000 4.272583
318.000 3.683266
319.000 3.683266
320.000 4.530388
321.000 4.530388
322.000 4.576357
323.000 4.584824
324.000 4.584824
325.000 3.649658
326.000 3.649658
327.000 4.531944
328.000 4.531944
329.000 3.585159
330.000 3.585159
331.000 3.653383
332.000 4.260865
333.000 4.538673
334.000 4.538673
335.000 3.797714
336.000 3.797714
337.000 3.915634
338.000 3.915634
339.000 4.707680
340.000 4.707680
341.000 4.295609
342.000 4.295609
343.000 4.320480
344.000 4.320480
345.000 4.320480
346.000 4.003535
347.000 3.721001
348.000 3.721001
349.000 3.721001
350.000 4.497299
351.000 4.497299
352.000 4.641197
353.000 4.642706
354.000 4.669040
355.000 4.687233
356.000 4.483620
357.000 4.483620
358.000 3.889252
359.000 4.700798
