0.000 0.571030
1.000 1.447401
2.000 4.087952
3.000 3.487534
4.000 2.467751
5.000 2.467751
6.000 3.712987
7.000 3.555446
8.000 3.397905
9.000 3.240365
10.000 4.066979
11.000 4.215682
12.000 4.218144
13.000 4.103752
14.000 4.103752
15.000 4.081974
16.000 4.056509
17.000 4.031045
18.000 4.005580
19.000 3.980116
20.000 3.954651
21.000 3.929187
22.000 3.903722
23.000 3.878258
24.000 3.878549
25.000 3.904594
26.000 3.930639
27.000 3.956683
28.000 3.982728
29.000 4.008773
30.000 4.034818
31.000 4.060862
32.000 4.086907
33.000 4.112952
34.000 4.138997
35.000 4.165041
36.000 4.191086
37.000 4.217131
38.000 4.243176
39.000 4.269220
40.000 4.295265
41.000 4.321310
42.000 4.346771
43.000 4.346771
44.000 4.346771
45.000 3.450089
46.000 3.450089
47.000 3.450089
48.000 3.450089
49.000 3.573095
50.000 3.740854
51.000 3.908613
52.000 3.965309
53.000 3.592957
54.000 3.601580
55.000 3.631600
56.000 3.661621
57.000 3.691642
58.000 3.721663
59.000 3.745506
60.000 3.760845
61.000 4.033768
62.000 4.022565
63.000 3.963363
64.000 3.904162
65.000 3.844961
66.000 3.998544
67.000 3.697884
68.000 3.932182
69.000 3.932182
70.000 4.290423
71.000 4.644112
72.000 4.619995
73.000 3.499913
74.000 1.763138
75.000 1.763138
76.000 2.917747
77.000 3.425072
78.000 3.425072
79.000 1.070862
80.000 1.070862
81.000 1.070862
82.000 1.070862
83.000 4.056020
84.000 4.116371
85.000 4.049141
86.000 3.835452
87.000 3.430298
88.000 3.769236
89.000 3.229691
90.000 3.920041
91.000 4.032579
92.000 3.968018
93.000 3.968018
94.000 3.904617
95.000 3.904729
96.000 3.939348
97.000 3.973966
98.000 4.008584
99.000 4.043203
100.000 4.077821
101.000 4.112439
102.000 4.147058
103.000 4.181676
104.000 4.216295
105.000 4.250913
106.000 4.285531
107.000 4.320150
108.000 4.354768
109.000 4.382065
110.000 4.382307
111.000 4.388322
112.000 4.394336
113.000 4.400351
114.000 4.406366
115.000 4.412380
116.000 4.418395
117.000 4.424410
118.000 4.430424
119.000 4.299200
120.000 2.361536
121.000 1.339607
122.000 1.339607
123.000 4.427949
124.000 4.498586
125.000 3.711870
126.000 3.149513
127.000 3.392680
128.000 3.875885
129.000 3.699561
130.000 2.872669
131.000 2.902553
132.000 3.038223
133.000 3.004668
134.000 2.937456
135.000 3.193615
136.000 3.601860
137.000 3.711520
138.000 3.932503
139.000 4.003965
140.000 3.994583
141.000 3.255287
142.000 3.255287
143.000 3.978528
144.000 4.145729
145.000 4.076225
146.000 4.076225
147.000 3.956299
148.000 3.956299
149.000 4.129662
150.000 4.139732
151.000 4.080736
152.000 4.063148
153.000 4.163323
154.000 4.196793
155.000 3.393135
156.000 3.393135
157.000 3.952599
158.000 3.952599
159.000 3.742773
160.000 3.682159
161.000 3.740219
162.000 3.781761
163.000 3.787209
164.000 3.789482
165.000 3.888821
166.000 4.004532
167.000 4.018824
168.000 4.055542
169.000 3.726928
170.000 3.369591
171.000 3.579118
172.000 3.918068
173.000 4.009757
174.000 4.246346
175.000 3.122360
176.000 3.122360
177.000 2.679932
178.000 2.679932
179.000 3.365858
180.000 3.872643
181.000 4.149855
182.000 4.512535
183.000 2.532173
184.000 2.532173
185.000 3.077209
186.000 3.077209
187.000 3.380537
188.000 3.520424
189.000 3.609598
190.000 3.816528
191.000 2.847809
192.000 2.847809
193.000 3.246199
194.000 3.904892
195.000 3.984594
196.000 4.092041
197.000 3.731616
198.000 3.373657
199.000 3.549013
200.000 3.961861
201.000 2.335495
202.000 2.335495
203.000 4.133171
204.000 4.133171
205.000 3.988766
206.000 3.665882
207.000 3.627640
208.000 3.652980
209.000 4.013757
210.000 3.736076
211.000 3.737136
212.000 3.738838
213.000 3.664070
214.000 3.664070
215.000 3.814620
216.000 3.981026
217.000 3.847602
218.000 3.692978
219.000 3.773169
220.000 4.037300
221.000 3.923951
222.000 3.665855
223.000 3.781399
224.000 4.096603
225.000 4.091946
226.000 4.077286
227.000 4.050849
228.000 3.971985
229.000 3.836963
230.000 3.570831
231.000 3.603702
232.000 3.664597
233.000 3.804677
234.000 4.097137
235.000 4.097403
236.000 4.097870
237.000 4.093106
238.000 4.086823
239.000 3.834192
240.000 3.694580
241.000 3.652588
242.000 3.652588
243.000 3.831167
244.000 4.146164
245.000 3.900667
246.000 3.751839
247.000 3.778581
248.000 3.796730
249.000 3.574170
250.000 3.347679
251.000 3.588275
252.000 3.743637
253.000 3.783545
254.000 3.837509
255.000 3.873538
256.000 3.930191
257.000 3.914659
258.000 3.889397
259.000 3.962226
260.000 4.117096
261.000 3.941483
262.000 3.684639
263.000 3.865543
264.000 4.135506
265.000 4.012596
266.000 3.884796
267.000 3.704153
268.000 3.525467
269.000 3.617398
270.000 3.766411
271.000 3.720683
272.000 3.637833
273.000 3.739567
274.000 3.955063
275.000 3.974081
276.000 4.030312
277.000 4.038800
278.000 4.058563
279.000 4.063834
280.000 4.073204
281.000 4.091044
282.000 4.111496
283.000 3.775078
284.000 3.669418
285.000 3.808861
286.000 3.808861
287.000 3.984489
288.000 3.984489
289.000 4.074371
290.000 4.074371
291.000 4.072470
292.000 4.060173
293.000 4.060173
294.000 3.758400
295.000 3.758400
296.000 4.143684
297.000 3.861115
298.000 3.861115
299.000 3.359558
300.000 3.359558
301.000 3.419362
302.000 3.792511
303.000 3.951530
304.000 3.951530
305.000 4.077644
306.000 4.077644
307.000 3.722519
308.000 3.722519
309.000 3.722519
310.000 3.635818
311.000 3.635818
312.000 3.639192
313.000 3.754579
314.000 3.869967
315.000 3.925125
316.000 3.750251
317.000 2.760605
318.000 4.063957
319.000 2.675392
320.000 2.675392
321.000 3.909439
322.000 3.714372
323.000 3.389664
324.000 3.780998
325.000 3.780998
326.000 3.890366
327.000 3.890366
328.000 3.539528
329.000 3.722815
330.000 4.077141
331.000 4.127657
332.000 4.235931
333.000 4.010231
334.000 3.752365
335.000 3.788451
336.000 3.853081
337.000 3.875783
338.000 3.945770
339.000 3.807473
340.000 3.536598
341.000 3.621856
342.000 3.827499
343.000 3.812449
344.000 3.799004
345.000 3.908569
346.000 3.994690
347.000 4.038632
348.000 4.110840
349.000 4.057104
350.000 4.003098
351.000 3.834526
352.000 3.834526
353.000 3.735332
354.000 3.711533
355.000 3.971272
356.000 4.126617
357.000 4.135178
358.000 4.144081
359.000 3.946744
