0.000 0.177818
1.000 0.177818
2.000 0.177818
3.000 0.718559
4.000 0.718559
5.000 0.718559
6.000 0.708824
7.000 0.704422
8.000 0.704422
9.000 0.651726
10.000 0.651726
11.000 0.651726
12.000 0.651726
13.000 0.651726
14.000 0.627010
15.000 0.652030
16.000 0.677049
17.000 0.702068
18.000 0.719070
19.000 0.715759
20.000 0.715759
21.000 0.711985
22.000 0.717033
23.000 0.717033
24.000 0.717033
25.000 0.652451
26.000 0.652451
27.000 0.725304
28.000 0.725304
29.000 0.725304
30.000 0.702247
31.000 0.687268
32.000 0.676720
33.000 0.676720
34.000 0.676720
35.000 0.678828
36.000 0.688622
37.000 0.688622
38.000 0.688622
39.000 0.747946
40.000 0.755600
41.000 0.755600
42.000 0.755600
43.000 0.712323
44.000 0.721672
45.000 0.721672
46.000 0.714180
47.000 0.714180
48.000 0.714180
49.000 0.733862
50.000 0.723881
51.000 0.713900
52.000 0.706398
53.000 0.704865
54.000 0.704865
55.000 0.704865
56.000 0.704865
57.000 0.741513
58.000 0.753165
59.000 0.764816
60.000 0.765167
61.000 0.765167
62.000 0.765167
63.000 0.720039
64.000 0.720039
65.000 0.720039
66.000 0.720039
67.000 0.718406
68.000 0.716500
69.000 0.715790
70.000 0.715759
71.000 0.685394
72.000 0.685394
73.000 0.761145
74.000 0.765022
75.000 0.765022
76.000 0.702504
77.000 0.706025
78.000 0.707726
79.000 0.707726
80.000 0.717748
81.000 0.716087
82.000 0.716087
83.000 0.687881
84.000 0.687881
85.000 0.687881
86.000 0.708791
87.000 0.693917
88.000 0.679695
89.000 0.679695
90.000 0.679695
91.000 0.760864
92.000 0.760864
93.000 0.760864
94.000 0.760864
95.000 0.695994
96.000 0.683104
97.000 0.670215
98.000 0.665359
99.000 0.665359
100.000 0.665359
101.000 0.682524
102.000 0.676140
103.000 0.676140
104.000 0.676140
105.000 0.702029
106.000 0.718100
107.000 0.721550
108.000 0.721550
109.000 0.688461
110.000 0.688461
111.000 0.715302
112.000 0.715302
113.000 0.704236
114.000 0.697784
115.000 0.722733
116.000 0.722733
117.000 0.695427
118.000 0.695427
119.000 0.696888
120.000 0.715790
121.000 0.715790
122.000 0.715790
123.000 0.662064
124.000 0.662064
125.000 0.717796
126.000 0.717796
127.000 0.716438
128.000 0.716438
129.000 0.715988
130.000 0.715988
131.000 0.715988
132.000 0.715988
133.000 0.652451
134.000 0.635651
135.000 0.635651
136.000 0.635651
137.000 0.709952
138.000 0.722443
139.000 0.722443
140.000 0.722443
141.000 0.712706
142.000 0.697958
143.000 0.683449
144.000 0.683449
145.000 0.732208
146.000 0.731395
147.000 0.725731
148.000 0.725731
149.000 0.716339
150.000 0.715982
151.000 0.703293
152.000 0.703293
153.000 0.721397
154.000 0.721397
155.000 0.735306
156.000 0.735306
157.000 0.717064
158.000 0.717064
159.000 0.734840
160.000 0.734840
161.000 0.734840
162.000 0.734840
163.000 0.714429
164.000 0.711757
165.000 0.709129
166.000 0.709129
167.000 0.629416
168.000 0.628731
169.000 0.720650
170.000 0.720650
171.000 0.695793
172.000 0.695793
173.000 0.709371
174.000 0.720467
175.000 0.720467
176.000 0.720467
177.000 0.720467
178.000 0.720467
179.000 0.720467
180.000 0.681565
181.000 0.679164
182.000 0.676763
183.000 0.674361
184.000 0.672592
185.000 0.696129
186.000 0.711395
187.000 0.711395
188.000 0.711395
189.000 0.720383
190.000 0.720383
191.000 0.717102
192.000 0.717102
193.000 0.724775
194.000 0.735085
195.000 0.735085
196.000 0.735085
197.000 0.711589
198.000 0.712145
199.000 0.712349
200.000 0.712349
201.000 0.717385
202.000 0.719368
203.000 0.719368
204.000 0.686264
205.000 0.686264
206.000 0.686264
207.000 0.715790
208.000 0.715790
209.000 0.713799
210.000 0.713799
211.000 0.713799
212.000 0.723327
213.000 0.714988
214.000 0.712929
215.000 0.712929
216.000 0.672001
217.000 0.666924
218.000 0.666924
219.000 0.655891
220.000 0.655891
221.000 0.656612
222.000 0.682319
223.000 0.699631
224.000 0.699631
225.000 0.678635
226.000 0.678635
227.000 0.678635
228.000 0.678635
229.000 0.678635
230.000 0.678635
231.000 0.686349
232.000 0.693122
233.000 0.699895
234.000 0.706668
235.000 0.713440
236.000 0.715790
237.000 0.677167
238.000 0.668106
239.000 0.533928
240.000 0.533928
241.000 0.680344
242.000 0.680344
243.000 0.692978
244.000 0.692978
245.000 0.763992
246.000 0.763992
247.000 0.718987
248.000 0.718987
249.000 0.696442
250.000 0.690945
251.000 0.682388
252.000 0.735794
253.000 0.735794
254.000 0.716643
255.000 0.712769
256.000 0.634415
257.000 0.634415
258.000 0.695272
259.000 0.707787
260.000 0.713074
261.000 0.713074
262.000 0.715954
263.000 0.716438
264.000 0.719849
265.000 0.719849
266.000 0.709869
267.000 0.709869
268.000 0.724473
269.000 0.738258
270.000 0.711273
271.000 0.711273
272.000 0.700770
273.000 0.669899
274.000 0.669899
275.000 0.683273
276.000 0.705050
277.000 0.727798
278.000 0.663437
279.000 0.663437
280.000 0.719887
281.000 0.719887
282.000 0.708251
283.000 0.690941
284.000 0.690941
285.000 0.674294
286.000 0.674294
287.000 0.705084
288.000 0.742142
289.000 0.721153
290.000 0.721153
291.000 0.734245
292.000 0.734245
293.000 0.687660
294.000 0.687660
295.000 0.720291
296.000 0.720291
297.000 0.723305
298.000 0.721480
299.000 0.717468
300.000 0.717468
301.000 0.716446
302.000 0.710533
303.000 0.710533
304.000 0.721710
305.000 0.721710
306.000 0.730896
307.000 0.730896
308.000 0.711647
309.000 0.711647
310.000 0.645121
311.000 0.631050
312.000 0.631050
313.000 0.721542
314.000 0.721542
315.000 0.698227
316.000 0.698227
317.000 0.696846
318.000 0.696885
319.000 0.722366
320.000 0.722366
321.000 0.707169
322.000 0.707169
323.000 0.683250
324.000 0.683250
325.000 0.731407
326.000 0.731407
327.000 0.635704
328.000 0.635704
329.000 0.718742
330.000 0.718742
331.000 0.723228
332.000 0.723228
333.000 0.703377
334.000 0.703377
335.000 0.688438
336.000 0.661951
337.000 0.648354
338.000 0.648354
339.000 0.648354
340.000 0.772280
341.000 0.779770
342.000 0.779770
343.000 0.723465
344.000 0.723465
345.000 0.716972
346.000 0.716972
347.000 0.716972
348.000 0.716972
349.000 0.716972
350.000 0.716972
351.000 0.716972
352.000 0.716972
353.000 0.716972
354.000 0.716677
355.000 0.717505
356.000 0.718334
357.000 0.719163
358.000 0.719992
359.000 0.720821
