0.000 0.514236
1.000 0.514236
2.000 0.514236
3.000 0.514236
4.000 0.514236
5.000 0.514236
6.000 0.514236
7.000 0.514236
8.000 0.514236
9.000 0.514236
10.000 1.725922
11.000 1.725922
12.000 1.725922
13.000 2.552261
14.000 2.552261
15.000 3.455925
16.000 2.372932
17.000 1.051758
18.000 1.051758
19.000 1.051758
20.000 2.231094
21.000 2.003505
22.000 1.775916
23.000 1.740227
24.000 1.740227
25.000 1.740227
26.000 3.623268
27.000 3.623268
28.000 0.543243
29.000 0.543243
30.000 0.543243
31.000 3.800438
32.000 2.411278
33.000 2.713753
34.000 1.531860
35.000 1.531860
36.000 3.487913
37.000 3.000358
38.000 2.797943
39.000 2.333328
40.000 2.333328
41.000 4.421982
42.000 2.677231
43.000 2.677231
44.000 4.110558
45.000 4.110558
46.000 3.702507
47.000 3.702507
48.000 3.524625
49.000 3.419128
50.000 4.317474
51.000 4.317474
52.000 1.821144
53.000 1.821144
54.000 1.821144
55.000 1.821144
56.000 1.821144
57.000 0.846703
58.000 0.846703
59.000 0.846703
60.000 0.846703
61.000 0.908073
62.000 1.125964
63.000 1.259537
64.000 1.103600
65.000 2.619576
66.000 2.364479
67.000 2.527336
68.000 4.736633
69.000 2.571342
70.000 2.571342
71.000 3.930313
72.000 3.930313
73.000 2.550224
74.000 2.550224
75.000 4.438431
76.000 4.438431
77.000 3.603912
78.000 3.603912
79.000 3.603912
80.000 3.066551
81.000 3.066551
82.000 3.066551
83.000 6.640312
84.000 6.640312
85.000 1.658760
86.000 1.658760
87.000 3.210724
88.000 3.983578
89.000 4.283813
90.000 2.554024
91.000 5.985893
92.000 1.305641
93.000 1.305641
94.000 2.868629
95.000 3.020546
96.000 3.020546
97.000 3.010059
98.000 2.987167
99.000 2.987167
100.000 1.264267
101.000 1.264267
102.000 1.453162
103.000 1.621712
104.000 4.364944
105.000 3.251869
106.000 3.393814
107.000 3.393814
108.000 4.692291
109.000 5.536484
110.000 4.059667
111.000 3.475731
112.000 4.074020
113.000 4.228722
114.000 2.829185
115.000 2.829185
116.000 4.094018
117.000 5.765629
118.000 3.850196
119.000 2.051064
120.000 3.330475
121.000 5.030340
122.000 5.432135
123.000 5.933354
124.000 6.870553
125.000 8.086604
126.000 7.745176
127.000 7.170066
128.000 5.383932
129.000 3.229874
130.000 3.721009
131.000 4.367533
132.000 4.054158
133.000 3.656700
134.000 3.304328
135.000 2.908791
136.000 3.431777
137.000 4.115662
138.000 3.187484
139.000 2.233513
140.000 1.855103
141.000 1.839066
142.000 1.839066
143.000 1.839066
144.000 1.839066
145.000 1.839066
146.000 1.839066
147.000 1.839066
148.000 1.839066
149.000 1.839066
150.000 2.609344
151.000 2.609344
152.000 2.609344
153.000 2.609344
154.000 2.609344
155.000 2.609344
156.000 2.609344
157.000 4.707074
158.000 4.584450
159.000 4.584450
160.000 1.973351
161.000 1.973351
162.000 1.973351
163.000 1.973351
164.000 3.055618
165.000 3.055618
166.000 3.055618
167.000 3.055618
168.000 3.028070
169.000 2.935207
170.000 2.842345
171.000 2.749482
172.000 2.656619
173.000 2.580063
174.000 2.580063
175.000 1.866035
176.000 2.408569
177.000 1.241493
178.000 3.312721
179.000 3.109470
180.000 2.684839
181.000 2.576294
182.000 3.314934
183.000 3.314934
184.000 3.314934
185.000 3.532372
186.000 3.532372
187.000 3.532372
188.000 1.438087
189.000 1.438087
190.000 1.438087
191.000 1.438087
192.000 1.438087
193.000 1.757914
194.000 2.788879
195.000 2.788879
196.000 4.350044
197.000 4.350044
198.000 3.681162
199.000 1.762699
200.000 0.498672
201.000 0.498672
202.000 0.498672
203.000 0.498672
204.000 0.498672
205.000 0.498672
206.000 1.925140
207.000 1.925140
208.000 1.925140
209.000 1.925140
210.000 2.600861
211.000 2.802441
212.000 3.004020
213.000 3.010445
214.000 3.010445
215.000 2.132256
216.000 2.132256
217.000 2.656616
218.000 2.656616
219.000 3.362634
220.000 3.513550
221.000 0.672386
222.000 0.672386
223.000 0.672386
224.000 0.672386
225.000 0.672386
226.000 4.096655
227.000 4.290085
228.000 3.325775
229.000 2.232025
230.000 2.232025
231.000 2.232025
232.000 2.232025
233.000 2.232025
234.000 2.232025
235.000 2.232025
236.000 3.444864
237.000 3.594572
238.000 3.744281
239.000 3.786079
240.000 3.786079
241.000 1.682846
242.000 1.682846
243.000 1.275291
244.000 1.275291
245.000 1.275291
246.000 2.363426
247.000 2.363426
248.000 2.363426
249.000 2.243796
250.000 2.130234
251.000 2.130234
252.000 2.130234
253.000 2.345955
254.000 2.345955
255.000 2.345955
256.000 2.836150
257.000 3.238586
258.000 1.909798
259.000 3.073982
260.000 3.535904
261.000 3.535904
262.000 3.553331
263.000 3.679017
264.000 3.763641
265.000 3.763641
266.000 4.741180
267.000 4.792054
268.000 5.073658
269.000 5.088074
270.000 2.794579
271.000 2.794579
272.000 2.794579
273.000 4.017014
274.000 4.017014
275.000 4.213329
276.000 4.946792
277.000 5.680255
278.000 6.094330
279.000 2.659645
280.000 2.659645
281.000 2.659645
282.000 2.659645
283.000 2.838379
284.000 2.838379
285.000 2.838379
286.000 2.672935
287.000 2.672935
288.000 2.672935
289.000 2.672935
290.000 2.474401
291.000 2.412834
292.000 4.865959
293.000 6.204056
294.000 6.204056
295.000 5.164415
296.000 5.093208
297.000 3.573334
298.000 3.573334
299.000 2.265785
300.000 2.265785
301.000 2.677773
302.000 2.677773
303.000 1.595314
304.000 1.595314
305.000 3.313301
306.000 3.233688
307.000 5.167843
308.000 1.478195
309.000 2.318415
310.000 5.481240
311.000 7.098066
312.000 8.513732
313.000 7.887227
314.000 3.719864
315.000 3.668870
316.000 6.521805
317.000 5.196121
318.000 5.196121
319.000 4.464920
320.000 4.464920
321.000 3.576401
322.000 3.576401
323.000 3.196251
324.000 3.196251
325.000 4.682373
326.000 4.682373
327.000 4.682373
328.000 4.682373
329.000 4.943341
330.000 5.233740
331.000 5.481346
332.000 5.481346
333.000 5.466139
334.000 5.403008
335.000 5.403008
336.000 4.475998
337.000 4.619796
338.000 4.663864
339.000 6.420654
340.000 6.420654
341.000 4.267621
342.000 3.022301
343.000 3.022301
344.000 4.268089
345.000 4.268089
346.000 2.548935
347.000 2.548935
348.000 3.545593
349.000 3.545593
350.000 3.545593
351.000 3.545593
352.000 3.545593
353.000 6.380264
354.000 6.723717
355.000 6.723717
356.000 6.723717
357.000 5.653320
358.000 5.409485
359.000 5.409485
