0.000 0.221176
1.000 0.221176
2.000 0.221176
3.000 0.179718
4.000 0.124451
5.000 0.102737
6.000 0.102737
7.000 0.102737
8.000 0.102737
9.000 0.102737
10.000 0.411385
11.000 0.411385
12.000 0.108322
13.000 0.108322
14.000 0.413475
15.000 0.458160
16.000 0.514435
17.000 0.457814
18.000 0.457619
19.000 0.411621
20.000 0.411621
21.000 0.617851
22.000 0.439493
23.000 0.427979
24.000 0.409592
25.000 0.062386
26.000 0.062386
27.000 0.062386
28.000 0.062386
29.000 0.686386
30.000 0.437759
31.000 0.465462
32.000 0.465462
33.000 0.465462
34.000 0.452384
35.000 0.435568
36.000 0.446305
37.000 0.494359
38.000 0.730252
39.000 0.853527
40.000 1.000383
41.000 1.119390
42.000 1.325363
43.000 1.147311
44.000 0.164742
45.000 0.171287
46.000 0.203986
47.000 0.209785
48.000 0.209785
49.000 0.206795
50.000 0.206795
51.000 0.206795
52.000 0.206795
53.000 0.411331
54.000 0.411331
55.000 0.392347
56.000 0.384384
57.000 0.409920
58.000 0.409920
59.000 0.480125
60.000 0.628288
61.000 0.628288
62.000 0.059067
63.000 0.059067
64.000 0.059067
65.000 0.059067
66.000 0.059067
67.000 0.059067
68.000 0.059067
69.000 0.059067
70.000 0.059067
71.000 0.059067
72.000 0.196785
73.000 0.197002
74.000 0.489655
75.000 0.537720
76.000 0.561470
77.000 0.447014
78.000 0.447014
79.000 0.443152
80.000 0.437110
81.000 0.433678
82.000 0.495651
83.000 0.495651
84.000 0.460809
85.000 0.467285
86.000 0.467285
87.000 0.478110
88.000 0.489189
89.000 0.380928
90.000 0.380928
91.000 0.056442
92.000 0.056442
93.000 0.056442
94.000 0.056442
95.000 0.056442
96.000 0.056442
97.000 0.056442
98.000 0.056442
99.000 0.056442
100.000 0.056442
101.000 0.056442
102.000 0.056442
103.000 0.056442
104.000 0.056442
105.000 0.473706
106.000 0.483154
107.000 0.368668
108.000 0.368668
109.000 0.368668
110.000 0.456970
111.000 0.456970
112.000 0.454645
113.000 0.438056
114.000 0.421466
115.000 0.413071
116.000 0.218361
117.000 0.218361
118.000 0.218361
119.000 0.218361
120.000 0.218361
121.000 0.372993
122.000 0.372993
123.000 0.108261
124.000 0.108261
125.000 0.108261
126.000 0.108261
127.000 0.108261
128.000 0.108261
129.000 0.459389
130.000 0.459389
131.000 0.441139
132.000 0.442903
133.000 0.459672
134.000 0.476442
135.000 0.493211
136.000 0.925751
137.000 0.691238
138.000 0.458786
139.000 0.409607
140.000 0.408332
141.000 0.399239
142.000 0.391838
143.000 0.411461
144.000 0.444122
145.000 0.444122
146.000 0.474838
147.000 0.474838
148.000 0.341583
149.000 0.341583
150.000 0.358289
151.000 0.435738
152.000 0.435738
153.000 0.434382
154.000 0.413147
155.000 0.413147
156.000 0.426704
157.000 0.391830
158.000 0.459999
159.000 0.459999
160.000 0.434433
161.000 0.434433
162.000 0.433335
163.000 0.430445
164.000 0.428345
165.000 0.428345
166.000 0.280909
167.000 0.256683
168.000 0.256683
169.000 0.256683
170.000 0.551804
171.000 0.551804
172.000 0.485458
173.000 0.398239
174.000 0.446884
175.000 0.459999
176.000 0.459999
177.000 0.514069
178.000 0.514069
179.000 0.458786
180.000 0.458786
181.000 0.450656
182.000 0.432186
183.000 0.413715
184.000 0.411118
185.000 0.411919
186.000 0.409050
187.000 0.409050
188.000 0.409437
189.000 0.410590
190.000 0.410980
191.000 0.493923
192.000 0.618408
193.000 0.513306
194.000 0.513306
195.000 0.135323
196.000 0.135323
197.000 0.135323
198.000 0.135323
199.000 0.135323
200.000 0.135323
201.000 0.135323
202.000 0.135323
203.000 0.409744
204.000 0.409744
205.000 0.409744
206.000 0.440506
207.000 0.440506
208.000 0.440506
209.000 0.539757
210.000 0.667139
211.000 0.685287
212.000 0.428841
213.000 0.428841
214.000 0.464959
215.000 0.464869
216.000 0.464851
217.000 0.102791
218.000 0.102791
219.000 0.102791
220.000 0.411484
221.000 0.622959
222.000 0.787437
223.000 0.395714
224.000 0.395714
225.000 0.427673
226.000 0.467888
227.000 0.445145
228.000 0.257431
229.000 0.257431
230.000 0.257431
231.000 0.269035
232.000 0.369042
233.000 0.427681
234.000 0.343933
235.000 0.343933
236.000 0.408791
237.000 0.408791
238.000 0.390213
239.000 0.390213
240.000 0.391528
241.000 0.394623
242.000 0.536064
243.000 0.536064
244.000 0.198922
245.000 0.145981
246.000 0.145981
247.000 0.145981
248.000 0.145981
249.000 0.145981
250.000 0.411797
251.000 0.411797
252.000 0.395651
253.000 0.392059
254.000 0.392059
255.000 0.461212
256.000 0.461212
257.000 0.438516
258.000 0.426796
259.000 0.428864
260.000 0.428854
261.000 0.428474
262.000 0.428474
263.000 0.431540
264.000 0.434425
265.000 0.434425
266.000 0.493625
267.000 0.440765
268.000 0.448017
269.000 0.466690
270.000 0.141037
271.000 0.141037
272.000 0.141037
273.000 0.849030
274.000 0.649282
275.000 0.428352
276.000 0.411781
277.000 0.411781
278.000 0.447250
279.000 0.447250
280.000 0.435607
281.000 0.419325
282.000 0.426391
283.000 1.175117
284.000 1.141065
285.000 0.983376
286.000 1.099314
287.000 1.234619
288.000 0.456093
289.000 0.456093
290.000 0.208694
291.000 0.208694
292.000 0.414078
293.000 0.414078
294.000 0.460609
295.000 0.460609
296.000 0.980262
297.000 1.722459
298.000 1.338761
299.000 0.905800
300.000 1.597801
301.000 2.594697
302.000 2.802658
303.000 2.825661
304.000 2.888894
305.000 2.975327
306.000 2.767850
307.000 2.521439
308.000 1.587209
309.000 0.428535
310.000 0.368347
311.000 0.368347
312.000 0.439362
313.000 0.439362
314.000 0.378380
315.000 0.342300
316.000 0.342300
317.000 0.342300
318.000 0.409904
319.000 0.409904
320.000 0.462425
321.000 0.462425
322.000 0.462425
323.000 0.441818
324.000 0.417291
325.000 0.413116
326.000 0.411499
327.000 0.411499
328.000 0.459389
329.000 0.459389
330.000 0.460989
331.000 0.460999
332.000 0.460999
333.000 0.457573
334.000 0.457573
335.000 0.457248
336.000 0.456888
337.000 0.456749
338.000 0.535324
339.000 0.535324
340.000 0.513939
341.000 0.494545
342.000 0.455147
343.000 0.455139
344.000 0.455139
345.000 0.409828
346.000 0.409828
347.000 0.602112
348.000 0.562427
349.000 0.482922
350.000 0.456352
351.000 0.456360
352.000 0.401814
353.000 0.510277
354.000 0.513077
355.000 0.087311
356.000 0.087311
357.000 0.087311
358.000 0.087311
359.000 0.087311
