0.000 0.468803
1.000 4.235092
2.000 5.417603
3.000 4.738617
4.000 4.738617
5.000 4.738617
6.000 5.426643
7.000 5.426643
8.000 5.426643
9.000 5.064289
10.000 4.470724
11.000 3.877159
12.000 3.283594
13.000 2.690029
14.000 5.274818
15.000 5.952431
16.000 5.855166
17.000 5.774780
18.000 5.011246
19.000 5.011246
20.000 4.504077
21.000 4.149559
22.000 4.401955
23.000 4.401955
24.000 5.043550
25.000 5.004308
26.000 4.762253
27.000 4.762253
28.000 5.338669
29.000 5.338669
30.000 4.861778
31.000 4.861778
32.000 4.861778
33.000 5.039331
34.000 5.317679
35.000 5.340935
36.000 5.338226
37.000 5.352135
38.000 5.352135
39.000 3.831749
40.000 3.831749
41.000 3.831749
42.000 5.435715
43.000 5.435715
44.000 5.430916
45.000 5.422279
46.000 5.422279
47.000 5.392382
48.000 5.370308
49.000 5.264431
50.000 5.582161
51.000 5.075714
52.000 5.075714
53.000 4.626366
54.000 3.903008
55.000 3.903008
56.000 5.094223
57.000 5.094223
58.000 5.281906
59.000 5.281906
60.000 5.281906
61.000 5.309685
62.000 5.309685
63.000 5.361196
64.000 5.536148
65.000 5.536148
66.000 5.305656
67.000 4.972343
68.000 4.972343
69.000 4.972343
70.000 5.137344
71.000 5.137344
72.000 5.439682
73.000 5.439682
74.000 3.744965
75.000 3.744965
76.000 3.744965
77.000 5.060074
78.000 5.060074
79.000 4.076317
80.000 4.076317
81.000 4.076317
82.000 4.076317
83.000 4.224455
84.000 4.332466
85.000 4.332466
86.000 4.550393
87.000 3.763931
88.000 3.694496
89.000 5.795883
90.000 5.795883
91.000 5.795883
92.000 5.343094
93.000 5.343094
94.000 4.583633
95.000 4.583633
96.000 4.407837
97.000 4.407837
98.000 4.382308
99.000 4.357323
100.000 4.357323
101.000 4.829933
102.000 4.829933
103.000 4.829933
104.000 5.439522
105.000 5.439522
106.000 4.973717
107.000 4.973717
108.000 5.071617
109.000 5.071617
110.000 5.071617
111.000 5.343170
112.000 5.343170
113.000 5.358995
114.000 5.426946
115.000 5.190808
116.000 4.557251
117.000 4.557251
118.000 4.803185
119.000 4.803185
120.000 4.343330
121.000 4.343330
122.000 5.462410
123.000 5.462410
124.000 5.382812
125.000 5.382812
126.000 5.382812
127.000 5.382812
128.000 3.477791
129.000 3.477791
130.000 3.477791
131.000 5.338379
132.000 5.338379
133.000 5.338379
134.000 3.877129
135.000 3.877129
136.000 3.877129
137.000 4.924644
138.000 4.924644
139.000 4.410574
140.000 3.723709
141.000 3.723709
142.000 3.723709
143.000 3.723709
144.000 5.018346
145.000 4.927719
146.000 4.927719
147.000 4.982593
148.000 5.385587
149.000 4.863595
150.000 3.476662
151.000 3.906151
152.000 4.562986
153.000 5.219821
154.000 5.410876
155.000 5.460968
156.000 5.503868
157.000 4.953068
158.000 4.493309
159.000 4.619681
160.000 4.759648
161.000 4.902049
162.000 5.369160
163.000 5.577809
164.000 5.181669
165.000 4.785529
166.000 5.547264
167.000 5.547264
168.000 5.517472
169.000 5.498077
170.000 5.434303
171.000 5.434303
172.000 5.549835
173.000 5.549835
174.000 5.392784
175.000 5.273659
176.000 5.273659
177.000 5.273659
178.000 4.980629
179.000 4.980629
180.000 4.980629
181.000 5.136845
182.000 5.323511
183.000 5.351814
184.000 4.984283
185.000 4.586990
186.000 5.642906
187.000 5.303398
188.000 5.303398
189.000 5.303398
190.000 5.294067
191.000 5.294067
192.000 5.294067
193.000 5.501167
194.000 5.501167
195.000 5.222649
196.000 5.222649
197.000 5.222649
198.000 5.360184
199.000 5.360184
200.000 5.360184
201.000 4.958997
202.000 3.935241
203.000 3.570160
204.000 5.236809
205.000 5.236809
206.000 5.236809
207.000 5.273821
208.000 5.256714
209.000 5.250282
210.000 5.250282
211.000 4.922188
212.000 4.922188
213.000 4.922188
214.000 5.491815
215.000 5.546547
216.000 4.823257
217.000 4.823257
218.000 4.329353
219.000 4.329353
220.000 4.694178
221.000 5.321983
222.000 5.321983
223.000 5.416641
224.000 5.416641
225.000 5.458908
226.000 5.458908
227.000 5.466196
228.000 5.476112
229.000 5.476112
230.000 4.997294
231.000 4.287384
232.000 4.287384
233.000 4.287384
234.000 5.394745
235.000 5.394745
236.000 4.557381
237.000 4.557381
238.000 4.557381
239.000 5.081718
240.000 5.081718
241.000 3.434456
242.000 3.434456
243.000 3.651930
244.000 5.351685
245.000 5.351685
246.000 5.440659
247.000 5.440659
248.000 5.088705
249.000 4.199875
250.000 4.199875
251.000 4.199875
252.000 5.427895
253.000 5.427895
254.000 4.823929
255.000 4.823929
256.000 4.823929
257.000 5.161964
258.000 5.161964
259.000 4.927216
260.000 4.927216
261.000 4.927216
262.000 3.041336
263.000 3.041336
264.000 3.041336
265.000 5.469635
266.000 5.469635
267.000 5.280810
268.000 5.270294
269.000 5.593971
270.000 5.593971
271.000 5.578551
272.000 5.527214
273.000 5.527214
274.000 5.019119
275.000 5.019119
276.000 5.019119
277.000 5.019119
278.000 5.019119
279.000 4.728468
280.000 4.510996
281.000 4.312965
282.000 4.312965
283.000 4.312965
284.000 5.039139
285.000 5.132932
286.000 5.401871
287.000 4.356789
288.000 4.356789
289.000 5.060501
290.000 5.060501
291.000 3.640823
292.000 3.640823
293.000 4.016815
294.000 5.354752
295.000 5.335638
296.000 5.285217
297.000 5.285217
298.000 5.083981
299.000 5.004326
300.000 4.885040
301.000 4.885040
302.000 5.012909
303.000 5.508858
304.000 5.508858
305.000 5.508858
306.000 4.973167
307.000 4.973167
308.000 4.060219
309.000 4.060219
310.000 5.490578
311.000 5.490578
312.000 3.938789
313.000 3.938789
314.000 4.309609
315.000 5.178574
316.000 5.178574
317.000 5.457039
318.000 5.457039
319.000 5.246187
320.000 5.167152
321.000 4.619936
322.000 4.546906
323.000 4.848961
324.000 5.420181
325.000 5.420181
326.000 4.691437
327.000 4.691437
328.000 3.784279
329.000 3.784279
330.000 4.358017
331.000 4.358017
332.000 4.515766
333.000 5.313904
334.000 5.313904
335.000 3.841362
336.000 3.841362
337.000 4.386827
338.000 5.219208
339.000 5.219208
340.000 4.367310
341.000 4.367310
342.000 4.462997
343.000 4.462997
344.000 5.516580
345.000 5.533943
346.000 5.380266
347.000 5.221146
348.000 5.266186
349.000 5.495972
350.000 5.434648
351.000 5.144203
352.000 5.144203
353.000 5.113342
354.000 5.113342
355.000 4.926447
356.000 4.863365
357.000 4.272980
358.000 4.272980
359.000 4.715598
