0.000 0.179726
1.000 0.179726
2.000 0.179726
3.000 0.179726
4.000 0.179726
5.000 0.179726
6.000 0.179726
7.000 0.179726
8.000 0.179726
9.000 0.179726
10.000 0.179726
11.000 0.179726
12.000 1.840861
13.000 2.024239
14.000 1.308212
15.000 1.308212
16.000 1.440011
17.000 1.858307
18.000 1.023659
19.000 1.306122
20.000 1.314873
21.000 1.326141
22.000 1.500313
23.000 1.044876
24.000 1.044876
25.000 1.498466
26.000 1.283112
27.000 1.406479
28.000 1.250053
29.000 0.984116
30.000 0.984116
31.000 1.099494
32.000 1.528137
33.000 1.528137
34.000 1.545487
35.000 1.614296
36.000 1.614296
37.000 1.726692
38.000 1.726692
39.000 1.587616
40.000 1.608017
41.000 2.002102
42.000 2.485537
43.000 2.766412
44.000 1.613914
45.000 1.300339
46.000 1.851298
47.000 1.040512
48.000 1.040512
49.000 1.040512
50.000 1.298294
51.000 1.361121
52.000 1.444023
53.000 1.611655
54.000 2.058525
55.000 1.974775
56.000 1.639587
57.000 1.603622
58.000 1.204063
59.000 1.338226
60.000 1.413280
61.000 1.574624
62.000 1.570933
63.000 1.475356
64.000 1.457628
65.000 1.491090
66.000 1.355370
67.000 1.355370
68.000 1.355370
69.000 1.355370
70.000 1.001633
71.000 1.001633
72.000 1.001633
73.000 1.001633
74.000 1.640385
75.000 2.655602
76.000 1.890204
77.000 1.264305
78.000 1.264305
79.000 1.264305
80.000 1.747081
81.000 1.414566
82.000 1.414566
83.000 1.083801
84.000 1.099316
85.000 1.583199
86.000 1.605841
87.000 1.625175
88.000 1.549971
89.000 1.366188
90.000 1.070560
91.000 0.936943
92.000 1.493019
93.000 1.493019
94.000 1.609993
95.000 1.609993
96.000 1.609993
97.000 1.490352
98.000 1.253991
99.000 1.017630
100.000 1.015724
101.000 1.718628
102.000 1.186707
103.000 1.241730
104.000 1.241730
105.000 1.729546
106.000 1.729546
107.000 1.729546
108.000 1.221766
109.000 1.102239
110.000 0.982712
111.000 0.863185
112.000 0.743658
113.000 0.694611
114.000 0.694611
115.000 2.157249
116.000 1.845047
117.000 1.916733
118.000 1.705531
119.000 1.272560
120.000 1.402332
121.000 1.714901
122.000 1.609918
123.000 1.292801
124.000 1.619522
125.000 1.619522
126.000 1.843340
127.000 2.466480
128.000 1.735799
129.000 1.547531
130.000 1.565867
131.000 1.591873
132.000 1.891723
133.000 2.682513
134.000 2.588552
135.000 1.800903
136.000 1.626190
137.000 1.299217
138.000 1.299217
139.000 1.299217
140.000 1.299217
141.000 1.299217
142.000 1.101921
143.000 1.147362
144.000 1.192803
145.000 1.220490
146.000 1.220490
147.000 1.846298
148.000 1.291267
149.000 1.709320
150.000 1.709320
151.000 1.926866
152.000 1.972648
153.000 1.937224
154.000 1.912666
155.000 1.859306
156.000 1.646300
157.000 1.408493
158.000 1.440465
159.000 1.530735
160.000 1.602201
161.000 1.730240
162.000 1.845425
163.000 2.170644
164.000 1.181244
165.000 1.181244
166.000 1.277054
167.000 1.550656
168.000 1.409487
169.000 1.154533
170.000 1.213710
171.000 1.382701
172.000 1.453815
173.000 2.547338
174.000 2.320958
175.000 1.198387
176.000 1.412735
177.000 1.412735
178.000 1.421275
179.000 1.484619
180.000 1.484619
181.000 1.508150
182.000 1.636223
183.000 1.636223
184.000 1.334297
185.000 1.543154
186.000 1.773664
187.000 2.367117
188.000 1.998888
189.000 1.407936
190.000 1.446036
191.000 1.549454
192.000 1.681777
193.000 2.764809
194.000 2.669375
195.000 1.803197
196.000 1.488960
197.000 1.488960
198.000 1.488960
199.000 1.488960
200.000 2.147988
201.000 2.057199
202.000 1.966411
203.000 1.931549
204.000 1.949913
205.000 1.309738
206.000 1.383777
207.000 1.724688
208.000 1.730302
209.000 1.582199
210.000 1.537171
211.000 1.199257
212.000 1.307738
213.000 2.301352
214.000 2.676119
215.000 1.581924
216.000 1.676627
217.000 2.544042
218.000 2.536070
219.000 1.346077
220.000 1.371165
221.000 1.587440
222.000 1.664071
223.000 2.130264
224.000 1.633148
225.000 1.476723
226.000 1.364251
227.000 1.267303
228.000 1.278773
229.000 1.634369
230.000 1.656165
231.000 1.727584
232.000 1.767052
233.000 2.216850
234.000 2.164083
235.000 1.685160
236.000 1.604605
237.000 1.289803
238.000 1.307937
239.000 1.384918
240.000 1.397404
241.000 1.459740
242.000 1.559060
243.000 2.477172
244.000 2.581995
245.000 1.783138
246.000 1.643674
247.000 1.590688
248.000 1.493799
249.000 1.093163
250.000 1.107921
251.000 1.249590
252.000 1.374101
253.000 2.346214
254.000 2.150987
255.000 1.260590
256.000 1.276996
257.000 1.439155
258.000 1.458896
259.000 1.481514
260.000 1.460636
261.000 1.329063
262.000 2.770226
263.000 2.770226
264.000 2.653311
265.000 1.610832
266.000 1.610832
267.000 1.610832
268.000 1.623556
269.000 1.645927
270.000 1.645927
271.000 1.634418
272.000 1.265279
273.000 1.218910
274.000 1.218910
275.000 1.770218
276.000 1.633614
277.000 1.633614
278.000 1.910110
279.000 1.910110
280.000 1.910110
281.000 1.746892
282.000 1.701431
283.000 1.440224
284.000 1.440224
285.000 1.436195
286.000 1.687438
287.000 1.140221
288.000 1.140221
289.000 1.675391
290.000 1.701424
291.000 1.640341
292.000 1.629296
293.000 1.629128
294.000 1.629128
295.000 1.629128
296.000 1.414343
297.000 1.329865
298.000 1.329865
299.000 1.469271
300.000 1.713097
301.000 1.021027
302.000 1.113154
303.000 1.437950
304.000 1.422977
305.000 1.285830
306.000 1.196967
307.000 0.777840
308.000 0.883658
309.000 1.027954
310.000 1.062056
311.000 1.400223
312.000 1.467539
313.000 2.153196
314.000 2.383003
315.000 1.457400
316.000 1.411774
317.000 1.411774
318.000 1.574638
319.000 1.574638
320.000 1.563522
321.000 1.563522
322.000 1.563522
323.000 1.587296
324.000 1.621056
325.000 1.642952
326.000 1.663631
327.000 1.687256
328.000 1.546249
329.000 1.184776
330.000 1.279854
331.000 2.158755
332.000 2.443167
333.000 2.727582
334.000 2.877391
335.000 2.898583
336.000 2.903050
337.000 2.830235
338.000 2.769730
339.000 1.537506
340.000 0.846672
341.000 0.846672
342.000 0.907867
343.000 1.379539
344.000 1.465463
345.000 2.306381
346.000 2.757303
347.000 2.672339
348.000 1.404901
349.000 1.236847
350.000 1.266787
351.000 1.517708
352.000 1.507463
353.000 1.160881
354.000 1.160881
355.000 1.160881
356.000 1.906303
357.000 1.906303
358.000 1.872371
359.000 1.661843
