0.000 0.178345
1.000 1.146294
2.000 2.469978
3.000 2.469978
4.000 2.506027
5.000 2.524895
6.000 2.510836
7.000 2.494240
8.000 2.427437
9.000 2.407845
10.000 2.484764
11.000 2.349876
12.000 2.440910
13.000 2.475239
14.000 2.484848
15.000 2.388680
16.000 2.475725
17.000 2.484856
18.000 2.497459
19.000 2.478373
20.000 2.429539
21.000 2.414391
22.000 2.382721
23.000 2.581787
24.000 2.386536
25.000 2.516701
26.000 2.468803
27.000 2.468803
28.000 2.468803
29.000 2.336891
30.000 2.336891
31.000 2.336891
32.000 2.491928
33.000 2.491928
34.000 2.491928
35.000 2.500095
36.000 2.504303
37.000 2.504303
38.000 2.196571
39.000 2.196571
40.000 2.468505
41.000 2.518852
42.000 2.332596
43.000 2.332596
44.000 2.464104
45.000 2.408633
46.000 2.346443
47.000 2.410636
48.000 2.522858
49.000 2.481209
50.000 2.479893
51.000 2.474190
52.000 2.347198
53.000 2.431541
54.000 2.541008
55.000 2.541008
56.000 2.223656
57.000 2.223656
58.000 2.397728
59.000 2.397728
60.000 2.479118
61.000 2.479118
62.000 2.460052
63.000 2.460052
64.000 2.501236
65.000 2.501236
66.000 2.517448
67.000 2.517448
68.000 2.517448
69.000 2.517448
70.000 2.476509
71.000 2.476509
72.000 2.476509
73.000 2.476509
74.000 2.493544
75.000 2.511200
76.000 2.514709
77.000 2.514709
78.000 2.509978
79.000 2.494339
80.000 2.494339
81.000 2.130890
82.000 2.130890
83.000 2.317863
84.000 2.534401
85.000 2.428596
86.000 2.342560
87.000 2.342560
88.000 2.497726
89.000 2.497726
90.000 2.497726
91.000 2.491562
92.000 2.491562
93.000 2.491562
94.000 2.496059
95.000 2.529165
96.000 2.545204
97.000 2.545204
98.000 2.426828
99.000 2.349571
100.000 2.532478
101.000 2.532478
102.000 2.297173
103.000 2.335429
104.000 2.490265
105.000 2.490265
106.000 2.473427
107.000 2.473427
108.000 2.327754
109.000 2.220543
110.000 2.509140
111.000 2.509140
112.000 2.284243
113.000 2.179657
114.000 2.524231
115.000 2.524231
116.000 2.524231
117.000 2.524231
118.000 2.447825
119.000 2.466355
120.000 2.480736
121.000 2.480736
122.000 2.480736
123.000 2.491188
124.000 2.491188
125.000 2.491188
126.000 2.197800
127.000 2.197800
128.000 2.197800
129.000 2.161873
130.000 2.161873
131.000 2.161873
132.000 2.292460
133.000 2.518452
134.000 2.628395
135.000 2.435684
136.000 2.341515
137.000 2.341515
138.000 2.374771
139.000 2.374771
140.000 2.374771
141.000 2.366753
142.000 2.366753
143.000 2.262985
144.000 2.262985
145.000 2.478600
146.000 2.501049
147.000 2.505463
148.000 2.434395
149.000 2.349083
150.000 2.349083
151.000 2.375371
152.000 2.526939
153.000 2.526939
154.000 2.433371
155.000 2.419472
156.000 2.419080
157.000 2.418371
158.000 2.418312
159.000 2.363419
160.000 2.363419
161.000 2.353348
162.000 2.353348
163.000 2.436851
164.000 2.479256
165.000 2.493136
166.000 2.500572
167.000 2.504601
168.000 2.504601
169.000 2.504601
170.000 2.504601
171.000 2.138550
172.000 2.138550
173.000 2.138550
174.000 2.138550
175.000 2.488586
176.000 2.488586
177.000 2.488586
178.000 2.488586
179.000 2.486560
180.000 2.484297
181.000 2.482460
182.000 2.482460
183.000 2.478629
184.000 2.471321
185.000 2.557861
186.000 2.367584
187.000 2.500122
188.000 2.452782
189.000 2.491783
190.000 2.491783
191.000 2.466595
192.000 2.456329
193.000 2.456329
194.000 2.444137
195.000 2.433090
196.000 2.433090
197.000 2.311386
198.000 2.311386
199.000 2.450806
200.000 2.450806
201.000 2.430443
202.000 2.403412
203.000 2.332046
204.000 2.310272
205.000 2.355597
206.000 2.380898
207.000 2.525398
208.000 2.525398
209.000 2.503609
210.000 2.503609
211.000 2.503609
212.000 2.526436
213.000 2.526436
214.000 2.482071
215.000 2.482071
216.000 2.469081
217.000 2.458160
218.000 2.458160
219.000 2.392639
220.000 2.392639
221.000 2.362144
222.000 2.362144
223.000 2.446404
224.000 2.446404
225.000 2.514862
226.000 2.514862
227.000 2.455403
228.000 2.438492
229.000 2.463765
230.000 2.509315
231.000 2.526039
232.000 2.403214
233.000 2.403214
234.000 2.432991
235.000 2.432991
236.000 2.427222
237.000 2.423210
238.000 2.505035
239.000 2.505035
240.000 2.495208
241.000 2.414207
242.000 2.414207
243.000 2.201866
244.000 2.201866
245.000 2.383400
246.000 2.383400
247.000 2.392672
248.000 2.476913
249.000 2.476913
250.000 2.530602
251.000 2.530602
252.000 2.466667
253.000 2.466667
254.000 2.312149
255.000 2.312149
256.000 2.342748
257.000 2.436722
258.000 2.435831
259.000 2.419228
260.000 2.419228
261.000 2.380531
262.000 2.380531
263.000 2.519882
264.000 2.519882
265.000 2.519882
266.000 2.175606
267.000 2.175606
268.000 2.175606
269.000 2.426575
270.000 2.426575
271.000 2.515640
272.000 2.515640
273.000 2.449563
274.000 2.343185
275.000 2.579834
276.000 2.579834
277.000 2.579834
278.000 2.538125
279.000 2.438248
280.000 2.438248
281.000 2.438248
282.000 2.449273
283.000 2.468896
284.000 2.472740
285.000 2.379395
286.000 2.379395
287.000 2.457886
288.000 2.457886
289.000 2.457886
290.000 2.478856
291.000 2.500658
292.000 2.522460
293.000 2.530304
294.000 2.321068
295.000 2.473343
296.000 2.473343
297.000 2.488417
298.000 2.500702
299.000 2.493547
300.000 2.375947
301.000 2.545074
302.000 2.513710
303.000 2.513710
304.000 2.246918
305.000 2.246918
306.000 2.246918
307.000 2.298640
308.000 2.397376
309.000 2.479362
310.000 2.571548
311.000 2.707863
312.000 2.406914
313.000 2.406914
314.000 2.526176
315.000 2.526176
316.000 2.521697
317.000 2.497513
318.000 2.497513
319.000 2.504593
320.000 2.504593
321.000 2.507629
322.000 2.507629
323.000 2.508897
324.000 2.516350
325.000 2.516350
326.000 2.488647
327.000 2.488647
328.000 2.487335
329.000 2.487335
330.000 2.477576
331.000 2.477501
332.000 2.523315
333.000 2.523315
334.000 2.221527
335.000 2.221527
336.000 2.221527
337.000 2.426140
338.000 2.426140
339.000 2.426140
340.000 2.413460
341.000 2.368631
342.000 2.353043
343.000 2.353043
344.000 2.501129
345.000 2.256363
346.000 2.256363
347.000 2.253904
348.000 2.228247
349.000 2.202589
350.000 2.198364
351.000 2.518188
352.000 2.523041
353.000 2.475553
354.000 2.422745
355.000 2.396438
356.000 2.307236
357.000 2.319662
358.000 2.510834
359.000 2.510834
