0.000 0.402168
1.000 0.402168
2.000 4.370125
3.000 3.833260
4.000 6.340546
5.000 5.497795
6.000 6.222008
7.000 6.222008
8.000 6.232031
9.000 6.323250
10.000 6.390938
11.000 6.390938
12.000 6.390938
13.000 6.196555
14.000 5.780213
15.000 5.607430
16.000 5.973183
17.000 6.097984
18.000 5.955818
19.000 5.748177
20.000 5.750264
21.000 6.135185
22.000 6.135185
23.000 6.102272
24.000 4.208992
25.000 4.208992
26.000 6.322121
27.000 6.322121
28.000 6.322121
29.000 6.213752
30.000 5.884346
31.000 5.884346
32.000 5.884346
33.000 5.644058
34.000 5.644058
35.000 5.660697
36.000 5.813972
37.000 5.813972
38.000 5.736137
39.000 5.736137
40.000 5.983871
41.000 5.983871
42.000 5.886784
43.000 5.854820
44.000 5.854820
45.000 6.250328
46.000 6.250328
47.000 2.651143
48.000 3.776729
49.000 4.902316
50.000 5.785347
51.000 5.924950
52.000 5.993996
53.000 5.993996
54.000 6.193199
55.000 1.276283
56.000 1.276283
57.000 1.276283
58.000 1.276283
59.000 1.276283
60.000 1.276283
61.000 1.276283
62.000 1.276283
63.000 1.276283
64.000 1.276283
65.000 1.276283
66.000 1.276283
67.000 1.276283
68.000 5.310081
69.000 5.310081
70.000 5.310081
71.000 5.661222
72.000 5.740524
73.000 5.740524
74.000 5.927170
75.000 5.927170
76.000 5.927417
77.000 5.929382
78.000 5.929382
79.000 5.893120
80.000 6.408157
81.000 6.408157
82.000 5.722977
83.000 5.722977
84.000 6.361946
85.000 6.114863
86.000 6.043755
87.000 6.043755
88.000 5.407097
89.000 5.407097
90.000 5.017060
91.000 6.445732
92.000 6.223007
93.000 5.641518
94.000 6.660507
95.000 6.096655
96.000 6.035683
97.000 5.718193
98.000 5.718193
99.000 5.868007
100.000 5.879807
101.000 6.072330
102.000 6.182396
103.000 5.908548
104.000 5.809441
105.000 5.889709
106.000 5.889709
107.000 5.000268
108.000 4.351173
109.000 5.937161
110.000 6.304787
111.000 5.929661
112.000 5.818024
113.000 5.822469
114.000 5.827011
115.000 6.867937
116.000 6.942657
117.000 5.413780
118.000 5.413780
119.000 5.997191
120.000 6.125259
121.000 5.916412
122.000 5.916412
123.000 5.501183
124.000 5.501183
125.000 5.961022
126.000 6.152924
127.000 5.465271
128.000 5.203735
129.000 5.868182
130.000 6.411690
131.000 5.775970
132.000 5.775970
133.000 5.509003
134.000 5.509003
135.000 6.083115
136.000 6.083115
137.000 5.280685
138.000 5.280685
139.000 4.862404
140.000 4.862404
141.000 6.220039
142.000 6.220039
143.000 6.024712
144.000 6.024712
145.000 5.985596
146.000 5.985596
147.000 5.847659
148.000 5.724625
149.000 5.724625
150.000 5.016884
151.000 5.652451
152.000 5.652451
153.000 5.652451
154.000 6.114204
155.000 6.114204
156.000 6.273613
157.000 6.273613
158.000 6.314770
159.000 6.316269
160.000 5.470396
161.000 5.207962
162.000 5.725441
163.000 5.676880
164.000 5.676880
165.000 4.781616
166.000 4.781616
167.000 5.816666
168.000 5.816666
169.000 5.599509
170.000 5.597160
171.000 5.688212
172.000 5.698753
173.000 5.698207
174.000 5.697655
175.000 6.226677
176.000 6.226677
177.000 6.100639
178.000 6.100639
179.000 5.638779
180.000 5.638779
181.000 5.638779
182.000 5.894417
183.000 5.894417
184.000 5.894417
185.000 5.748405
186.000 5.748405
187.000 5.821499
188.000 5.948204
189.000 6.074910
190.000 6.201615
191.000 6.252953
192.000 6.382469
193.000 3.392128
194.000 3.392128
195.000 3.392128
196.000 3.392128
197.000 3.392128
198.000 3.392128
199.000 6.178665
200.000 6.142963
201.000 6.119270
202.000 6.119270
203.000 6.150505
204.000 6.009363
205.000 5.704494
206.000 5.950098
207.000 5.956059
208.000 5.914375
209.000 5.818449
210.000 5.680756
211.000 5.393012
212.000 4.988190
213.000 5.930064
214.000 6.757530
215.000 6.047974
216.000 6.047974
217.000 4.835373
218.000 4.835373
219.000 5.206245
220.000 5.206245
221.000 6.067184
222.000 6.067184
223.000 6.133942
224.000 6.133942
225.000 6.133942
226.000 6.279614
227.000 6.466049
228.000 6.466049
229.000 6.347050
230.000 6.094086
231.000 6.246933
232.000 6.246933
233.000 6.241653
234.000 6.241653
235.000 6.483650
236.000 6.483650
237.000 6.028755
238.000 6.502197
239.000 6.502197
240.000 5.996605
241.000 5.996605
242.000 5.996605
243.000 5.996002
244.000 5.996002
245.000 5.996002
246.000 6.256363
247.000 6.256363
248.000 6.218101
249.000 6.188538
250.000 6.188538
251.000 3.560440
252.000 5.013168
253.000 5.013168
254.000 5.307918
255.000 5.718502
256.000 6.064934
257.000 6.064971
258.000 6.065002
259.000 6.488859
260.000 6.979088
261.000 6.587486
262.000 6.587486
263.000 6.232674
264.000 5.944160
265.000 5.942185
266.000 5.939545
267.000 6.006924
268.000 6.074661
269.000 5.908104
270.000 5.754326
271.000 2.728539
272.000 2.728539
273.000 4.506935
274.000 5.682945
275.000 6.262344
276.000 6.262344
277.000 6.014208
278.000 5.926949
279.000 5.623512
280.000 5.623512
281.000 5.941878
282.000 6.143440
283.000 5.446148
284.000 5.376236
285.000 5.376236
286.000 5.376236
287.000 6.158936
288.000 6.158936
289.000 6.158936
290.000 5.512303
291.000 5.398102
292.000 5.398102
293.000 6.199621
294.000 6.228874
295.000 5.433191
296.000 5.223503
297.000 5.733109
298.000 5.733109
299.000 6.057487
300.000 6.053528
301.000 6.053528
302.000 5.977409
303.000 5.977409
304.000 5.977409
305.000 5.602859
306.000 5.602859
307.000 5.602859
308.000 4.326340
309.000 4.326340
310.000 3.801483
311.000 3.801483
312.000 4.548093
313.000 4.991264
314.000 6.251236
315.000 5.694595
316.000 5.694595
317.000 5.694595
318.000 5.959490
319.000 5.876808
320.000 5.876808
321.000 5.876808
322.000 5.838615
323.000 5.838615
324.000 5.538256
325.000 5.291992
326.000 5.291992
327.000 5.807045
328.000 5.807045
329.000 5.914001
330.000 5.914001
331.000 5.134941
332.000 5.134941
333.000 5.933090
334.000 5.749062
335.000 5.749062
336.000 5.749062
337.000 3.914848
338.000 3.914848
339.000 3.406929
340.000 3.406929
341.000 3.406929
342.000 4.141117
343.000 6.251694
344.000 6.251694
345.000 6.251694
346.000 5.940155
347.000 5.940155
348.000 5.312439
349.000 5.312439
350.000 3.892433
351.000 3.892433
352.000 4.195247
353.000 4.650003
354.000 6.542534
355.000 6.080734
356.000 6.080734
357.000 6.219727
358.000 6.219727
359.000 5.206444
