0.000 0.318993
1.000 0.318993
2.000 2.283882
3.000 4.121277
4.000 3.952431
5.000 4.097206
6.000 4.006699
7.000 3.999248
8.000 3.864788
9.000 3.856377
10.000 4.046686
11.000 4.140671
12.000 3.843893
13.000 3.725555
14.000 3.851715
15.000 4.004868
16.000 3.836865
17.000 3.168624
18.000 3.034027
19.000 3.724585
20.000 4.136757
21.000 4.092361
22.000 4.036616
23.000 3.991356
24.000 3.991746
25.000 3.993066
26.000 3.994386
27.000 3.994881
28.000 4.011516
29.000 4.034637
30.000 4.016319
31.000 3.950759
32.000 3.885198
33.000 3.819638
34.000 3.754078
35.000 3.720604
36.000 3.762739
37.000 3.877136
38.000 3.886598
39.000 3.917477
40.000 3.948355
41.000 3.979234
42.000 4.010113
43.000 4.022560
44.000 3.984887
45.000 3.916565
46.000 3.848244
47.000 3.779922
48.000 3.778381
49.000 3.941573
50.000 4.060760
51.000 4.060506
52.000 4.060051
53.000 4.059596
54.000 4.059141
55.000 4.058746
56.000 4.058236
57.000 4.049189
58.000 4.040143
59.000 4.031096
60.000 4.023849
61.000 4.023849
62.000 3.642517
63.000 3.642517
64.000 3.682224
65.000 3.730979
66.000 3.779734
67.000 3.828489
68.000 3.868256
69.000 3.868256
70.000 3.844261
71.000 3.844261
72.000 3.864419
73.000 3.889572
74.000 3.914725
75.000 3.939878
76.000 3.961395
77.000 3.963809
78.000 4.009857
79.000 4.055905
80.000 4.101954
81.000 4.137970
82.000 4.137970
83.000 4.157280
84.000 4.157575
85.000 4.176734
86.000 4.195893
87.000 4.215051
88.000 4.234210
89.000 4.242226
90.000 3.806550
91.000 3.013562
92.000 2.220573
93.000 1.936241
94.000 1.936241
95.000 2.645679
96.000 4.113930
97.000 4.090497
98.000 4.015248
99.000 3.939999
100.000 3.864750
101.000 3.789501
102.000 3.782547
103.000 3.824182
104.000 3.875812
105.000 3.927441
106.000 3.979071
107.000 4.008148
108.000 4.053983
109.000 4.202598
110.000 4.185606
111.000 4.089014
112.000 3.992422
113.000 3.895830
114.000 3.799238
115.000 3.821871
116.000 4.239937
117.000 4.330695
118.000 4.139826
119.000 3.948957
120.000 3.758088
121.000 3.567219
122.000 3.533913
123.000 3.587576
124.000 3.654370
125.000 3.721164
126.000 3.787958
127.000 3.822227
128.000 3.847755
129.000 3.913818
130.000 3.873572
131.000 3.742651
132.000 3.611729
133.000 3.480808
134.000 3.349887
135.000 3.262634
136.000 3.272837
137.000 3.441724
138.000 3.610610
139.000 3.779497
140.000 3.948384
141.000 4.044891
142.000 3.865904
143.000 3.547087
144.000 3.517503
145.000 3.681147
146.000 3.844790
147.000 3.989174
148.000 3.998636
149.000 4.028214
150.000 4.048049
151.000 4.112786
152.000 4.177523
153.000 4.242260
154.000 4.298042
155.000 4.282058
156.000 4.228314
157.000 4.174570
158.000 4.120826
159.000 4.092278
160.000 4.027825
161.000 3.966095
162.000 3.937133
163.000 3.885727
164.000 3.834322
165.000 3.782917
166.000 3.742714
167.000 3.767635
168.000 3.849503
169.000 3.931372
170.000 4.013240
171.000 4.048546
172.000 4.153585
173.000 4.176682
174.000 3.905474
175.000 3.588501
176.000 3.596494
177.000 3.743395
178.000 3.890296
179.000 4.037198
180.000 4.102837
181.000 4.146912
182.000 4.179588
183.000 4.164317
184.000 4.145117
185.000 4.125918
186.000 4.106718
187.000 4.102394
188.000 4.105618
189.000 4.107117
190.000 3.994589
191.000 3.862112
192.000 3.729634
193.000 3.597157
194.000 3.581390
195.000 3.694365
196.000 3.834462
197.000 3.974558
198.000 4.114654
199.000 4.128524
200.000 3.881668
201.000 3.876425
202.000 3.793738
203.000 3.711051
204.000 3.628364
205.000 3.545677
206.000 3.508797
207.000 3.597629
208.000 3.759023
209.000 3.920416
210.000 4.081810
211.000 4.151657
212.000 4.129579
213.000 4.109589
214.000 4.112672
215.000 4.118243
216.000 4.123813
217.000 4.128845
218.000 4.099432
219.000 4.015923
220.000 4.022696
221.000 4.045941
222.000 4.069186
223.000 4.092430
224.000 4.107552
225.000 4.084539
226.000 4.009923
227.000 3.935307
228.000 3.860691
229.000 3.843094
230.000 3.936619
231.000 3.995346
232.000 3.950012
233.000 3.867947
234.000 3.785882
235.000 3.704147
236.000 3.704147
237.000 3.660211
238.000 3.585794
239.000 3.511376
240.000 3.453850
241.000 3.453850
242.000 4.129250
243.000 4.129250
244.000 4.149617
245.000 4.174656
246.000 4.199695
247.000 4.222328
248.000 4.222328
249.000 4.043885
250.000 3.845970
251.000 3.845970
252.000 3.845970
253.000 3.902428
254.000 3.902428
255.000 3.902428
256.000 3.902428
257.000 4.010108
258.000 4.151717
259.000 4.185432
260.000 4.185432
261.000 4.185432
262.000 3.841698
263.000 3.841698
264.000 3.841698
265.000 3.827713
266.000 3.745161
267.000 3.681175
268.000 3.681175
269.000 3.681175
270.000 3.681175
271.000 3.806474
272.000 3.962432
273.000 4.118391
274.000 4.181465
275.000 4.181465
276.000 4.181465
277.000 2.935951
278.000 2.935951
279.000 2.935951
280.000 2.962590
281.000 3.037755
282.000 3.050552
283.000 3.050552
284.000 3.050552
285.000 3.061188
286.000 3.253138
287.000 3.445087
288.000 3.637036
289.000 3.828986
290.000 3.840790
291.000 3.840790
292.000 3.935095
293.000 3.984467
294.000 3.970849
295.000 3.944480
296.000 3.918111
297.000 3.891742
298.000 3.865373
299.000 3.839004
300.000 3.812635
301.000 3.797112
302.000 3.800573
303.000 3.804993
304.000 3.838265
305.000 3.898606
306.000 3.958946
307.000 4.019287
308.000 4.079627
309.000 4.139968
310.000 4.200309
311.000 4.260649
312.000 4.319160
313.000 4.306909
314.000 4.267819
315.000 4.228729
316.000 4.189639
317.000 4.150549
318.000 4.111459
319.000 4.072369
320.000 4.058029
321.000 4.035600
322.000 4.023399
323.000 4.000566
324.000 3.972496
325.000 3.944425
326.000 3.916355
327.000 3.888284
328.000 3.860214
329.000 3.848747
330.000 3.803401
331.000 3.746818
332.000 3.690235
333.000 3.633652
334.000 3.577069
335.000 3.520486
336.000 3.502365
337.000 3.830719
338.000 3.976173
339.000 3.989331
340.000 4.005708
341.000 4.022084
342.000 4.038461
343.000 4.050369
344.000 3.981023
345.000 3.813202
346.000 3.834433
347.000 3.906062
348.000 3.977691
349.000 4.049319
350.000 4.110603
351.000 4.111536
352.000 4.114590
353.000 4.117643
354.000 4.120697
355.000 4.122429
356.000 4.175740
357.000 4.232475
358.000 4.215256
359.000 4.183685
