0.000 0.311005
1.000 0.311005
2.000 2.736732
3.000 2.664742
4.000 3.406151
5.000 3.552160
6.000 3.953957
7.000 3.367271
8.000 3.309853
9.000 3.239174
10.000 3.281670
11.000 3.281670
12.000 3.370071
13.000 3.393509
14.000 3.393509
15.000 3.269539
16.000 2.236626
17.000 2.236626
18.000 3.371033
19.000 3.371033
20.000 2.515244
21.000 3.295898
22.000 3.355278
23.000 3.355278
24.000 3.355278
25.000 3.428352
26.000 3.428352
27.000 3.247505
28.000 3.247505
29.000 3.363411
30.000 3.363411
31.000 3.187119
32.000 3.187119
33.000 3.073906
34.000 3.073906
35.000 3.284351
36.000 3.360588
37.000 3.248070
38.000 3.248070
39.000 2.263039
40.000 2.263039
41.000 3.291748
42.000 3.155426
43.000 3.155426
44.000 3.382881
45.000 3.382881
46.000 3.434753
47.000 3.434753
48.000 3.216095
49.000 3.216095
50.000 3.216095
51.000 3.216095
52.000 3.216095
53.000 3.216095
54.000 3.216095
55.000 2.913570
56.000 2.809196
57.000 2.809196
58.000 2.809196
59.000 2.809196
60.000 2.809196
61.000 3.281921
62.000 3.281921
63.000 3.281921
64.000 3.281921
65.000 3.281921
66.000 3.382902
67.000 3.484872
68.000 3.501884
69.000 3.372093
70.000 3.372093
71.000 3.213028
72.000 3.213028
73.000 3.191429
74.000 3.191429
75.000 3.177574
76.000 3.155968
77.000 3.155968
78.000 3.306770
79.000 3.354080
80.000 3.349602
81.000 3.349602
82.000 3.392464
83.000 3.392464
84.000 3.191956
85.000 3.191956
86.000 3.302559
87.000 3.318504
88.000 3.318504
89.000 3.042747
90.000 3.042747
91.000 3.305588
92.000 3.305588
93.000 3.173111
94.000 3.173111
95.000 3.251686
96.000 3.251686
97.000 3.227089
98.000 2.785622
99.000 2.785622
100.000 3.175438
101.000 3.175438
102.000 2.432083
103.000 2.432083
104.000 2.432083
105.000 2.827058
106.000 3.084335
107.000 3.084335
108.000 3.084335
109.000 3.062416
110.000 3.062416
111.000 2.364326
112.000 2.364326
113.000 2.364326
114.000 3.289636
115.000 3.263184
116.000 3.263184
117.000 3.263184
118.000 3.263184
119.000 3.328359
120.000 3.354055
121.000 3.377365
122.000 3.377365
123.000 3.065475
124.000 3.395355
125.000 3.395355
126.000 3.364833
127.000 3.329384
128.000 3.329384
129.000 3.142059
130.000 3.142059
131.000 3.237244
132.000 3.237244
133.000 3.189840
134.000 3.147346
135.000 3.147346
136.000 3.473633
137.000 3.473633
138.000 3.361652
139.000 3.296806
140.000 2.845963
141.000 3.162743
142.000 3.261467
143.000 3.366096
144.000 3.366096
145.000 3.350625
146.000 3.354668
147.000 3.354668
148.000 3.360901
149.000 3.360901
150.000 3.355247
151.000 3.261772
152.000 3.261772
153.000 3.215248
154.000 3.215248
155.000 3.257256
156.000 3.257256
157.000 3.261469
158.000 3.279961
159.000 3.279961
160.000 3.279961
161.000 3.317033
162.000 3.391785
163.000 3.391785
164.000 3.539154
165.000 3.416677
166.000 3.329117
167.000 3.329117
168.000 3.329117
169.000 2.753739
170.000 2.603516
171.000 2.603516
172.000 2.603516
173.000 3.392113
174.000 3.392113
175.000 3.151088
176.000 3.024246
177.000 3.024246
178.000 3.024246
179.000 3.131918
180.000 3.192780
181.000 3.209772
182.000 3.407349
183.000 3.369435
184.000 4.858429
185.000 3.454239
186.000 3.376266
187.000 3.376266
188.000 3.376266
189.000 3.376266
190.000 3.376266
191.000 3.376266
192.000 2.946228
193.000 2.946228
194.000 2.946228
195.000 2.946228
196.000 2.946228
197.000 3.407745
198.000 4.289681
199.000 5.171618
200.000 5.563904
201.000 5.563904
202.000 5.563904
203.000 5.052710
204.000 4.439253
205.000 3.825795
206.000 3.349808
207.000 3.108437
208.000 3.401581
209.000 3.285522
210.000 3.285522
211.000 3.367058
212.000 3.367058
213.000 3.369548
214.000 3.374576
215.000 3.378342
216.000 3.378342
217.000 3.378342
218.000 3.203060
219.000 3.301421
220.000 3.381981
221.000 3.346739
222.000 3.316261
223.000 3.316261
224.000 3.306503
225.000 3.306503
226.000 2.150665
227.000 2.150665
228.000 2.150665
229.000 3.437913
230.000 3.461990
231.000 3.461990
232.000 3.357208
233.000 3.357208
234.000 3.269737
235.000 3.269737
236.000 3.269737
237.000 3.269737
238.000 3.156473
239.000 3.221103
240.000 3.285732
241.000 3.339119
242.000 3.408485
243.000 3.324486
244.000 3.293307
245.000 3.267532
246.000 3.235050
247.000 3.189407
248.000 3.273850
249.000 3.359200
250.000 3.323143
251.000 3.323143
252.000 3.379707
253.000 3.379707
254.000 3.399666
255.000 3.399666
256.000 3.296379
257.000 3.296379
258.000 3.296379
259.000 3.251421
260.000 3.186945
261.000 3.122470
262.000 3.057995
263.000 3.050293
264.000 3.313133
265.000 3.313133
266.000 3.313133
267.000 3.332454
268.000 3.291971
269.000 3.269554
270.000 3.661140
271.000 3.661140
272.000 3.399109
273.000 3.399109
274.000 3.399109
275.000 2.964947
276.000 2.949593
277.000 2.949593
278.000 3.350739
279.000 3.350739
280.000 3.197174
281.000 3.356392
282.000 3.356392
283.000 1.943764
284.000 1.943764
285.000 1.943764
286.000 3.429497
287.000 3.429497
288.000 3.429497
289.000 3.429497
290.000 3.061536
291.000 3.226339
292.000 3.238235
293.000 3.238235
294.000 3.238235
295.000 2.198708
296.000 2.198708
297.000 2.198708
298.000 2.198708
299.000 2.713491
300.000 3.380424
301.000 3.380424
302.000 3.333359
303.000 3.333359
304.000 3.239902
305.000 3.185043
306.000 3.294495
307.000 3.336494
308.000 3.336494
309.000 3.113739
310.000 3.432693
311.000 3.432693
312.000 3.170235
313.000 3.170235
314.000 3.389359
315.000 3.389359
316.000 3.400291
317.000 3.400291
318.000 3.127754
319.000 3.127754
320.000 3.293610
321.000 3.293610
322.000 3.287303
323.000 3.282143
324.000 3.256882
325.000 3.256882
326.000 3.081512
327.000 3.081512
328.000 3.258400
329.000 3.258400
330.000 3.409836
331.000 3.184837
332.000 3.184837
333.000 3.276249
334.000 3.356728
335.000 3.356728
336.000 3.176064
337.000 3.208108
338.000 3.368904
339.000 3.368904
340.000 3.416817
341.000 2.650902
342.000 2.650902
343.000 3.191330
344.000 3.213218
345.000 3.319923
346.000 3.319923
347.000 3.560533
348.000 4.482994
349.000 4.482994
350.000 3.184731
351.000 3.184731
352.000 3.331184
353.000 3.353676
354.000 3.353676
355.000 3.404297
356.000 3.393074
357.000 3.393074
358.000 2.978653
359.000 2.978653
