0.000 0.163788
1.000 0.163788
2.000 0.163788
3.000 0.884470
4.000 2.530968
5.000 2.323441
6.000 2.506058
7.000 2.420349
8.000 2.491590
9.000 2.507896
10.000 2.429112
11.000 2.395072
12.000 2.390511
13.000 2.332062
14.000 2.332062
15.000 2.427742
16.000 2.494430
17.000 2.507225
18.000 2.507225
19.000 2.409820
20.000 2.481287
21.000 2.517357
22.000 2.517357
23.000 2.401108
24.000 2.401108
25.000 2.401108
26.000 2.315340
27.000 2.305308
28.000 2.304337
29.000 2.304337
30.000 2.336892
31.000 2.447715
32.000 2.459351
33.000 1.205818
34.000 1.205818
35.000 1.205818
36.000 2.391121
37.000 2.391121
38.000 2.505028
39.000 2.433403
40.000 2.220505
41.000 2.220505
42.000 2.487726
43.000 2.486921
44.000 2.473995
45.000 2.427325
46.000 2.335693
47.000 2.342547
48.000 2.378242
49.000 2.395208
50.000 2.441910
51.000 2.383115
52.000 2.240555
53.000 2.240555
54.000 2.504478
55.000 2.505800
56.000 2.514030
57.000 2.514030
58.000 2.357628
59.000 2.357628
60.000 2.486809
61.000 2.484579
62.000 2.418137
63.000 2.418137
64.000 2.354454
65.000 2.354454
66.000 2.374988
67.000 2.377213
68.000 2.505192
69.000 2.526505
70.000 2.480734
71.000 2.475449
72.000 2.503330
73.000 2.512680
74.000 2.436890
75.000 2.414421
76.000 2.492653
77.000 2.492653
78.000 2.186394
79.000 2.186394
80.000 2.402962
81.000 2.418193
82.000 2.537636
83.000 2.537636
84.000 2.391632
85.000 2.391632
86.000 2.443979
87.000 2.502353
88.000 2.516022
89.000 2.535675
90.000 2.519806
91.000 2.519806
92.000 2.426660
93.000 2.400887
94.000 2.397278
95.000 2.395782
96.000 2.418999
97.000 2.423286
98.000 2.470385
99.000 2.489357
100.000 2.432388
101.000 2.432388
102.000 2.372284
103.000 2.372284
104.000 2.510521
105.000 2.510521
106.000 2.389621
107.000 2.297226
108.000 2.297226
109.000 2.513725
110.000 2.512398
111.000 2.504040
112.000 2.495682
113.000 2.495224
114.000 2.541885
115.000 2.541885
116.000 2.499878
117.000 2.499878
118.000 2.452003
119.000 2.452003
120.000 2.478737
121.000 2.478737
122.000 2.337271
123.000 2.307198
124.000 2.511078
125.000 2.511078
126.000 2.487396
127.000 2.487396
128.000 2.492617
129.000 2.493744
130.000 2.285286
131.000 2.285286
132.000 2.377678
133.000 2.377678
134.000 2.513412
135.000 2.513412
136.000 2.461151
137.000 2.461605
138.000 2.539459
139.000 2.539459
140.000 2.466934
141.000 2.466934
142.000 2.513298
143.000 2.525352
144.000 2.393650
145.000 2.374924
146.000 2.372903
147.000 2.372467
148.000 2.455511
149.000 2.485550
150.000 2.465866
151.000 2.457436
152.000 2.505052
153.000 2.512436
154.000 2.435608
155.000 2.435608
156.000 2.454979
157.000 2.454979
158.000 2.410934
159.000 2.410934
160.000 2.494499
161.000 2.494499
162.000 2.519646
163.000 2.519646
164.000 2.355232
165.000 2.355232
166.000 2.515991
167.000 2.515991
168.000 2.363899
169.000 2.363899
170.000 2.437981
171.000 2.437981
172.000 2.396790
173.000 2.396790
174.000 2.514771
175.000 2.514771
176.000 2.392784
177.000 2.360840
178.000 2.413932
179.000 2.422722
180.000 2.344727
181.000 2.344727
182.000 2.408852
183.000 2.408852
184.000 2.406333
185.000 2.406212
186.000 2.379501
187.000 2.379501
188.000 2.493813
189.000 2.493813
190.000 2.427902
191.000 2.427902
192.000 2.513458
193.000 2.513458
194.000 2.403119
195.000 2.369476
196.000 2.369476
197.000 2.152168
198.000 2.152168
199.000 2.252340
200.000 2.403648
201.000 2.480667
202.000 2.499436
203.000 2.504562
204.000 2.406807
205.000 2.406807
206.000 2.461810
207.000 2.510475
208.000 2.538338
209.000 2.563438
210.000 2.411892
211.000 2.366432
212.000 2.348453
213.000 2.346710
214.000 2.359474
215.000 2.359474
216.000 2.506973
217.000 2.506973
218.000 2.451403
219.000 2.420662
220.000 2.567749
221.000 2.567749
222.000 2.416997
223.000 2.376770
224.000 2.511479
225.000 2.519699
226.000 2.412075
227.000 2.378181
228.000 2.384607
229.000 2.387291
230.000 2.144859
231.000 2.144859
232.000 2.184328
233.000 2.208412
234.000 2.303535
235.000 2.361244
236.000 2.315782
237.000 2.287621
238.000 2.396248
239.000 2.396248
240.000 2.366547
241.000 2.366547
242.000 2.383804
243.000 2.383804
244.000 2.516270
245.000 2.517242
246.000 2.520561
247.000 2.520561
248.000 2.511017
249.000 2.511017
250.000 2.548538
251.000 2.548538
252.000 2.556366
253.000 2.556366
254.000 2.377684
255.000 2.346909
256.000 2.374792
257.000 2.389671
258.000 2.403099
259.000 2.403099
260.000 2.457489
261.000 2.457489
262.000 2.482727
263.000 2.482727
264.000 2.522568
265.000 2.522568
266.000 2.476326
267.000 2.476326
268.000 2.509575
269.000 2.509575
270.000 2.475403
271.000 2.475403
272.000 2.153862
273.000 2.153862
274.000 2.153862
275.000 2.153862
276.000 2.468712
277.000 2.468712
278.000 2.468712
279.000 2.487600
280.000 2.495743
281.000 2.495743
282.000 2.519821
283.000 2.519821
284.000 2.375053
285.000 2.375053
286.000 2.332886
287.000 2.332886
288.000 2.221550
289.000 2.221550
290.000 2.221550
291.000 2.359867
292.000 2.481354
293.000 2.481354
294.000 2.501648
295.000 2.355797
296.000 2.355797
297.000 2.384514
298.000 2.528305
299.000 2.528305
300.000 2.476830
301.000 2.498802
302.000 2.498802
303.000 2.445823
304.000 2.399338
305.000 2.399338
306.000 2.516337
307.000 2.507301
308.000 2.513822
309.000 2.524430
310.000 2.525223
311.000 2.525223
312.000 2.400895
313.000 2.351791
314.000 2.351791
315.000 2.351791
316.000 2.266014
317.000 2.266014
318.000 2.335815
319.000 2.335815
320.000 2.335815
321.000 2.384553
322.000 2.447838
323.000 2.513321
324.000 2.513321
325.000 2.451546
326.000 2.451546
327.000 2.494583
328.000 2.399918
329.000 2.399918
330.000 2.415264
331.000 2.434731
332.000 2.500344
333.000 2.540344
334.000 2.363874
335.000 2.303307
336.000 2.388954
337.000 2.388954
338.000 2.494736
339.000 2.494736
340.000 2.083664
341.000 2.083664
342.000 2.083664
343.000 2.213790
344.000 2.390999
345.000 2.527878
346.000 2.527878
347.000 2.506871
348.000 2.472198
349.000 2.495041
350.000 2.491498
351.000 2.487305
352.000 2.507111
353.000 2.507111
354.000 2.492607
355.000 2.485115
356.000 2.504505
357.000 2.507202
358.000 2.494607
359.000 2.476646
