0.000 0.641762
1.000 0.641762
2.000 0.641762
3.000 0.641762
4.000 0.641762
5.000 0.641762
6.000 0.641762
7.000 2.822363
8.000 5.645340
9.000 8.050518
10.000 10.963729
11.000 12.499842
12.000 12.501888
13.000 12.575550
14.000 14.485788
15.000 15.261068
16.000 11.041473
17.000 9.028642
18.000 11.646336
19.000 11.950851
20.000 15.244706
21.000 16.323267
22.000 12.010990
23.000 10.941647
24.000 12.451654
25.000 13.314489
26.000 13.931386
27.000 14.270877
28.000 14.262650
29.000 14.195419
30.000 12.505168
31.000 12.119576
32.000 8.306175
33.000 3.505890
34.000 3.505890
35.000 3.618188
36.000 4.516106
37.000 4.652528
38.000 8.204472
39.000 9.134082
40.000 7.566298
41.000 6.991362
42.000 4.581483
43.000 3.632992
44.000 6.358616
45.000 7.497693
46.000 6.677140
47.000 6.364710
48.000 7.682428
49.000 8.365758
50.000 7.394166
51.000 6.938891
52.000 7.018992
53.000 7.114746
54.000 8.681432
55.000 9.755971
56.000 11.660724
57.000 12.584720
58.000 2.457440
59.000 2.360410
60.000 6.504008
61.000 9.587327
62.000 11.870233
63.000 12.012409
64.000 0.186722
65.000 0.186722
66.000 0.186722
67.000 0.186722
68.000 0.186722
69.000 0.186722
70.000 0.186722
71.000 0.186722
72.000 0.186722
73.000 3.377469
74.000 1.591164
75.000 1.658790
76.000 2.231895
77.000 2.327278
78.000 4.598938
79.000 4.659313
80.000 6.784594
81.000 7.237963
82.000 5.147317
83.000 3.614700
84.000 4.358805
85.000 4.777522
86.000 5.046160
87.000 5.144643
88.000 4.819486
89.000 4.745833
90.000 6.575295
91.000 7.730599
92.000 6.920504
93.000 6.286290
94.000 3.401230
95.000 3.401230
96.000 3.401230
97.000 4.617671
98.000 4.556686
99.000 4.556686
100.000 5.343768
101.000 6.210210
102.000 6.406479
103.000 4.657072
104.000 3.947505
105.000 3.868271
106.000 3.152420
107.000 3.152420
108.000 4.731453
109.000 4.731453
110.000 3.785805
111.000 3.785805
112.000 3.781312
113.000 3.670117
114.000 3.558923
115.000 3.447729
116.000 3.336535
117.000 3.225341
118.000 3.159286
119.000 3.195091
120.000 3.195091
121.000 1.674171
122.000 1.674171
123.000 1.674171
124.000 3.153328
125.000 4.893738
126.000 3.341049
127.000 3.292660
128.000 3.021095
129.000 3.061256
130.000 5.667764
131.000 7.751920
132.000 8.257601
133.000 8.638493
134.000 7.365100
135.000 6.759901
136.000 6.245859
137.000 6.109106
138.000 9.180261
139.000 11.874729
140.000 12.001079
141.000 12.035613
142.000 11.464109
143.000 11.105491
144.000 6.652916
145.000 6.730894
146.000 8.761167
147.000 10.157730
148.000 6.151344
149.000 6.224008
150.000 8.613650
151.000 10.164928
152.000 7.000618
153.000 5.130763
154.000 3.322638
155.000 2.476291
156.000 3.357021
157.000 3.609394
158.000 2.632972
159.000 2.324547
160.000 1.823573
161.000 1.751115
162.000 2.203767
163.000 2.278847
164.000 2.278847
165.000 2.350648
166.000 3.990997
167.000 3.994237
168.000 4.161175
169.000 4.243996
170.000 6.361602
171.000 7.379726
172.000 4.373024
173.000 4.383498
174.000 4.594017
175.000 4.528843
176.000 3.438248
177.000 2.065132
178.000 2.065132
179.000 2.874428
180.000 2.874428
181.000 2.858002
182.000 2.258703
183.000 1.864983
184.000 1.762438
185.000 1.739532
186.000 3.220281
187.000 4.536884
188.000 4.183483
189.000 3.887424
190.000 3.776505
191.000 3.684023
192.000 3.842815
193.000 3.970583
194.000 4.042736
195.000 4.114889
196.000 0.361107
197.000 0.361107
198.000 0.921297
199.000 1.547478
200.000 1.316539
201.000 1.070793
202.000 1.124043
203.000 1.192452
204.000 1.493831
205.000 1.785568
206.000 1.616051
207.000 1.426857
208.000 1.426487
209.000 1.426468
210.000 2.084243
211.000 2.845589
212.000 3.623597
213.000 4.623084
214.000 4.009303
215.000 2.995189
216.000 2.812927
217.000 2.812927
218.000 1.883058
219.000 0.971260
220.000 1.832038
221.000 2.922449
222.000 2.994655
223.000 2.972793
224.000 2.756512
225.000 2.484421
226.000 2.691267
227.000 2.972740
228.000 3.510766
229.000 4.166575
230.000 3.626591
231.000 2.964692
232.000 2.970047
233.000 3.065122
234.000 2.295812
235.000 2.154472
236.000 2.697824
237.000 3.301216
238.000 2.480820
239.000 2.480820
240.000 6.499207
241.000 6.499207
242.000 6.308800
243.000 6.308800
244.000 0.087860
245.000 0.087860
246.000 0.087860
247.000 0.087860
248.000 0.087860
249.000 0.087860
250.000 0.087860
251.000 0.087860
252.000 1.278650
253.000 1.383339
254.000 1.256361
255.000 1.143425
256.000 1.066527
257.000 1.012512
258.000 1.167474
259.000 1.274933
260.000 0.723907
261.000 0.723907
262.000 1.524453
263.000 2.131180
264.000 1.805483
265.000 1.524544
266.000 1.383436
267.000 1.204684
268.000 1.293641
269.000 1.409233
270.000 1.197844
271.000 1.003311
272.000 1.747959
273.000 2.703360
274.000 3.044135
275.000 3.322311
276.000 2.603506
277.000 2.268860
278.000 3.284710
279.000 4.276230
280.000 1.736508
281.000 1.491325
282.000 2.037985
283.000 2.494743
284.000 3.197211
285.000 4.088207
286.000 3.482263
287.000 2.697579
288.000 1.960059
289.000 1.127525
290.000 1.748380
291.000 1.937981
292.000 2.621364
293.000 3.350616
294.000 2.817902
295.000 2.449615
296.000 2.386550
297.000 2.332664
298.000 2.392661
299.000 2.450424
300.000 2.038286
301.000 1.722771
302.000 1.806540
303.000 1.895058
304.000 2.192194
305.000 2.555939
306.000 2.974855
307.000 3.242088
308.000 2.404155
309.000 1.516556
310.000 1.925470
311.000 2.412910
312.000 2.795207
313.000 3.291433
314.000 2.692372
315.000 1.867279
316.000 2.508004
317.000 2.926399
318.000 3.647237
319.000 4.573278
320.000 3.839725
321.000 3.275841
322.000 4.654695
323.000 6.176529
324.000 5.279047
325.000 4.499962
326.000 6.075844
327.000 7.740364
328.000 4.861053
329.000 4.861053
330.000 8.229980
331.000 8.229980
332.000 9.132065
333.000 9.132065
334.000 9.891855
335.000 10.188789
336.000 7.662148
337.000 7.662148
338.000 7.863034
339.000 8.783745
340.000 10.334214
341.000 12.135368
342.000 9.084750
343.000 7.372894
344.000 8.285497
345.000 9.130943
346.000 4.461145
347.000 1.594269
348.000 4.577864
349.000 8.167915
350.000 5.572378
351.000 2.692116
352.000 4.268122
353.000 6.269814
354.000 6.590104
355.000 7.000517
356.000 6.905348
357.000 6.787109
358.000 4.340058
359.000 3.111069
