0.000 0.262314
1.000 0.262314
2.000 0.262314
3.000 0.262314
4.000 0.262314
5.000 0.262314
6.000 0.262314
7.000 0.262314
8.000 0.262314
9.000 0.262314
10.000 0.262314
11.000 0.262314
12.000 2.525703
13.000 3.915077
14.000 4.391472
15.000 4.315613
16.000 4.133835
17.000 1.122986
18.000 1.122986
19.000 1.122986
20.000 1.122986
21.000 2.078438
22.000 2.512009
23.000 2.512009
24.000 2.571655
25.000 2.571655
26.000 3.052406
27.000 3.052406
28.000 1.945595
29.000 1.945595
30.000 1.744133
31.000 1.744133
32.000 2.775337
33.000 2.775337
34.000 2.903625
35.000 2.903625
36.000 3.099468
37.000 3.324158
38.000 2.985817
39.000 3.323814
40.000 2.745605
41.000 2.745605
42.000 2.887119
43.000 3.224403
44.000 3.224403
45.000 2.174896
46.000 2.174896
47.000 2.537800
48.000 2.795013
49.000 2.795013
50.000 2.661995
51.000 2.937363
52.000 2.937363
53.000 2.834953
54.000 2.834953
55.000 2.834953
56.000 2.834953
57.000 3.144867
58.000 3.104912
59.000 3.104912
60.000 2.524689
61.000 2.524689
62.000 3.120829
63.000 3.753944
64.000 3.426201
65.000 3.823067
66.000 3.823067
67.000 2.968750
68.000 2.968750
69.000 4.214157
70.000 4.106379
71.000 3.761375
72.000 3.615028
73.000 3.427338
74.000 3.427338
75.000 5.835528
76.000 6.125977
77.000 7.261940
78.000 7.202568
79.000 7.360380
80.000 7.979301
81.000 5.079704
82.000 4.088905
83.000 4.409554
84.000 4.409554
85.000 7.093689
86.000 4.670860
87.000 4.670860
88.000 2.426079
89.000 3.479233
90.000 3.479233
91.000 4.219826
92.000 4.151341
93.000 2.859970
94.000 2.956848
95.000 2.956848
96.000 3.233688
97.000 3.233688
98.000 3.238495
99.000 3.312752
100.000 3.470125
101.000 4.426544
102.000 4.409413
103.000 3.855759
104.000 1.639412
105.000 1.639412
106.000 1.639412
107.000 1.639412
108.000 1.138115
109.000 1.138115
110.000 1.138115
111.000 1.138115
112.000 4.061677
113.000 3.966896
114.000 3.774370
115.000 3.225494
116.000 1.916000
117.000 1.916000
118.000 2.096072
119.000 3.505844
120.000 3.427582
121.000 3.427582
122.000 2.843353
123.000 2.843353
124.000 2.843353
125.000 3.837911
126.000 4.199318
127.000 2.835091
128.000 2.846855
129.000 3.603668
130.000 3.608476
131.000 4.029106
132.000 4.029106
133.000 6.077362
134.000 6.077362
135.000 3.517128
136.000 2.709536
137.000 0.802711
138.000 0.802711
139.000 0.802711
140.000 0.802711
141.000 0.802711
142.000 0.802711
143.000 0.802711
144.000 0.802711
145.000 0.802711
146.000 0.802711
147.000 5.598358
148.000 5.481683
149.000 2.478149
150.000 2.478149
151.000 0.672356
152.000 0.672356
153.000 0.672356
154.000 0.672356
155.000 0.672356
156.000 0.672356
157.000 0.672356
158.000 0.672356
159.000 0.672356
160.000 0.672356
161.000 3.578804
162.000 3.578804
163.000 2.728256
164.000 2.728256
165.000 3.113417
166.000 4.956924
167.000 3.168083
168.000 3.168083
169.000 2.426613
170.000 2.426613
171.000 4.099841
172.000 2.320267
173.000 2.320267
174.000 2.370911
175.000 3.642601
176.000 3.546356
177.000 2.892693
178.000 2.899301
179.000 3.064148
180.000 3.068597
181.000 3.226021
182.000 2.443161
183.000 2.443161
184.000 2.295921
185.000 2.295921
186.000 2.296714
187.000 2.355911
188.000 2.382301
189.000 2.382301
190.000 1.801582
191.000 1.801582
192.000 1.863945
193.000 1.863945
194.000 1.863945
195.000 1.928256
196.000 2.836349
197.000 2.836349
198.000 2.605698
199.000 2.605698
200.000 2.609306
201.000 2.609306
202.000 1.431953
203.000 1.431953
204.000 1.431953
205.000 1.431953
206.000 1.431953
207.000 1.431953
208.000 2.272919
209.000 2.272919
210.000 2.272919
211.000 2.272919
212.000 2.138186
213.000 1.938403
214.000 1.807289
215.000 2.394897
216.000 2.394897
217.000 1.970001
218.000 1.970001
219.000 1.970001
220.000 1.970001
221.000 2.149990
222.000 2.378613
223.000 2.607236
224.000 2.639679
225.000 2.785538
226.000 3.024948
227.000 3.243340
228.000 3.243340
229.000 2.939217
230.000 2.939957
231.000 2.944725
232.000 2.944725
233.000 4.445389
234.000 4.445389
235.000 6.979584
236.000 5.167770
237.000 5.167770
238.000 3.019714
239.000 3.019714
240.000 1.931129
241.000 1.931129
242.000 1.931129
243.000 1.393723
244.000 1.393723
245.000 1.393723
246.000 1.393723
247.000 1.393723
248.000 2.295020
249.000 2.352992
250.000 2.410964
251.000 2.414314
252.000 1.432678
253.000 1.432678
254.000 2.324272
255.000 2.458656
256.000 2.458656
257.000 2.124457
258.000 2.057808
259.000 2.057808
260.000 2.057808
261.000 2.538299
262.000 2.560638
263.000 2.560638
264.000 2.570093
265.000 2.830959
266.000 2.953354
267.000 2.953354
268.000 2.953354
269.000 2.709976
270.000 2.709976
271.000 2.709976
272.000 2.357897
273.000 2.325485
274.000 2.325485
275.000 2.325485
276.000 2.031861
277.000 1.540573
278.000 1.540573
279.000 1.762764
280.000 1.762764
281.000 2.011742
282.000 2.011742
283.000 2.011742
284.000 3.817589
285.000 3.817589
286.000 3.745461
287.000 3.429657
288.000 3.113854
289.000 2.910828
290.000 1.720390
291.000 1.720390
292.000 1.720390
293.000 1.992615
294.000 1.992615
295.000 2.827080
296.000 2.827080
297.000 3.668465
298.000 3.668465
299.000 3.627403
300.000 3.408646
301.000 3.297325
302.000 3.297325
303.000 3.260155
304.000 3.260155
305.000 2.767601
306.000 2.767601
307.000 2.767601
308.000 2.284515
309.000 2.284515
310.000 2.935028
311.000 2.636154
312.000 2.636154
313.000 3.499214
314.000 3.499214
315.000 3.499214
316.000 2.870274
317.000 2.232094
318.000 2.232094
319.000 3.596024
320.000 1.793121
321.000 1.793121
322.000 1.793121
323.000 1.793121
324.000 3.278275
325.000 3.278275
326.000 3.278275
327.000 3.602547
328.000 3.602547
329.000 3.335594
330.000 3.335594
331.000 2.039696
332.000 2.039696
333.000 2.039696
334.000 3.117737
335.000 3.117737
336.000 3.109657
337.000 2.164139
338.000 2.164139
339.000 2.864143
340.000 2.864143
341.000 2.214874
342.000 2.214874
343.000 2.201233
344.000 2.240845
345.000 2.240845
346.000 2.240845
347.000 1.204277
348.000 1.204277
349.000 1.204277
350.000 1.204277
351.000 1.204277
352.000 1.204277
353.000 2.270958
354.000 2.150905
355.000 2.086632
356.000 2.086632
357.000 2.522987
358.000 3.518608
359.000 4.117386
