0.000 0.131508
1.000 0.131508
2.000 1.025337
3.000 0.639183
4.000 0.639183
5.000 0.858307
6.000 1.042503
7.000 1.042503
8.000 0.966303
9.000 0.890205
10.000 0.890205
11.000 0.862083
12.000 0.862083
13.000 0.862083
14.000 0.862083
15.000 1.354950
16.000 1.354950
17.000 1.354950
18.000 1.354950
19.000 1.381182
20.000 1.541949
21.000 1.547104
22.000 1.547104
23.000 1.547104
24.000 0.756470
25.000 0.756470
26.000 0.756470
27.000 0.712657
28.000 0.528000
29.000 0.528000
30.000 0.528000
31.000 0.528000
32.000 0.528000
33.000 0.528000
34.000 1.945816
35.000 1.945816
36.000 2.732796
37.000 2.732796
38.000 2.563980
39.000 2.332053
40.000 1.558022
41.000 1.558022
42.000 1.312286
43.000 1.312286
44.000 1.312286
45.000 1.470726
46.000 1.470726
47.000 1.470726
48.000 1.470726
49.000 1.799154
50.000 2.284872
51.000 2.388397
52.000 2.388397
53.000 2.388397
54.000 1.503029
55.000 1.503029
56.000 1.503029
57.000 2.187790
58.000 2.187790
59.000 1.763542
60.000 1.763542
61.000 1.763542
62.000 1.763542
63.000 2.441353
64.000 2.441353
65.000 2.441353
66.000 3.406830
67.000 3.406830
68.000 3.406830
69.000 3.801386
70.000 4.380516
71.000 4.341259
72.000 4.235493
73.000 4.137177
74.000 1.453331
75.000 1.453331
76.000 1.545221
77.000 1.872036
78.000 2.198851
79.000 2.285591
80.000 2.167901
81.000 1.893673
82.000 1.666901
83.000 1.666901
84.000 2.507290
85.000 2.702133
86.000 2.967772
87.000 3.575407
88.000 4.183041
89.000 4.267693
90.000 4.477712
91.000 4.494637
92.000 4.470485
93.000 4.436429
94.000 4.402373
95.000 4.398308
96.000 3.838326
97.000 2.852736
98.000 2.476479
99.000 2.476479
100.000 3.984536
101.000 5.216293
102.000 4.722535
103.000 3.993384
104.000 3.264233
105.000 3.199348
106.000 2.305243
107.000 1.497063
108.000 1.497063
109.000 1.885972
110.000 2.360550
111.000 2.330225
112.000 2.176424
113.000 2.022623
114.000 2.006042
115.000 1.613190
116.000 1.613190
117.000 1.501524
118.000 1.259389
119.000 1.251945
120.000 1.251945
121.000 1.568084
122.000 2.304714
123.000 3.041343
124.000 3.228104
125.000 2.392220
126.000 2.392220
127.000 0.667007
128.000 0.667007
129.000 0.667007
130.000 0.667007
131.000 1.415070
132.000 1.415070
133.000 1.415070
134.000 1.415070
135.000 1.415070
136.000 1.415070
137.000 2.307929
138.000 2.597237
139.000 2.597237
140.000 2.597237
141.000 2.597237
142.000 2.451126
143.000 2.451126
144.000 2.451126
145.000 2.461157
146.000 2.592010
147.000 2.592010
148.000 2.592010
149.000 3.489311
150.000 3.489311
151.000 4.142130
152.000 4.796455
153.000 4.785542
154.000 4.721412
155.000 4.698845
156.000 4.198228
157.000 3.053094
158.000 1.942780
159.000 1.942780
160.000 0.988731
161.000 0.988731
162.000 0.988731
163.000 1.284703
164.000 1.692284
165.000 1.692284
166.000 1.607454
167.000 1.489170
168.000 1.451340
169.000 1.451340
170.000 3.021076
171.000 3.991096
172.000 1.637495
173.000 1.285706
174.000 1.285706
175.000 1.285706
176.000 0.962250
177.000 0.962250
178.000 0.962250
179.000 3.595085
180.000 3.595085
181.000 3.407530
182.000 2.451440
183.000 1.805092
184.000 1.805092
185.000 1.805092
186.000 1.805092
187.000 1.805092
188.000 3.804442
189.000 3.643211
190.000 3.482689
191.000 3.488842
192.000 3.517708
193.000 3.546575
194.000 3.575441
195.000 3.497721
196.000 3.348854
197.000 3.119898
198.000 2.586411
199.000 2.074463
200.000 2.074463
201.000 2.478932
202.000 3.469866
203.000 4.396530
204.000 4.396530
205.000 4.400267
206.000 4.403336
207.000 4.192787
208.000 3.899205
209.000 3.605623
210.000 3.537956
211.000 2.922186
212.000 2.063575
213.000 2.219494
214.000 2.566677
215.000 2.913860
216.000 3.261042
217.000 3.284966
218.000 3.284966
219.000 3.284966
220.000 3.284966
221.000 2.715065
222.000 2.715065
223.000 2.504239
224.000 2.443680
225.000 2.443680
226.000 2.443680
227.000 2.057141
228.000 1.866417
229.000 1.866417
230.000 1.866417
231.000 1.497704
232.000 1.497704
233.000 1.497704
234.000 1.825906
235.000 2.183754
236.000 2.183754
237.000 2.183754
238.000 3.880295
239.000 3.766096
240.000 3.496229
241.000 3.456779
242.000 3.515103
243.000 3.800763
244.000 4.086424
245.000 4.139038
246.000 3.901796
247.000 3.730331
248.000 3.763764
249.000 3.905929
250.000 4.048094
251.000 4.109550
252.000 4.060888
253.000 3.949576
254.000 3.838263
255.000 3.788155
256.000 1.928146
257.000 1.928146
258.000 1.981484
259.000 2.060250
260.000 2.122993
261.000 2.122993
262.000 2.654286
263.000 2.732323
264.000 2.451971
265.000 2.148943
266.000 2.000336
267.000 2.000336
268.000 1.674418
269.000 1.339828
270.000 1.339828
271.000 1.339828
272.000 1.596069
273.000 1.586656
274.000 1.326399
275.000 1.318268
276.000 1.318268
277.000 1.124062
278.000 1.124062
279.000 1.124062
280.000 1.124062
281.000 1.181674
282.000 1.369560
283.000 1.369560
284.000 1.369560
285.000 1.369560
286.000 1.369560
287.000 1.253899
288.000 1.253899
289.000 1.253899
290.000 1.253899
291.000 1.039520
292.000 1.039520
293.000 1.039520
294.000 1.039520
295.000 1.039520
296.000 1.155302
297.000 1.503864
298.000 1.844040
299.000 1.844040
300.000 1.844040
301.000 1.522003
302.000 1.522003
303.000 1.522003
304.000 1.816112
305.000 1.987946
306.000 1.987946
307.000 1.987946
308.000 1.516769
309.000 1.516769
310.000 1.418517
311.000 0.746101
312.000 0.746101
313.000 0.746101
314.000 0.746101
315.000 1.895500
316.000 1.895500
317.000 1.432030
318.000 1.432030
319.000 1.432030
320.000 1.432030
321.000 1.618478
322.000 2.021897
323.000 2.155640
324.000 2.040459
325.000 2.040459
326.000 2.021529
327.000 1.994181
328.000 1.974846
329.000 1.974846
330.000 1.974846
331.000 1.182793
332.000 1.182793
333.000 1.182793
334.000 1.182793
335.000 1.182793
336.000 1.445030
337.000 1.445030
338.000 1.445030
339.000 1.445030
340.000 1.023674
341.000 1.023674
342.000 1.023674
343.000 1.023674
344.000 1.006035
345.000 1.006035
346.000 1.006035
347.000 1.006035
348.000 1.006035
349.000 1.610751
350.000 2.251663
351.000 2.251663
352.000 2.251663
353.000 2.251663
354.000 2.251663
355.000 1.510340
356.000 1.029541
357.000 1.029541
358.000 1.029541
359.000 1.029541
