0.000 0.047035
1.000 0.047035
2.000 0.047035
3.000 0.156921
4.000 0.156921
5.000 0.136513
6.000 0.136513
7.000 0.466110
8.000 0.948975
9.000 0.823149
10.000 0.644743
11.000 0.466338
12.000 0.287933
13.000 0.283455
14.000 0.283455
15.000 0.284183
16.000 0.287277
17.000 0.290370
18.000 0.293464
19.000 0.296558
20.000 0.299651
21.000 0.302745
22.000 0.305839
23.000 0.308932
24.000 0.310547
25.000 0.307418
26.000 0.244629
27.000 0.244629
28.000 0.489853
29.000 0.160202
30.000 0.160202
31.000 0.547775
32.000 0.547775
33.000 0.348022
34.000 0.348022
35.000 0.442638
36.000 0.726173
37.000 0.726173
38.000 0.783405
39.000 0.841728
40.000 0.857338
41.000 0.635221
42.000 0.371512
43.000 0.363327
44.000 0.421783
45.000 0.343666
46.000 0.342995
47.000 0.288358
48.000 0.233721
49.000 0.179084
50.000 0.124447
51.000 0.069810
52.000 0.053635
53.000 0.053635
54.000 0.053635
55.000 0.246719
56.000 0.246719
57.000 0.246719
58.000 0.246719
59.000 0.474349
60.000 0.372244
61.000 0.270139
62.000 0.181160
63.000 0.181160
64.000 0.181160
65.000 0.181160
66.000 0.216894
67.000 0.260192
68.000 0.303491
69.000 0.346790
70.000 0.390089
71.000 0.413811
72.000 0.413811
73.000 0.441429
74.000 0.441429
75.000 0.556023
76.000 0.556023
77.000 0.640718
78.000 0.704346
79.000 0.704346
80.000 0.327072
81.000 0.327072
82.000 0.414457
83.000 1.067383
84.000 0.755843
85.000 0.359624
86.000 0.106415
87.000 0.106415
88.000 0.106415
89.000 0.106415
90.000 0.744606
91.000 0.721631
92.000 0.682774
93.000 0.643918
94.000 0.605062
95.000 0.566205
96.000 0.527349
97.000 0.488492
98.000 0.449636
99.000 0.410779
100.000 0.371923
101.000 0.333067
102.000 0.294210
103.000 0.255354
104.000 0.216497
105.000 0.177641
106.000 0.138785
107.000 0.099928
108.000 0.061072
109.000 0.051430
110.000 0.051430
111.000 0.051430
112.000 0.051430
113.000 0.051430
114.000 0.360397
115.000 0.119904
116.000 0.119904
117.000 0.119904
118.000 0.118815
119.000 0.114553
120.000 0.114502
121.000 0.270691
122.000 0.270691
123.000 0.270691
124.000 0.193895
125.000 0.177361
126.000 0.177361
127.000 0.177361
128.000 0.856842
129.000 0.824104
130.000 0.828827
131.000 0.930871
132.000 0.950233
133.000 0.495011
134.000 0.103432
135.000 0.103432
136.000 0.103432
137.000 0.103432
138.000 0.936122
139.000 0.821335
140.000 0.821335
141.000 1.811096
142.000 1.432316
143.000 1.160734
144.000 0.889151
145.000 0.617568
146.000 0.345986
147.000 0.143387
148.000 0.143387
149.000 0.143387
150.000 1.727676
151.000 1.886818
152.000 2.451691
153.000 1.895752
154.000 1.744822
155.000 1.593892
156.000 1.442961
157.000 1.292031
158.000 1.141101
159.000 0.990171
160.000 0.839240
161.000 1.675817
162.000 3.669618
163.000 3.705448
164.000 0.991837
165.000 0.731499
166.000 0.731499
167.000 0.731499
168.000 0.731499
169.000 0.731499
170.000 0.731499
171.000 0.731499
172.000 0.731499
173.000 0.731499
174.000 3.922436
175.000 3.801005
176.000 3.782364
177.000 2.055223
178.000 1.742485
179.000 1.742485
180.000 1.742485
181.000 1.742485
182.000 1.742485
183.000 0.584465
184.000 0.584465
185.000 0.584465
186.000 0.584465
187.000 0.584465
188.000 0.584465
189.000 0.584465
190.000 0.584465
191.000 0.584465
192.000 0.598138
193.000 0.613547
194.000 0.628956
195.000 0.644366
196.000 0.659775
197.000 0.675185
198.000 0.690594
199.000 0.706003
200.000 0.721413
201.000 0.736822
202.000 0.752232
203.000 0.767641
204.000 0.783051
205.000 0.798460
206.000 0.813869
207.000 0.829279
208.000 0.844688
209.000 0.860098
210.000 0.875507
211.000 0.890916
212.000 0.906326
213.000 0.921735
214.000 0.937145
215.000 0.952554
216.000 0.967964
217.000 0.983373
218.000 0.998782
219.000 1.014192
220.000 1.029601
221.000 1.045011
222.000 1.060420
223.000 1.070770
224.000 1.070770
225.000 1.099521
226.000 1.105789
227.000 1.109124
228.000 1.112459
229.000 1.114067
230.000 1.114067
231.000 1.114067
232.000 1.313377
233.000 0.936245
234.000 0.395384
235.000 0.392670
236.000 0.392670
237.000 0.392670
238.000 0.392670
239.000 0.720305
240.000 0.727106
241.000 0.733907
242.000 0.738586
243.000 0.738586
244.000 0.738586
245.000 0.347279
246.000 0.312279
247.000 0.312279
248.000 0.358564
249.000 0.597435
250.000 0.597435
251.000 0.597435
252.000 0.597435
253.000 1.335797
254.000 1.310753
255.000 1.310753
256.000 0.663559
257.000 0.663559
258.000 0.663559
259.000 0.977841
260.000 0.893465
261.000 0.841133
262.000 0.693260
263.000 0.693260
264.000 0.879257
265.000 0.420479
266.000 0.420479
267.000 0.420479
268.000 0.420479
269.000 0.420479
270.000 0.420479
271.000 0.420479
272.000 0.420479
273.000 1.466577
274.000 1.511302
275.000 1.556026
276.000 1.600751
277.000 1.645476
278.000 1.690200
279.000 1.734925
280.000 1.779650
281.000 1.824374
282.000 1.869099
283.000 2.080711
284.000 2.080414
285.000 2.067779
286.000 1.950005
287.000 1.832231
288.000 1.714458
289.000 1.596684
290.000 1.478910
291.000 1.361136
292.000 1.243362
293.000 1.125589
294.000 1.007815
295.000 0.890041
296.000 0.772267
297.000 0.654494
298.000 0.536720
299.000 0.498047
300.000 0.769482
301.000 0.835449
302.000 0.708466
303.000 0.681474
304.000 0.666327
305.000 0.660355
306.000 0.660355
307.000 0.521230
308.000 0.515846
309.000 0.476990
310.000 0.465225
311.000 1.454636
312.000 0.896140
313.000 0.798489
314.000 0.700837
315.000 0.603186
316.000 0.505534
317.000 0.407882
318.000 0.353760
319.000 0.353760
320.000 0.353760
321.000 0.353760
322.000 0.354612
323.000 1.018880
324.000 1.341141
325.000 1.341141
326.000 0.386171
327.000 0.444408
328.000 0.502644
329.000 0.519623
330.000 0.519623
331.000 0.452736
332.000 0.452736
333.000 0.796486
334.000 0.726379
335.000 0.718710
336.000 0.642991
337.000 0.567271
338.000 0.491552
339.000 0.433655
340.000 0.433655
341.000 0.433655
342.000 1.282249
343.000 1.282249
344.000 1.083349
345.000 0.814667
346.000 0.729866
347.000 0.692317
348.000 0.402405
349.000 0.402405
350.000 0.402405
351.000 0.441643
352.000 0.469250
353.000 0.479935
354.000 0.914391
355.000 0.762328
356.000 0.559631
357.000 0.532046
358.000 0.394998
359.000 0.257950
