0.000 0.893578
1.000 1.725418
2.000 1.754738
3.000 1.688370
4.000 1.491447
5.000 1.491447
6.000 1.661240
7.000 1.661240
8.000 1.558319
9.000 1.558319
10.000 1.558319
11.000 1.768388
12.000 1.814186
13.000 1.814186
14.000 1.814186
15.000 1.826996
16.000 1.826996
17.000 1.826996
18.000 1.848101
19.000 1.869255
20.000 1.869255
21.000 1.867411
22.000 1.849500
23.000 1.842621
24.000 1.826393
25.000 1.826393
26.000 1.827131
27.000 1.827644
28.000 1.824146
29.000 1.810791
30.000 1.810791
31.000 1.790894
32.000 1.790894
33.000 1.790894
34.000 1.765562
35.000 1.734306
36.000 1.734306
37.000 1.734306
38.000 1.777939
39.000 1.777939
40.000 1.800784
41.000 1.840836
42.000 1.840836
43.000 1.840836
44.000 1.795441
45.000 1.795441
46.000 1.795441
47.000 1.711745
48.000 1.653618
49.000 1.653618
50.000 1.799721
51.000 1.799721
52.000 1.773924
53.000 1.733363
54.000 1.728745
55.000 1.734596
56.000 1.812485
57.000 1.812485
58.000 1.802391
59.000 1.802391
60.000 1.801134
61.000 1.795998
62.000 1.795998
63.000 1.172104
64.000 1.172104
65.000 1.735077
66.000 1.735077
67.000 1.781952
68.000 1.781952
69.000 1.806953
70.000 1.806953
71.000 1.868967
72.000 2.023621
73.000 2.024948
74.000 2.024948
75.000 1.915335
76.000 1.798271
77.000 1.778236
78.000 1.778236
79.000 1.778236
80.000 1.827156
81.000 1.827156
82.000 1.799479
83.000 1.774254
84.000 1.774254
85.000 1.823288
86.000 1.823288
87.000 1.770981
88.000 1.787038
89.000 1.823669
90.000 1.786125
91.000 1.786125
92.000 1.794748
93.000 1.797981
94.000 1.687569
95.000 1.733437
96.000 1.790756
97.000 1.790756
98.000 1.790756
99.000 1.790756
100.000 1.798363
101.000 1.785754
102.000 1.774307
103.000 1.774307
104.000 1.774307
105.000 1.823563
106.000 1.823563
107.000 1.844933
108.000 1.800262
109.000 1.800262
110.000 1.722656
111.000 1.722656
112.000 1.722656
113.000 1.721975
114.000 1.704038
115.000 1.686101
116.000 1.674828
117.000 1.775673
118.000 1.775673
119.000 1.775673
120.000 1.802035
121.000 1.801926
122.000 1.801926
123.000 1.154907
124.000 1.154907
125.000 1.797188
126.000 1.797188
127.000 1.651886
128.000 1.581665
129.000 1.581665
130.000 1.681240
131.000 1.756470
132.000 1.756470
133.000 1.774605
134.000 1.774605
135.000 1.772018
136.000 1.839088
137.000 1.839088
138.000 1.835762
139.000 1.830635
140.000 1.830635
141.000 1.830635
142.000 1.769562
143.000 1.769562
144.000 1.770560
145.000 1.778664
146.000 1.787701
147.000 1.819855
148.000 1.819855
149.000 1.763466
150.000 1.763466
151.000 1.761908
152.000 1.748810
153.000 1.748810
154.000 1.748810
155.000 1.748810
156.000 1.811234
157.000 1.811234
158.000 1.811234
159.000 1.788289
160.000 1.749657
161.000 1.749657
162.000 1.751613
163.000 1.816841
164.000 1.823456
165.000 1.844223
166.000 1.819312
167.000 1.684227
168.000 1.782051
169.000 1.782051
170.000 1.782051
171.000 1.707214
172.000 1.688751
173.000 1.830536
174.000 1.830536
175.000 1.703964
176.000 1.703964
177.000 1.696434
178.000 1.696434
179.000 1.829323
180.000 1.829323
181.000 1.829323
182.000 1.818230
183.000 1.818230
184.000 1.819056
185.000 1.836685
186.000 1.836685
187.000 1.789444
188.000 1.789444
189.000 1.801125
190.000 1.801125
191.000 1.792499
192.000 1.782463
193.000 1.782463
194.000 1.789238
195.000 1.789238
196.000 1.720486
197.000 1.677689
198.000 1.820938
199.000 1.820938
200.000 1.762123
201.000 1.748207
202.000 1.748207
203.000 1.836983
204.000 1.820778
205.000 1.820778
206.000 1.661278
207.000 1.661278
208.000 1.783326
209.000 1.801376
210.000 1.801376
211.000 1.822182
212.000 1.822182
213.000 1.805185
214.000 1.776031
215.000 1.770683
216.000 1.834183
217.000 1.834183
218.000 1.830864
219.000 1.830864
220.000 1.800629
221.000 1.812671
222.000 1.817230
223.000 1.817230
224.000 1.819839
225.000 1.819839
226.000 1.723640
227.000 1.723640
228.000 1.749195
229.000 1.812140
230.000 1.831863
231.000 1.783096
232.000 1.775667
233.000 1.842415
234.000 1.842415
235.000 1.677292
236.000 1.677292
237.000 1.744011
238.000 1.744011
239.000 1.744011
240.000 1.808817
241.000 1.855400
242.000 1.855400
243.000 1.855400
244.000 1.855400
245.000 1.741203
246.000 1.741203
247.000 1.741203
248.000 1.741203
249.000 1.749875
250.000 1.776642
251.000 1.789078
252.000 1.789078
253.000 1.789078
254.000 1.818214
255.000 1.815684
256.000 1.813155
257.000 1.812103
258.000 1.819692
259.000 1.842430
260.000 1.789795
261.000 1.789795
262.000 1.789795
263.000 1.789795
264.000 1.633901
265.000 1.692429
266.000 1.721123
267.000 1.721123
268.000 1.721733
269.000 1.721733
270.000 1.721580
271.000 1.720191
272.000 1.718802
273.000 1.718544
274.000 1.824608
275.000 1.824608
276.000 1.809532
277.000 1.809532
278.000 1.809532
279.000 1.722313
280.000 1.722313
281.000 1.722313
282.000 1.782295
283.000 1.782295
284.000 1.782295
285.000 1.803836
286.000 1.828316
287.000 1.833588
288.000 1.833588
289.000 1.668472
290.000 1.668472
291.000 1.668472
292.000 1.760363
293.000 1.749687
294.000 1.749687
295.000 1.785698
296.000 1.785698
297.000 1.826729
298.000 1.826729
299.000 1.826729
300.000 1.720520
301.000 1.720520
302.000 1.801109
303.000 1.801109
304.000 1.798679
305.000 1.789467
306.000 1.789467
307.000 1.710487
308.000 1.710487
309.000 1.807928
310.000 1.834732
311.000 1.834732
312.000 1.789703
313.000 1.789703
314.000 1.768341
315.000 1.768341
316.000 1.770784
317.000 1.773697
318.000 1.631447
319.000 1.631447
320.000 1.810293
321.000 1.827782
322.000 1.827782
323.000 1.620972
324.000 1.620972
325.000 1.843529
326.000 1.843529
327.000 1.823875
328.000 1.823875
329.000 1.821131
330.000 1.819008
331.000 1.819008
332.000 1.833588
333.000 1.833588
334.000 1.843897
335.000 1.844383
336.000 1.793785
337.000 1.793785
338.000 1.799329
339.000 1.801178
340.000 1.725227
341.000 1.725227
342.000 1.725227
343.000 1.725227
344.000 1.775825
345.000 1.770576
346.000 1.770576
347.000 1.770576
348.000 1.802037
349.000 1.828499
350.000 1.828499
351.000 1.721649
352.000 1.721649
353.000 1.792185
354.000 1.816208
355.000 1.816208
356.000 1.819991
357.000 1.822853
358.000 1.792084
359.000 1.792084
