0.000 0.105881
1.000 0.105881
2.000 0.105881
3.000 0.105881
4.000 1.808601
5.000 3.402603
6.000 3.776268
7.000 3.623009
8.000 1.386658
9.000 1.386658
10.000 3.657120
11.000 3.722282
12.000 3.815063
13.000 3.784609
14.000 3.730400
15.000 3.526741
16.000 3.859283
17.000 3.673286
18.000 3.673286
19.000 3.756767
20.000 3.690735
21.000 3.584450
22.000 3.637550
23.000 3.637550
24.000 3.115257
25.000 3.115257
26.000 3.598124
27.000 3.684967
28.000 3.566254
29.000 3.566254
30.000 3.665731
31.000 3.804153
32.000 3.804153
33.000 3.594162
34.000 3.594162
35.000 3.732018
36.000 3.732018
37.000 3.350922
38.000 3.350922
39.000 3.646255
40.000 3.646255
41.000 3.646255
42.000 3.675741
43.000 3.698563
44.000 3.653486
45.000 3.552879
46.000 3.280403
47.000 3.280403
48.000 3.567062
49.000 3.645087
50.000 3.876831
51.000 3.876831
52.000 3.876831
53.000 3.760948
54.000 3.760948
55.000 3.774211
56.000 3.822205
57.000 3.822205
58.000 3.571190
59.000 3.571190
60.000 3.501428
61.000 3.180687
62.000 3.180687
63.000 3.180687
64.000 3.717865
65.000 3.717865
66.000 3.718871
67.000 3.765953
68.000 3.765953
69.000 3.580347
70.000 3.450516
71.000 3.450516
72.000 3.640664
73.000 3.710121
74.000 3.306183
75.000 3.323853
76.000 3.323853
77.000 3.656769
78.000 3.616089
79.000 3.679667
80.000 3.702454
81.000 3.904297
82.000 3.754028
83.000 3.754028
84.000 3.681145
85.000 3.681145
86.000 3.681145
87.000 3.765352
88.000 3.795410
89.000 3.795410
90.000 3.756117
91.000 3.667145
92.000 3.667145
93.000 3.640191
94.000 3.627739
95.000 3.796806
96.000 3.504028
97.000 3.646980
98.000 3.662216
99.000 3.697990
100.000 3.737526
101.000 3.727668
102.000 3.596733
103.000 3.601801
104.000 3.774345
105.000 3.295326
106.000 3.865570
107.000 3.473338
108.000 3.442207
109.000 3.442207
110.000 3.631268
111.000 3.686844
112.000 3.849564
113.000 3.703194
114.000 3.682885
115.000 3.569519
116.000 2.387398
117.000 2.387398
118.000 2.590273
119.000 3.544472
120.000 3.568571
121.000 3.686096
122.000 3.687367
123.000 3.695526
124.000 3.679785
125.000 3.588791
126.000 3.611410
127.000 3.743179
128.000 3.740907
129.000 3.736366
130.000 3.734204
131.000 3.708489
132.000 3.695519
133.000 3.619214
134.000 3.614025
135.000 3.635170
136.000 3.651493
137.000 3.782921
138.000 3.760324
139.000 3.546982
140.000 3.469147
141.000 2.827110
142.000 2.888269
143.000 3.405037
144.000 3.451493
145.000 3.673500
146.000 3.669140
147.000 3.616658
148.000 3.624635
149.000 3.686527
150.000 3.640348
151.000 3.368088
152.000 3.369265
153.000 3.378555
154.000 3.402356
155.000 3.571609
156.000 3.656653
157.000 3.687431
158.000 3.650963
159.000 3.650963
160.000 3.655321
161.000 3.685478
162.000 3.685478
163.000 3.685478
164.000 3.685478
165.000 3.660332
166.000 3.660332
167.000 3.660332
168.000 3.709978
169.000 3.808853
170.000 3.808853
171.000 3.777368
172.000 3.690842
173.000 3.690842
174.000 3.745590
175.000 3.745590
176.000 3.745590
177.000 3.609124
178.000 3.586777
179.000 3.586777
180.000 3.586777
181.000 3.692829
182.000 3.820591
183.000 3.838844
184.000 3.585045
185.000 3.585045
186.000 3.603937
187.000 3.554283
188.000 3.554283
189.000 3.651627
190.000 3.599968
191.000 3.599968
192.000 3.721886
193.000 3.721886
194.000 3.721886
195.000 3.721886
196.000 3.651047
197.000 3.623865
198.000 3.596683
199.000 3.569501
200.000 3.560242
201.000 3.560242
202.000 3.658972
203.000 3.645592
204.000 3.645592
205.000 3.718688
206.000 3.653091
207.000 3.653091
208.000 3.653091
209.000 3.556044
210.000 3.504539
211.000 3.504539
212.000 3.504539
213.000 3.706449
214.000 3.749901
215.000 3.695000
216.000 3.695000
217.000 3.696380
218.000 3.697716
219.000 3.697716
220.000 3.874084
221.000 3.826836
222.000 3.693017
223.000 3.653984
224.000 3.696472
225.000 3.068810
226.000 3.068810
227.000 3.068810
228.000 3.719215
229.000 3.727417
230.000 3.727417
231.000 3.641417
232.000 3.598801
233.000 3.598801
234.000 3.716095
235.000 3.716095
236.000 3.662225
237.000 3.629852
238.000 3.629852
239.000 3.467155
240.000 3.467155
241.000 3.743103
242.000 3.743103
243.000 3.794525
244.000 3.794525
245.000 3.854622
246.000 3.854622
247.000 3.705887
248.000 3.648151
249.000 3.517784
250.000 3.517784
251.000 3.814606
252.000 3.814606
253.000 3.656351
254.000 3.427780
255.000 3.427780
256.000 3.514220
257.000 3.695786
258.000 3.700027
259.000 3.676018
260.000 3.661972
261.000 3.676813
262.000 3.736396
263.000 3.765190
264.000 3.727150
265.000 3.727150
266.000 3.539680
267.000 3.539680
268.000 3.539680
269.000 3.565947
270.000 3.683695
271.000 3.767960
272.000 3.675758
273.000 3.675758
274.000 3.757004
275.000 3.757004
276.000 3.691712
277.000 3.687012
278.000 3.687012
279.000 3.759262
280.000 3.759262
281.000 3.615143
282.000 3.624358
283.000 3.713943
284.000 3.713943
285.000 3.687460
286.000 3.653465
287.000 3.647015
288.000 3.486938
289.000 3.486938
290.000 3.681473
291.000 3.515335
292.000 3.515335
293.000 3.806969
294.000 3.806969
295.000 3.801110
296.000 3.786538
297.000 3.774284
298.000 3.373367
299.000 3.373367
300.000 3.373367
301.000 3.603820
302.000 3.588875
303.000 3.697166
304.000 3.697166
305.000 3.352081
306.000 3.352081
307.000 3.391500
308.000 3.589890
309.000 3.589890
310.000 3.518463
311.000 3.530792
312.000 3.530792
313.000 3.553807
314.000 3.586845
315.000 3.586845
316.000 3.833984
317.000 3.763145
318.000 3.763145
319.000 3.753672
320.000 3.721092
321.000 3.724853
322.000 3.756241
323.000 3.767891
324.000 3.741578
325.000 3.818237
326.000 3.809860
327.000 3.809860
328.000 4.134827
329.000 3.429344
330.000 3.429344
331.000 3.271179
332.000 3.271179
333.000 3.537537
334.000 3.537537
335.000 3.176758
336.000 3.176758
337.000 3.629280
338.000 3.629280
339.000 3.708909
340.000 3.770111
341.000 3.681084
342.000 3.681084
343.000 3.661674
344.000 3.661674
345.000 3.846031
346.000 3.846031
347.000 3.758598
348.000 3.758598
349.000 3.651756
350.000 3.651756
351.000 3.651756
352.000 3.556091
353.000 3.556091
354.000 3.559897
355.000 3.674954
356.000 3.678444
357.000 3.550003
358.000 3.785294
359.000 3.785294
