0.000 0.101654
1.000 0.101654
2.000 1.563080
3.000 2.689758
4.000 2.737679
5.000 2.497676
6.000 2.680634
7.000 2.708092
8.000 2.711853
9.000 2.627419
10.000 2.623016
11.000 2.622964
12.000 2.622772
13.000 2.643692
14.000 2.728127
15.000 2.724564
16.000 2.724564
17.000 2.721643
18.000 2.720718
19.000 2.720718
20.000 2.720718
21.000 2.720718
22.000 2.720718
23.000 2.771830
24.000 2.732109
25.000 2.732109
26.000 2.732109
27.000 2.732109
28.000 2.712340
29.000 2.659379
30.000 2.612106
31.000 2.612106
32.000 2.474632
33.000 2.474632
34.000 2.555105
35.000 2.665581
36.000 2.623329
37.000 2.623329
38.000 2.691536
39.000 2.691536
40.000 2.680826
41.000 2.459051
42.000 2.455353
43.000 2.552788
44.000 2.735725
45.000 2.662590
46.000 2.662590
47.000 2.683952
48.000 2.683952
49.000 2.683952
50.000 2.667829
51.000 2.636232
52.000 2.604635
53.000 2.588837
54.000 2.588837
55.000 2.681366
56.000 2.664033
57.000 2.620840
58.000 2.628896
59.000 2.649582
60.000 2.713593
61.000 2.713593
62.000 2.757111
63.000 2.757111
64.000 2.685066
65.000 2.685066
66.000 2.365303
67.000 2.365303
68.000 2.493486
69.000 2.638657
70.000 2.369186
71.000 2.369186
72.000 2.611549
73.000 2.611549
74.000 2.590279
75.000 2.590279
76.000 2.590279
77.000 2.651875
78.000 2.657333
79.000 2.657333
80.000 2.657333
81.000 2.639573
82.000 2.636375
83.000 2.636375
84.000 2.434433
85.000 2.434433
86.000 2.434433
87.000 2.590874
88.000 2.590874
89.000 2.628891
90.000 2.628891
91.000 2.622139
92.000 2.622139
93.000 2.739227
94.000 2.712793
95.000 2.632729
96.000 2.741699
97.000 2.583977
98.000 2.619665
99.000 2.771866
100.000 2.763808
101.000 2.740860
102.000 2.709366
103.000 2.687523
104.000 2.687523
105.000 2.678944
106.000 2.667001
107.000 2.655058
108.000 2.654915
109.000 2.704056
110.000 2.627441
111.000 2.638168
112.000 2.638168
113.000 2.736961
114.000 2.736961
115.000 2.724760
116.000 2.667229
117.000 2.667229
118.000 2.405754
119.000 2.405754
120.000 2.733467
121.000 2.783096
122.000 2.783096
123.000 2.786109
124.000 2.790909
125.000 2.613983
126.000 2.613983
127.000 2.715485
128.000 2.715485
129.000 2.691616
130.000 2.689789
131.000 2.620259
132.000 2.530380
133.000 2.772385
134.000 2.460526
135.000 2.460526
136.000 2.743050
137.000 2.743050
138.000 2.703164
139.000 2.603065
140.000 2.603065
141.000 2.633766
142.000 2.633766
143.000 2.708313
144.000 2.708313
145.000 2.643433
146.000 2.643433
147.000 2.636024
148.000 2.636024
149.000 2.691049
150.000 2.716927
151.000 2.615501
152.000 2.653495
153.000 2.691887
154.000 2.356087
155.000 2.356087
156.000 2.460278
157.000 2.727249
158.000 2.727249
159.000 2.633842
160.000 2.633842
161.000 2.648638
162.000 2.689659
163.000 2.689659
164.000 2.708504
165.000 2.581919
166.000 2.515900
167.000 2.537702
168.000 2.668671
169.000 2.720245
170.000 2.720245
171.000 2.673622
172.000 2.673622
173.000 2.710891
174.000 2.712067
175.000 2.712185
176.000 2.729019
177.000 2.729019
178.000 2.534912
179.000 2.599693
180.000 2.599693
181.000 2.599693
182.000 2.779683
183.000 2.786263
184.000 2.440193
185.000 2.262436
186.000 2.262436
187.000 2.510243
188.000 2.710960
189.000 2.592903
190.000 2.592903
191.000 2.549294
192.000 2.642007
193.000 2.650253
194.000 2.592477
195.000 2.476341
196.000 2.539393
197.000 2.641861
198.000 2.672342
199.000 2.744415
200.000 2.756479
201.000 2.783310
202.000 2.741410
203.000 2.634361
204.000 2.662925
205.000 2.748901
206.000 2.744924
207.000 2.740997
208.000 2.735836
209.000 2.734856
210.000 2.665624
211.000 2.664871
212.000 2.692085
213.000 2.715042
214.000 2.762094
215.000 2.778160
216.000 2.715950
217.000 2.687759
218.000 2.666702
219.000 2.650269
220.000 1.472359
221.000 1.472359
222.000 2.231508
223.000 2.751122
224.000 2.699591
225.000 2.615410
226.000 2.498599
227.000 2.376450
228.000 2.487472
229.000 2.640892
230.000 2.597702
231.000 2.597702
232.000 2.694292
233.000 2.754410
234.000 2.731736
235.000 2.636147
236.000 2.636147
237.000 2.542747
238.000 2.587081
239.000 2.618851
240.000 2.662096
241.000 2.697800
242.000 2.685161
243.000 2.655365
244.000 2.296162
245.000 2.094124
246.000 2.716370
247.000 2.716370
248.000 2.607269
249.000 2.607269
250.000 2.576637
251.000 2.576637
252.000 2.576637
253.000 2.666924
254.000 2.666924
255.000 2.665913
256.000 2.662284
257.000 2.661560
258.000 2.747452
259.000 2.720505
260.000 2.720505
261.000 2.683647
262.000 2.683647
263.000 2.578934
264.000 2.578934
265.000 2.729233
266.000 2.729233
267.000 2.752533
268.000 2.713051
269.000 2.713051
270.000 2.713051
271.000 2.650436
272.000 2.650436
273.000 2.660855
274.000 2.669937
275.000 2.669937
276.000 2.744446
277.000 2.751930
278.000 2.736122
279.000 2.644976
280.000 2.610039
281.000 2.549042
282.000 2.549042
283.000 2.630821
284.000 2.630821
285.000 2.734024
286.000 2.717285
287.000 2.717285
288.000 2.684860
289.000 2.646378
290.000 2.646378
291.000 2.694275
292.000 2.694275
293.000 2.615479
294.000 2.615479
295.000 2.733887
296.000 2.733887
297.000 2.607096
298.000 2.541000
299.000 2.720215
300.000 2.720215
301.000 2.610535
302.000 2.610535
303.000 2.345833
304.000 2.442143
305.000 2.702240
306.000 2.713247
307.000 2.714462
308.000 2.667900
309.000 2.667900
310.000 2.649332
311.000 2.635971
312.000 2.635971
313.000 2.715836
314.000 2.715836
315.000 2.732811
316.000 2.732811
317.000 2.688028
318.000 2.671898
319.000 2.671898
320.000 2.743004
321.000 2.645615
322.000 2.645615
323.000 2.599106
324.000 2.599106
325.000 2.347946
326.000 2.347946
327.000 2.481148
328.000 2.481148
329.000 2.633873
330.000 2.633873
331.000 2.668839
332.000 2.668839
333.000 2.683658
334.000 2.709755
335.000 2.709755
336.000 2.696243
337.000 2.696243
338.000 2.745506
339.000 2.745506
340.000 2.721405
341.000 2.726603
342.000 2.770821
343.000 2.770821
344.000 2.730026
345.000 2.730026
346.000 2.660097
347.000 2.613716
348.000 2.647118
349.000 2.647118
350.000 2.647057
351.000 2.647057
352.000 2.715378
353.000 2.640877
354.000 2.640877
355.000 2.726982
356.000 2.726982
357.000 2.751953
358.000 2.751953
359.000 2.660751
