0.000 0.313057
1.000 0.313057
2.000 3.772865
3.000 3.942825
4.000 5.286541
5.000 5.220207
6.000 4.678682
7.000 4.598450
8.000 3.405731
9.000 4.469955
10.000 3.384590
11.000 3.300140
12.000 3.570213
13.000 3.368065
14.000 5.077179
15.000 5.266289
16.000 4.157762
17.000 6.586609
18.000 3.212242
19.000 3.343789
20.000 3.312036
21.000 5.595856
22.000 3.424166
23.000 3.378769
24.000 4.081641
25.000 3.375397
26.000 3.335587
27.000 3.364408
28.000 6.837158
29.000 3.347977
30.000 3.313171
31.000 3.302540
32.000 3.270218
33.000 3.303798
34.000 3.414820
35.000 3.700842
36.000 4.396439
37.000 4.034154
38.000 3.347031
39.000 3.357845
40.000 3.374962
41.000 3.391327
42.000 3.391327
43.000 3.394150
44.000 3.401321
45.000 3.625471
46.000 4.306941
47.000 4.094800
48.000 3.338387
49.000 3.604989
50.000 4.394073
51.000 4.092226
52.000 3.438293
53.000 3.412255
54.000 3.334969
55.000 3.348833
56.000 3.391900
57.000 3.378921
58.000 3.343979
59.000 3.579021
60.000 4.302406
61.000 4.088470
62.000 3.450294
63.000 3.422691
64.000 3.353973
65.000 3.360286
66.000 3.373779
67.000 3.367596
68.000 3.359360
69.000 1.912735
70.000 1.912735
71.000 2.394047
72.000 3.354271
73.000 3.668287
74.000 4.397118
75.000 3.417580
76.000 3.417580
77.000 3.360657
78.000 3.360657
79.000 3.363163
80.000 3.368973
81.000 3.368973
82.000 3.087361
83.000 3.039658
84.000 3.409798
85.000 3.409798
86.000 3.389132
87.000 3.329906
88.000 3.316147
89.000 3.316147
90.000 3.098526
91.000 3.098526
92.000 3.348412
93.000 3.348412
94.000 3.347286
95.000 3.345810
96.000 3.345810
97.000 3.340431
98.000 3.340431
99.000 3.183586
100.000 3.183586
101.000 3.444603
102.000 3.444603
103.000 3.444603
104.000 3.419570
105.000 3.388585
106.000 3.360672
107.000 3.360672
108.000 3.334283
109.000 3.331383
110.000 3.331383
111.000 2.809387
112.000 2.809387
113.000 3.302723
114.000 3.392921
115.000 3.171989
116.000 3.299735
117.000 3.421066
118.000 3.421066
119.000 3.421066
120.000 3.417416
121.000 3.379135
122.000 3.379135
123.000 3.379135
124.000 3.382803
125.000 3.421738
126.000 3.421738
127.000 3.158562
128.000 3.158562
129.000 3.158562
130.000 3.157911
131.000 3.157341
132.000 3.368637
133.000 3.329453
134.000 3.327995
135.000 3.327995
136.000 3.343590
137.000 3.343590
138.000 3.799874
139.000 4.678230
140.000 4.678230
141.000 3.385811
142.000 3.386685
143.000 3.391413
144.000 3.394852
145.000 3.409622
146.000 4.751080
147.000 4.949306
148.000 3.558923
149.000 3.334479
150.000 3.371338
151.000 3.336761
152.000 3.238602
153.000 3.269929
154.000 3.345627
155.000 3.706950
156.000 4.257416
157.000 3.958198
158.000 3.292358
159.000 3.392815
160.000 3.392815
161.000 3.372615
162.000 3.335609
163.000 3.373152
164.000 3.421677
165.000 1.819519
166.000 1.819519
167.000 3.315460
168.000 3.315460
169.000 4.389534
170.000 4.389534
171.000 3.382835
172.000 3.382835
173.000 3.382835
174.000 3.382835
175.000 3.342693
176.000 3.327129
177.000 3.311566
178.000 3.308182
179.000 3.308182
180.000 3.354324
181.000 3.404625
182.000 3.269135
183.000 3.269135
184.000 3.237198
185.000 3.237198
186.000 3.237198
187.000 3.358879
188.000 3.358879
189.000 3.358879
190.000 3.358879
191.000 3.206692
192.000 3.164642
193.000 3.164642
194.000 3.226629
195.000 3.390541
196.000 3.390541
197.000 3.283363
198.000 3.315201
199.000 3.298426
200.000 3.280746
201.000 3.396675
202.000 3.112686
203.000 3.369339
204.000 3.369339
205.000 3.357994
206.000 3.054932
207.000 3.054932
208.000 3.254623
209.000 3.254623
210.000 3.387154
211.000 3.301361
212.000 3.096245
213.000 3.096245
214.000 2.996948
215.000 2.996948
216.000 2.996948
217.000 3.417633
218.000 3.417946
219.000 3.417946
220.000 3.417946
221.000 2.939377
222.000 2.831581
223.000 2.831581
224.000 3.218636
225.000 3.218636
226.000 3.218636
227.000 3.218636
228.000 2.772879
229.000 2.509446
230.000 2.246013
231.000 1.982580
232.000 1.719147
233.000 1.479164
234.000 1.479164
235.000 3.394257
236.000 4.688929
237.000 5.379799
238.000 3.429489
239.000 3.429489
240.000 3.429489
241.000 3.342139
242.000 3.139902
243.000 3.036400
244.000 3.428322
245.000 2.635353
246.000 2.635353
247.000 2.635353
248.000 2.441602
249.000 2.237422
250.000 2.033242
251.000 1.829062
252.000 1.624882
253.000 1.441772
254.000 1.441772
255.000 1.441772
256.000 1.441772
257.000 1.665581
258.000 1.643109
259.000 1.620637
260.000 1.598165
261.000 1.323568
262.000 1.132179
263.000 1.160873
264.000 1.323359
265.000 1.413109
266.000 1.479272
267.000 1.520445
268.000 1.599665
269.000 1.612419
270.000 1.465527
271.000 1.374414
272.000 1.144861
273.000 0.997505
274.000 0.997505
275.000 1.007810
276.000 1.155196
277.000 1.212276
278.000 1.086297
279.000 1.053768
280.000 1.192031
281.000 1.266859
282.000 1.276256
283.000 1.275925
284.000 1.205712
285.000 1.168331
286.000 1.164305
287.000 1.164180
288.000 1.190697
289.000 1.199166
290.000 1.115603
291.000 1.082694
292.000 1.162625
293.000 1.226398
294.000 1.605029
295.000 1.901955
296.000 2.617785
297.000 3.167915
298.000 3.167915
299.000 3.188132
300.000 3.465381
301.000 3.660332
302.000 4.188173
303.000 4.572481
304.000 4.821834
305.000 4.914413
306.000 3.936231
307.000 3.101929
308.000 3.101929
309.000 3.222487
310.000 4.971726
311.000 5.733925
312.000 3.439758
313.000 3.561344
314.000 5.251901
315.000 5.751551
316.000 3.333984
317.000 3.342866
318.000 3.437912
319.000 3.430566
320.000 3.345177
321.000 3.331512
322.000 3.331512
323.000 3.338913
324.000 3.338913
325.000 3.207875
326.000 3.172012
327.000 3.172012
328.000 3.288925
329.000 3.288925
330.000 3.288925
331.000 3.383232
332.000 3.383232
333.000 3.337234
334.000 3.337234
335.000 3.265434
336.000 3.265434
337.000 3.419876
338.000 3.419876
339.000 3.352386
340.000 3.352386
341.000 3.720180
342.000 3.853233
343.000 3.408005
344.000 3.413536
345.000 3.391760
346.000 3.323105
347.000 3.222861
348.000 3.139069
349.000 3.148639
350.000 3.209045
351.000 3.227285
352.000 3.266365
353.000 3.220551
354.000 3.220551
355.000 3.233923
356.000 3.395416
357.000 3.395416
358.000 3.395416
359.000 3.375099
