0.000 0.333626
1.000 4.209023
2.000 3.328667
3.000 3.546272
4.000 3.546272
5.000 3.971840
6.000 3.971840
7.000 3.971840
8.000 3.819992
9.000 3.819992
10.000 4.381508
11.000 4.381508
12.000 4.653931
13.000 4.674774
14.000 4.448357
15.000 4.448357
16.000 4.190086
17.000 4.070946
18.000 4.664017
19.000 4.664017
20.000 4.554085
21.000 4.554085
22.000 4.306611
23.000 4.247459
24.000 4.361333
25.000 4.496058
26.000 4.218411
27.000 4.035088
28.000 4.329224
29.000 4.329224
30.000 4.406532
31.000 4.406532
32.000 3.913452
33.000 3.913452
34.000 3.787211
35.000 3.729202
36.000 4.104509
37.000 4.494293
38.000 4.542494
39.000 4.586472
40.000 4.579991
41.000 4.573349
42.000 4.444185
43.000 4.306808
44.000 4.442539
45.000 4.552269
46.000 4.198265
47.000 3.953300
48.000 4.259198
49.000 4.391479
50.000 3.992050
51.000 3.992050
52.000 4.393521
53.000 4.764648
54.000 4.845821
55.000 4.937805
56.000 4.457407
57.000 3.888372
58.000 3.845276
59.000 3.845276
60.000 3.906594
61.000 3.969292
62.000 4.361429
63.000 4.794579
64.000 3.725510
65.000 3.725510
66.000 4.593658
67.000 4.593658
68.000 4.160076
69.000 3.931313
70.000 4.513023
71.000 4.513023
72.000 4.513023
73.000 4.513023
74.000 3.716179
75.000 3.716179
76.000 3.716179
77.000 3.716179
78.000 3.783715
79.000 4.072043
80.000 4.360371
81.000 4.474464
82.000 4.474464
83.000 4.474464
84.000 4.470748
85.000 4.570055
86.000 4.669362
87.000 4.747566
88.000 4.743645
89.000 4.447741
90.000 4.423984
91.000 4.419624
92.000 4.419624
93.000 4.684563
94.000 4.684563
95.000 4.662384
96.000 4.662384
97.000 4.662384
98.000 4.444604
99.000 4.139688
100.000 3.834773
101.000 3.598984
102.000 4.290156
103.000 4.072929
104.000 3.887476
105.000 3.761993
106.000 3.607728
107.000 3.541695
108.000 3.541695
109.000 3.541695
110.000 3.541695
111.000 3.541695
112.000 4.708094
113.000 4.737946
114.000 4.737946
115.000 4.737946
116.000 4.780283
117.000 4.827263
118.000 4.827263
119.000 4.368706
120.000 4.368706
121.000 4.559146
122.000 4.555672
123.000 4.555672
124.000 3.093483
125.000 3.093483
126.000 3.683418
127.000 3.683418
128.000 3.683418
129.000 3.683418
130.000 3.683418
131.000 4.522516
132.000 4.539225
133.000 4.555935
134.000 4.561371
135.000 4.561371
136.000 4.423515
137.000 4.423515
138.000 3.592438
139.000 4.427078
140.000 4.427078
141.000 3.796013
142.000 3.796013
143.000 4.558846
144.000 4.558846
145.000 3.962326
146.000 3.962326
147.000 3.962326
148.000 4.718330
149.000 4.718330
150.000 4.718330
151.000 4.687304
152.000 4.484823
153.000 4.342285
154.000 4.342285
155.000 4.681679
156.000 4.743118
157.000 4.561157
158.000 4.561157
159.000 4.560307
160.000 4.555855
161.000 4.555855
162.000 4.555855
163.000 4.474819
164.000 4.487770
165.000 4.383369
166.000 3.703949
167.000 3.703949
168.000 4.461258
169.000 4.490456
170.000 4.690979
171.000 4.690979
172.000 4.603510
173.000 4.520432
174.000 4.393852
175.000 4.275780
176.000 4.121288
177.000 3.975716
178.000 4.231087
179.000 4.479919
180.000 4.292005
181.000 4.150276
182.000 4.013111
183.000 3.867065
184.000 4.102221
185.000 4.501989
186.000 4.621868
187.000 4.794196
188.000 4.608385
189.000 4.245940
190.000 4.414778
191.000 4.716232
192.000 4.545733
193.000 4.258095
194.000 4.144880
195.000 3.990669
196.000 4.118317
197.000 4.321655
198.000 4.499740
199.000 4.796669
200.000 3.585762
201.000 3.585762
202.000 4.252883
203.000 4.266426
204.000 3.833580
205.000 3.833580
206.000 3.861107
207.000 3.861107
208.000 3.722336
209.000 3.722336
210.000 4.022415
211.000 4.022415
212.000 3.865875
213.000 3.865875
214.000 4.700195
215.000 4.700195
216.000 3.978371
217.000 3.978371
218.000 4.029930
219.000 4.032654
220.000 4.456558
221.000 4.456558
222.000 4.511421
223.000 4.600365
224.000 4.459417
225.000 4.236168
226.000 4.394768
227.000 4.646049
228.000 4.303079
229.000 3.863365
230.000 4.094124
231.000 4.421616
232.000 4.526651
233.000 4.673889
234.000 4.590722
235.000 4.464165
236.000 4.287399
237.000 4.008438
238.000 4.224447
239.000 4.604568
240.000 4.604184
241.000 4.603592
242.000 4.295653
243.000 4.000839
244.000 4.141676
245.000 4.326424
246.000 4.453856
247.000 4.580650
248.000 4.221794
249.000 3.851044
250.000 3.922835
251.000 4.000488
252.000 3.973869
253.000 3.950111
254.000 3.825920
255.000 3.747307
256.000 3.845431
257.000 3.904915
258.000 4.341308
259.000 4.771523
260.000 4.838223
261.000 4.901543
262.000 4.685057
263.000 4.417961
264.000 4.233067
265.000 4.017982
266.000 4.339526
267.000 4.706871
268.000 4.718319
269.000 4.733429
270.000 4.578515
271.000 4.393501
272.000 4.389480
273.000 4.384354
274.000 4.524081
275.000 4.686523
276.000 4.897614
277.000 5.169418
278.000 4.438318
279.000 3.838913
280.000 3.821780
281.000 3.806618
282.000 4.232660
283.000 4.760559
284.000 4.771019
285.000 4.783615
286.000 4.629685
287.000 4.409950
288.000 4.166335
289.000 3.834587
290.000 4.176032
291.000 4.679291
292.000 4.417506
293.000 4.077682
294.000 3.921696
295.000 3.702110
296.000 4.167136
297.000 4.882370
298.000 4.777125
299.000 4.623711
300.000 4.039340
301.000 3.421402
302.000 3.482104
303.000 3.502052
304.000 4.168751
305.000 4.800949
306.000 4.615778
307.000 4.470421
308.000 4.758766
309.000 4.758766
310.000 4.667206
311.000 4.667206
312.000 4.445496
313.000 4.445496
314.000 4.445496
315.000 4.733429
316.000 4.733429
317.000 4.704216
318.000 4.704216
319.000 4.442818
320.000 3.724785
321.000 3.724785
322.000 4.714592
323.000 4.605453
324.000 4.605453
325.000 4.605453
326.000 4.536046
327.000 4.474014
328.000 4.474014
329.000 3.970468
330.000 4.617553
331.000 4.273140
332.000 4.173035
333.000 4.025970
334.000 3.886438
335.000 3.687737
336.000 3.839776
337.000 4.055412
338.000 4.045387
339.000 4.045387
340.000 4.207825
341.000 4.207825
342.000 4.705139
343.000 4.705139
344.000 4.705139
345.000 4.709913
346.000 4.710892
347.000 4.710892
348.000 4.731778
349.000 4.745003
350.000 4.688746
351.000 4.498550
352.000 4.002968
353.000 3.876122
354.000 4.254074
355.000 4.254074
356.000 4.342972
357.000 4.374016
358.000 4.594509
359.000 4.774567
