0.000 0.165405
1.000 0.165405
2.000 0.165405
3.000 0.165405
4.000 0.165405
5.000 0.165405
6.000 0.037071
7.000 0.037071
8.000 0.037071
9.000 1.509027
10.000 1.125356
11.000 0.928169
12.000 1.468123
13.000 1.657909
14.000 1.735847
15.000 1.735847
16.000 1.788673
17.000 1.844109
18.000 1.844109
19.000 1.332918
20.000 1.043883
21.000 1.079863
22.000 1.115842
23.000 1.151822
24.000 1.187802
25.000 1.290098
26.000 1.813943
27.000 1.985451
28.000 1.985451
29.000 1.985451
30.000 1.985451
31.000 2.760297
32.000 2.646590
33.000 1.204063
34.000 2.924355
35.000 4.068741
36.000 4.934792
37.000 4.446655
38.000 4.446655
39.000 6.969482
40.000 6.332954
41.000 5.087679
42.000 4.520149
43.000 4.934052
44.000 3.654251
45.000 3.654251
46.000 5.147697
47.000 5.147697
48.000 5.736725
49.000 5.736725
50.000 3.166031
51.000 3.166031
52.000 3.166031
53.000 4.019948
54.000 4.328690
55.000 4.328690
56.000 3.935188
57.000 3.935188
58.000 4.440193
59.000 4.440193
60.000 4.296176
61.000 3.815941
62.000 3.815941
63.000 3.615067
64.000 3.615067
65.000 4.460213
66.000 4.460213
67.000 5.181473
68.000 5.301033
69.000 6.412178
70.000 5.946373
71.000 5.629562
72.000 5.629562
73.000 4.255386
74.000 4.255386
75.000 4.067775
76.000 3.797173
77.000 3.797173
78.000 5.169800
79.000 5.159796
80.000 4.967995
81.000 4.965347
82.000 4.965347
83.000 5.549469
84.000 5.549469
85.000 4.558487
86.000 4.558487
87.000 4.356384
88.000 4.356384
89.000 4.356384
90.000 4.148148
91.000 4.057816
92.000 4.057816
93.000 4.057816
94.000 5.075714
95.000 5.075714
96.000 5.075714
97.000 5.075714
98.000 5.075714
99.000 4.816681
100.000 4.700537
101.000 4.589943
102.000 4.589943
103.000 4.589943
104.000 5.069717
105.000 5.096704
106.000 6.217545
107.000 7.589302
108.000 7.028732
109.000 7.130684
110.000 7.130684
111.000 6.295006
112.000 7.893959
113.000 7.893959
114.000 7.552634
115.000 4.614102
116.000 4.384605
117.000 4.384605
118.000 4.081619
119.000 4.081619
120.000 4.081619
121.000 4.317223
122.000 5.735196
123.000 6.072334
124.000 5.415550
125.000 4.946037
126.000 5.770447
127.000 7.178574
128.000 6.824310
129.000 6.824310
130.000 6.363319
131.000 6.363319
132.000 6.864616
133.000 6.864616
134.000 7.098077
135.000 7.263214
136.000 7.263214
137.000 7.394737
138.000 7.394737
139.000 7.394737
140.000 7.127014
141.000 7.127014
142.000 6.217712
143.000 6.217712
144.000 6.217712
145.000 7.196228
146.000 7.196228
147.000 7.732837
148.000 9.051804
149.000 8.680588
150.000 8.454491
151.000 5.894379
152.000 8.187862
153.000 9.289688
154.000 8.202049
155.000 8.398379
156.000 8.927460
157.000 8.712124
158.000 8.033164
159.000 7.996339
160.000 7.994743
161.000 8.007640
162.000 8.029045
163.000 8.173053
164.000 8.315811
165.000 8.582608
166.000 8.949661
167.000 7.736016
168.000 6.524422
169.000 4.438606
170.000 4.438606
171.000 5.402705
172.000 7.516792
173.000 7.465768
174.000 7.362251
175.000 7.817873
176.000 8.832939
177.000 8.476506
178.000 7.471039
179.000 7.319449
180.000 6.936172
181.000 7.455075
182.000 8.415497
183.000 5.053452
184.000 5.053452
185.000 5.972260
186.000 5.972260
187.000 3.057693
188.000 3.057693
189.000 3.057693
190.000 5.184746
191.000 5.184746
192.000 5.184746
193.000 5.404491
194.000 7.019020
195.000 7.019020
196.000 5.442307
197.000 5.442307
198.000 5.442307
199.000 5.061394
200.000 5.061394
201.000 5.061394
202.000 5.748156
203.000 6.284981
204.000 6.284981
205.000 5.559813
206.000 5.004700
207.000 5.687180
208.000 3.977287
209.000 3.977287
210.000 4.010643
211.000 4.010643
212.000 4.010643
213.000 4.010643
214.000 3.020054
215.000 3.083105
216.000 3.146156
217.000 3.209207
218.000 3.248047
219.000 3.248047
220.000 4.593964
221.000 4.906956
222.000 6.105980
223.000 6.105980
224.000 6.105980
225.000 4.886303
226.000 4.400406
227.000 3.914508
228.000 3.428610
229.000 6.320541
230.000 6.320541
231.000 6.320541
232.000 3.926507
233.000 4.038160
234.000 4.137398
235.000 4.137398
236.000 4.137398
237.000 4.137398
238.000 4.137398
239.000 4.137398
240.000 4.137398
241.000 4.137398
242.000 4.137398
243.000 4.137398
244.000 4.657691
245.000 4.267665
246.000 3.877640
247.000 3.487615
248.000 3.097590
249.000 2.707565
250.000 2.317539
251.000 1.928749
252.000 2.992858
253.000 6.642616
254.000 6.095848
255.000 6.095848
256.000 5.429245
257.000 5.429245
258.000 5.429245
259.000 5.726133
260.000 5.444928
261.000 5.166153
262.000 5.166153
263.000 5.166153
264.000 5.019928
265.000 5.019928
266.000 4.690930
267.000 4.322426
268.000 3.803329
269.000 3.803329
270.000 3.803329
271.000 3.803329
272.000 4.535284
273.000 4.264745
274.000 4.232979
275.000 4.232979
276.000 4.232979
277.000 4.232979
278.000 5.607218
279.000 6.453886
280.000 7.058517
281.000 6.884383
282.000 6.871353
283.000 7.379829
284.000 7.379829
285.000 7.847672
286.000 7.499416
287.000 7.367050
288.000 7.367050
289.000 7.367050
290.000 7.367050
291.000 7.367050
292.000 6.445552
293.000 6.728818
294.000 7.012084
295.000 7.295350
296.000 7.391357
297.000 7.248937
298.000 7.216835
299.000 5.709938
300.000 5.709938
301.000 6.797544
302.000 7.126839
303.000 7.126839
304.000 7.126839
305.000 6.839657
306.000 6.762909
307.000 6.686161
308.000 6.628075
309.000 6.628075
310.000 4.960495
311.000 4.810997
312.000 4.810997
313.000 4.729244
314.000 4.218784
315.000 4.890213
316.000 5.482796
317.000 5.513443
318.000 5.513443
319.000 6.029358
320.000 6.029358
321.000 5.992655
322.000 5.851593
323.000 5.851593
324.000 3.762226
325.000 3.226875
326.000 3.226875
327.000 5.121536
328.000 5.121536
329.000 4.856575
330.000 4.856575
331.000 5.875305
332.000 5.875305
333.000 4.388573
334.000 4.388573
335.000 3.405426
336.000 3.405426
337.000 2.876068
338.000 2.876068
339.000 2.876068
340.000 2.614003
341.000 2.234833
342.000 2.233543
343.000 2.217701
344.000 2.179264
345.000 1.436050
346.000 2.397247
347.000 2.387611
348.000 2.387611
349.000 2.546082
350.000 2.546082
351.000 3.593208
352.000 3.593208
353.000 3.593208
354.000 3.593208
355.000 4.363113
356.000 4.363113
357.000 4.363113
358.000 4.363113
359.000 6.042887
