0.000 0.708511
1.000 0.708511
2.000 0.708511
3.000 0.708511
4.000 0.708511
5.000 1.761124
6.000 1.761124
7.000 2.011887
8.000 2.011887
9.000 3.482277
10.000 1.390465
11.000 3.010147
12.000 4.428062
13.000 4.601259
14.000 5.062813
15.000 5.544904
16.000 5.699043
17.000 4.684326
18.000 1.321846
19.000 1.321846
20.000 1.132103
21.000 1.132103
22.000 1.466530
23.000 1.466530
24.000 2.670692
25.000 2.681861
26.000 4.756729
27.000 4.756729
28.000 1.634323
29.000 1.634323
30.000 1.634323
31.000 1.634323
32.000 1.634323
33.000 1.126323
34.000 0.644096
35.000 0.644096
36.000 0.644096
37.000 0.644096
38.000 2.572937
39.000 2.572937
40.000 2.747055
41.000 2.747055
42.000 2.609963
43.000 2.472763
44.000 2.472763
45.000 2.031120
46.000 2.031120
47.000 3.703644
48.000 3.703644
49.000 2.902809
50.000 2.851195
51.000 2.728218
52.000 2.728218
53.000 0.447342
54.000 0.447342
55.000 0.447342
56.000 0.447342
57.000 0.447342
58.000 0.447342
59.000 0.447342
60.000 0.447342
61.000 0.447342
62.000 0.447342
63.000 0.447342
64.000 0.447342
65.000 0.447342
66.000 0.447342
67.000 0.842110
68.000 0.842110
69.000 0.842110
70.000 0.842110
71.000 0.842110
72.000 2.989120
73.000 2.989120
74.000 2.023766
75.000 2.023766
76.000 5.164909
77.000 1.327034
78.000 1.327034
79.000 1.327034
80.000 2.479446
81.000 2.479446
82.000 2.479446
83.000 2.479446
84.000 2.188515
85.000 2.188515
86.000 2.854587
87.000 3.978291
88.000 4.274727
89.000 4.024413
90.000 3.357269
91.000 3.356284
92.000 3.323153
93.000 3.290022
94.000 2.965915
95.000 2.743973
96.000 2.219017
97.000 2.219017
98.000 3.386757
99.000 3.648621
100.000 1.836502
101.000 1.836502
102.000 3.500316
103.000 3.998360
104.000 3.002814
105.000 2.733414
106.000 3.179901
107.000 3.179901
108.000 4.991470
109.000 4.991173
110.000 4.625740
111.000 4.625740
112.000 3.919556
113.000 3.919556
114.000 4.231758
115.000 4.231758
116.000 0.335114
117.000 0.335114
118.000 0.335114
119.000 0.335114
120.000 0.335114
121.000 0.335114
122.000 0.335114
123.000 0.335114
124.000 0.335114
125.000 0.335114
126.000 0.335114
127.000 0.335114
128.000 2.106184
129.000 2.089088
130.000 1.871635
131.000 1.871635
132.000 1.977249
133.000 1.977249
134.000 1.977249
135.000 0.733566
136.000 0.733566
137.000 0.733566
138.000 0.613983
139.000 0.613983
140.000 2.802161
141.000 2.927734
142.000 3.146210
143.000 3.192917
144.000 3.859727
145.000 4.073120
146.000 2.613243
147.000 2.613243
148.000 3.591888
149.000 3.591888
150.000 3.887778
151.000 3.904373
152.000 3.044563
153.000 3.044563
154.000 3.233117
155.000 3.299561
156.000 3.476845
157.000 3.496971
158.000 2.865910
159.000 2.506317
160.000 3.389603
161.000 3.585609
162.000 3.569962
163.000 3.569962
164.000 2.629616
165.000 2.629616
166.000 4.319570
167.000 4.805824
168.000 3.499321
169.000 3.499321
170.000 3.120247
171.000 3.120247
172.000 3.409752
173.000 3.409752
174.000 3.409752
175.000 4.881256
176.000 4.881256
177.000 4.881256
178.000 0.748589
179.000 0.748589
180.000 0.748589
181.000 0.748589
182.000 0.748589
183.000 0.748589
184.000 0.748589
185.000 0.748589
186.000 0.748589
187.000 0.748589
188.000 0.748589
189.000 0.748589
190.000 0.748589
191.000 1.950580
192.000 1.772148
193.000 1.697525
194.000 1.697525
195.000 1.697525
196.000 1.790550
197.000 1.790550
198.000 2.020468
199.000 2.710686
200.000 2.710686
201.000 1.336014
202.000 1.336014
203.000 1.336014
204.000 2.061752
205.000 2.061752
206.000 2.061752
207.000 2.061752
208.000 0.537041
209.000 0.537041
210.000 0.537041
211.000 0.537041
212.000 0.537041
213.000 0.537041
214.000 0.537041
215.000 1.990791
216.000 2.278647
217.000 3.827972
218.000 4.362022
219.000 1.072868
220.000 1.072868
221.000 1.072868
222.000 1.072868
223.000 1.072868
224.000 1.072868
225.000 3.660328
226.000 3.247778
227.000 4.673340
228.000 4.535385
229.000 7.180077
230.000 5.525830
231.000 6.346504
232.000 1.741570
233.000 5.690109
234.000 3.290474
235.000 1.897957
236.000 5.825424
237.000 5.718339
238.000 5.651398
239.000 5.020666
240.000 4.516533
241.000 6.404182
242.000 5.157837
243.000 3.013924
244.000 5.164169
245.000 1.041603
246.000 4.137624
247.000 4.447144
248.000 5.129074
249.000 5.649559
250.000 2.508194
251.000 2.508194
252.000 2.977393
253.000 3.068565
254.000 2.820534
255.000 2.820534
256.000 3.357686
257.000 5.180885
258.000 5.044938
259.000 4.502556
260.000 3.569769
261.000 0.616089
262.000 0.616089
263.000 0.616089
264.000 0.616089
265.000 0.616089
266.000 0.616089
267.000 0.616089
268.000 0.616089
269.000 0.616089
270.000 3.423516
271.000 3.325905
272.000 3.735216
273.000 5.094101
274.000 4.640448
275.000 3.203690
276.000 3.440247
277.000 3.440247
278.000 5.710068
279.000 5.710068
280.000 3.599762
281.000 3.599762
282.000 3.599762
283.000 3.599762
284.000 2.845892
285.000 2.323509
286.000 2.323509
287.000 2.323509
288.000 2.323509
289.000 4.433342
290.000 4.433342
291.000 1.115028
292.000 1.115028
293.000 1.115028
294.000 1.115028
295.000 1.115028
296.000 1.115028
297.000 3.342770
298.000 2.967010
299.000 2.967010
300.000 2.967010
301.000 3.813705
302.000 3.813705
303.000 3.284988
304.000 3.284988
305.000 3.284988
306.000 3.538279
307.000 4.179933
308.000 4.363068
309.000 4.966061
310.000 4.981544
311.000 4.419327
312.000 2.206017
313.000 2.206017
314.000 2.206017
315.000 3.643814
316.000 3.643814
317.000 3.643814
318.000 4.245110
319.000 4.245110
320.000 4.844028
321.000 5.399971
322.000 0.641495
323.000 0.641495
324.000 0.641495
325.000 0.641495
326.000 0.641495
327.000 0.641495
328.000 6.194977
329.000 0.658394
330.000 0.658394
331.000 0.658394
332.000 0.658394
333.000 0.658394
334.000 0.658394
335.000 0.658394
336.000 4.927483
337.000 4.927483
338.000 3.228344
339.000 2.623924
340.000 3.428101
341.000 3.428101
342.000 2.135239
343.000 3.665466
344.000 3.665466
345.000 5.110176
346.000 5.077915
347.000 5.076195
348.000 5.076195
349.000 4.722011
350.000 4.174374
351.000 3.626736
352.000 3.491974
353.000 4.182884
354.000 4.224594
355.000 4.508746
356.000 5.144882
357.000 1.762718
358.000 1.762718
359.000 1.762718
