0.000 0.211258
1.000 1.721596
2.000 1.617340
3.000 1.628464
4.000 1.613174
5.000 1.634178
6.000 1.634178
7.000 1.634402
8.000 1.644859
9.000 1.641998
10.000 1.624046
11.000 1.615456
12.000 1.637924
13.000 1.637917
14.000 1.637917
15.000 1.638496
16.000 1.600189
17.000 1.600189
18.000 1.636940
19.000 1.636940
20.000 1.641759
21.000 1.651703
22.000 1.651703
23.000 1.640373
24.000 1.640373
25.000 1.631050
26.000 1.631050
27.000 1.631050
28.000 1.631050
29.000 1.631050
30.000 1.621766
31.000 1.636296
32.000 1.650826
33.000 1.651398
34.000 1.651398
35.000 1.647397
36.000 1.642212
37.000 1.559944
38.000 1.559944
39.000 1.618156
40.000 1.577286
41.000 1.577286
42.000 1.626236
43.000 1.626236
44.000 1.639671
45.000 1.639671
46.000 1.644174
47.000 1.645164
48.000 1.541466
49.000 1.541466
50.000 1.659164
51.000 1.659164
52.000 1.659164
53.000 1.931308
54.000 2.132543
55.000 2.333778
56.000 2.391884
57.000 1.637970
58.000 1.637970
59.000 1.592369
60.000 1.663887
61.000 1.659343
62.000 1.648323
63.000 1.648323
64.000 1.633987
65.000 1.627869
66.000 1.627869
67.000 1.627869
68.000 1.629951
69.000 1.629951
70.000 1.631610
71.000 1.639610
72.000 1.639610
73.000 1.624592
74.000 1.614670
75.000 1.632042
76.000 1.621239
77.000 1.630376
78.000 1.640343
79.000 1.641747
80.000 1.610229
81.000 1.610229
82.000 1.625899
83.000 1.636604
84.000 1.636604
85.000 1.619278
86.000 1.619278
87.000 1.640007
88.000 1.640007
89.000 1.620239
90.000 1.586464
91.000 1.586464
92.000 1.634941
93.000 1.634941
94.000 1.104477
95.000 1.104477
96.000 1.104477
97.000 1.412615
98.000 1.565521
99.000 1.629234
100.000 1.599993
101.000 1.582367
102.000 1.626350
103.000 1.539658
104.000 1.539658
105.000 1.644669
106.000 1.640028
107.000 1.636131
108.000 1.582016
109.000 1.582016
110.000 1.594938
111.000 1.638351
112.000 1.638351
113.000 1.642380
114.000 1.642380
115.000 1.642380
116.000 1.608825
117.000 1.620267
118.000 1.621117
119.000 1.621117
120.000 1.605453
121.000 1.605453
122.000 1.635971
123.000 1.635971
124.000 1.635678
125.000 1.633417
126.000 1.633392
127.000 1.640129
128.000 1.638725
129.000 1.650658
130.000 1.650658
131.000 1.632385
132.000 1.632385
133.000 1.611328
134.000 1.611328
135.000 1.611328
136.000 1.611328
137.000 1.611328
138.000 1.611328
139.000 1.570941
140.000 1.545972
141.000 1.521003
142.000 1.508667
143.000 1.508667
144.000 1.508667
145.000 1.752134
146.000 2.241423
147.000 2.258308
148.000 1.592018
149.000 1.592018
150.000 1.575450
151.000 1.542152
152.000 1.542152
153.000 1.590279
154.000 1.622798
155.000 1.636032
156.000 1.636032
157.000 1.636032
158.000 1.636032
159.000 1.636032
160.000 1.640049
161.000 1.637985
162.000 1.637985
163.000 1.637985
164.000 1.636341
165.000 1.613051
166.000 1.600761
167.000 1.600761
168.000 1.629974
169.000 1.629974
170.000 1.590635
171.000 1.584557
172.000 1.644493
173.000 1.636101
174.000 1.636101
175.000 1.636101
176.000 1.519907
177.000 1.463799
178.000 1.463799
179.000 1.641792
180.000 1.644745
181.000 1.646875
182.000 1.648933
183.000 1.648933
184.000 1.633583
185.000 1.633583
186.000 1.610771
187.000 1.610771
188.000 1.636345
189.000 1.636345
190.000 1.626244
191.000 1.626244
192.000 1.928467
193.000 1.905415
194.000 1.586006
195.000 1.652550
196.000 1.641098
197.000 1.641869
198.000 1.639091
199.000 1.646774
200.000 1.583527
201.000 1.587723
202.000 1.587723
203.000 1.587723
204.000 1.620872
205.000 1.620872
206.000 1.624412
207.000 1.629620
208.000 1.634125
209.000 1.818260
210.000 1.647934
211.000 1.644600
212.000 1.644600
213.000 1.644600
214.000 1.645119
215.000 1.645119
216.000 1.645119
217.000 1.644718
218.000 1.635533
219.000 1.633842
220.000 1.633842
221.000 1.560547
222.000 1.560547
223.000 1.560547
224.000 1.604874
225.000 1.604874
226.000 1.606934
227.000 1.606934
228.000 1.321770
229.000 1.321770
230.000 1.581635
231.000 1.581635
232.000 1.581635
233.000 2.243767
234.000 2.243767
235.000 1.636505
236.000 1.636505
237.000 1.636505
238.000 1.636505
239.000 1.636505
240.000 1.636505
241.000 1.636505
242.000 1.586988
243.000 1.574029
244.000 1.561071
245.000 1.548112
246.000 1.535153
247.000 1.529510
248.000 1.529510
249.000 1.640930
250.000 1.632812
251.000 1.632812
252.000 1.632812
253.000 1.634875
254.000 1.637260
255.000 1.637260
256.000 1.637260
257.000 1.637319
258.000 1.637491
259.000 1.637543
260.000 1.643425
261.000 1.643425
262.000 1.624426
263.000 1.606987
264.000 1.606987
265.000 1.634857
266.000 1.628098
267.000 1.628098
268.000 1.618169
269.000 1.615982
270.000 1.615982
271.000 1.609689
272.000 1.609421
273.000 1.421707
274.000 1.619664
275.000 1.638123
276.000 1.644913
277.000 1.644913
278.000 1.612251
279.000 1.612251
280.000 1.638588
281.000 1.364716
282.000 1.364716
283.000 1.642075
284.000 1.642075
285.000 1.573959
286.000 1.573959
287.000 1.619789
288.000 1.635567
289.000 1.616915
290.000 1.616859
291.000 1.634216
292.000 1.634216
293.000 1.633747
294.000 1.633415
295.000 1.612633
296.000 1.612633
297.000 1.638412
298.000 1.638412
299.000 1.621277
300.000 1.621277
301.000 1.614235
302.000 1.614235
303.000 1.608478
304.000 1.606949
305.000 1.606949
306.000 2.138694
307.000 1.719288
308.000 1.638672
309.000 1.610390
310.000 1.633560
311.000 1.633560
312.000 1.618568
313.000 1.618568
314.000 1.618703
315.000 1.622391
316.000 1.623970
317.000 1.641296
318.000 1.641296
319.000 1.618706
320.000 1.634388
321.000 1.640701
322.000 1.640701
323.000 1.623581
324.000 1.623581
325.000 1.620644
326.000 1.621061
327.000 1.635933
328.000 1.635933
329.000 1.621964
330.000 1.621964
331.000 1.584221
332.000 1.584221
333.000 1.589234
334.000 1.610046
335.000 1.612684
336.000 1.629288
337.000 1.599113
338.000 1.652092
339.000 1.636902
340.000 1.636902
341.000 1.636902
342.000 1.634872
343.000 1.634872
344.000 1.634872
345.000 1.645668
346.000 1.645668
347.000 1.645668
348.000 1.607959
349.000 1.580971
350.000 1.630440
351.000 2.091606
352.000 2.952614
353.000 1.632401
354.000 1.632401
355.000 1.632401
356.000 1.587837
357.000 1.587837
358.000 1.587837
359.000 1.619747
