0.000 0.053040
1.000 0.053040
2.000 0.053040
3.000 0.053040
4.000 0.053040
5.000 0.053040
6.000 0.053040
7.000 0.053040
8.000 0.053040
9.000 0.679703
10.000 0.807678
11.000 0.926270
12.000 0.903646
13.000 0.918442
14.000 0.918442
15.000 0.939885
16.000 0.948708
17.000 0.867592
18.000 0.867592
19.000 0.924009
20.000 0.941971
21.000 0.950165
22.000 0.942243
23.000 0.926728
24.000 0.914023
25.000 0.905158
26.000 0.925003
27.000 0.966255
28.000 0.935509
29.000 0.855057
30.000 0.855057
31.000 0.855057
32.000 0.855057
33.000 0.855057
34.000 0.855057
35.000 0.855057
36.000 0.855057
37.000 0.869586
38.000 0.871513
39.000 0.873439
40.000 0.874840
41.000 0.874840
42.000 0.874840
43.000 0.874840
44.000 0.900247
45.000 0.911728
46.000 0.911728
47.000 0.901971
48.000 0.882362
49.000 0.876305
50.000 0.898064
51.000 0.881943
52.000 0.881943
53.000 0.924255
54.000 0.924255
55.000 0.922313
56.000 0.844345
57.000 0.844345
58.000 0.868392
59.000 0.921036
60.000 0.921036
61.000 0.822533
62.000 0.846694
63.000 0.955025
64.000 0.844460
65.000 0.844460
66.000 0.885085
67.000 0.915970
68.000 0.915970
69.000 0.860298
70.000 0.860298
71.000 0.926010
72.000 0.926010
73.000 0.925423
74.000 0.924515
75.000 0.910987
76.000 0.850800
77.000 0.922890
78.000 0.922890
79.000 0.933454
80.000 0.946999
81.000 0.946999
82.000 0.879242
83.000 0.893191
84.000 0.936989
85.000 0.906113
86.000 0.906113
87.000 0.914822
88.000 0.921753
89.000 0.910747
90.000 0.903419
91.000 0.851807
92.000 0.851807
93.000 0.851807
94.000 0.880190
95.000 0.883324
96.000 0.883324
97.000 0.883324
98.000 0.859138
99.000 0.859138
100.000 0.896785
101.000 0.932190
102.000 0.822289
103.000 0.822289
104.000 0.824197
105.000 0.919807
106.000 0.919807
107.000 0.919807
108.000 0.862233
109.000 0.811722
110.000 0.811722
111.000 0.930168
112.000 0.930168
113.000 0.926899
114.000 0.919597
115.000 0.912294
116.000 0.911499
117.000 0.904617
118.000 0.904617
119.000 0.904617
120.000 0.904617
121.000 0.889372
122.000 0.882460
123.000 0.875548
124.000 0.870430
125.000 0.870430
126.000 0.934090
127.000 0.934090
128.000 0.878693
129.000 0.885491
130.000 0.949837
131.000 0.948505
132.000 0.925941
133.000 0.941915
134.000 0.954956
135.000 0.836044
136.000 0.872246
137.000 0.923645
138.000 0.923645
139.000 0.811097
140.000 0.777145
141.000 0.941711
142.000 0.941711
143.000 0.872604
144.000 0.872604
145.000 0.839088
146.000 0.839088
147.000 0.910957
148.000 0.910957
149.000 0.843886
150.000 0.942116
151.000 0.947754
152.000 0.947754
153.000 0.947754
154.000 0.865936
155.000 0.865936
156.000 0.865936
157.000 0.865936
158.000 0.887822
159.000 0.908012
160.000 0.908012
161.000 0.908012
162.000 0.912169
163.000 0.916580
164.000 0.934753
165.000 0.932663
166.000 0.932663
167.000 0.913322
168.000 0.849374
169.000 0.811836
170.000 0.914162
171.000 0.914162
172.000 0.945809
173.000 0.951576
174.000 0.931282
175.000 0.885406
176.000 0.927681
177.000 0.940704
178.000 0.916946
179.000 0.916946
180.000 0.901566
181.000 0.901566
182.000 0.861351
183.000 0.861351
184.000 0.861351
185.000 0.861351
186.000 0.927429
187.000 0.936668
188.000 0.936668
189.000 0.934531
190.000 0.926308
191.000 0.926308
192.000 0.926475
193.000 0.927383
194.000 0.927383
195.000 0.840714
196.000 0.840714
197.000 0.897605
198.000 0.942818
199.000 0.942818
200.000 0.860417
201.000 0.793320
202.000 0.939896
203.000 0.939896
204.000 0.922356
205.000 0.922356
206.000 0.921782
207.000 0.917950
208.000 0.917419
209.000 0.917419
210.000 0.790115
211.000 0.790115
212.000 0.790115
213.000 0.903219
214.000 0.913534
215.000 0.923848
216.000 0.925575
217.000 0.925575
218.000 0.937660
219.000 0.937660
220.000 0.910785
221.000 0.908577
222.000 0.918922
223.000 0.932678
224.000 0.932678
225.000 0.851624
226.000 0.885457
227.000 0.904732
228.000 0.889236
229.000 0.889236
230.000 0.937416
231.000 0.842995
232.000 0.842995
233.000 0.912697
234.000 0.912697
235.000 0.912697
236.000 0.871943
237.000 0.836349
238.000 0.836349
239.000 0.873375
240.000 0.873375
241.000 0.893494
242.000 0.893494
243.000 0.843155
244.000 0.843155
245.000 0.938240
246.000 0.938240
247.000 0.916809
248.000 0.916809
249.000 0.897433
250.000 0.875900
251.000 0.948578
252.000 0.948578
253.000 0.897758
254.000 0.859811
255.000 0.790932
256.000 0.790932
257.000 0.898354
258.000 0.898354
259.000 0.898354
260.000 0.932982
261.000 0.932854
262.000 0.932854
263.000 0.932854
264.000 0.932854
265.000 0.916596
266.000 0.912328
267.000 0.908060
268.000 0.905876
269.000 0.894783
270.000 0.894783
271.000 0.894783
272.000 0.894783
273.000 0.894783
274.000 0.894783
275.000 0.894783
276.000 0.904702
277.000 0.908257
278.000 0.911811
279.000 0.915365
280.000 0.918920
281.000 0.922474
282.000 0.926028
283.000 0.927208
284.000 0.899506
285.000 0.899506
286.000 0.899506
287.000 0.899506
288.000 0.899506
289.000 0.918340
290.000 0.914215
291.000 0.910090
292.000 0.905965
293.000 0.905464
294.000 0.954597
295.000 0.954059
296.000 0.945938
297.000 0.846970
298.000 0.941887
299.000 0.938449
300.000 0.923500
301.000 0.987885
302.000 0.987885
303.000 0.952179
304.000 0.952179
305.000 0.848846
306.000 0.848846
307.000 0.919853
308.000 0.919853
309.000 0.909258
310.000 0.900787
311.000 0.900787
312.000 0.900787
313.000 0.876038
314.000 0.876038
315.000 0.874905
316.000 0.866908
317.000 0.858910
318.000 0.852425
319.000 0.925392
320.000 0.872841
321.000 0.872841
322.000 0.886554
323.000 0.897148
324.000 0.868520
325.000 0.824425
326.000 0.836823
327.000 0.836823
328.000 0.903175
329.000 0.903175
330.000 0.903175
331.000 0.888798
332.000 0.868126
333.000 0.868126
334.000 0.868126
335.000 0.909019
336.000 0.909019
337.000 0.909908
338.000 0.928329
339.000 0.928329
340.000 0.982895
341.000 0.980867
342.000 0.959435
343.000 0.939972
344.000 0.939972
345.000 0.863297
346.000 0.877472
347.000 0.877472
348.000 0.915741
349.000 0.915741
350.000 0.894123
351.000 0.881317
352.000 0.862876
353.000 0.852829
354.000 0.856773
355.000 0.897957
356.000 0.897957
357.000 0.908058
358.000 0.908058
359.000 0.908058
