0.000 0.286827
1.000 0.286827
2.000 0.284173
3.000 0.260503
4.000 0.236833
5.000 0.213163
6.000 0.189493
7.000 0.165823
8.000 0.142153
9.000 0.136322
10.000 0.136322
11.000 0.136322
12.000 0.136322
13.000 0.153676
14.000 0.164902
15.000 0.164902
16.000 0.164902
17.000 0.193275
18.000 0.188538
19.000 0.178629
20.000 0.176170
21.000 0.176170
22.000 0.176170
23.000 0.176170
24.000 0.494225
25.000 0.494225
26.000 0.494225
27.000 0.494225
28.000 0.376480
29.000 0.376480
30.000 0.399088
31.000 0.449312
32.000 0.499536
33.000 0.512634
34.000 0.789062
35.000 0.558563
36.000 0.549773
37.000 0.509583
38.000 0.558617
39.000 0.558617
40.000 0.812569
41.000 0.560509
42.000 0.560509
43.000 0.442314
44.000 0.422735
45.000 0.320076
46.000 0.320076
47.000 0.320076
48.000 0.540192
49.000 0.540192
50.000 0.518198
51.000 0.515259
52.000 0.515259
53.000 0.863747
54.000 0.820652
55.000 0.468735
56.000 0.574974
57.000 0.574974
58.000 0.568634
59.000 0.568634
60.000 0.432518
61.000 0.432518
62.000 0.489426
63.000 0.489426
64.000 0.334862
65.000 0.334862
66.000 0.334862
67.000 0.523430
68.000 0.523430
69.000 0.537636
70.000 0.537636
71.000 0.401794
72.000 0.401794
73.000 0.601807
74.000 0.601807
75.000 0.158363
76.000 0.158363
77.000 0.158363
78.000 0.158363
79.000 0.158363
80.000 0.158363
81.000 0.158363
82.000 0.158363
83.000 0.590860
84.000 0.560579
85.000 0.531128
86.000 0.436806
87.000 0.436806
88.000 0.756248
89.000 0.296127
90.000 0.296127
91.000 0.469757
92.000 0.544933
93.000 0.737244
94.000 0.737244
95.000 0.507309
96.000 0.503685
97.000 0.503685
98.000 0.503685
99.000 0.626828
100.000 0.672363
101.000 0.672363
102.000 0.217339
103.000 0.217339
104.000 0.217339
105.000 0.217339
106.000 0.583038
107.000 0.123901
108.000 0.123901
109.000 0.123901
110.000 0.123901
111.000 0.123901
112.000 0.123901
113.000 0.123901
114.000 0.481743
115.000 0.481743
116.000 0.549248
117.000 0.549248
118.000 0.547575
119.000 0.544693
120.000 0.544693
121.000 0.544693
122.000 0.504086
123.000 0.524392
124.000 0.536751
125.000 0.536751
126.000 0.612157
127.000 0.556747
128.000 0.556747
129.000 0.420319
130.000 0.420319
131.000 0.742981
132.000 0.670378
133.000 0.281448
134.000 0.281448
135.000 0.553627
136.000 0.428474
137.000 0.428474
138.000 0.428474
139.000 0.428474
140.000 0.957483
141.000 0.788072
142.000 0.618662
143.000 0.582748
144.000 0.471405
145.000 0.471405
146.000 0.471405
147.000 0.654579
148.000 0.713768
149.000 0.720963
150.000 0.351158
151.000 0.351158
152.000 0.574150
153.000 0.574150
154.000 0.570995
155.000 0.544106
156.000 0.544106
157.000 0.544106
158.000 0.573801
159.000 0.543300
160.000 0.528633
161.000 0.528633
162.000 0.175690
163.000 0.175690
164.000 0.311508
165.000 0.311508
166.000 0.314819
167.000 0.314819
168.000 0.314819
169.000 0.484947
170.000 0.480721
171.000 0.480721
172.000 0.412071
173.000 0.412071
174.000 0.555511
175.000 0.555511
176.000 0.549120
177.000 0.547554
178.000 0.547554
179.000 0.547554
180.000 0.414608
181.000 0.399437
182.000 0.399437
183.000 0.312029
184.000 0.294762
185.000 0.576340
186.000 0.576340
187.000 0.141426
188.000 0.141426
189.000 0.141426
190.000 0.141426
191.000 0.141426
192.000 0.141426
193.000 0.618973
194.000 0.618973
195.000 0.552391
196.000 0.552391
197.000 0.552391
198.000 0.641047
199.000 0.600170
200.000 0.559294
201.000 0.552078
202.000 0.654388
203.000 0.409256
204.000 0.409256
205.000 0.553639
206.000 0.646088
207.000 0.646088
208.000 0.477851
209.000 0.503272
210.000 0.506287
211.000 0.908997
212.000 0.787457
213.000 0.365653
214.000 0.309982
215.000 0.309982
216.000 0.309982
217.000 0.371865
218.000 0.366707
219.000 0.366707
220.000 0.366707
221.000 0.481422
222.000 0.481422
223.000 0.481422
224.000 0.842679
225.000 0.729388
226.000 0.616098
227.000 0.595467
228.000 0.608978
229.000 0.498795
230.000 0.498795
231.000 0.540504
232.000 0.340332
233.000 0.340332
234.000 0.340332
235.000 0.340332
236.000 0.359070
237.000 0.359070
238.000 0.359070
239.000 0.448700
240.000 0.448700
241.000 0.578887
242.000 0.555627
243.000 0.543724
244.000 0.314606
245.000 0.314606
246.000 0.561752
247.000 0.308679
248.000 0.133789
249.000 0.133789
250.000 0.526146
251.000 0.526146
252.000 0.526146
253.000 0.436103
254.000 0.428496
255.000 0.304381
256.000 0.278923
257.000 0.278923
258.000 0.278923
259.000 0.465500
260.000 0.539736
261.000 0.558640
262.000 0.558640
263.000 0.558640
264.000 0.558640
265.000 0.558640
266.000 0.558640
267.000 0.558640
268.000 0.651609
269.000 0.688723
270.000 0.725837
271.000 0.762952
272.000 0.800066
273.000 0.837181
274.000 0.874295
275.000 0.896912
276.000 0.877182
277.000 0.573494
278.000 0.573494
279.000 0.573494
280.000 0.573494
281.000 0.573494
282.000 0.462021
283.000 0.510630
284.000 0.559240
285.000 0.607849
286.000 0.651665
287.000 0.651665
288.000 0.651665
289.000 0.356186
290.000 0.356186
291.000 0.356186
292.000 0.356186
293.000 0.356186
294.000 0.670238
295.000 0.737378
296.000 0.749779
297.000 0.749779
298.000 0.385614
299.000 0.242241
300.000 0.528709
301.000 0.423065
302.000 0.383118
303.000 0.383118
304.000 0.383118
305.000 0.383118
306.000 0.583241
307.000 0.556513
308.000 0.529784
309.000 0.503250
310.000 0.454453
311.000 0.311272
312.000 1.368111
313.000 0.382965
314.000 0.382965
315.000 0.260925
316.000 0.260925
317.000 0.260925
318.000 0.843193
319.000 0.543015
320.000 0.543015
321.000 0.543015
322.000 0.543015
323.000 0.408877
324.000 0.322703
325.000 0.296425
326.000 0.296425
327.000 0.296425
328.000 0.368089
329.000 0.306639
330.000 0.245189
331.000 0.199333
332.000 0.515259
333.000 0.500712
334.000 0.433408
335.000 0.427483
336.000 0.344437
337.000 0.324295
338.000 0.324295
339.000 0.587692
340.000 0.587692
341.000 1.079262
342.000 0.977608
343.000 0.575447
344.000 0.575447
345.000 0.575447
346.000 0.575447
347.000 0.466864
348.000 0.305084
349.000 0.305084
350.000 0.305084
351.000 0.305084
352.000 0.305084
353.000 0.678406
354.000 0.678406
355.000 0.678406
356.000 0.530157
357.000 0.384232
358.000 0.384232
359.000 0.525162
