0.000 0.301613
1.000 0.301613
2.000 3.564895
3.000 3.962494
4.000 4.041382
5.000 3.672852
6.000 3.959175
7.000 3.898949
8.000 3.542168
9.000 3.542168
10.000 3.843056
11.000 4.066261
12.000 4.066261
13.000 4.065318
14.000 4.065163
15.000 4.065163
16.000 1.062988
17.000 1.062988
18.000 1.062988
19.000 1.062988
20.000 1.062988
21.000 1.062988
22.000 1.062988
23.000 3.631438
24.000 3.854553
25.000 3.854553
26.000 3.966705
27.000 3.966705
28.000 3.975868
29.000 3.975868
30.000 3.975868
31.000 4.082626
32.000 4.082626
33.000 4.082626
34.000 3.831573
35.000 3.831573
36.000 3.831573
37.000 3.996378
38.000 4.106369
39.000 4.106369
40.000 4.106369
41.000 4.106369
42.000 4.089120
43.000 3.747124
44.000 3.668068
45.000 3.668068
46.000 3.668068
47.000 3.668068
48.000 3.668068
49.000 3.223289
50.000 3.223289
51.000 3.223289
52.000 3.223289
53.000 3.223289
54.000 3.636597
55.000 3.636597
56.000 3.636597
57.000 3.636597
58.000 3.636597
59.000 3.724904
60.000 3.818307
61.000 3.868134
62.000 3.868134
63.000 3.868134
64.000 3.868134
65.000 3.288765
66.000 3.288765
67.000 3.288765
68.000 3.288765
69.000 3.288765
70.000 3.406213
71.000 3.426414
72.000 3.426414
73.000 3.426414
74.000 3.426414
75.000 3.426414
76.000 3.906726
77.000 4.055344
78.000 4.055344
79.000 4.055344
80.000 3.686465
81.000 3.635338
82.000 3.635338
83.000 3.635338
84.000 3.635338
85.000 3.701460
86.000 3.821151
87.000 3.940843
88.000 4.060534
89.000 4.126335
90.000 4.126335
91.000 4.126335
92.000 4.126335
93.000 4.007543
94.000 3.999573
95.000 3.999573
96.000 3.999573
97.000 3.999573
98.000 4.004365
99.000 4.009165
100.000 4.013964
101.000 4.018764
102.000 4.020439
103.000 4.020439
104.000 4.030891
105.000 4.066269
106.000 4.101647
107.000 4.137025
108.000 4.172403
109.000 4.207781
110.000 4.207977
111.000 4.207977
112.000 3.945213
113.000 3.945213
114.000 3.962081
115.000 4.000642
116.000 4.039202
117.000 4.077763
118.000 4.116323
119.000 4.116524
120.000 4.116524
121.000 3.792137
122.000 3.792137
123.000 3.792137
124.000 3.820374
125.000 3.875477
126.000 3.930580
127.000 3.985684
128.000 3.988594
129.000 3.988594
130.000 3.988594
131.000 3.922147
132.000 2.647583
133.000 2.647583
134.000 2.647583
135.000 2.647583
136.000 2.647583
137.000 2.647583
138.000 2.647583
139.000 3.280248
140.000 4.033897
141.000 4.033897
142.000 4.033897
143.000 4.032303
144.000 4.023844
145.000 4.015384
146.000 4.009323
147.000 4.009323
148.000 4.009323
149.000 4.009323
150.000 3.962061
151.000 3.900637
152.000 3.891968
153.000 3.891968
154.000 3.891968
155.000 3.891968
156.000 3.144493
157.000 3.144493
158.000 3.144493
159.000 3.144493
160.000 3.374350
161.000 3.652480
162.000 3.930609
163.000 4.084846
164.000 4.084846
165.000 3.978783
166.000 3.978783
167.000 3.903583
168.000 3.796375
169.000 3.689167
170.000 3.581958
171.000 3.474750
172.000 3.464035
173.000 3.464035
174.000 3.567198
175.000 3.695760
176.000 3.824322
177.000 3.952884
178.000 4.078552
179.000 4.078552
180.000 3.898880
181.000 3.898880
182.000 3.893012
183.000 3.872597
184.000 3.852182
185.000 3.831768
186.000 3.811353
187.000 3.797279
188.000 3.797279
189.000 3.815527
190.000 3.877292
191.000 3.939057
192.000 4.000822
193.000 4.062587
194.000 4.089989
195.000 4.089989
196.000 4.117004
197.000 4.117004
198.000 4.021349
199.000 3.900792
200.000 3.780234
201.000 3.659676
202.000 3.594383
203.000 3.594383
204.000 3.597993
205.000 3.689525
206.000 3.781057
207.000 3.872589
208.000 3.964121
209.000 3.972183
210.000 3.939148
211.000 3.939148
212.000 3.860144
213.000 3.407238
214.000 3.079620
215.000 3.079620
216.000 3.079620
217.000 3.079620
218.000 3.877983
219.000 3.877983
220.000 3.877983
221.000 3.877983
222.000 3.895118
223.000 3.925262
224.000 3.936653
225.000 3.936653
226.000 3.936653
227.000 3.935304
228.000 3.930689
229.000 3.926074
230.000 3.924110
231.000 3.924110
232.000 3.924110
233.000 3.913669
234.000 3.890610
235.000 3.890610
236.000 3.890266
237.000 3.884184
238.000 3.878101
239.000 3.874222
240.000 3.874222
241.000 3.875975
242.000 3.907602
243.000 3.914650
244.000 3.914650
245.000 3.914650
246.000 4.009052
247.000 4.128860
248.000 4.128860
249.000 4.128860
250.000 4.128371
251.000 4.127823
252.000 4.127275
253.000 4.127113
254.000 4.127113
255.000 4.016090
256.000 4.016090
257.000 4.016090
258.000 3.961491
259.000 3.892851
260.000 3.824211
261.000 3.755571
262.000 3.686931
263.000 3.664413
264.000 3.665877
265.000 3.695477
266.000 3.725077
267.000 3.754678
268.000 3.784278
269.000 3.802971
270.000 3.814934
271.000 4.078226
272.000 4.134071
273.000 4.135656
274.000 4.137771
275.000 4.139885
276.000 4.141106
277.000 4.141106
278.000 4.117691
279.000 4.089962
280.000 4.062234
281.000 4.044769
282.000 4.044769
283.000 4.018364
284.000 4.018364
285.000 4.043974
286.000 4.071004
287.000 4.098035
288.000 4.125065
289.000 4.142937
290.000 4.142937
291.000 4.117363
292.000 4.117363
293.000 4.115916
294.000 4.114114
295.000 4.112313
296.000 4.111336
297.000 4.111336
298.000 4.096864
299.000 4.049172
300.000 4.020523
301.000 4.020523
302.000 3.501213
303.000 3.501213
304.000 3.501213
305.000 3.922101
306.000 4.044228
307.000 4.044228
308.000 3.476303
309.000 3.476303
310.000 3.476303
311.000 3.476303
312.000 3.554039
313.000 3.814515
314.000 3.970604
315.000 3.970604
316.000 3.923114
317.000 3.850325
318.000 3.831245
319.000 3.909312
320.000 4.007736
321.000 4.018407
322.000 4.037935
323.000 4.057463
324.000 4.076992
325.000 4.059530
326.000 4.000335
327.000 3.941139
328.000 3.886833
329.000 3.824278
330.000 3.665443
331.000 3.709466
332.000 3.853598
333.000 3.997729
334.000 4.070885
335.000 3.773642
336.000 3.637276
337.000 3.694472
338.000 3.797634
339.000 3.900796
340.000 3.922890
341.000 3.922890
342.000 3.969911
343.000 4.054566
344.000 4.139222
345.000 4.166191
346.000 4.166191
347.000 3.956299
348.000 3.956299
349.000 4.002720
350.000 4.059928
351.000 4.087975
352.000 4.087975
353.000 3.939335
354.000 3.752940
355.000 3.630516
356.000 3.730104
357.000 3.856598
358.000 3.737125
359.000 3.521576
