0.000 0.297852
1.000 0.297852
2.000 0.297852
3.000 0.297852
4.000 0.297852
5.000 0.397603
6.000 1.072176
7.000 1.746750
8.000 2.421323
9.000 3.087112
10.000 3.087112
11.000 2.994270
12.000 3.041191
13.000 2.520180
14.000 2.171234
15.000 2.171234
16.000 1.876678
17.000 1.876678
18.000 1.863819
19.000 1.842523
20.000 1.821228
21.000 1.799932
22.000 1.778637
23.000 1.757341
24.000 1.736046
25.000 1.714751
26.000 1.693455
27.000 1.672160
28.000 1.650864
29.000 1.649521
30.000 2.074173
31.000 2.074173
32.000 2.074173
33.000 3.653572
34.000 3.653572
35.000 1.316956
36.000 1.316956
37.000 1.316956
38.000 1.316956
39.000 1.316956
40.000 2.662132
41.000 2.662132
42.000 2.662132
43.000 2.587120
44.000 2.407610
45.000 2.391418
46.000 2.712631
47.000 2.433678
48.000 2.433678
49.000 2.794502
50.000 2.794502
51.000 2.794502
52.000 2.794502
53.000 3.258105
54.000 3.214782
55.000 3.193718
56.000 3.193718
57.000 3.193718
58.000 3.039803
59.000 3.039803
60.000 1.754059
61.000 1.754059
62.000 1.754059
63.000 1.754059
64.000 1.754059
65.000 1.175613
66.000 1.175613
67.000 1.175613
68.000 1.669915
69.000 2.517956
70.000 3.150818
71.000 2.842690
72.000 1.209602
73.000 1.209602
74.000 1.209602
75.000 1.724956
76.000 1.839676
77.000 1.564201
78.000 2.020027
79.000 2.020027
80.000 3.013565
81.000 3.013565
82.000 3.013565
83.000 3.013565
84.000 6.112625
85.000 6.112625
86.000 3.291634
87.000 5.983643
88.000 5.983643
89.000 7.573212
90.000 7.573212
91.000 3.119872
92.000 2.496567
93.000 2.496567
94.000 2.496567
95.000 2.496567
96.000 2.801361
97.000 2.801361
98.000 5.508759
99.000 5.508759
100.000 4.441177
101.000 4.441177
102.000 1.591232
103.000 1.591232
104.000 2.842323
105.000 2.842323
106.000 2.842323
107.000 2.932768
108.000 3.000366
109.000 3.000366
110.000 4.892914
111.000 4.892914
112.000 4.892914
113.000 4.892914
114.000 5.736150
115.000 5.290898
116.000 4.845645
117.000 4.824387
118.000 7.595131
119.000 3.361130
120.000 3.361130
121.000 8.655464
122.000 8.655464
123.000 4.838676
124.000 4.838676
125.000 4.779419
126.000 4.779419
127.000 5.888434
128.000 9.254089
129.000 9.254089
130.000 1.314552
131.000 1.314552
132.000 1.314552
133.000 1.314552
134.000 1.314552
135.000 1.314552
136.000 3.164032
137.000 3.655441
138.000 3.655441
139.000 3.157646
140.000 3.157646
141.000 2.835544
142.000 2.122665
143.000 2.122665
144.000 2.122665
145.000 2.122665
146.000 3.752266
147.000 3.752266
148.000 3.653830
149.000 3.210632
150.000 3.210632
151.000 3.093933
152.000 1.644516
153.000 1.644516
154.000 1.644516
155.000 1.644516
156.000 1.644516
157.000 2.521181
158.000 2.300563
159.000 2.085526
160.000 2.085526
161.000 1.261070
162.000 1.261070
163.000 2.027283
164.000 2.027283
165.000 1.169548
166.000 1.169548
167.000 2.287132
168.000 2.287132
169.000 1.006248
170.000 1.006248
171.000 2.983292
172.000 2.983292
173.000 1.995094
174.000 1.995094
175.000 1.995094
176.000 1.995094
177.000 1.995094
178.000 1.995094
179.000 5.031536
180.000 5.126431
181.000 5.203590
182.000 5.203590
183.000 3.554927
184.000 2.538147
185.000 2.538147
186.000 2.538147
187.000 3.537338
188.000 3.537338
189.000 1.722557
190.000 1.722557
191.000 1.722557
192.000 1.722557
193.000 4.228758
194.000 4.306343
195.000 3.537254
196.000 3.537254
197.000 3.897156
198.000 3.897156
199.000 3.409058
200.000 3.409058
201.000 3.409058
202.000 3.048948
203.000 3.047928
204.000 3.640205
205.000 3.640205
206.000 2.984558
207.000 2.849022
208.000 2.849022
209.000 3.087337
210.000 3.721368
211.000 4.059799
212.000 4.059799
213.000 1.875542
214.000 1.875542
215.000 1.875542
216.000 4.324905
217.000 4.324905
218.000 3.133118
219.000 3.226967
220.000 3.504089
221.000 3.504089
222.000 3.567459
223.000 3.982307
224.000 3.982307
225.000 6.954849
226.000 8.504822
227.000 8.209679
228.000 8.209679
229.000 7.251640
230.000 7.251640
231.000 9.558014
232.000 9.558014
233.000 9.000309
234.000 4.527382
235.000 4.527382
236.000 4.527382
237.000 3.919327
238.000 3.919327
239.000 3.093202
240.000 2.516243
241.000 2.516243
242.000 2.516243
243.000 2.812973
244.000 2.812973
245.000 2.812973
246.000 2.949319
247.000 3.082855
248.000 3.082855
249.000 3.661591
250.000 3.247536
251.000 3.247536
252.000 2.269127
253.000 2.269127
254.000 2.269127
255.000 2.269127
256.000 4.021960
257.000 3.981645
258.000 3.941330
259.000 3.936790
260.000 3.549599
261.000 3.659329
262.000 3.710335
263.000 3.972404
264.000 2.880211
265.000 2.880211
266.000 2.908512
267.000 2.927490
268.000 3.694527
269.000 2.043198
270.000 2.043198
271.000 2.043198
272.000 2.774323
273.000 2.774323
274.000 2.615535
275.000 2.100845
276.000 2.100845
277.000 2.100845
278.000 2.100845
279.000 2.100845
280.000 2.100845
281.000 3.526687
282.000 3.824842
283.000 4.093262
284.000 4.093262
285.000 3.705208
286.000 3.705208
287.000 3.705208
288.000 3.705208
289.000 3.808824
290.000 4.002842
291.000 4.019379
292.000 3.989746
293.000 3.771294
294.000 3.032791
295.000 3.032791
296.000 3.158942
297.000 4.050659
298.000 4.050659
299.000 3.329231
300.000 3.303267
301.000 3.112177
302.000 3.075600
303.000 3.075600
304.000 3.266052
305.000 3.266052
306.000 3.999306
307.000 4.411575
308.000 4.430972
309.000 4.546600
310.000 6.795059
311.000 6.533674
312.000 6.372673
313.000 6.529396
314.000 4.364502
315.000 4.364502
316.000 5.248253
317.000 5.248253
318.000 4.802513
319.000 4.802513
320.000 4.802513
321.000 3.666855
322.000 3.666855
323.000 3.666855
324.000 4.004738
325.000 4.004738
326.000 5.138298
327.000 5.138298
328.000 5.702545
329.000 5.486580
330.000 4.535988
331.000 4.535988
332.000 4.535988
333.000 4.535988
334.000 4.535988
335.000 4.535988
336.000 4.782851
337.000 4.616856
338.000 4.450862
339.000 4.337425
340.000 4.337425
341.000 4.337425
342.000 4.337425
343.000 3.796028
344.000 3.796028
345.000 3.796028
346.000 5.547256
347.000 5.547256
348.000 5.547256
349.000 5.547256
350.000 5.414223
351.000 5.414223
352.000 5.414223
353.000 5.414223
354.000 4.620763
355.000 3.726093
356.000 2.831423
357.000 2.351547
358.000 2.351547
359.000 3.823600
