0.000 0.299866
1.000 0.299866
2.000 0.299866
3.000 0.456490
4.000 0.456490
5.000 0.375465
6.000 0.375465
7.000 0.375465
8.000 0.489189
9.000 0.489189
10.000 0.489189
11.000 0.459379
12.000 0.453094
13.000 0.453094
14.000 0.453094
15.000 0.376450
16.000 0.376450
17.000 0.376450
18.000 0.442856
19.000 0.442856
20.000 0.436010
21.000 0.424334
22.000 0.381834
23.000 0.349304
24.000 0.492078
25.000 0.448677
26.000 0.458778
27.000 0.390695
28.000 0.220505
29.000 0.328598
30.000 0.397062
31.000 0.458778
32.000 0.423509
33.000 0.403510
34.000 0.510730
35.000 0.573475
36.000 0.927825
37.000 0.936756
38.000 0.095100
39.000 0.095100
40.000 0.095100
41.000 0.095100
42.000 0.095100
43.000 1.978278
44.000 2.244025
45.000 1.913670
46.000 0.212967
47.000 0.215800
48.000 0.232878
49.000 0.249956
50.000 0.267034
51.000 0.284112
52.000 0.301190
53.000 0.318268
54.000 0.335346
55.000 0.352424
56.000 0.369502
57.000 0.386580
58.000 0.403658
59.000 0.420736
60.000 0.403672
61.000 0.424515
62.000 0.856123
63.000 1.594952
64.000 1.654757
65.000 1.509335
66.000 0.529331
67.000 0.429791
68.000 0.429657
69.000 0.427610
70.000 0.415908
71.000 0.411454
72.000 0.415119
73.000 0.418395
74.000 0.425093
75.000 0.452611
76.000 0.583963
77.000 0.666909
78.000 0.634383
79.000 0.709860
80.000 1.279134
81.000 1.668689
82.000 1.763902
83.000 1.887298
84.000 2.245100
85.000 2.496660
86.000 2.510875
87.000 2.486401
88.000 2.283904
89.000 1.911662
90.000 0.391876
91.000 0.188377
92.000 0.188377
93.000 0.222045
94.000 0.433311
95.000 0.479109
96.000 0.845797
97.000 1.085678
98.000 1.353296
99.000 1.327718
100.000 0.444266
101.000 0.451500
102.000 0.451500
103.000 0.451500
104.000 0.451500
105.000 0.519616
106.000 0.585556
107.000 0.651497
108.000 0.717437
109.000 1.060365
110.000 0.679246
111.000 0.449033
112.000 0.431132
113.000 0.430932
114.000 0.444486
115.000 0.447080
116.000 0.419509
117.000 0.399712
118.000 0.369442
119.000 0.365899
120.000 0.429862
121.000 0.532814
122.000 0.892521
123.000 1.132015
124.000 1.139305
125.000 1.144859
126.000 1.251319
127.000 1.333054
128.000 0.733055
129.000 0.446037
130.000 0.384421
131.000 0.367622
132.000 0.427328
133.000 0.445847
134.000 0.366700
135.000 0.348274
136.000 0.396994
137.000 0.428810
138.000 0.616838
139.000 0.760666
140.000 0.860666
141.000 0.934731
142.000 1.571622
143.000 2.212021
144.000 2.082559
145.000 1.961815
146.000 2.034137
147.000 2.111298
148.000 2.111298
149.000 2.111298
150.000 2.111298
151.000 2.111298
152.000 1.059737
153.000 0.469467
154.000 0.427937
155.000 0.404877
156.000 0.449001
157.000 0.474625
158.000 0.443645
159.000 0.428558
160.000 0.410783
161.000 0.405289
162.000 0.493245
163.000 0.566872
164.000 0.590049
165.000 0.610237
166.000 0.085709
167.000 0.085709
168.000 0.085709
169.000 0.085709
170.000 0.187157
171.000 0.187157
172.000 0.228615
173.000 0.228615
174.000 1.226914
175.000 2.202225
176.000 0.604336
177.000 0.457321
178.000 1.711751
179.000 2.926643
180.000 0.513611
181.000 0.513611
182.000 0.351601
183.000 0.351601
184.000 0.377651
185.000 0.405090
186.000 0.422376
187.000 0.446045
188.000 0.446049
189.000 0.446053
190.000 0.810988
191.000 1.176750
192.000 1.204382
193.000 1.232895
194.000 1.279461
195.000 1.318459
196.000 1.559931
197.000 1.783203
198.000 2.027296
199.000 2.266693
200.000 1.231022
201.000 0.411598
202.000 0.820443
203.000 1.246994
204.000 1.826576
205.000 2.211906
206.000 0.342575
207.000 0.342575
208.000 0.395828
209.000 0.395828
210.000 0.434844
211.000 0.458092
212.000 0.420310
213.000 0.404900
214.000 0.117523
215.000 0.117523
216.000 0.117523
217.000 0.117523
218.000 0.117523
219.000 0.117523
220.000 0.228401
221.000 0.228401
222.000 0.934863
223.000 1.633255
224.000 1.906869
225.000 2.156944
226.000 2.385781
227.000 2.511452
228.000 1.071955
229.000 0.440704
230.000 0.468689
231.000 0.468689
232.000 0.468194
233.000 0.467926
234.000 0.469475
235.000 0.470322
236.000 0.597150
237.000 0.706627
238.000 0.258261
239.000 0.205719
240.000 0.140933
241.000 0.096054
242.000 0.096054
243.000 0.096054
244.000 0.096054
245.000 0.096054
246.000 2.034036
247.000 2.160113
248.000 2.255360
249.000 2.353623
250.000 2.357513
251.000 2.357513
252.000 0.514694
253.000 0.514694
254.000 0.457253
255.000 0.457253
256.000 0.457253
257.000 0.457253
258.000 0.451382
259.000 0.449182
260.000 0.446983
261.000 0.444783
262.000 0.443893
263.000 0.444214
264.000 0.444214
265.000 0.453918
266.000 0.457619
267.000 0.457619
268.000 0.449696
269.000 0.384232
270.000 0.384232
271.000 0.429123
272.000 0.228577
273.000 0.228577
274.000 0.228577
275.000 0.228577
276.000 0.375542
277.000 0.375542
278.000 0.375542
279.000 0.228600
280.000 0.228600
281.000 0.228600
282.000 0.456963
283.000 0.455468
284.000 0.447383
285.000 0.446884
286.000 0.456741
287.000 0.456741
288.000 0.683075
289.000 0.351913
290.000 0.351913
291.000 0.405167
292.000 0.405167
293.000 0.436686
294.000 0.540063
295.000 0.643441
296.000 0.647888
297.000 0.455750
298.000 0.455752
299.000 0.455756
300.000 0.455757
301.000 0.455893
302.000 0.455986
303.000 0.653351
304.000 0.472076
305.000 0.472076
306.000 0.404922
307.000 0.404922
308.000 0.439545
309.000 0.439545
310.000 0.456528
311.000 0.456528
312.000 0.448247
313.000 0.440506
314.000 0.440506
315.000 0.404922
316.000 0.404837
317.000 0.404533
318.000 0.404533
319.000 0.446716
320.000 0.446716
321.000 0.438277
322.000 0.426131
323.000 0.413986
324.000 0.411957
325.000 0.300400
326.000 0.405434
327.000 0.336838
328.000 0.366246
329.000 0.444511
330.000 0.451500
331.000 0.451500
332.000 0.375572
333.000 0.375572
334.000 0.446655
335.000 0.446655
336.000 0.460051
337.000 0.467072
338.000 0.467072
339.000 0.467091
340.000 0.467285
341.000 0.467285
342.000 0.456705
343.000 0.428485
344.000 0.404533
345.000 0.350067
346.000 0.457039
347.000 0.457039
348.000 0.446032
349.000 0.459694
350.000 0.459694
351.000 0.428268
352.000 0.428268
353.000 0.428268
354.000 0.388184
355.000 0.404199
356.000 0.420215
357.000 0.427979
358.000 0.404716
359.000 0.460007
