0.000 0.298180
1.000 0.396317
2.000 0.396317
3.000 0.461105
4.000 0.393707
5.000 0.393707
6.000 0.216003
7.000 0.216003
8.000 0.453423
9.000 0.453423
10.000 0.453837
11.000 0.454117
12.000 0.454117
13.000 0.520090
14.000 0.556938
15.000 0.556938
16.000 0.428418
17.000 0.538246
18.000 0.538246
19.000 0.479879
20.000 0.342445
21.000 0.239128
22.000 0.239128
23.000 0.250748
24.000 0.267517
25.000 0.167496
26.000 0.167496
27.000 0.167496
28.000 0.324833
29.000 0.335846
30.000 0.247772
31.000 0.247772
32.000 0.294601
33.000 0.294601
34.000 0.294601
35.000 0.294601
36.000 0.294601
37.000 0.294601
38.000 0.294601
39.000 0.201997
40.000 0.215262
41.000 0.228528
42.000 0.241793
43.000 0.255058
44.000 0.268324
45.000 0.281589
46.000 0.294855
47.000 0.308120
48.000 0.321386
49.000 0.323105
50.000 0.377968
51.000 0.377968
52.000 0.377968
53.000 0.394571
54.000 0.394661
55.000 0.394661
56.000 0.394661
57.000 0.634343
58.000 0.631838
59.000 0.629334
60.000 0.628143
61.000 0.628143
62.000 0.319649
63.000 0.319649
64.000 0.319649
65.000 0.319649
66.000 0.446048
67.000 0.405828
68.000 0.402382
69.000 0.402382
70.000 0.747866
71.000 0.425537
72.000 0.425537
73.000 0.408422
74.000 0.407097
75.000 0.363654
76.000 0.231735
77.000 0.231735
78.000 0.242360
79.000 0.417418
80.000 0.592477
81.000 0.629883
82.000 0.592185
83.000 0.457214
84.000 0.672646
85.000 0.464668
86.000 0.464668
87.000 0.347197
88.000 0.080513
89.000 0.080513
90.000 0.080513
91.000 0.362648
92.000 0.188553
93.000 0.188553
94.000 0.188553
95.000 0.188553
96.000 0.288862
97.000 0.281033
98.000 0.273204
99.000 0.271973
100.000 0.271973
101.000 0.294487
102.000 0.294487
103.000 0.294487
104.000 0.286506
105.000 0.273085
106.000 0.259664
107.000 0.249741
108.000 0.249741
109.000 0.280510
110.000 0.502640
111.000 0.502640
112.000 0.106750
113.000 0.106750
114.000 0.106750
115.000 0.106750
116.000 0.519119
117.000 0.519119
118.000 0.489797
119.000 0.447949
120.000 0.406101
121.000 0.364254
122.000 0.357201
123.000 0.555664
124.000 0.374863
125.000 0.374863
126.000 0.374863
127.000 0.374863
128.000 0.661401
129.000 0.641602
130.000 0.629868
131.000 0.610542
132.000 0.610542
133.000 0.610542
134.000 0.555912
135.000 0.437285
136.000 0.318658
137.000 0.200031
138.000 0.145370
139.000 0.145370
140.000 0.145370
141.000 0.145370
142.000 0.145370
143.000 0.145370
144.000 0.145370
145.000 0.059509
146.000 0.059509
147.000 0.059509
148.000 0.059509
149.000 0.059509
150.000 0.059509
151.000 0.059509
152.000 0.059509
153.000 0.059509
154.000 0.280919
155.000 0.290253
156.000 0.290253
157.000 0.154373
158.000 0.154373
159.000 0.154373
160.000 0.215478
161.000 0.261330
162.000 0.261330
163.000 0.187441
164.000 0.136696
165.000 0.136696
166.000 0.136696
167.000 0.085297
168.000 0.085297
169.000 0.258934
170.000 0.358749
171.000 0.358749
172.000 0.358749
173.000 0.431275
174.000 0.482085
175.000 0.525185
176.000 0.536324
177.000 0.536324
178.000 0.823860
179.000 0.312080
180.000 0.312080
181.000 0.312080
182.000 0.312080
183.000 0.312080
184.000 0.312080
185.000 0.312080
186.000 0.685754
187.000 0.571440
188.000 0.468979
189.000 0.468979
190.000 0.323296
191.000 0.323296
192.000 0.323296
193.000 0.589523
194.000 0.589523
195.000 0.580846
196.000 0.570089
197.000 0.568222
198.000 0.307770
199.000 0.307770
200.000 0.307770
201.000 0.206849
202.000 0.162498
203.000 0.162498
204.000 0.154537
205.000 0.135431
206.000 0.125473
207.000 0.125473
208.000 0.125473
209.000 0.174988
210.000 0.174988
211.000 0.231361
212.000 0.435577
213.000 0.435577
214.000 0.370422
215.000 0.370422
216.000 0.370422
217.000 0.370422
218.000 0.170227
219.000 0.170227
220.000 0.170227
221.000 0.170227
222.000 0.170227
223.000 0.170227
224.000 0.170227
225.000 0.170227
226.000 0.315559
227.000 0.315559
228.000 0.315559
229.000 0.315559
230.000 0.315559
231.000 0.315559
232.000 0.315559
233.000 0.315559
234.000 0.315559
235.000 0.315559
236.000 1.041183
237.000 1.175507
238.000 1.175507
239.000 0.654274
240.000 0.654274
241.000 0.654274
242.000 0.579430
243.000 0.575335
244.000 0.513936
245.000 0.480255
246.000 0.480255
247.000 0.480255
248.000 0.480255
249.000 0.480255
250.000 0.307986
251.000 0.168594
252.000 0.168594
253.000 0.168594
254.000 0.348915
255.000 0.366974
256.000 0.366974
257.000 1.044738
258.000 0.939775
259.000 0.922043
260.000 0.922043
261.000 1.435226
262.000 1.070297
263.000 1.070297
264.000 0.700836
265.000 0.700836
266.000 1.038383
267.000 1.038383
268.000 0.996613
269.000 0.963478
270.000 0.963478
271.000 0.699791
272.000 0.699791
273.000 1.781731
274.000 3.021797
275.000 2.598637
276.000 1.814636
277.000 1.019302
278.000 1.019302
279.000 1.019302
280.000 1.019302
281.000 1.847244
282.000 1.847244
283.000 1.843495
284.000 1.712825
285.000 1.582156
286.000 1.455849
287.000 0.695442
288.000 0.695442
289.000 1.408714
290.000 1.289627
291.000 1.289627
292.000 1.063301
293.000 0.948402
294.000 0.948402
295.000 0.945332
296.000 0.928886
297.000 0.912441
298.000 0.895995
299.000 0.892921
300.000 1.065644
301.000 1.301201
302.000 0.623055
303.000 0.623055
304.000 0.480064
305.000 0.480064
306.000 0.480064
307.000 0.420464
308.000 0.340645
309.000 0.324417
310.000 0.483330
311.000 0.381767
312.000 0.381767
313.000 0.351456
314.000 0.351456
315.000 0.351456
316.000 0.326801
317.000 0.275723
318.000 0.232903
319.000 0.232903
320.000 0.232903
321.000 0.422318
322.000 0.422318
323.000 0.478270
324.000 0.535835
325.000 0.535835
326.000 0.535835
327.000 0.340334
328.000 0.289421
329.000 0.267014
330.000 0.267014
331.000 0.267014
332.000 0.267014
333.000 0.441809
334.000 0.425499
335.000 0.409190
336.000 0.405121
337.000 0.423264
338.000 0.423264
339.000 0.391435
340.000 0.359520
341.000 0.359520
342.000 0.359520
343.000 0.359520
344.000 0.646271
345.000 0.690540
346.000 0.700722
347.000 0.207130
348.000 0.207130
349.000 0.207130
350.000 0.207130
351.000 0.207130
352.000 0.696281
353.000 0.696281
354.000 1.180893
355.000 0.913765
356.000 0.913765
357.000 0.913765
358.000 0.913765
359.000 0.554324
