0.000 0.262291
1.000 0.262291
2.000 0.262291
3.000 0.262291
4.000 0.262291
5.000 0.262291
6.000 0.262291
7.000 0.262291
8.000 2.449142
9.000 2.449142
10.000 4.427536
11.000 3.422768
12.000 4.656872
13.000 4.927447
14.000 4.591882
15.000 4.232880
16.000 4.180576
17.000 4.179565
18.000 3.566858
19.000 2.396027
20.000 1.622658
21.000 2.309624
22.000 1.990602
23.000 1.132668
24.000 0.759101
25.000 0.364388
26.000 0.364388
27.000 0.364388
28.000 2.750107
29.000 2.750107
30.000 2.750107
31.000 2.750107
32.000 2.750107
33.000 2.750107
34.000 4.121831
35.000 4.400410
36.000 4.678990
37.000 4.874763
38.000 1.721246
39.000 1.356659
40.000 3.432609
41.000 3.072304
42.000 3.085013
43.000 3.250534
44.000 3.250254
45.000 3.244197
46.000 3.301723
47.000 4.317902
48.000 4.284283
49.000 3.913315
50.000 3.915811
51.000 3.983887
52.000 3.983887
53.000 4.218352
54.000 4.391327
55.000 3.776919
56.000 3.239098
57.000 2.980655
58.000 2.776741
59.000 2.696864
60.000 2.630348
61.000 2.682623
62.000 2.749105
63.000 2.571404
64.000 2.386292
65.000 2.980747
66.000 3.956429
67.000 1.440704
68.000 1.440704
69.000 3.211418
70.000 3.211418
71.000 3.211418
72.000 3.211418
73.000 3.211418
74.000 3.211418
75.000 3.211418
76.000 3.211418
77.000 3.424666
78.000 3.416642
79.000 3.408618
80.000 3.400593
81.000 3.392569
82.000 3.384545
83.000 3.383614
84.000 3.383614
85.000 3.383614
86.000 3.383614
87.000 3.383614
88.000 3.383614
89.000 3.383614
90.000 3.383614
91.000 3.383614
92.000 3.132220
93.000 3.120771
94.000 3.109322
95.000 3.097873
96.000 3.086424
97.000 3.074975
98.000 3.063525
99.000 3.052076
100.000 3.043327
101.000 2.824944
102.000 2.824944
103.000 2.824944
104.000 2.654899
105.000 2.958702
106.000 5.733887
107.000 4.015800
108.000 4.156894
109.000 4.426956
110.000 4.836090
111.000 4.836090
112.000 5.734275
113.000 5.498001
114.000 5.498001
115.000 5.500938
116.000 5.510742
117.000 5.510742
118.000 5.510742
119.000 4.538160
120.000 4.093600
121.000 4.012100
122.000 4.265747
123.000 4.265747
124.000 4.265747
125.000 3.363594
126.000 3.363594
127.000 4.495966
128.000 4.705269
129.000 5.412538
130.000 6.330437
131.000 5.896479
132.000 5.765556
133.000 5.390253
134.000 5.284609
135.000 5.491777
136.000 5.678688
137.000 5.678688
138.000 5.678688
139.000 5.678688
140.000 5.678688
141.000 2.042641
142.000 2.042641
143.000 2.042641
144.000 2.042641
145.000 2.042641
146.000 2.042641
147.000 2.042641
148.000 2.042641
149.000 2.042641
150.000 2.042641
151.000 2.319337
152.000 2.326247
153.000 2.333158
154.000 2.337013
155.000 2.337013
156.000 2.337013
157.000 5.295114
158.000 5.393990
159.000 5.262085
160.000 2.825783
161.000 2.825783
162.000 1.690773
163.000 1.690773
164.000 1.690773
165.000 2.768133
166.000 3.010544
167.000 4.136086
168.000 4.688270
169.000 6.080452
170.000 7.311897
171.000 6.338899
172.000 5.547165
173.000 4.829795
174.000 4.187233
175.000 3.420561
176.000 2.993546
177.000 2.896061
178.000 2.852760
179.000 3.451108
180.000 3.961769
181.000 4.105830
182.000 4.228561
183.000 4.398227
184.000 4.542694
185.000 4.749093
186.000 4.918503
187.000 4.868116
188.000 4.825150
189.000 2.546936
190.000 2.546936
191.000 2.546936
192.000 2.546936
193.000 5.507835
194.000 5.507835
195.000 3.244385
196.000 3.244385
197.000 2.879427
198.000 2.624184
199.000 2.624184
200.000 3.469460
201.000 3.469460
202.000 4.086517
203.000 4.086517
204.000 4.086517
205.000 4.954390
206.000 5.540192
207.000 2.782333
208.000 2.782333
209.000 1.943848
210.000 1.943848
211.000 2.328166
212.000 3.090234
213.000 3.266609
214.000 3.700317
215.000 3.708328
216.000 3.710678
217.000 3.831779
218.000 3.831779
219.000 4.670719
220.000 4.815979
221.000 4.388008
222.000 4.388008
223.000 4.786688
224.000 5.118309
225.000 4.611131
226.000 4.322243
227.000 4.146576
228.000 4.146576
229.000 4.971862
230.000 5.282448
231.000 4.013351
232.000 4.013351
233.000 1.775368
234.000 1.775368
235.000 5.517475
236.000 5.622841
237.000 5.540894
238.000 5.516724
239.000 3.282822
240.000 3.282822
241.000 3.282822
242.000 3.282822
243.000 3.243376
244.000 2.989393
245.000 2.735409
246.000 2.481426
247.000 2.227443
248.000 1.973460
249.000 1.823662
250.000 3.640656
251.000 3.186165
252.000 3.186165
253.000 3.682281
254.000 3.617096
255.000 3.640520
256.000 3.915092
257.000 4.110863
258.000 2.866779
259.000 3.186790
260.000 3.186790
261.000 3.244480
262.000 4.757378
263.000 4.829024
264.000 5.197495
265.000 4.963620
266.000 4.742592
267.000 1.762276
268.000 1.762276
269.000 1.762276
270.000 1.762276
271.000 1.762276
272.000 1.762276
273.000 3.563958
274.000 3.404884
275.000 3.404884
276.000 2.283202
277.000 1.583191
278.000 2.801836
279.000 1.721123
280.000 1.927353
281.000 2.859217
282.000 3.103319
283.000 3.115044
284.000 3.120827
285.000 1.901575
286.000 1.890410
287.000 3.268432
288.000 3.809448
289.000 2.997185
290.000 2.997185
291.000 3.894454
292.000 4.494789
293.000 4.301652
294.000 4.069168
295.000 3.772453
296.000 3.601219
297.000 3.920218
298.000 4.430336
299.000 2.181374
300.000 2.181374
301.000 1.298302
302.000 1.298302
303.000 1.370710
304.000 3.611773
305.000 4.742165
306.000 2.201610
307.000 1.920174
308.000 2.659621
309.000 3.229492
310.000 3.621566
311.000 3.976006
312.000 3.355631
313.000 2.767433
314.000 2.882576
315.000 3.076057
316.000 3.352634
317.000 3.911025
318.000 3.913990
319.000 2.346973
320.000 2.265688
321.000 3.336969
322.000 3.758885
323.000 2.521536
324.000 2.151878
325.000 2.599277
326.000 2.901512
327.000 3.132712
328.000 3.328011
329.000 3.089030
330.000 2.924080
331.000 2.244745
332.000 1.820839
333.000 2.468589
334.000 3.665224
335.000 4.145532
336.000 3.018415
337.000 2.987414
338.000 3.489324
339.000 3.761481
340.000 4.124960
341.000 4.296132
342.000 3.593584
343.000 3.249809
344.000 3.941183
345.000 4.051468
346.000 4.432315
347.000 4.586311
348.000 4.229312
349.000 4.140091
350.000 3.427355
351.000 3.331718
352.000 3.661091
353.000 4.067879
354.000 4.071353
355.000 4.080658
356.000 1.767815
357.000 1.767815
358.000 2.079971
359.000 2.079971
