0.000 0.139809
1.000 0.139809
2.000 3.195145
3.000 2.885696
4.000 1.799652
5.000 1.557213
6.000 1.500381
7.000 1.500381
8.000 1.500381
9.000 1.500381
10.000 0.964775
11.000 0.964775
12.000 0.964775
13.000 1.244568
14.000 1.244568
15.000 1.244568
16.000 1.541634
17.000 1.541634
18.000 1.541634
19.000 1.628418
20.000 1.628418
21.000 1.450156
22.000 0.887398
23.000 0.887398
24.000 0.887398
25.000 0.887398
26.000 0.887398
27.000 0.887398
28.000 0.887398
29.000 0.954994
30.000 0.954994
31.000 0.954994
32.000 0.954994
33.000 0.954994
34.000 0.954994
35.000 0.954994
36.000 0.954994
37.000 0.954994
38.000 3.128424
39.000 2.728450
40.000 2.328476
41.000 1.928502
42.000 1.528528
43.000 1.128554
44.000 1.002876
45.000 1.002876
46.000 1.022987
47.000 1.081116
48.000 1.081116
49.000 1.081116
50.000 1.081116
51.000 1.081116
52.000 1.165369
53.000 0.929147
54.000 0.883987
55.000 0.883987
56.000 0.943039
57.000 0.943039
58.000 0.999290
59.000 0.999290
60.000 0.999290
61.000 0.999290
62.000 1.274422
63.000 1.274422
64.000 0.567535
65.000 0.567535
66.000 0.567535
67.000 0.835449
68.000 0.835449
69.000 0.708235
70.000 0.600685
71.000 0.600685
72.000 0.600685
73.000 1.120277
74.000 0.963821
75.000 0.963821
76.000 1.000572
77.000 1.000572
78.000 1.197563
79.000 0.803627
80.000 0.803627
81.000 0.803627
82.000 0.618500
83.000 0.618500
84.000 0.618500
85.000 0.648132
86.000 0.648132
87.000 0.692772
88.000 0.692772
89.000 0.716576
90.000 0.716576
91.000 0.774835
92.000 0.803322
93.000 0.803322
94.000 1.143059
95.000 1.143059
96.000 0.792801
97.000 0.792801
98.000 0.792801
99.000 0.592819
100.000 0.592819
101.000 0.592819
102.000 0.944336
103.000 0.944336
104.000 0.912643
105.000 0.912643
106.000 3.352427
107.000 2.871780
108.000 2.858695
109.000 2.717079
110.000 3.089756
111.000 3.545334
112.000 1.492706
113.000 1.579739
114.000 2.038757
115.000 2.038757
116.000 1.223801
117.000 1.223801
118.000 1.071518
119.000 1.071518
120.000 1.071518
121.000 1.460121
122.000 1.513954
123.000 1.513954
124.000 0.856209
125.000 0.856209
126.000 1.890541
127.000 1.890541
128.000 2.618996
129.000 2.618996
130.000 1.871448
131.000 1.337631
132.000 2.790024
133.000 2.892220
134.000 2.673954
135.000 2.547310
136.000 2.328579
137.000 1.923622
138.000 1.923622
139.000 1.723839
140.000 1.653610
141.000 1.771027
142.000 1.771027
143.000 1.037819
144.000 1.037819
145.000 1.037819
146.000 0.950821
147.000 0.950821
148.000 0.981235
149.000 1.313991
150.000 1.495964
151.000 1.495964
152.000 1.107010
153.000 1.107010
154.000 0.864845
155.000 0.864845
156.000 0.919778
157.000 1.472412
158.000 1.477608
159.000 1.243782
160.000 1.243782
161.000 1.323823
162.000 1.370987
163.000 0.796516
164.000 0.796516
165.000 0.796516
166.000 0.796516
167.000 0.796516
168.000 0.784164
169.000 0.784164
170.000 0.784164
171.000 0.720078
172.000 0.720078
173.000 0.720078
174.000 0.720078
175.000 0.978246
176.000 1.664134
177.000 2.226311
178.000 2.226311
179.000 1.751883
180.000 1.264275
181.000 1.264275
182.000 0.935707
183.000 0.935707
184.000 0.935707
185.000 0.795097
186.000 0.795097
187.000 1.640850
188.000 2.032135
189.000 0.682457
190.000 0.682457
191.000 1.325142
192.000 1.713455
193.000 0.857376
194.000 0.857376
195.000 0.857376
196.000 0.857376
197.000 2.310129
198.000 2.250626
199.000 2.250626
200.000 1.144836
201.000 1.144836
202.000 0.895500
203.000 0.895500
204.000 0.895500
205.000 1.601273
206.000 1.601273
207.000 1.601273
208.000 1.620606
209.000 2.011970
210.000 2.403334
211.000 2.484787
212.000 1.381523
213.000 0.875198
214.000 0.875198
215.000 0.991554
216.000 0.991554
217.000 0.991554
218.000 1.612732
219.000 1.358524
220.000 0.749498
221.000 0.724045
222.000 0.564995
223.000 0.564995
224.000 0.564995
225.000 0.564995
226.000 0.909135
227.000 0.899149
228.000 0.889164
229.000 0.889084
230.000 0.863278
231.000 0.843323
232.000 0.728729
233.000 0.728665
234.000 0.707535
235.000 1.114494
236.000 1.114494
237.000 1.303421
238.000 1.303421
239.000 1.212240
240.000 1.087060
241.000 0.961881
242.000 0.913605
243.000 0.913605
244.000 1.071492
245.000 1.100243
246.000 1.037811
247.000 1.037811
248.000 1.201210
249.000 0.656548
250.000 0.656548
251.000 0.656548
252.000 0.693314
253.000 0.693314
254.000 0.693201
255.000 0.646242
256.000 0.599284
257.000 0.565781
258.000 0.565781
259.000 0.414261
260.000 0.414261
261.000 0.454811
262.000 0.454811
263.000 1.035494
264.000 1.082001
265.000 0.811905
266.000 0.811905
267.000 0.748665
268.000 0.748665
269.000 0.748665
270.000 0.727075
271.000 0.707932
272.000 0.707932
273.000 0.791748
274.000 0.791748
275.000 0.481743
276.000 0.481743
277.000 1.335228
278.000 1.335228
279.000 0.698975
280.000 0.698975
281.000 0.698975
282.000 0.653863
283.000 0.555237
284.000 0.509727
285.000 0.509727
286.000 0.518512
287.000 0.541489
288.000 0.541489
289.000 0.946556
290.000 0.946556
291.000 0.682915
292.000 1.238739
293.000 1.238739
294.000 0.869621
295.000 0.869621
296.000 1.826500
297.000 1.826500
298.000 0.616104
299.000 0.616104
300.000 0.616104
301.000 0.616104
302.000 0.846149
303.000 0.911789
304.000 0.873260
305.000 0.873260
306.000 1.064463
307.000 1.180359
308.000 1.180359
309.000 0.528343
310.000 0.528343
311.000 0.929321
312.000 0.929321
313.000 0.890193
314.000 0.628273
315.000 0.628273
316.000 0.668811
317.000 0.737167
318.000 0.737167
319.000 0.737167
320.000 0.622025
321.000 0.622025
322.000 0.622025
323.000 0.579320
324.000 0.504453
325.000 0.432930
326.000 0.432930
327.000 0.665886
328.000 0.681465
329.000 0.681465
330.000 0.567451
331.000 0.567451
332.000 0.566170
333.000 0.566170
334.000 0.566170
335.000 0.619914
336.000 0.652679
337.000 0.652679
338.000 0.565300
339.000 0.565300
340.000 0.928581
341.000 0.928581
342.000 0.928581
343.000 2.147942
344.000 2.147942
345.000 0.629150
346.000 0.629150
347.000 2.755356
348.000 2.755356
349.000 0.845187
350.000 0.803146
351.000 0.803146
352.000 1.029240
353.000 1.542669
354.000 2.763626
355.000 2.763626
356.000 2.763626
357.000 2.763626
358.000 0.912050
359.000 0.506820
