0.000 0.234558
1.000 0.234558
2.000 0.234558
3.000 5.921791
4.000 5.921791
5.000 5.921791
6.000 5.193567
7.000 5.261335
8.000 5.329103
9.000 5.396871
10.000 5.418282
11.000 6.925232
12.000 5.795231
13.000 5.648155
14.000 3.599037
15.000 4.879951
16.000 5.904427
17.000 5.904427
18.000 6.178345
19.000 6.167602
20.000 5.879051
21.000 5.879051
22.000 5.128944
23.000 5.128944
24.000 5.951233
25.000 5.951233
26.000 5.867541
27.000 5.857040
28.000 5.857040
29.000 5.333893
30.000 5.333893
31.000 5.244499
32.000 5.244499
33.000 5.244499
34.000 5.244499
35.000 5.747673
36.000 5.747673
37.000 5.747673
38.000 6.154533
39.000 6.619698
40.000 6.619698
41.000 6.619698
42.000 6.023949
43.000 6.023949
44.000 6.023949
45.000 5.733781
46.000 5.442052
47.000 5.150323
48.000 6.220505
49.000 5.433907
50.000 5.433907
51.000 6.263779
52.000 6.263779
53.000 7.278633
54.000 7.278633
55.000 6.192123
56.000 6.192123
57.000 6.116938
58.000 6.019376
59.000 5.996414
60.000 6.237175
61.000 6.745857
62.000 6.058723
63.000 6.058723
64.000 5.314949
65.000 5.314949
66.000 5.314949
67.000 4.804427
68.000 4.631798
69.000 4.631798
70.000 6.500328
71.000 5.363942
72.000 5.088989
73.000 4.407433
74.000 4.407433
75.000 5.481995
76.000 5.481995
77.000 7.237610
78.000 4.813828
79.000 4.813828
80.000 4.357178
81.000 4.357178
82.000 4.357178
83.000 5.775612
84.000 5.775612
85.000 6.294159
86.000 6.294159
87.000 6.294159
88.000 6.393394
89.000 6.393394
90.000 6.393394
91.000 6.114445
92.000 5.997368
93.000 5.997368
94.000 5.997368
95.000 5.997368
96.000 6.449432
97.000 6.270333
98.000 6.091235
99.000 6.087723
100.000 6.087723
101.000 6.942505
102.000 6.942505
103.000 5.496788
104.000 5.496788
105.000 5.652298
106.000 5.652298
107.000 6.032360
108.000 8.022003
109.000 8.022003
110.000 8.022003
111.000 5.742520
112.000 5.746927
113.000 5.750565
114.000 5.750565
115.000 5.483147
116.000 4.314269
117.000 3.841385
118.000 3.841385
119.000 3.841385
120.000 5.985756
121.000 5.985756
122.000 5.985756
123.000 6.539688
124.000 6.539688
125.000 6.181336
126.000 4.722518
127.000 3.957840
128.000 3.957840
129.000 3.957840
130.000 3.957840
131.000 3.957840
132.000 3.957840
133.000 5.604162
134.000 5.234470
135.000 4.864777
136.000 6.434891
137.000 4.763306
138.000 4.763306
139.000 6.116447
140.000 5.974503
141.000 5.974503
142.000 5.974503
143.000 5.804115
144.000 5.804115
145.000 5.804115
146.000 5.995928
147.000 6.078964
148.000 6.078964
149.000 6.101720
150.000 6.202566
151.000 6.303412
152.000 6.324387
153.000 4.994324
154.000 4.994324
155.000 5.539062
156.000 5.539062
157.000 5.196335
158.000 5.196335
159.000 5.196335
160.000 4.990812
161.000 4.758753
162.000 4.603943
163.000 4.603943
164.000 5.510048
165.000 5.510048
166.000 5.292933
167.000 5.026744
168.000 4.825241
169.000 5.160934
170.000 4.741241
171.000 4.741241
172.000 4.741241
173.000 5.864159
174.000 5.864159
175.000 5.864159
176.000 5.864159
177.000 5.838469
178.000 5.490349
179.000 5.490349
180.000 5.490349
181.000 5.577816
182.000 6.276520
183.000 6.276520
184.000 5.863071
185.000 5.381058
186.000 6.500579
187.000 6.699425
188.000 4.483627
189.000 4.483627
190.000 4.483627
191.000 6.471817
192.000 6.471817
193.000 5.753090
194.000 6.115402
195.000 6.115402
196.000 5.363701
197.000 5.343735
198.000 5.343735
199.000 5.498878
200.000 5.498878
201.000 5.498878
202.000 6.247017
203.000 6.247017
204.000 6.249183
205.000 6.601402
206.000 6.601402
207.000 6.601402
208.000 6.601402
209.000 5.910759
210.000 5.910759
211.000 5.910759
212.000 6.011361
213.000 6.175035
214.000 6.338710
215.000 6.353874
216.000 6.485593
217.000 7.732292
218.000 7.304794
219.000 6.853462
220.000 6.853462
221.000 6.853462
222.000 6.853462
223.000 5.894373
224.000 5.929460
225.000 5.964548
226.000 5.989571
227.000 5.989571
228.000 7.054451
229.000 7.054451
230.000 6.356868
231.000 6.225960
232.000 5.844597
233.000 4.726471
234.000 8.028198
235.000 6.908592
236.000 6.908592
237.000 6.908592
238.000 7.537038
239.000 7.748672
240.000 7.748672
241.000 6.475639
242.000 6.475639
243.000 6.299758
244.000 5.444496
245.000 4.601288
246.000 4.601288
247.000 5.704613
248.000 5.704613
249.000 5.760243
250.000 5.826028
251.000 5.868179
252.000 8.265800
253.000 6.177071
254.000 6.177071
255.000 6.149805
256.000 5.715179
257.000 3.347908
258.000 3.593781
259.000 5.173943
260.000 4.897621
261.000 4.519569
262.000 5.375363
263.000 5.814476
264.000 5.814476
265.000 6.648589
266.000 6.780098
267.000 6.029556
268.000 6.029556
269.000 5.440117
270.000 5.440117
271.000 5.440117
272.000 5.866843
273.000 5.742362
274.000 5.672195
275.000 5.672195
276.000 5.672195
277.000 6.113419
278.000 6.113419
279.000 6.112992
280.000 5.452708
281.000 5.024277
282.000 5.024277
283.000 4.819867
284.000 4.796021
285.000 5.856308
286.000 5.522713
287.000 5.522713
288.000 5.350609
289.000 5.350609
290.000 5.350609
291.000 6.118164
292.000 6.118164
293.000 6.118164
294.000 6.043931
295.000 6.034454
296.000 6.034454
297.000 5.692123
298.000 5.692123
299.000 6.168495
300.000 4.714058
301.000 4.714058
302.000 4.714058
303.000 5.712407
304.000 5.700462
305.000 5.700462
306.000 5.610923
307.000 4.343480
308.000 3.849472
309.000 3.849472
310.000 3.849472
311.000 4.773702
312.000 4.477948
313.000 4.182193
314.000 6.162964
315.000 5.382225
316.000 5.382225
317.000 5.345206
318.000 5.136253
319.000 5.136253
320.000 4.593918
321.000 4.593918
322.000 4.076241
323.000 4.076241
324.000 4.076241
325.000 3.903145
326.000 3.903145
327.000 3.903145
328.000 4.229942
329.000 4.229942
330.000 4.229942
331.000 4.533564
332.000 5.375447
333.000 5.889122
334.000 7.004822
335.000 6.196251
336.000 6.196251
337.000 5.403267
338.000 6.350204
339.000 6.350204
340.000 6.416191
341.000 6.416191
342.000 6.416191
343.000 6.963257
344.000 6.963257
345.000 6.577154
346.000 4.555031
347.000 4.555031
348.000 4.555031
349.000 5.039264
350.000 6.429192
351.000 6.419224
352.000 5.361420
353.000 5.361420
354.000 5.361420
355.000 8.008736
356.000 4.073631
357.000 4.073631
358.000 4.073631
359.000 4.073631
