0.000 0.101952
1.000 0.101952
2.000 0.146111
3.000 0.676303
4.000 0.777901
5.000 0.413063
6.000 0.755028
7.000 0.950324
8.000 1.068245
9.000 1.068245
10.000 1.068245
11.000 1.068245
12.000 1.068245
13.000 1.068245
14.000 1.068245
15.000 1.089226
16.000 1.122462
17.000 1.123619
18.000 1.123619
19.000 1.123619
20.000 1.123619
21.000 1.123619
22.000 1.123619
23.000 1.123619
24.000 1.123619
25.000 1.087292
26.000 1.031075
27.000 1.031075
28.000 1.031075
29.000 1.031075
30.000 1.031075
31.000 1.031075
32.000 1.031075
33.000 1.031075
34.000 1.031075
35.000 1.031075
36.000 1.031075
37.000 1.031075
38.000 1.031075
39.000 1.057141
40.000 1.098107
41.000 1.093043
42.000 1.074834
43.000 1.056378
44.000 1.033005
45.000 1.028839
46.000 1.028839
47.000 1.049721
48.000 1.082592
49.000 0.992607
50.000 0.841314
51.000 0.824203
52.000 0.824203
53.000 0.900559
54.000 1.020371
55.000 1.038406
56.000 1.038406
57.000 1.043941
58.000 1.052200
59.000 1.062267
60.000 1.078189
61.000 1.032973
62.000 0.983025
63.000 1.009733
64.000 1.048225
65.000 1.047317
66.000 1.046082
67.000 1.033402
68.000 1.013317
69.000 1.010559
70.000 1.010559
71.000 1.050500
72.000 1.104492
73.000 1.096090
74.000 1.083382
75.000 1.058401
76.000 1.021194
77.000 1.055572
78.000 1.104843
79.000 1.084538
80.000 1.055710
81.000 1.048475
82.000 1.037758
83.000 1.075893
84.000 1.132629
85.000 1.126496
86.000 1.117279
87.000 1.058286
88.000 0.985329
89.000 1.038049
90.000 1.111755
91.000 1.114749
92.000 1.118904
93.000 1.134336
94.000 1.153900
95.000 1.154520
96.000 1.155212
97.000 1.093358
98.000 1.036636
99.000 1.046233
100.000 1.057953
101.000 1.041219
102.000 1.020569
103.000 1.073114
104.000 1.086952
105.000 1.118294
106.000 1.118294
107.000 0.965225
108.000 0.965225
109.000 1.002086
110.000 1.009293
111.000 1.009293
112.000 1.098282
113.000 1.098282
114.000 1.000946
115.000 1.000946
116.000 1.017153
117.000 1.082191
118.000 1.082191
119.000 1.082623
120.000 1.083923
121.000 1.083923
122.000 1.083923
123.000 1.087280
124.000 1.087280
125.000 1.091945
126.000 1.100731
127.000 1.100731
128.000 1.094486
129.000 1.085556
130.000 1.049446
131.000 1.049446
132.000 1.094269
133.000 1.094269
134.000 1.084885
135.000 1.084885
136.000 1.013260
137.000 1.013260
138.000 1.111160
139.000 1.111160
140.000 1.005757
141.000 0.936592
142.000 0.936592
143.000 1.039825
144.000 1.039825
145.000 1.054840
146.000 1.054840
147.000 1.087532
148.000 1.087532
149.000 1.087249
150.000 1.085884
151.000 1.018501
152.000 1.018501
153.000 0.992271
154.000 0.992271
155.000 1.057533
156.000 1.057533
157.000 1.095436
158.000 1.095436
159.000 1.089208
160.000 1.086670
161.000 1.086670
162.000 1.094643
163.000 1.094643
164.000 1.067734
165.000 1.067734
166.000 1.030342
167.000 0.947433
168.000 0.947433
169.000 1.085457
170.000 1.085457
171.000 1.068329
172.000 1.068329
173.000 1.087140
174.000 1.102127
175.000 1.094912
176.000 1.037857
177.000 0.990936
178.000 0.990936
179.000 1.064819
180.000 1.065338
181.000 1.071421
182.000 1.077446
183.000 1.077446
184.000 1.084358
185.000 1.085449
186.000 1.094124
187.000 1.013077
188.000 1.013077
189.000 1.094078
190.000 1.044360
191.000 0.999153
192.000 0.999153
193.000 1.077332
194.000 1.077724
195.000 1.085374
196.000 1.086594
197.000 1.086609
198.000 1.086609
199.000 1.062795
200.000 1.052361
201.000 1.052361
202.000 1.052361
203.000 1.080687
204.000 1.100639
205.000 1.120591
206.000 1.126663
207.000 1.057747
208.000 1.053162
209.000 1.053162
210.000 1.066443
211.000 1.077359
212.000 1.053200
213.000 1.120964
214.000 1.072323
215.000 1.118065
216.000 1.055706
217.000 1.121002
218.000 1.122322
219.000 1.104540
220.000 1.085899
221.000 1.071450
222.000 1.055748
223.000 1.055748
224.000 1.055748
225.000 1.073214
226.000 1.092422
227.000 0.786797
228.000 0.596573
229.000 0.825289
230.000 1.042679
231.000 1.035088
232.000 1.027405
233.000 1.027405
234.000 1.027405
235.000 1.084465
236.000 1.099774
237.000 1.110550
238.000 1.051498
239.000 0.988978
240.000 0.841217
241.000 1.099487
242.000 1.088264
243.000 1.133209
244.000 0.976509
245.000 1.113106
246.000 0.977739
247.000 0.991049
248.000 1.127159
249.000 1.105647
250.000 1.083313
251.000 1.042336
252.000 1.007195
253.000 1.117523
254.000 1.136864
255.000 1.068207
256.000 1.068207
257.000 1.083862
258.000 1.083862
259.000 1.103322
260.000 1.108566
261.000 1.099337
262.000 1.087189
263.000 1.087189
264.000 1.047058
265.000 1.047058
266.000 1.013962
267.000 1.013962
268.000 1.030197
269.000 1.030197
270.000 1.030197
271.000 1.048882
272.000 1.086288
273.000 1.086288
274.000 1.086288
275.000 1.085372
276.000 1.084755
277.000 1.084755
278.000 1.043335
279.000 1.043335
280.000 1.052062
281.000 1.090073
282.000 1.090073
283.000 1.099411
284.000 1.009102
285.000 1.009102
286.000 1.021741
287.000 1.083206
288.000 1.083206
289.000 1.114731
290.000 1.114731
291.000 1.051956
292.000 1.051956
293.000 1.070457
294.000 1.070457
295.000 0.945503
296.000 0.945503
297.000 1.041031
298.000 1.041031
299.000 1.041031
300.000 1.107727
301.000 1.107727
302.000 1.105256
303.000 1.077263
304.000 1.068565
305.000 1.110370
306.000 1.108101
307.000 1.144352
308.000 1.154709
309.000 1.092936
310.000 1.053642
311.000 1.096558
312.000 1.096558
313.000 1.074415
314.000 1.070320
315.000 1.023482
316.000 1.000916
317.000 1.078436
318.000 1.085213
319.000 1.048035
320.000 1.048035
321.000 1.063675
322.000 1.094452
323.000 1.094452
324.000 1.094363
325.000 1.093582
326.000 1.093582
327.000 1.029587
328.000 1.029587
329.000 1.024101
330.000 1.024101
331.000 1.105521
332.000 1.115021
333.000 1.075996
334.000 1.075996
335.000 1.075996
336.000 1.004550
337.000 1.004517
338.000 1.004517
339.000 1.103821
340.000 1.103821
341.000 1.064575
342.000 1.064575
343.000 1.067001
344.000 1.081398
345.000 1.081398
346.000 1.075872
347.000 1.066025
348.000 0.985690
349.000 0.944176
350.000 1.022046
351.000 1.084061
352.000 1.107703
353.000 1.108307
354.000 1.032535
355.000 0.986259
356.000 1.136101
357.000 1.136101
358.000 1.099541
359.000 1.099541
