0.000 0.125114
1.000 0.125114
2.000 0.125114
3.000 0.125114
4.000 0.125114
5.000 0.125114
6.000 0.805527
7.000 0.805527
8.000 0.805527
9.000 0.805527
10.000 0.805527
11.000 0.805527
12.000 1.378925
13.000 1.356094
14.000 1.333264
15.000 1.310433
16.000 1.301186
17.000 1.301186
18.000 1.644615
19.000 0.486923
20.000 0.486923
21.000 0.486923
22.000 0.486923
23.000 0.486923
24.000 1.578957
25.000 1.578957
26.000 0.786224
27.000 0.786224
28.000 0.786224
29.000 0.786224
30.000 0.786224
31.000 0.786224
32.000 0.786224
33.000 0.786224
34.000 0.786224
35.000 1.142185
36.000 0.853366
37.000 0.564547
38.000 1.173370
39.000 1.173370
40.000 1.173370
41.000 1.173370
42.000 1.173370
43.000 1.173370
44.000 1.173370
45.000 1.173370
46.000 1.176404
47.000 1.205147
48.000 1.081606
49.000 0.879118
50.000 0.691063
51.000 0.591805
52.000 1.166580
53.000 1.040627
54.000 0.965370
55.000 1.199734
56.000 0.996354
57.000 0.792974
58.000 0.818207
59.000 0.506828
60.000 0.506828
61.000 1.395279
62.000 1.218643
63.000 1.218643
64.000 1.218643
65.000 1.218643
66.000 0.982414
67.000 0.982414
68.000 0.982414
69.000 0.982414
70.000 0.982143
71.000 0.980368
72.000 0.978593
73.000 0.976818
74.000 0.976570
75.000 1.338005
76.000 1.347508
77.000 1.420604
78.000 1.075262
79.000 0.865324
80.000 1.083097
81.000 1.603879
82.000 1.662664
83.000 1.409133
84.000 1.588478
85.000 2.065934
86.000 2.098465
87.000 1.858357
88.000 2.091346
89.000 2.752074
90.000 2.643281
91.000 1.845886
92.000 1.450130
93.000 1.111267
94.000 1.390028
95.000 2.179921
96.000 2.171741
97.000 1.505943
98.000 1.409316
99.000 1.367464
100.000 1.346378
101.000 1.332069
102.000 1.332069
103.000 1.332069
104.000 1.332069
105.000 1.332069
106.000 1.332069
107.000 0.554601
108.000 0.634431
109.000 0.714261
110.000 0.794091
111.000 0.873921
112.000 0.880905
113.000 0.880905
114.000 1.141273
115.000 1.141273
116.000 1.074579
117.000 1.004226
118.000 0.947441
119.000 0.947441
120.000 0.888390
121.000 0.899803
122.000 0.905146
123.000 0.921936
124.000 0.921936
125.000 0.677208
126.000 0.693207
127.000 0.861092
128.000 0.861092
129.000 1.126900
130.000 1.126900
131.000 1.351067
132.000 1.341812
133.000 1.227776
134.000 1.227776
135.000 0.688545
136.000 0.688545
137.000 0.688545
138.000 0.688545
139.000 0.688545
140.000 0.688545
141.000 1.912048
142.000 1.912048
143.000 1.912048
144.000 0.897301
145.000 0.897301
146.000 0.897301
147.000 0.897301
148.000 0.868759
149.000 0.747308
150.000 0.625857
151.000 0.528229
152.000 0.528229
153.000 0.528229
154.000 0.528022
155.000 0.522265
156.000 0.516509
157.000 0.510753
158.000 0.504997
159.000 0.487986
160.000 0.452209
161.000 0.463943
162.000 0.714157
163.000 0.714157
164.000 0.714157
165.000 0.714157
166.000 0.714157
167.000 0.760103
168.000 0.793104
169.000 0.826106
170.000 0.846603
171.000 0.846603
172.000 1.346924
173.000 1.346924
174.000 1.127190
175.000 1.127190
176.000 1.211319
177.000 1.393242
178.000 1.393242
179.000 1.238632
180.000 1.238632
181.000 1.238632
182.000 1.238632
183.000 0.863411
184.000 0.863411
185.000 0.863411
186.000 0.863411
187.000 0.854545
188.000 0.758308
189.000 0.758308
190.000 0.758308
191.000 0.758308
192.000 0.758308
193.000 0.986809
194.000 0.986809
195.000 0.986809
196.000 0.986809
197.000 0.769967
198.000 0.586105
199.000 0.586105
200.000 0.824280
201.000 0.705203
202.000 0.645355
203.000 0.993263
204.000 1.061072
205.000 0.879189
206.000 0.558075
207.000 0.558075
208.000 0.558075
209.000 0.712591
210.000 0.737709
211.000 0.737709
212.000 0.654656
213.000 0.526488
214.000 0.443993
215.000 0.443993
216.000 0.443993
217.000 0.443993
218.000 0.521538
219.000 0.521538
220.000 0.521538
221.000 0.521538
222.000 0.483693
223.000 0.443130
224.000 0.402568
225.000 0.382835
226.000 0.382835
227.000 0.243195
228.000 0.243195
229.000 0.327927
230.000 0.327927
231.000 0.355072
232.000 0.355072
233.000 0.335648
234.000 0.335648
235.000 0.335648
236.000 0.402718
237.000 0.349174
238.000 0.349174
239.000 0.361036
240.000 0.384331
241.000 0.414085
242.000 0.414627
243.000 0.414627
244.000 0.463117
245.000 0.396980
246.000 0.557404
247.000 0.557404
248.000 0.557404
249.000 0.375572
250.000 0.401553
251.000 0.427534
252.000 0.433701
253.000 0.439484
254.000 0.568161
255.000 0.572444
256.000 0.603702
257.000 0.527588
258.000 0.527588
259.000 0.695511
260.000 0.802071
261.000 0.463531
262.000 0.463531
263.000 0.401108
264.000 0.401108
265.000 0.403325
266.000 0.442224
267.000 0.463402
268.000 0.463402
269.000 0.135277
270.000 0.135277
271.000 0.195824
272.000 0.195824
273.000 0.328392
274.000 0.328392
275.000 0.746597
276.000 0.713040
277.000 0.692207
278.000 0.692207
279.000 0.692207
280.000 0.692207
281.000 0.590385
282.000 0.590385
283.000 0.590385
284.000 0.590385
285.000 0.590385
286.000 0.590385
287.000 0.590385
288.000 0.590385
289.000 0.590385
290.000 0.590385
291.000 0.590385
292.000 1.013256
293.000 1.131983
294.000 1.250711
295.000 1.369438
296.000 1.488165
297.000 1.606892
298.000 1.719681
299.000 1.719681
300.000 0.761078
301.000 0.761078
302.000 1.626534
303.000 1.626534
304.000 0.619682
305.000 0.619682
306.000 0.619682
307.000 0.529160
308.000 0.529160
309.000 0.529160
310.000 2.016212
311.000 2.016212
312.000 1.508112
313.000 2.000832
314.000 3.144989
315.000 3.085374
316.000 3.012939
317.000 2.940504
318.000 2.868068
319.000 2.795633
320.000 2.723198
321.000 2.650763
322.000 2.578327
323.000 2.505892
324.000 2.433457
325.000 2.361021
326.000 2.288586
327.000 2.216151
328.000 2.143715
329.000 2.071280
330.000 1.998845
331.000 1.926409
332.000 1.853974
333.000 1.781539
334.000 1.709104
335.000 1.636668
336.000 1.564233
337.000 1.491798
338.000 1.419362
339.000 1.346927
340.000 1.274492
341.000 1.202056
342.000 1.129621
343.000 1.057186
344.000 1.006371
345.000 1.241516
346.000 1.748825
347.000 1.423315
348.000 1.768616
349.000 1.342140
350.000 1.196333
351.000 0.639961
352.000 0.639961
353.000 0.707748
354.000 0.707748
355.000 0.850197
356.000 0.850197
357.000 0.812660
358.000 0.812660
359.000 0.814326
