0.000 2.412575
1.000 2.412575
2.000 2.412575
3.000 2.412575
4.000 2.412575
5.000 2.412575
6.000 2.572249
7.000 2.554723
8.000 2.537197
9.000 2.519670
10.000 2.502144
11.000 2.484618
12.000 2.443118
13.000 2.449448
14.000 2.352165
15.000 2.476204
16.000 2.476204
17.000 2.391558
18.000 2.344765
19.000 2.344765
20.000 2.424797
21.000 2.424797
22.000 2.483070
23.000 2.508766
24.000 2.508766
25.000 2.508766
26.000 2.295906
27.000 2.295906
28.000 2.295906
29.000 2.295906
30.000 2.354460
31.000 2.410233
32.000 2.410233
33.000 2.410233
34.000 2.492622
35.000 2.492622
36.000 2.492622
37.000 2.361626
38.000 2.361626
39.000 2.361626
40.000 2.361626
41.000 2.439627
42.000 2.492493
43.000 2.492493
44.000 2.492493
45.000 2.492493
46.000 2.278046
47.000 2.278046
48.000 2.278046
49.000 2.278046
50.000 2.366746
51.000 2.379799
52.000 2.392853
53.000 2.405906
54.000 2.418959
55.000 2.432012
56.000 2.432663
57.000 2.432663
58.000 2.432663
59.000 2.432663
60.000 2.480542
61.000 2.522361
62.000 2.564180
63.000 2.564430
64.000 2.564430
65.000 2.457907
66.000 2.531043
67.000 2.572372
68.000 2.572372
69.000 2.572372
70.000 2.572372
71.000 2.468906
72.000 2.528608
73.000 2.588310
74.000 2.425644
75.000 2.383339
76.000 2.383339
77.000 2.383339
78.000 2.482620
79.000 2.497200
80.000 2.433226
81.000 2.392242
82.000 2.392242
83.000 2.391701
84.000 2.391701
85.000 2.576439
86.000 2.576439
87.000 2.438675
88.000 2.438675
89.000 2.447534
90.000 2.480217
91.000 2.480217
92.000 2.480217
93.000 2.511515
94.000 2.519577
95.000 2.519577
96.000 2.301056
97.000 2.301056
98.000 2.301056
99.000 2.304245
100.000 2.409199
101.000 2.514153
102.000 2.593239
103.000 2.593239
104.000 2.593239
105.000 2.593239
106.000 2.593239
107.000 2.353979
108.000 2.328154
109.000 2.302330
110.000 2.276506
111.000 2.250681
112.000 2.237312
113.000 2.587061
114.000 2.626808
115.000 2.522346
116.000 2.522346
117.000 2.522346
118.000 2.520073
119.000 2.526260
120.000 2.526260
121.000 2.526260
122.000 2.526260
123.000 2.351037
124.000 2.288742
125.000 2.288742
126.000 2.288742
127.000 2.314659
128.000 2.314659
129.000 2.314659
130.000 2.314659
131.000 2.314659
132.000 2.482407
133.000 2.482407
134.000 2.482407
135.000 2.482407
136.000 2.494321
137.000 2.461961
138.000 2.436234
139.000 2.436234
140.000 2.436234
141.000 2.436234
142.000 2.408698
143.000 2.363512
144.000 2.318326
145.000 2.314384
146.000 2.583061
147.000 2.352318
148.000 2.511925
149.000 2.511925
150.000 2.513865
151.000 2.517378
152.000 2.520891
153.000 2.521622
154.000 2.521622
155.000 2.421646
156.000 2.421646
157.000 2.414886
158.000 2.414886
159.000 2.526039
160.000 2.526039
161.000 2.490938
162.000 2.450377
163.000 2.409816
164.000 2.408211
165.000 2.408211
166.000 2.544533
167.000 2.544533
168.000 2.544533
169.000 2.457302
170.000 2.352001
171.000 2.330910
172.000 2.330910
173.000 2.330910
174.000 1.069339
175.000 0.869400
176.000 0.869400
177.000 0.869400
178.000 0.869400
179.000 0.869400
180.000 0.869400
181.000 0.869400
182.000 2.413245
183.000 2.410416
184.000 2.286926
185.000 2.286926
186.000 2.457161
187.000 2.458043
188.000 2.485275
189.000 2.501114
190.000 2.501114
191.000 2.492372
192.000 2.452707
193.000 2.448318
194.000 2.405891
195.000 2.405891
196.000 2.395996
197.000 2.395996
198.000 2.395996
199.000 2.395996
200.000 2.395996
201.000 2.395996
202.000 2.294479
203.000 2.301017
204.000 2.307556
205.000 2.314095
206.000 2.320634
207.000 2.327141
208.000 2.327141
209.000 2.331036
210.000 2.432515
211.000 2.519463
212.000 2.519463
213.000 2.400171
214.000 2.394730
215.000 2.478241
216.000 2.478241
217.000 2.478241
218.000 2.380733
219.000 2.367094
220.000 2.353456
221.000 2.353455
222.000 2.353455
223.000 2.373695
224.000 2.373695
225.000 2.373695
226.000 2.396423
227.000 2.396423
228.000 2.502777
229.000 2.502777
230.000 2.502777
231.000 2.491925
232.000 2.473098
233.000 2.454271
234.000 2.438118
235.000 2.438118
236.000 2.312302
237.000 2.312302
238.000 2.312302
239.000 2.368070
240.000 2.385345
241.000 2.385345
242.000 2.324547
243.000 2.324547
244.000 2.324547
245.000 2.324547
246.000 2.397385
247.000 2.397385
248.000 2.397385
249.000 2.358669
250.000 2.270556
251.000 2.215416
252.000 2.406792
253.000 2.386223
254.000 2.386223
255.000 2.402873
256.000 2.489421
257.000 2.492546
258.000 2.427307
259.000 2.376976
260.000 2.376976
261.000 2.384556
262.000 2.398180
263.000 2.402779
264.000 2.383444
265.000 2.332695
266.000 2.216583
267.000 2.216583
268.000 2.423531
269.000 2.423531
270.000 2.419410
271.000 2.404617
272.000 2.404617
273.000 2.600929
274.000 2.489120
275.000 2.489120
276.000 2.545830
277.000 2.545830
278.000 2.535373
279.000 2.534981
280.000 2.534981
281.000 2.403328
282.000 2.403328
283.000 2.459831
284.000 2.459831
285.000 2.459831
286.000 2.459831
287.000 2.432312
288.000 2.399951
289.000 2.367590
290.000 2.335229
291.000 2.302868
292.000 2.276054
293.000 2.493511
294.000 2.444397
295.000 2.520790
296.000 2.496575
297.000 2.462855
298.000 2.453835
299.000 2.427981
300.000 2.405357
301.000 2.415936
302.000 2.483223
303.000 2.461837
304.000 2.331017
305.000 2.353859
306.000 2.452324
307.000 2.487537
308.000 2.579460
309.000 2.475224
310.000 2.340393
311.000 2.368609
312.000 2.539261
313.000 2.526138
314.000 2.465210
315.000 2.440712
316.000 2.519455
317.000 2.590302
318.000 2.452057
319.000 2.452057
320.000 2.436611
321.000 2.435074
322.000 2.470836
323.000 2.474907
324.000 2.400833
325.000 2.353851
326.000 2.391435
327.000 2.437233
328.000 2.356791
329.000 2.229935
330.000 2.285125
331.000 2.381104
332.000 2.448568
333.000 2.519806
334.000 2.417731
335.000 2.200897
336.000 2.396169
337.000 2.849731
338.000 2.757115
339.000 2.557675
340.000 2.548187
341.000 2.548187
342.000 2.563423
343.000 2.563423
344.000 2.441811
345.000 2.441811
346.000 2.441811
347.000 2.442673
348.000 2.479539
349.000 2.497139
350.000 2.497139
351.000 2.472446
352.000 2.383980
353.000 2.383980
354.000 2.420837
355.000 2.420837
356.000 2.349236
357.000 2.349236
358.000 2.400810
359.000 2.165474
