0.000 2.106255
1.000 2.106255
2.000 2.106255
3.000 5.050104
4.000 5.736551
5.000 5.679039
6.000 5.752971
7.000 5.503731
8.000 5.621452
9.000 5.843300
10.000 5.662140
11.000 5.170976
12.000 5.736214
13.000 5.106900
14.000 5.116699
15.000 5.475044
16.000 5.392899
17.000 5.001373
18.000 5.054712
19.000 5.409004
20.000 5.441132
21.000 5.665020
22.000 5.764664
23.000 5.760506
24.000 5.758675
25.000 5.591308
26.000 5.532135
27.000 5.442320
28.000 5.416389
29.000 5.744307
30.000 5.774078
31.000 5.182889
32.000 5.095352
33.000 5.608974
34.000 5.774376
35.000 5.616540
36.000 5.532562
37.000 5.250665
38.000 5.135689
39.000 5.606938
40.000 5.723946
41.000 5.391273
42.000 5.363876
43.000 5.704464
44.000 5.807373
45.000 5.768753
46.000 5.757355
47.000 5.745260
48.000 5.742210
49.000 5.412831
50.000 5.357849
51.000 5.751386
52.000 5.850533
53.000 5.922265
54.000 5.940079
55.000 5.634394
56.000 5.623322
57.000 5.782481
58.000 5.805595
59.000 4.985062
60.000 4.985062
61.000 4.965871
62.000 4.965302
63.000 5.631774
64.000 5.787758
65.000 5.762161
66.000 5.752533
67.000 5.304420
68.000 5.304420
69.000 5.244030
70.000 5.239388
71.000 5.639198
72.000 5.839813
73.000 5.325071
74.000 5.036583
75.000 5.541117
76.000 5.829254
77.000 5.360392
78.000 5.166870
79.000 5.518497
80.000 5.694168
81.000 5.172444
82.000 4.824516
83.000 5.312408
84.000 5.719467
85.000 5.783112
86.000 5.834015
87.000 5.467524
88.000 5.215370
89.000 5.532094
90.000 5.791611
91.000 5.794101
92.000 5.795822
93.000 5.632102
94.000 5.515617
95.000 5.698182
96.000 5.818634
97.000 5.442835
98.000 5.184380
99.000 5.316126
100.000 5.436615
101.000 5.631547
102.000 5.815224
103.000 5.822594
104.000 5.828232
105.000 5.362328
106.000 5.175034
107.000 5.411880
108.000 5.524956
109.000 5.702418
110.000 5.806404
111.000 5.800060
112.000 5.796951
113.000 5.732262
114.000 5.688789
115.000 5.726489
116.000 5.753403
117.000 5.584744
118.000 5.459137
119.000 5.695613
120.000 5.827026
121.000 5.331281
122.000 5.137917
123.000 5.411856
124.000 5.552307
125.000 5.756643
126.000 5.892281
127.000 5.721339
128.000 5.619537
129.000 5.473287
130.000 5.391861
131.000 5.259536
132.000 5.192574
133.000 5.580097
134.000 5.851189
135.000 5.678744
136.000 5.572235
137.000 5.764620
138.000 5.917229
139.000 5.683780
140.000 5.573624
141.000 5.684077
142.000 5.749672
143.000 5.589720
144.000 5.433296
145.000 5.590782
146.000 5.665230
147.000 5.165852
148.000 4.984756
149.000 5.431538
150.000 5.788559
151.000 5.604745
152.000 5.465073
153.000 5.679033
154.000 5.846329
155.000 5.628569
156.000 5.466507
157.000 5.643501
158.000 5.804390
159.000 5.814155
160.000 5.823105
161.000 5.554185
162.000 5.404404
163.000 5.646431
164.000 5.805878
165.000 5.774398
166.000 5.752426
167.000 5.445071
168.000 5.258499
169.000 5.467721
170.000 5.634216
171.000 5.721766
172.000 5.792076
173.000 5.845450
174.000 5.878647
175.000 5.345206
176.000 5.120087
177.000 5.287893
178.000 5.377869
179.000 5.603840
180.000 5.808624
181.000 5.816484
182.000 5.823761
183.000 5.816408
184.000 5.810158
185.000 5.731288
186.000 5.676208
187.000 5.773631
188.000 5.849388
189.000 3.944723
190.000 3.593109
191.000 4.714643
192.000 5.394798
193.000 5.336967
194.000 5.297073
195.000 5.591198
196.000 5.818703
197.000 5.626459
198.000 5.466621
199.000 5.657603
200.000 5.839577
201.000 5.850134
202.000 5.858849
203.000 5.625188
204.000 5.477982
205.000 5.627897
206.000 5.740944
207.000 5.552729
208.000 5.451187
209.000 5.697281
210.000 5.857277
211.000 5.640558
212.000 5.479637
213.000 5.591186
214.000 5.651085
215.000 5.323483
216.000 5.158058
217.000 5.840187
218.000 5.840187
219.000 5.595963
220.000 5.595963
221.000 5.752205
222.000 5.752205
223.000 5.752205
224.000 5.764649
225.000 5.797913
226.000 5.797913
227.000 5.477338
228.000 5.448235
229.000 5.421013
230.000 5.448677
231.000 5.448677
232.000 5.433701
233.000 5.375988
234.000 5.366402
235.000 5.069275
236.000 5.721458
237.000 5.721458
238.000 5.333252
239.000 5.333252
240.000 5.379311
241.000 5.385783
242.000 5.413739
243.000 5.437836
244.000 5.437836
245.000 5.693767
246.000 5.693146
247.000 5.325714
248.000 5.325714
249.000 5.680527
250.000 5.680527
251.000 5.398697
252.000 5.398697
253.000 5.260193
254.000 5.260193
255.000 5.302415
256.000 5.732216
257.000 5.732216
258.000 5.751578
259.000 5.799896
260.000 5.703094
261.000 5.703094
262.000 5.709453
263.000 5.717117
264.000 5.717117
265.000 5.761955
266.000 5.725403
267.000 5.725403
268.000 5.671356
269.000 5.742073
270.000 5.742073
271.000 5.739120
272.000 5.739120
273.000 5.836136
274.000 5.836136
275.000 5.772319
276.000 5.762589
277.000 5.762589
278.000 5.762589
279.000 4.941345
280.000 4.941345
281.000 4.941345
282.000 4.966491
283.000 5.096444
284.000 5.195587
285.000 5.195587
286.000 5.384072
287.000 5.740501
288.000 5.730461
289.000 5.730461
290.000 5.730461
291.000 5.730461
292.000 5.730461
293.000 5.806154
294.000 5.796018
295.000 5.785882
296.000 5.780945
297.000 5.780945
298.000 5.761967
299.000 5.739250
300.000 5.476631
301.000 5.772949
302.000 5.772949
303.000 5.739403
304.000 5.714859
305.000 5.714859
306.000 5.785309
307.000 5.785309
308.000 5.772537
309.000 5.772537
310.000 5.572517
311.000 5.286415
312.000 5.286415
313.000 5.905518
314.000 5.633812
315.000 5.633812
316.000 5.316956
317.000 5.432854
318.000 5.714386
319.000 5.413994
320.000 5.413994
321.000 5.528252
322.000 5.528252
323.000 5.405006
324.000 5.405006
325.000 5.603338
326.000 5.751564
327.000 5.801354
328.000 5.837952
329.000 5.752776
330.000 5.679993
331.000 5.763963
332.000 5.764458
333.000 5.756912
334.000 5.756912
335.000 5.778394
336.000 5.789520
337.000 5.556953
338.000 5.556953
339.000 5.776024
340.000 5.776024
341.000 5.778036
342.000 5.779648
343.000 5.798291
344.000 5.813713
345.000 5.845840
346.000 5.845840
347.000 5.813568
348.000 5.813568
349.000 5.763817
350.000 5.763817
351.000 5.360001
352.000 5.360001
353.000 5.360001
354.000 5.360001
355.000 5.490734
356.000 5.560072
357.000 5.629409
358.000 5.680717
359.000 5.721433
