0.000 0.126480
1.000 0.126480
2.000 0.126480
3.000 0.126480
4.000 0.126480
5.000 0.126480
6.000 0.126480
7.000 0.126480
8.000 0.126480
9.000 0.126480
10.000 0.126480
11.000 0.126480
12.000 0.295353
13.000 0.893936
14.000 0.824829
15.000 1.212616
16.000 0.569885
17.000 0.637623
18.000 1.271912
19.000 1.614662
20.000 1.664570
21.000 1.523140
22.000 1.863609
23.000 1.291473
24.000 1.291473
25.000 1.552104
26.000 1.437093
27.000 1.415077
28.000 1.525993
29.000 1.508050
30.000 1.372237
31.000 1.345786
32.000 1.256570
33.000 1.211813
34.000 1.212453
35.000 0.216194
36.000 0.216194
37.000 0.216194
38.000 0.216194
39.000 0.216194
40.000 0.216194
41.000 0.216194
42.000 1.502438
43.000 1.492455
44.000 1.715412
45.000 1.698151
46.000 1.011452
47.000 0.217186
48.000 0.217186
49.000 0.217186
50.000 0.217186
51.000 0.875876
52.000 0.932579
53.000 0.948589
54.000 1.067077
55.000 0.938473
56.000 0.105553
57.000 0.105553
58.000 0.105553
59.000 0.105553
60.000 0.105553
61.000 0.105553
62.000 0.105553
63.000 0.105553
64.000 0.105553
65.000 0.105553
66.000 1.042857
67.000 0.178658
68.000 0.178658
69.000 0.178658
70.000 0.178658
71.000 0.178658
72.000 0.374641
73.000 0.393592
74.000 0.509058
75.000 0.537712
76.000 0.676015
77.000 0.726490
78.000 0.644274
79.000 0.576954
80.000 0.373383
81.000 0.402767
82.000 0.621857
83.000 0.683833
84.000 0.626884
85.000 0.540024
86.000 0.540024
87.000 0.540024
88.000 0.540024
89.000 0.982635
90.000 0.982635
91.000 0.982635
92.000 1.160065
93.000 1.160065
94.000 1.149724
95.000 1.144249
96.000 1.144249
97.000 0.941200
98.000 0.941200
99.000 0.941200
100.000 1.035940
101.000 1.153358
102.000 1.153358
103.000 0.201591
104.000 0.201591
105.000 0.201591
106.000 0.201591
107.000 1.398804
108.000 1.337711
109.000 1.090494
110.000 0.843276
111.000 0.718773
112.000 0.720397
113.000 0.726784
114.000 0.726784
115.000 0.841165
116.000 0.972977
117.000 1.005488
118.000 1.195610
119.000 1.349509
120.000 1.105933
121.000 0.811264
122.000 0.883191
123.000 0.894784
124.000 0.678793
125.000 0.584300
126.000 0.460626
127.000 0.441566
128.000 0.348885
129.000 0.348885
130.000 0.930904
131.000 1.123767
132.000 1.404209
133.000 1.544270
134.000 1.506335
135.000 1.459683
136.000 1.268372
137.000 1.305865
138.000 1.566021
139.000 1.650177
140.000 1.798836
141.000 1.843020
142.000 2.160615
143.000 2.296072
144.000 2.390445
145.000 2.420128
146.000 2.300564
147.000 2.322639
148.000 2.562302
149.000 2.680407
150.000 2.996132
151.000 2.887468
152.000 2.693741
153.000 2.471821
154.000 1.579277
155.000 1.579277
156.000 1.541394
157.000 1.476317
158.000 1.438782
159.000 1.205961
160.000 0.991116
161.000 0.776271
162.000 0.561426
163.000 0.446724
164.000 0.179535
165.000 0.179535
166.000 0.179535
167.000 0.119774
168.000 0.119774
169.000 0.119774
170.000 0.448380
171.000 0.556843
172.000 0.625481
173.000 0.625481
174.000 0.941055
175.000 0.640999
176.000 0.640999
177.000 0.951797
178.000 0.901386
179.000 0.508339
180.000 0.508339
181.000 0.540640
182.000 0.635246
183.000 0.911133
184.000 0.184486
185.000 0.184486
186.000 0.184486
187.000 0.184486
188.000 0.184486
189.000 0.184486
190.000 0.184486
191.000 0.184486
192.000 0.726723
193.000 0.726723
194.000 0.726723
195.000 0.582785
196.000 0.539627
197.000 0.539627
198.000 0.641427
199.000 0.685913
200.000 0.942749
201.000 0.223885
202.000 0.223885
203.000 0.223885
204.000 0.718003
205.000 0.741207
206.000 0.744308
207.000 0.884644
208.000 0.831030
209.000 0.828743
210.000 0.861023
211.000 0.861023
212.000 0.395958
213.000 0.395958
214.000 0.395958
215.000 0.395958
216.000 0.809601
217.000 0.809601
218.000 0.809601
219.000 0.807720
220.000 0.803222
221.000 0.798724
222.000 0.794226
223.000 0.705025
224.000 0.728775
225.000 0.641304
226.000 0.428322
227.000 0.428322
228.000 0.911451
229.000 1.300880
230.000 1.198530
231.000 1.087128
232.000 1.079834
233.000 1.071640
234.000 1.071640
235.000 1.071640
236.000 1.016220
237.000 0.973633
238.000 1.076362
239.000 1.174454
240.000 1.235803
241.000 1.281998
242.000 1.259686
243.000 1.237938
244.000 1.379530
245.000 1.532059
246.000 0.099861
247.000 0.099861
248.000 0.099861
249.000 0.099861
250.000 0.099861
251.000 0.099861
252.000 1.025238
253.000 0.941536
254.000 1.040237
255.000 1.040237
256.000 1.186641
257.000 1.275368
258.000 1.270817
259.000 1.266861
260.000 1.334801
261.000 1.334801
262.000 1.528391
263.000 1.655167
264.000 1.474804
265.000 1.357546
266.000 1.582288
267.000 1.693993
268.000 1.479219
269.000 1.335838
270.000 1.819619
271.000 1.878098
272.000 2.078903
273.000 2.225769
274.000 2.163521
275.000 2.163521
276.000 1.862183
277.000 1.862183
278.000 1.662415
279.000 1.662415
280.000 2.729435
281.000 2.733315
282.000 2.180884
283.000 1.977417
284.000 1.971184
285.000 1.971184
286.000 1.695737
287.000 1.531120
288.000 0.190338
289.000 0.190338
290.000 0.915400
291.000 1.522217
292.000 0.388718
293.000 0.388718
294.000 0.913872
295.000 0.913872
296.000 1.597588
297.000 1.597588
298.000 2.067835
299.000 2.336761
300.000 2.316303
301.000 2.300148
302.000 2.417239
303.000 2.542984
304.000 2.542984
305.000 2.542984
306.000 2.737269
307.000 2.841522
308.000 2.849442
309.000 2.858240
310.000 2.858864
311.000 2.858864
312.000 1.505989
313.000 1.505989
314.000 3.948334
315.000 3.948334
316.000 3.875191
317.000 3.875191
318.000 5.599453
319.000 5.754585
320.000 7.238514
321.000 7.842659
322.000 5.741320
323.000 4.975380
324.000 7.838662
325.000 10.605888
326.000 11.100319
327.000 11.514458
328.000 11.221679
329.000 11.050560
330.000 10.274027
331.000 9.711258
332.000 10.472562
333.000 11.309969
334.000 11.369553
335.000 11.369553
336.000 10.758617
337.000 10.251183
338.000 10.537639
339.000 10.858375
340.000 10.883858
341.000 10.883858
342.000 10.883858
343.000 10.883858
344.000 11.455369
345.000 11.812263
346.000 11.999196
347.000 12.068024
348.000 11.938101
349.000 11.792631
350.000 11.792526
351.000 11.792526
352.000 14.938982
353.000 18.403778
354.000 18.667870
355.000 18.667870
356.000 18.667870
357.000 18.667870
358.000 19.434852
359.000 20.171738
