0.000 1.041122
1.000 1.041122
2.000 1.041122
3.000 1.041122
4.000 1.041122
5.000 1.041122
6.000 1.041122
7.000 1.041122
8.000 3.646790
9.000 3.646790
10.000 3.640312
11.000 3.640312
12.000 3.640381
13.000 3.641123
14.000 3.641865
15.000 3.642607
16.000 3.642937
17.000 3.638786
18.000 3.433121
19.000 3.501923
20.000 3.501923
21.000 3.631210
22.000 3.611305
23.000 3.479912
24.000 3.156265
25.000 3.632156
26.000 3.632156
27.000 3.663597
28.000 3.663597
29.000 3.489998
30.000 3.489998
31.000 2.970512
32.000 3.603691
33.000 3.603691
34.000 3.491241
35.000 2.979469
36.000 2.979469
37.000 3.531860
38.000 3.531860
39.000 3.138062
40.000 3.138062
41.000 3.154739
42.000 3.622627
43.000 3.622627
44.000 3.510811
45.000 3.510811
46.000 3.488724
47.000 3.488724
48.000 3.495394
49.000 3.528067
50.000 3.560740
51.000 3.587715
52.000 3.587715
53.000 3.620422
54.000 3.657959
55.000 3.285309
56.000 2.812225
57.000 2.812225
58.000 3.285616
59.000 3.303169
60.000 3.427438
61.000 3.485100
62.000 3.582276
63.000 3.632889
64.000 3.425148
65.000 3.425148
66.000 3.646523
67.000 3.646523
68.000 3.609016
69.000 3.609016
70.000 3.574593
71.000 3.574593
72.000 3.574593
73.000 3.545124
74.000 3.476931
75.000 3.415833
76.000 3.415833
77.000 3.479340
78.000 3.344053
79.000 3.299339
80.000 3.463019
81.000 3.540581
82.000 3.376863
83.000 3.305542
84.000 3.448189
85.000 3.448189
86.000 3.098190
87.000 3.098190
88.000 3.654907
89.000 3.654907
90.000 3.648555
91.000 3.550911
92.000 3.550911
93.000 3.042366
94.000 3.042366
95.000 3.577553
96.000 3.645889
97.000 3.645889
98.000 3.383642
99.000 3.339844
100.000 3.339844
101.000 3.339844
102.000 2.847763
103.000 2.847763
104.000 2.852764
105.000 3.824941
106.000 4.797118
107.000 4.811752
108.000 2.998840
109.000 2.998840
110.000 2.998840
111.000 3.379524
112.000 3.358626
113.000 2.954323
114.000 2.954323
115.000 3.458912
116.000 3.592438
117.000 3.167547
118.000 2.986221
119.000 3.358582
120.000 3.358582
121.000 3.509148
122.000 3.845871
123.000 4.325386
124.000 3.643585
125.000 3.643585
126.000 3.527969
127.000 3.527969
128.000 3.503616
129.000 3.503616
130.000 3.070045
131.000 3.070045
132.000 3.428864
133.000 3.428864
134.000 2.994743
135.000 2.994743
136.000 3.104453
137.000 3.629654
138.000 3.629654
139.000 3.433571
140.000 3.433571
141.000 3.043312
142.000 3.043312
143.000 3.268318
144.000 3.268318
145.000 3.616997
146.000 3.622586
147.000 3.643166
148.000 3.643166
149.000 2.490677
150.000 2.490677
151.000 2.490677
152.000 3.545319
153.000 3.545319
154.000 3.571358
155.000 3.571358
156.000 2.870934
157.000 2.873810
158.000 2.873810
159.000 2.952637
160.000 2.952637
161.000 3.477539
162.000 3.500330
163.000 3.515816
164.000 3.268013
165.000 3.276741
166.000 3.584633
167.000 3.584633
168.000 2.940468
169.000 2.940468
170.000 3.468033
171.000 3.468033
172.000 3.468033
173.000 3.571297
174.000 3.571297
175.000 3.571297
176.000 3.638893
177.000 3.638893
178.000 3.616807
179.000 3.554089
180.000 3.519638
181.000 3.519638
182.000 3.519638
183.000 3.169144
184.000 3.169144
185.000 3.169144
186.000 3.385857
187.000 3.385857
188.000 3.385857
189.000 3.641136
190.000 3.641136
191.000 3.641136
192.000 3.549277
193.000 3.538689
194.000 3.538689
195.000 3.644684
196.000 3.644684
197.000 3.644692
198.000 3.645844
199.000 3.645844
200.000 3.653676
201.000 3.391441
202.000 3.657814
203.000 3.627350
204.000 3.542641
205.000 3.542641
206.000 3.612755
207.000 3.612755
208.000 3.591362
209.000 3.591362
210.000 3.591362
211.000 2.784294
212.000 2.784294
213.000 2.784294
214.000 2.853584
215.000 2.853584
216.000 2.853584
217.000 3.503685
218.000 3.503685
219.000 3.357262
220.000 3.357262
221.000 3.447539
222.000 3.487259
223.000 3.510017
224.000 3.510017
225.000 3.559325
226.000 3.551109
227.000 3.551109
228.000 3.043747
229.000 3.043747
230.000 3.043747
231.000 3.421796
232.000 3.630257
233.000 3.471115
234.000 3.471115
235.000 3.460159
236.000 3.460159
237.000 3.470287
238.000 3.491603
239.000 3.512919
240.000 3.523926
241.000 3.301216
242.000 3.606117
243.000 3.366890
244.000 3.366890
245.000 2.970865
246.000 2.921402
247.000 2.921402
248.000 3.331024
249.000 3.331024
250.000 3.500237
251.000 3.500237
252.000 3.500237
253.000 3.532654
254.000 3.603879
255.000 3.618675
256.000 3.543610
257.000 2.944557
258.000 2.944557
259.000 3.542595
260.000 3.542595
261.000 2.257057
262.000 2.257057
263.000 3.334389
264.000 2.987564
265.000 3.058273
266.000 3.058273
267.000 3.594193
268.000 3.138451
269.000 3.138451
270.000 3.633217
271.000 3.633217
272.000 3.071381
273.000 3.071381
274.000 3.071381
275.000 3.071381
276.000 3.528422
277.000 3.500468
278.000 3.495445
279.000 3.495445
280.000 3.150518
281.000 3.005653
282.000 3.379745
283.000 3.207559
284.000 3.131332
285.000 3.634895
286.000 3.620453
287.000 2.320343
288.000 2.320343
289.000 2.320343
290.000 2.320343
291.000 3.614594
292.000 3.614594
293.000 3.373505
294.000 3.373505
295.000 3.615723
296.000 3.615723
297.000 3.396912
298.000 3.396912
299.000 2.769539
300.000 2.769539
301.000 2.769539
302.000 2.769539
303.000 3.238571
304.000 3.238571
305.000 3.658012
306.000 3.658012
307.000 3.658012
308.000 3.601816
309.000 3.450809
310.000 3.424767
311.000 3.336624
312.000 3.336624
313.000 3.156876
314.000 3.156876
315.000 3.156876
316.000 3.608489
317.000 3.643433
318.000 3.643433
319.000 3.643433
320.000 3.422393
321.000 3.034021
322.000 2.870125
323.000 3.407852
324.000 3.628906
325.000 3.628906
326.000 2.919525
327.000 2.919525
328.000 2.919525
329.000 3.530243
330.000 3.530243
331.000 3.136513
332.000 3.136513
333.000 2.987457
334.000 3.030519
335.000 3.323171
336.000 3.392403
337.000 3.645638
338.000 3.540573
339.000 3.540573
340.000 3.267065
341.000 2.869606
342.000 2.869606
343.000 3.405952
344.000 3.405952
345.000 3.134888
346.000 3.134888
347.000 3.306327
348.000 3.625648
349.000 3.625648
350.000 3.645943
351.000 3.606216
352.000 3.606216
353.000 3.606216
354.000 3.593182
355.000 3.617538
356.000 3.617538
357.000 3.664688
358.000 3.664688
359.000 3.574014
