0.000 0.172592
1.000 0.172592
2.000 0.753802
3.000 1.656896
4.000 2.559989
5.000 2.887109
6.000 2.991568
7.000 3.096027
8.000 3.200486
9.000 3.304945
10.000 3.409404
11.000 3.513863
12.000 3.618321
13.000 3.722780
14.000 3.827239
15.000 3.927887
16.000 4.110596
17.000 4.081491
18.000 3.862697
19.000 3.768325
20.000 3.993954
21.000 4.121755
22.000 4.113665
23.000 4.070374
24.000 3.869281
25.000 3.789045
26.000 3.811496
27.000 3.814112
28.000 3.773041
29.000 3.800318
30.000 4.026621
31.000 4.045923
32.000 3.817460
33.000 3.719470
34.000 3.452303
35.000 3.487169
36.000 3.857490
37.000 3.917419
38.000 3.909565
39.000 3.737528
40.000 3.632660
41.000 3.560725
42.000 3.476120
43.000 3.550008
44.000 3.872368
45.000 3.872368
46.000 4.146507
47.000 4.146507
48.000 3.710560
49.000 3.677696
50.000 3.465042
51.000 3.465042
52.000 4.109322
53.000 4.109322
54.000 4.086841
55.000 4.083839
56.000 3.850054
57.000 3.554863
58.000 3.554863
59.000 3.656808
60.000 3.765425
61.000 3.802620
62.000 3.831041
63.000 3.894968
64.000 3.954529
65.000 3.954529
66.000 3.737915
67.000 3.737915
68.000 3.764769
69.000 3.803375
70.000 3.841981
71.000 3.880587
72.000 3.888603
73.000 3.811305
74.000 3.700018
75.000 3.588730
76.000 3.573257
77.000 3.716915
78.000 3.902176
79.000 3.887157
80.000 3.852519
81.000 3.817881
82.000 3.806335
83.000 3.806335
84.000 3.870010
85.000 3.938070
86.000 3.968681
87.000 3.968681
88.000 3.616440
89.000 3.616440
90.000 3.642171
91.000 3.730418
92.000 3.818665
93.000 3.871033
94.000 3.871033
95.000 3.843750
96.000 3.843750
97.000 3.842856
98.000 3.771788
99.000 3.700721
100.000 3.631653
101.000 3.631653
102.000 3.631653
103.000 3.537597
104.000 3.510735
105.000 3.510735
106.000 3.510735
107.000 3.726544
108.000 4.043839
109.000 4.043839
110.000 3.993851
111.000 3.843998
112.000 3.694145
113.000 3.624344
114.000 3.624344
115.000 3.555885
116.000 3.482791
117.000 3.443642
118.000 3.443642
119.000 3.679289
120.000 3.830666
121.000 3.871856
122.000 3.954638
123.000 4.037420
124.000 4.120202
125.000 4.152222
126.000 3.477722
127.000 3.477722
128.000 3.547482
129.000 3.706178
130.000 3.864875
131.000 4.023572
132.000 4.075066
133.000 4.075066
134.000 4.048927
135.000 4.010689
136.000 3.972451
137.000 3.961525
138.000 3.961525
139.000 3.992919
140.000 4.068101
141.000 4.079521
142.000 3.980224
143.000 3.880927
144.000 3.781631
145.000 3.682334
146.000 3.583037
147.000 3.624448
148.000 3.809769
149.000 3.995091
150.000 4.180412
151.000 4.314857
152.000 3.314777
153.000 2.623985
154.000 2.913837
155.000 3.222658
156.000 3.531478
157.000 3.736091
158.000 3.700570
159.000 3.704155
160.000 3.814848
161.000 3.925542
162.000 4.036235
163.000 4.109016
164.000 3.927821
165.000 3.734150
166.000 3.540478
167.000 3.370369
168.000 3.447993
169.000 3.566772
170.000 3.633499
171.000 3.787397
172.000 3.941296
173.000 4.016960
174.000 3.345244
175.000 2.784706
176.000 3.036120
177.000 3.405532
178.000 3.493759
179.000 4.011276
180.000 4.011276
181.000 3.864641
182.000 3.760941
183.000 3.716049
184.000 3.667757
185.000 3.636223
186.000 3.631972
187.000 3.628174
188.000 3.844063
189.000 3.844063
190.000 3.844063
191.000 3.610146
192.000 3.610146
193.000 3.837841
194.000 3.906593
195.000 3.906593
196.000 3.906593
197.000 3.874402
198.000 3.822278
199.000 3.775864
200.000 3.791909
201.000 3.828583
202.000 3.881411
203.000 4.092697
204.000 4.092697
205.000 4.092697
206.000 4.057313
207.000 3.895427
208.000 3.751564
209.000 3.546745
210.000 3.562736
211.000 3.715640
212.000 3.868545
213.000 3.960266
214.000 3.965749
215.000 3.973805
216.000 3.981861
217.000 3.985176
218.000 3.800566
219.000 3.708847
220.000 3.773472
221.000 3.867053
222.000 3.960635
223.000 4.054216
224.000 4.117859
225.000 4.107644
226.000 4.083753
227.000 4.059863
228.000 4.051109
229.000 4.017322
230.000 4.001244
231.000 4.004148
232.000 4.008330
233.000 4.012512
234.000 4.016693
235.000 4.033238
236.000 4.111445
237.000 4.168877
238.000 4.168877
239.000 4.000854
240.000 4.000854
241.000 3.765192
242.000 3.564743
243.000 3.564743
244.000 3.564743
245.000 3.668861
246.000 3.907347
247.000 3.942490
248.000 3.569443
249.000 3.569443
250.000 3.569443
251.000 3.698643
252.000 3.990570
253.000 4.039047
254.000 4.039047
255.000 3.876923
256.000 3.876923
257.000 3.890760
258.000 3.919140
259.000 3.947520
260.000 3.950989
261.000 3.864634
262.000 3.819809
263.000 3.946744
264.000 4.056564
265.000 4.055443
266.000 4.052881
267.000 4.050319
268.000 4.047756
269.000 4.046562
270.000 4.022409
271.000 3.966832
272.000 3.911254
273.000 3.855676
274.000 3.802902
275.000 3.921899
276.000 4.097656
277.000 4.088074
278.000 4.065558
279.000 4.043042
280.000 4.021896
281.000 4.021896
282.000 4.105463
283.000 4.124161
284.000 4.071931
285.000 4.018776
286.000 3.965620
287.000 3.927002
288.000 3.927637
289.000 3.931024
290.000 3.934411
291.000 3.935455
292.000 4.025357
293.000 4.115326
294.000 4.090394
295.000 4.033024
296.000 3.975654
297.000 3.935593
298.000 3.935593
299.000 3.783386
300.000 3.783386
301.000 3.835978
302.000 3.892251
303.000 3.944565
304.000 3.944565
305.000 3.907150
306.000 3.867413
307.000 3.833565
308.000 3.823403
309.000 3.808772
310.000 3.867233
311.000 3.958707
312.000 3.989128
313.000 3.952138
314.000 3.753883
315.000 3.685234
316.000 3.685234
317.000 3.302711
318.000 3.302711
319.000 3.334535
320.000 3.422791
321.000 3.511047
322.000 3.599303
323.000 3.602089
324.000 4.234131
325.000 4.234131
326.000 4.201073
327.000 4.153480
328.000 4.105886
329.000 4.080215
330.000 4.081016
331.000 4.085131
332.000 4.089246
333.000 4.093346
334.000 3.297989
335.000 3.297989
336.000 3.484669
337.000 3.599487
338.000 4.066597
339.000 4.066597
340.000 4.075769
341.000 4.096495
342.000 4.117220
343.000 4.135689
344.000 4.135689
345.000 4.103528
346.000 3.934775
347.000 3.766022
348.000 3.597269
349.000 3.538315
350.000 3.538315
351.000 3.538315
352.000 4.037835
353.000 4.045550
354.000 4.053265
355.000 4.060981
356.000 4.068696
357.000 4.076411
358.000 4.079109
359.000 4.074934
