0.000 5.846497
1.000 5.722784
2.000 5.496094
3.000 5.579264
4.000 5.716927
5.000 5.622827
6.000 5.440804
7.000 5.567440
8.000 5.748932
9.000 5.697042
10.000 5.630280
11.000 5.662728
12.000 5.700729
13.000 5.747558
14.000 5.815544
15.000 5.826542
16.000 5.848212
17.000 5.440468
18.000 5.440468
19.000 5.549405
20.000 5.716476
21.000 5.741080
22.000 5.789557
23.000 5.477243
24.000 5.427376
25.000 5.618799
26.000 5.851364
27.000 5.844902
28.000 5.841911
29.000 5.796930
30.000 5.748871
31.000 5.740747
32.000 5.732338
33.000 5.331785
34.000 5.061005
35.000 5.475305
36.000 5.857765
37.000 5.845979
38.000 5.825218
39.000 5.844102
40.000 5.872185
41.000 5.874714
42.000 5.878517
43.000 5.853744
44.000 5.844139
45.000 5.845988
46.000 5.848877
47.000 5.820930
48.000 5.820930
49.000 5.838363
50.000 5.856079
51.000 5.747895
52.000 5.651039
53.000 5.702694
54.000 5.791832
55.000 5.781804
56.000 5.761635
57.000 5.765759
58.000 5.777176
59.000 5.782591
60.000 5.803455
61.000 5.801650
62.000 5.778070
63.000 5.792344
64.000 5.861255
65.000 5.849388
66.000 5.725037
67.000 5.446134
68.000 4.863235
69.000 5.048146
70.000 5.640320
71.000 5.519276
72.000 5.052879
73.000 5.041010
74.000 5.410599
75.000 5.551335
76.000 5.925209
77.000 5.245163
78.000 5.245163
79.000 5.681111
80.000 5.716141
81.000 5.795045
82.000 5.881096
83.000 5.098267
84.000 5.098267
85.000 5.342492
86.000 5.740173
87.000 5.740173
88.000 5.779631
89.000 5.834839
90.000 5.762039
91.000 5.746164
92.000 5.799290
93.000 5.685860
94.000 5.685860
95.000 5.804558
96.000 5.804558
97.000 5.804558
98.000 5.760971
99.000 5.760971
100.000 5.661815
101.000 5.467212
102.000 5.749130
103.000 5.672867
104.000 5.422539
105.000 5.466589
106.000 5.636979
107.000 5.724714
108.000 5.838001
109.000 5.784570
110.000 5.502930
111.000 5.489201
112.000 5.458679
113.000 5.465503
114.000 5.478607
115.000 5.464114
116.000 5.429482
117.000 5.532385
118.000 5.853493
119.000 5.453453
120.000 5.148422
121.000 5.095031
122.000 4.986992
123.000 5.236541
124.000 5.851692
125.000 5.845346
126.000 5.824776
127.000 5.728192
128.000 5.398392
129.000 5.436947
130.000 5.569649
131.000 5.613296
132.000 5.782124
133.000 5.737123
134.000 5.549311
135.000 5.495567
136.000 5.517467
137.000 5.601054
138.000 5.847679
139.000 5.815291
140.000 5.759445
141.000 5.770736
142.000 5.805313
143.000 5.812435
144.000 5.836868
145.000 5.835328
146.000 5.829394
147.000 5.828560
148.000 5.829155
149.000 5.643459
150.000 5.198921
151.000 5.337937
152.000 5.828148
153.000 5.830134
154.000 5.837786
155.000 5.811831
156.000 5.706162
157.000 5.646388
158.000 5.512108
159.000 5.569744
160.000 5.780067
161.000 5.756834
162.000 5.667658
163.000 5.696405
164.000 5.807060
165.000 5.804198
166.000 5.793171
167.000 5.792486
168.000 5.801415
169.000 5.807510
170.000 5.807510
171.000 5.828662
172.000 5.899094
173.000 5.890706
174.000 5.858386
175.000 5.858379
176.000 5.863167
177.000 5.825303
178.000 5.696213
179.000 5.718942
180.000 5.799797
181.000 5.801179
182.000 5.806335
183.000 5.795112
184.000 5.751868
185.000 5.743439
186.000 5.755669
187.000 5.758855
188.000 5.771439
189.000 5.726969
190.000 5.555622
191.000 5.573371
192.000 5.848511
193.000 5.851036
194.000 5.859856
195.000 5.794681
196.000 5.575462
197.000 5.630927
198.000 5.819099
199.000 5.816639
200.000 5.807158
201.000 5.787909
202.000 5.716071
203.000 5.723853
204.000 5.762242
205.000 5.715219
206.000 5.537819
207.000 5.635285
208.000 5.803062
209.000 5.834312
210.000 5.834312
211.000 5.661697
212.000 5.661697
213.000 5.533924
214.000 5.515762
215.000 5.539047
216.000 5.753441
217.000 5.698994
218.000 5.294273
219.000 5.408168
220.000 5.756264
221.000 5.768436
222.000 5.813675
223.000 5.753571
224.000 5.753571
225.000 5.386823
226.000 5.329033
227.000 5.340866
228.000 5.426283
229.000 5.522451
230.000 5.736130
231.000 5.762305
232.000 5.502472
233.000 5.579295
234.000 5.865135
235.000 5.857927
236.000 5.831398
237.000 5.852660
238.000 5.939259
239.000 5.862278
240.000 5.494926
241.000 5.479229
242.000 5.428040
243.000 5.526441
244.000 5.894623
245.000 5.888139
246.000 5.863252
247.000 5.855980
248.000 5.830933
249.000 5.810389
250.000 5.743210
251.000 5.729018
252.000 5.690102
253.000 5.633897
254.000 5.417335
255.000 5.408966
256.000 5.623505
257.000 5.551233
258.000 5.201744
259.000 5.325564
260.000 5.763618
261.000 5.802462
262.000 5.849075
263.000 5.825390
264.000 5.778999
265.000 5.770908
266.000 5.738993
267.000 5.684785
268.000 5.547836
269.000 5.623968
270.000 5.899117
271.000 5.832409
272.000 5.600853
273.000 5.645807
274.000 5.818356
275.000 5.790793
276.000 5.717583
277.000 5.733675
278.000 5.795920
279.000 5.807507
280.000 5.750169
281.000 5.699998
282.000 5.590712
283.000 5.575432
284.000 5.695176
285.000 5.724782
286.000 5.635023
287.000 5.528019
288.000 5.176889
289.000 5.253091
290.000 5.874237
291.000 5.824635
292.000 5.691597
293.000 5.636270
294.000 5.470314
295.000 5.541061
296.000 5.811574
297.000 5.734619
298.000 5.457893
299.000 5.560965
300.000 5.863884
301.000 5.778342
302.000 5.531059
303.000 5.540126
304.000 5.574927
305.000 5.579980
306.000 5.788029
307.000 5.840828
308.000 5.787912
309.000 5.774180
310.000 5.740518
311.000 5.734550
312.000 5.165266
313.000 5.143220
314.000 5.552058
315.000 5.843246
316.000 5.501934
317.000 5.426524
318.000 5.720291
319.000 5.853318
320.000 5.746898
321.000 5.709178
322.000 5.711712
323.000 5.710521
324.000 5.547495
325.000 5.523473
326.000 5.754380
327.000 5.824872
328.000 5.597751
329.000 5.549647
330.000 5.803534
331.000 5.858120
332.000 5.717941
333.000 5.713437
334.000 5.452261
335.000 5.413309
336.000 5.713449
337.000 5.781518
338.000 5.821698
339.000 5.838374
340.000 5.540047
341.000 5.489434
342.000 5.452546
343.000 5.449487
344.000 5.744056
345.000 5.855166
346.000 5.832831
347.000 5.818747
348.000 5.843950
349.000 5.846192
350.000 5.617309
351.000 5.580224
352.000 5.606749
353.000 5.614269
354.000 5.824382
355.000 5.861975
356.000 5.782392
357.000 5.760556
358.000 5.384819
359.000 5.383282
