0.000 0.112602
1.000 0.112602
2.000 0.112602
3.000 0.626915
4.000 0.973862
5.000 1.217728
6.000 1.627045
7.000 4.307732
8.000 4.059158
9.000 4.043419
10.000 4.043419
11.000 3.820992
12.000 3.820992
13.000 5.396942
14.000 4.942406
15.000 4.703366
16.000 4.269104
17.000 4.036776
18.000 3.809631
19.000 4.404784
20.000 6.918010
21.000 2.303215
22.000 2.303215
23.000 1.559655
24.000 1.452217
25.000 1.452217
26.000 1.452217
27.000 2.308708
28.000 2.308708
29.000 2.338882
30.000 2.338882
31.000 2.332116
32.000 2.202087
33.000 2.202087
34.000 2.202087
35.000 2.157447
36.000 1.996180
37.000 1.897964
38.000 1.897964
39.000 1.927851
40.000 2.082962
41.000 2.909637
42.000 3.604238
43.000 3.688347
44.000 3.693126
45.000 3.699192
46.000 3.705258
47.000 3.711324
48.000 3.717390
49.000 3.723457
50.000 3.729523
51.000 3.735589
52.000 3.741655
53.000 3.745720
54.000 3.745720
55.000 4.498550
56.000 4.498550
57.000 3.281525
58.000 3.281525
59.000 5.811333
60.000 5.811333
61.000 4.195678
62.000 4.415982
63.000 4.636286
64.000 4.856589
65.000 4.860992
66.000 1.846138
67.000 1.846138
68.000 1.846138
69.000 1.846138
70.000 1.846138
71.000 1.846138
72.000 2.371140
73.000 2.234488
74.000 2.118935
75.000 2.118935
76.000 2.118935
77.000 1.715080
78.000 1.715080
79.000 1.715080
80.000 3.603683
81.000 3.603683
82.000 3.650285
83.000 3.706161
84.000 3.345627
85.000 2.190943
86.000 1.538475
87.000 1.996399
88.000 1.996399
89.000 1.003845
90.000 1.003845
91.000 1.003845
92.000 1.003845
93.000 1.003845
94.000 1.003845
95.000 1.003845
96.000 4.784882
97.000 4.784882
98.000 6.917511
99.000 4.228984
100.000 4.047630
101.000 3.822199
102.000 3.756561
103.000 4.457432
104.000 5.445396
105.000 5.531164
106.000 5.686676
107.000 5.934504
108.000 6.727081
109.000 7.039879
110.000 8.273056
111.000 7.362831
112.000 5.014931
113.000 5.256333
114.000 5.863152
115.000 6.065649
116.000 6.917167
117.000 7.366587
118.000 9.063363
119.000 8.883176
120.000 6.728714
121.000 6.300777
122.000 4.932777
123.000 4.876827
124.000 4.727531
125.000 4.291111
126.000 3.611214
127.000 2.613171
128.000 2.163513
129.000 2.163513
130.000 2.163513
131.000 4.239021
132.000 4.283363
133.000 4.193498
134.000 4.046471
135.000 3.517350
136.000 3.446213
137.000 5.618652
138.000 5.618652
139.000 5.276932
140.000 3.827789
141.000 3.458298
142.000 4.099228
143.000 4.047897
144.000 4.047897
145.000 4.047897
146.000 4.047897
147.000 4.047897
148.000 2.624199
149.000 2.624199
150.000 2.624199
151.000 2.624199
152.000 3.365295
153.000 3.365295
154.000 3.365295
155.000 3.372470
156.000 3.661666
157.000 3.950861
158.000 4.240057
159.000 4.529253
160.000 4.716125
161.000 1.967964
162.000 3.638221
163.000 3.598053
164.000 3.743927
165.000 3.263283
166.000 2.522896
167.000 2.522896
168.000 2.522896
169.000 1.062737
170.000 1.062737
171.000 1.062737
172.000 1.062737
173.000 1.062737
174.000 4.737229
175.000 4.695398
176.000 3.319145
177.000 3.244705
178.000 3.244705
179.000 3.496555
180.000 4.597262
181.000 2.362160
182.000 2.362160
183.000 4.271767
184.000 4.271767
185.000 3.826127
186.000 1.949379
187.000 1.949379
188.000 1.949379
189.000 3.151604
190.000 3.151604
191.000 3.800720
192.000 4.274422
193.000 3.410545
194.000 3.415970
195.000 4.840629
196.000 5.189018
197.000 5.901192
198.000 4.751801
199.000 4.752720
200.000 4.756584
201.000 3.357445
202.000 3.357445
203.000 4.594528
204.000 4.594528
205.000 4.542423
206.000 4.203656
207.000 3.875084
208.000 3.875084
209.000 3.875084
210.000 3.875084
211.000 3.816108
212.000 3.568112
213.000 3.320116
214.000 3.309929
215.000 3.309929
216.000 4.330597
217.000 3.708571
218.000 3.596176
219.000 3.781273
220.000 4.700561
221.000 4.848976
222.000 5.255675
223.000 5.506523
224.000 4.323066
225.000 3.969940
226.000 3.434002
227.000 3.407478
228.000 3.764584
229.000 3.842171
230.000 3.178471
231.000 3.115288
232.000 4.320238
233.000 4.696518
234.000 4.517272
235.000 4.430840
236.000 4.598241
237.000 4.686333
238.000 3.735864
239.000 3.295692
240.000 2.950882
241.000 2.950882
242.000 2.950882
243.000 2.950882
244.000 4.239943
245.000 4.175399
246.000 4.110855
247.000 4.046311
248.000 3.981766
249.000 3.917222
250.000 3.852678
251.000 3.788134
252.000 3.736893
253.000 3.953827
254.000 2.690544
255.000 3.011032
256.000 3.099143
257.000 3.177589
258.000 2.507095
259.000 2.507095
260.000 2.407883
261.000 2.407883
262.000 2.412267
263.000 2.910007
264.000 3.227432
265.000 2.546417
266.000 2.546417
267.000 2.755150
268.000 3.141312
269.000 2.942184
270.000 2.942184
271.000 3.105438
272.000 3.105438
273.000 3.931923
274.000 3.931923
275.000 3.825979
276.000 3.400175
277.000 3.160042
278.000 3.318756
279.000 3.106079
280.000 2.623917
281.000 2.623917
282.000 2.789292
283.000 2.815018
284.000 3.158782
285.000 3.271568
286.000 3.842285
287.000 3.842285
288.000 3.247559
289.000 3.247559
290.000 2.552460
291.000 2.552460
292.000 2.892395
293.000 2.892395
294.000 2.270332
295.000 2.270332
296.000 2.128372
297.000 2.128372
298.000 2.791679
299.000 2.791679
300.000 2.791679
301.000 1.752891
302.000 1.305420
303.000 1.305420
304.000 1.305420
305.000 1.305420
306.000 1.699234
307.000 1.699234
308.000 1.770012
309.000 1.770012
310.000 1.770012
311.000 1.931812
312.000 1.949150
313.000 2.326363
314.000 2.326363
315.000 2.326363
316.000 3.647896
317.000 2.241203
318.000 2.241203
319.000 2.823772
320.000 2.767700
321.000 2.023003
322.000 2.023003
323.000 2.116608
324.000 2.738457
325.000 2.738457
326.000 2.750443
327.000 2.750443
328.000 1.922173
329.000 1.922173
330.000 2.330328
331.000 2.336830
332.000 2.460647
333.000 2.491562
334.000 2.259903
335.000 2.259903
336.000 1.938622
337.000 1.938622
338.000 2.391685
339.000 2.391685
340.000 2.391685
341.000 2.391685
342.000 2.974883
343.000 3.091079
344.000 3.114220
345.000 3.114220
346.000 3.320558
347.000 3.576805
348.000 3.288391
349.000 3.094498
350.000 3.161563
351.000 3.340660
352.000 2.922696
353.000 2.739235
354.000 3.176186
355.000 3.176186
356.000 3.495957
357.000 3.502182
358.000 3.218375
359.000 3.092087
