0.000 0.514542
1.000 0.514542
2.000 4.012955
3.000 3.747429
4.000 2.386650
5.000 5.030426
6.000 3.397339
7.000 3.397339
8.000 3.397339
9.000 1.186554
10.000 1.186554
11.000 1.186554
12.000 0.992874
13.000 0.992874
14.000 1.071968
15.000 1.071968
16.000 1.071968
17.000 1.030328
18.000 0.920281
19.000 0.845268
20.000 0.845268
21.000 0.845268
22.000 0.845268
23.000 1.035400
24.000 1.035400
25.000 1.035400
26.000 1.037619
27.000 1.043343
28.000 1.043343
29.000 1.043343
30.000 2.275628
31.000 3.780640
32.000 3.118813
33.000 1.712196
34.000 1.712196
35.000 3.847008
36.000 1.916664
37.000 1.916664
38.000 4.153625
39.000 1.046936
40.000 1.046936
41.000 1.046936
42.000 1.046936
43.000 0.886993
44.000 0.886993
45.000 0.886993
46.000 0.886993
47.000 0.687958
48.000 0.687958
49.000 0.687958
50.000 0.687958
51.000 0.687958
52.000 0.687958
53.000 0.687958
54.000 0.636902
55.000 0.636902
56.000 0.636902
57.000 0.636902
58.000 0.636902
59.000 0.636902
60.000 0.923907
61.000 1.626679
62.000 1.771133
63.000 1.708651
64.000 0.890030
65.000 0.890030
66.000 0.890030
67.000 1.634237
68.000 1.595055
69.000 1.595055
70.000 1.595055
71.000 3.231537
72.000 3.231537
73.000 3.715143
74.000 3.790115
75.000 3.626495
76.000 0.726295
77.000 0.726295
78.000 0.726295
79.000 0.626755
80.000 0.626755
81.000 0.626755
82.000 0.626755
83.000 0.626755
84.000 0.626755
85.000 0.974079
86.000 0.922485
87.000 0.922485
88.000 0.922485
89.000 0.940433
90.000 0.949371
91.000 0.949371
92.000 1.485382
93.000 1.906845
94.000 1.002678
95.000 1.002678
96.000 1.002678
97.000 0.822388
98.000 0.822388
99.000 0.822388
100.000 1.366183
101.000 1.743294
102.000 1.743294
103.000 0.766602
104.000 0.766602
105.000 0.766602
106.000 0.717125
107.000 0.717125
108.000 0.717125
109.000 0.723915
110.000 0.723915
111.000 0.723915
112.000 0.723915
113.000 0.723915
114.000 2.441399
115.000 2.358492
116.000 2.314880
117.000 1.782745
118.000 1.015152
119.000 1.015152
120.000 1.015152
121.000 1.015152
122.000 1.082169
123.000 1.082169
124.000 1.082169
125.000 0.930815
126.000 0.712318
127.000 0.712318
128.000 0.712318
129.000 0.847473
130.000 0.847473
131.000 0.645393
132.000 0.645393
133.000 0.642723
134.000 0.642723
135.000 0.642723
136.000 1.316328
137.000 1.886848
138.000 1.886848
139.000 1.808533
140.000 1.696442
141.000 1.696442
142.000 0.731720
143.000 0.731720
144.000 0.731720
145.000 0.731720
146.000 1.600769
147.000 1.600769
148.000 0.753098
149.000 0.753098
150.000 0.753098
151.000 0.753098
152.000 0.753098
153.000 0.753098
154.000 0.753098
155.000 0.753098
156.000 0.753098
157.000 0.753098
158.000 0.753098
159.000 1.389701
160.000 1.460971
161.000 1.532241
162.000 1.603511
163.000 1.653824
164.000 4.062790
165.000 0.798302
166.000 0.798302
167.000 0.798302
168.000 2.546326
169.000 2.342117
170.000 2.910812
171.000 2.946556
172.000 1.630150
173.000 1.630150
174.000 1.951149
175.000 1.951149
176.000 1.069107
177.000 1.069107
178.000 1.069107
179.000 1.491483
180.000 1.666237
181.000 1.666237
182.000 1.175545
183.000 1.175545
184.000 1.175545
185.000 2.022297
186.000 2.204691
187.000 2.380737
188.000 2.380737
189.000 0.827141
190.000 0.827141
191.000 0.827141
192.000 0.827141
193.000 0.999855
194.000 0.999855
195.000 0.999855
196.000 0.999855
197.000 1.904479
198.000 1.816186
199.000 1.727894
200.000 1.650764
201.000 0.976936
202.000 0.976936
203.000 0.976936
204.000 1.299934
205.000 1.299934
206.000 1.299934
207.000 1.299934
208.000 1.163795
209.000 1.163795
210.000 1.163795
211.000 1.308420
212.000 1.512867
213.000 1.717315
214.000 1.852333
215.000 0.850403
216.000 0.850403
217.000 1.393127
218.000 1.393127
219.000 1.393127
220.000 1.155108
221.000 0.941795
222.000 0.941795
223.000 0.941795
224.000 0.858514
225.000 0.857674
226.000 0.827858
227.000 0.827858
228.000 0.785011
229.000 0.785011
230.000 1.116943
231.000 1.784233
232.000 1.784233
233.000 1.085251
234.000 1.085251
235.000 0.748840
236.000 0.748840
237.000 0.748840
238.000 0.748840
239.000 0.748840
240.000 2.242508
241.000 2.014979
242.000 1.787451
243.000 1.637276
244.000 2.086082
245.000 1.164345
246.000 1.164345
247.000 0.723038
248.000 0.723038
249.000 0.552483
250.000 0.552483
251.000 0.552483
252.000 0.932724
253.000 0.932724
254.000 1.482348
255.000 2.523399
256.000 2.523399
257.000 1.578102
258.000 1.578102
259.000 1.324202
260.000 1.029427
261.000 1.029427
262.000 1.029427
263.000 0.913490
264.000 0.913490
265.000 0.913490
266.000 0.913490
267.000 0.913490
268.000 0.913490
269.000 1.589424
270.000 1.589424
271.000 1.589424
272.000 1.749123
273.000 1.812851
274.000 1.137123
275.000 1.137123
276.000 1.094711
277.000 1.094711
278.000 0.511452
279.000 0.511452
280.000 0.511452
281.000 0.511452
282.000 0.511452
283.000 0.511452
284.000 0.511452
285.000 1.404503
286.000 1.404503
287.000 1.014854
288.000 1.014854
289.000 1.014854
290.000 1.014854
291.000 0.585831
292.000 0.585831
293.000 0.585831
294.000 0.585831
295.000 0.585831
296.000 0.585831
297.000 0.585831
298.000 0.585831
299.000 0.585831
300.000 0.585831
301.000 0.585831
302.000 0.585831
303.000 2.021339
304.000 2.019883
305.000 2.019356
306.000 2.019356
307.000 2.019356
308.000 2.019356
309.000 1.880195
310.000 1.703459
311.000 1.526723
312.000 1.448059
313.000 1.448059
314.000 1.081573
315.000 1.081573
316.000 1.081573
317.000 0.879214
318.000 0.843880
319.000 0.843880
320.000 0.950133
321.000 1.552696
322.000 1.536255
323.000 1.536255
324.000 1.536255
325.000 0.991600
326.000 0.991600
327.000 0.991600
328.000 0.991600
329.000 0.675644
330.000 0.675644
331.000 0.675644
332.000 0.675644
333.000 0.675644
334.000 1.598690
335.000 1.291725
336.000 1.291725
337.000 0.868034
338.000 0.868034
339.000 0.868034
340.000 0.868034
341.000 0.877945
342.000 0.877945
343.000 0.877945
344.000 0.877945
345.000 1.853798
346.000 1.853798
347.000 1.135178
348.000 1.135178
349.000 1.135178
350.000 1.623016
351.000 1.623016
352.000 2.579002
353.000 2.579002
354.000 0.666679
355.000 0.666679
356.000 0.666679
357.000 1.955154
358.000 1.955154
359.000 1.691887
