0.000 0.220985
1.000 1.539284
2.000 1.539284
3.000 1.539284
4.000 1.725388
5.000 1.725388
6.000 2.345573
7.000 2.345573
8.000 2.136012
9.000 1.634986
10.000 1.133960
11.000 1.100746
12.000 1.100746
13.000 1.089401
14.000 1.089401
15.000 1.187309
16.000 1.187309
17.000 1.254105
18.000 1.254105
19.000 1.868416
20.000 1.868416
21.000 1.067619
22.000 1.067619
23.000 2.108772
24.000 2.108772
25.000 1.428345
26.000 1.428345
27.000 1.261009
28.000 1.261009
29.000 0.764366
30.000 0.764366
31.000 0.764366
32.000 0.764366
33.000 1.354523
34.000 1.448127
35.000 1.794365
36.000 1.794365
37.000 2.309311
38.000 0.696724
39.000 0.696724
40.000 0.696724
41.000 1.115440
42.000 1.115440
43.000 2.189934
44.000 2.189934
45.000 0.724846
46.000 0.724846
47.000 0.724846
48.000 0.724846
49.000 1.002945
50.000 1.002945
51.000 1.002945
52.000 1.508797
53.000 1.508797
54.000 1.456100
55.000 1.456100
56.000 1.384834
57.000 1.384834
58.000 1.384834
59.000 1.761672
60.000 2.207495
61.000 2.381630
62.000 2.627953
63.000 2.400341
64.000 1.664364
65.000 1.247772
66.000 1.247772
67.000 1.247772
68.000 1.136421
69.000 0.820557
70.000 0.820557
71.000 0.820557
72.000 1.206390
73.000 1.206390
74.000 1.951729
75.000 1.951729
76.000 1.886342
77.000 1.829735
78.000 1.991432
79.000 1.991432
80.000 1.290054
81.000 1.290054
82.000 1.290054
83.000 1.405136
84.000 1.405136
85.000 1.353432
86.000 1.353432
87.000 1.458114
88.000 1.553200
89.000 1.553200
90.000 1.973892
91.000 1.973892
92.000 1.731926
93.000 1.550968
94.000 1.484940
95.000 1.484940
96.000 1.128937
97.000 1.128937
98.000 1.340655
99.000 1.347504
100.000 1.347504
101.000 1.795664
102.000 2.476484
103.000 2.503059
104.000 1.162254
105.000 1.162254
106.000 1.413979
107.000 1.413979
108.000 1.617479
109.000 2.424172
110.000 2.594971
111.000 1.053604
112.000 1.053604
113.000 0.900536
114.000 0.900536
115.000 0.900536
116.000 2.130634
117.000 2.748825
118.000 1.194473
119.000 1.194473
120.000 1.194473
121.000 0.924568
122.000 0.924568
123.000 1.113983
124.000 1.113983
125.000 1.113983
126.000 1.874039
127.000 1.874039
128.000 1.531776
129.000 1.459213
130.000 1.459213
131.000 1.270363
132.000 1.270363
133.000 1.209900
134.000 1.209900
135.000 1.209900
136.000 2.099510
137.000 3.344999
138.000 3.367828
139.000 1.440735
140.000 1.440735
141.000 0.788658
142.000 0.788658
143.000 0.981473
144.000 1.576675
145.000 1.576675
146.000 1.172211
147.000 1.172211
148.000 1.322693
149.000 1.698982
150.000 1.698982
151.000 1.146751
152.000 1.146751
153.000 0.947342
154.000 0.947342
155.000 0.947342
156.000 2.028930
157.000 3.359428
158.000 0.795349
159.000 0.795349
160.000 0.795349
161.000 0.593231
162.000 0.593231
163.000 0.593231
164.000 0.593231
165.000 0.593231
166.000 1.081009
167.000 1.081009
168.000 0.860275
169.000 0.860275
170.000 0.860275
171.000 1.767113
172.000 1.767113
173.000 1.329236
174.000 0.692268
175.000 0.692268
176.000 0.692268
177.000 0.692268
178.000 2.307689
179.000 2.145302
180.000 2.145302
181.000 1.064133
182.000 1.064133
183.000 1.064133
184.000 1.064133
185.000 1.064133
186.000 1.245781
187.000 1.245781
188.000 1.245781
189.000 0.995285
190.000 0.628242
191.000 0.628242
192.000 0.628242
193.000 0.628242
194.000 0.628242
195.000 0.628242
196.000 0.628242
197.000 1.153297
198.000 1.153297
199.000 1.153297
200.000 1.153297
201.000 1.153297
202.000 2.992741
203.000 3.030495
204.000 3.030495
205.000 0.909302
206.000 0.909302
207.000 0.909302
208.000 0.909302
209.000 1.008575
210.000 1.008575
211.000 1.008575
212.000 2.014114
213.000 2.014114
214.000 2.014114
215.000 2.690918
216.000 2.690918
217.000 2.154700
218.000 1.516907
219.000 1.516907
220.000 1.516907
221.000 2.170586
222.000 2.170586
223.000 2.145867
224.000 2.020560
225.000 1.976311
226.000 1.878601
227.000 1.878601
228.000 0.899002
229.000 0.899002
230.000 0.899002
231.000 0.899002
232.000 0.899002
233.000 0.885315
234.000 0.885315
235.000 0.847443
236.000 0.847443
237.000 0.847443
238.000 1.234572
239.000 1.971489
240.000 1.971489
241.000 0.890678
242.000 0.890678
243.000 0.805603
244.000 0.805603
245.000 0.805603
246.000 1.392006
247.000 1.041115
248.000 1.041115
249.000 1.041115
250.000 1.041115
251.000 0.892029
252.000 0.892029
253.000 0.892029
254.000 0.892029
255.000 0.892029
256.000 0.887266
257.000 0.867737
258.000 0.867737
259.000 0.867737
260.000 1.678253
261.000 0.847794
262.000 0.847794
263.000 0.847794
264.000 1.234924
265.000 1.234924
266.000 1.234924
267.000 1.234924
268.000 1.436719
269.000 1.324249
270.000 1.324249
271.000 1.237717
272.000 1.237717
273.000 0.828751
274.000 0.828751
275.000 1.604332
276.000 1.604332
277.000 1.806969
278.000 0.873062
279.000 0.873062
280.000 0.873062
281.000 0.873062
282.000 0.875320
283.000 0.875320
284.000 0.875320
285.000 0.875320
286.000 1.273422
287.000 1.273422
288.000 1.273422
289.000 1.160782
290.000 1.160782
291.000 1.160782
292.000 1.558354
293.000 1.973801
294.000 1.973801
295.000 0.869583
296.000 0.869583
297.000 0.869583
298.000 1.167053
299.000 1.167053
300.000 1.167053
301.000 1.902786
302.000 1.902786
303.000 1.185966
304.000 1.185966
305.000 1.243668
306.000 1.243668
307.000 1.243668
308.000 1.608799
309.000 1.612136
310.000 1.613739
311.000 1.613739
312.000 1.613739
313.000 1.402725
314.000 1.402725
315.000 1.553154
316.000 2.091814
317.000 2.519592
318.000 2.519592
319.000 2.205406
320.000 1.063095
321.000 1.063095
322.000 1.063095
323.000 0.605843
324.000 0.605843
325.000 0.605843
326.000 0.767109
327.000 1.295393
328.000 1.510353
329.000 1.229958
330.000 1.229958
331.000 2.228226
332.000 2.228226
333.000 1.747064
334.000 1.210213
335.000 0.736565
336.000 0.736565
337.000 0.736565
338.000 1.005867
339.000 1.005867
340.000 0.597610
341.000 0.597610
342.000 0.597610
343.000 0.597610
344.000 0.597610
345.000 0.597610
346.000 1.627374
347.000 1.685257
348.000 1.685257
349.000 1.685257
350.000 2.552568
351.000 3.447510
352.000 3.447510
353.000 3.084778
354.000 2.740234
355.000 2.740234
356.000 1.109970
357.000 0.978058
358.000 0.978058
359.000 1.271011
