0.000 0.175423
1.000 0.175423
2.000 0.175423
3.000 0.175423
4.000 0.175423
5.000 2.400261
6.000 2.507034
7.000 2.031601
8.000 2.276352
9.000 2.336601
10.000 2.451401
11.000 2.454369
12.000 2.485359
13.000 2.485359
14.000 2.510544
15.000 2.510544
16.000 2.456497
17.000 2.456497
18.000 2.283569
19.000 2.283569
20.000 2.278633
21.000 2.278633
22.000 2.516312
23.000 2.516312
24.000 2.496803
25.000 2.496803
26.000 2.452324
27.000 2.452324
28.000 2.382370
29.000 2.221222
30.000 2.221222
31.000 2.221222
32.000 2.379135
33.000 2.379135
34.000 2.484538
35.000 2.520042
36.000 2.520042
37.000 2.241943
38.000 2.241943
39.000 2.241943
40.000 2.510002
41.000 2.510002
42.000 2.433228
43.000 2.433228
44.000 2.495316
45.000 2.495316
46.000 2.495223
47.000 2.494949
48.000 2.494949
49.000 2.553032
50.000 2.512308
51.000 2.491524
52.000 2.113731
53.000 2.113731
54.000 2.173218
55.000 2.173218
56.000 2.495987
57.000 2.495987
58.000 2.495987
59.000 2.440776
60.000 2.385019
61.000 2.345581
62.000 2.523506
63.000 1.928200
64.000 2.154757
65.000 2.385078
66.000 2.131287
67.000 2.147586
68.000 2.305649
69.000 2.322135
70.000 2.367279
71.000 2.363655
72.000 2.358200
73.000 2.455681
74.000 2.455681
75.000 2.261124
76.000 2.199417
77.000 2.384247
78.000 2.384247
79.000 2.416222
80.000 2.346542
81.000 2.309280
82.000 2.097588
83.000 0.650826
84.000 0.650826
85.000 0.650826
86.000 0.650826
87.000 0.650826
88.000 0.650826
89.000 1.075000
90.000 1.022704
91.000 0.970408
92.000 0.938393
93.000 0.938393
94.000 0.524719
95.000 0.524719
96.000 0.748955
97.000 0.748955
98.000 0.827484
99.000 0.827484
100.000 0.953186
101.000 0.953186
102.000 1.357498
103.000 2.320709
104.000 2.320709
105.000 2.323503
106.000 2.341797
107.000 2.341797
108.000 2.252394
109.000 2.220024
110.000 2.220024
111.000 1.857819
112.000 1.857819
113.000 1.857819
114.000 1.754764
115.000 1.599213
116.000 1.599213
117.000 1.599213
118.000 1.200249
119.000 1.200249
120.000 1.200249
121.000 2.543541
122.000 2.543541
123.000 2.382271
124.000 2.106969
125.000 1.975540
126.000 1.975540
127.000 2.406204
128.000 1.955086
129.000 1.955086
130.000 1.955086
131.000 1.913864
132.000 1.913864
133.000 1.913939
134.000 1.914425
135.000 1.914742
136.000 1.914742
137.000 1.831200
138.000 1.830403
139.000 1.725395
140.000 1.725395
141.000 2.494705
142.000 2.469429
143.000 2.500832
144.000 2.500832
145.000 2.400048
146.000 2.366119
147.000 2.388225
148.000 2.411728
149.000 2.308060
150.000 2.430229
151.000 2.507538
152.000 2.483208
153.000 2.491333
154.000 2.492020
155.000 2.496841
156.000 2.173203
157.000 2.173203
158.000 2.503624
159.000 2.496329
160.000 2.441555
161.000 2.420507
162.000 2.404477
163.000 2.391742
164.000 2.371948
165.000 2.369383
166.000 2.416367
167.000 2.417648
168.000 2.417648
169.000 2.369508
170.000 2.361198
171.000 2.361198
172.000 2.448441
173.000 2.448441
174.000 2.501022
175.000 2.501022
176.000 2.501022
177.000 2.301231
178.000 2.301231
179.000 2.301231
180.000 2.301231
181.000 2.502106
182.000 2.502106
183.000 2.502106
184.000 2.502106
185.000 2.369655
186.000 2.346184
187.000 2.346184
188.000 2.346184
189.000 2.481750
190.000 2.481750
191.000 2.481750
192.000 2.495072
193.000 2.519760
194.000 2.519760
195.000 2.517858
196.000 2.501801
197.000 2.501801
198.000 2.393837
199.000 2.393837
200.000 2.283432
201.000 2.293005
202.000 2.376115
203.000 2.426094
204.000 2.426094
205.000 2.381241
206.000 2.513474
207.000 2.513474
208.000 2.392090
209.000 2.434722
210.000 2.444687
211.000 2.444687
212.000 2.446439
213.000 2.491968
214.000 2.504501
215.000 2.494331
216.000 2.483597
217.000 2.494553
218.000 2.494553
219.000 2.501595
220.000 2.510292
221.000 2.216461
222.000 2.491943
223.000 2.436218
224.000 2.515892
225.000 2.515892
226.000 2.486130
227.000 2.486130
228.000 2.385773
229.000 2.385773
230.000 2.464043
231.000 2.464043
232.000 2.461617
233.000 2.461617
234.000 2.491484
235.000 2.523430
236.000 2.627610
237.000 2.715332
238.000 2.613787
239.000 2.537979
240.000 2.400670
241.000 2.327995
242.000 2.441676
243.000 2.513695
244.000 2.532213
245.000 2.540685
246.000 2.442352
247.000 2.422356
248.000 2.438194
249.000 2.440750
250.000 2.218114
251.000 2.215729
252.000 2.366651
253.000 2.369965
254.000 2.541855
255.000 2.541855
256.000 2.500862
257.000 2.500862
258.000 2.368448
259.000 2.363785
260.000 2.471435
261.000 2.485130
262.000 2.453026
263.000 2.453026
264.000 2.431557
265.000 2.431557
266.000 2.513341
267.000 2.515411
268.000 2.518875
269.000 2.518237
270.000 2.497104
271.000 2.496468
272.000 2.473823
273.000 2.467911
274.000 2.477984
275.000 2.480797
276.000 2.308335
277.000 2.216507
278.000 2.343406
279.000 2.429802
280.000 2.428772
281.000 2.428253
282.000 2.426433
283.000 2.425407
284.000 2.372413
285.000 2.345566
286.000 2.440572
287.000 2.492119
288.000 2.438076
289.000 2.413872
290.000 2.430677
291.000 2.438591
292.000 2.500611
293.000 2.527023
294.000 2.372333
295.000 2.302681
296.000 2.338019
297.000 2.355515
298.000 2.385595
299.000 2.403099
300.000 2.467295
301.000 2.510941
302.000 2.434376
303.000 2.394997
304.000 2.431557
305.000 2.452148
306.000 2.466850
307.000 2.475990
308.000 2.452049
309.000 2.452049
310.000 2.403046
311.000 2.403046
312.000 2.495316
313.000 2.495316
314.000 2.374893
315.000 2.374893
316.000 2.374893
317.000 2.345947
318.000 2.243367
319.000 2.171135
320.000 2.171135
321.000 2.171135
322.000 2.465323
323.000 2.500801
324.000 2.500801
325.000 2.326035
326.000 2.326035
327.000 2.489517
328.000 2.489517
329.000 2.489517
330.000 2.508007
331.000 2.513435
332.000 2.483528
333.000 2.435349
334.000 2.362656
335.000 2.413712
336.000 2.385971
337.000 2.423203
338.000 2.499146
339.000 2.386444
340.000 2.424515
341.000 2.424515
342.000 2.496254
343.000 2.496254
344.000 2.480423
345.000 2.480423
346.000 2.498581
347.000 2.498581
348.000 2.376328
349.000 2.376328
350.000 2.219101
351.000 2.219101
352.000 2.434036
353.000 2.434036
354.000 2.474801
355.000 2.482056
356.000 2.462111
357.000 2.460716
358.000 2.482330
359.000 2.482330
