0.000 0.496216
1.000 0.496216
2.000 0.496216
3.000 0.496216
4.000 0.496216
5.000 0.496216
6.000 0.496216
7.000 0.496216
8.000 0.496216
9.000 0.496216
10.000 0.496216
11.000 0.496216
12.000 5.693710
13.000 5.609168
14.000 5.600784
15.000 5.600784
16.000 5.986382
17.000 5.986382
18.000 6.040830
19.000 6.096047
20.000 6.110954
21.000 5.624039
22.000 5.604263
23.000 5.604263
24.000 6.159927
25.000 6.169290
26.000 6.247259
27.000 6.261879
28.000 6.134668
29.000 6.081882
30.000 6.313629
31.000 6.039055
32.000 5.815491
33.000 5.521729
34.000 6.284042
35.000 6.263846
36.000 6.243958
37.000 6.249588
38.000 6.260811
39.000 6.184425
40.000 6.013451
41.000 6.059576
42.000 6.126205
43.000 6.125922
44.000 6.125496
45.000 6.165736
46.000 6.209976
47.000 6.039508
48.000 5.801628
49.000 2.643333
50.000 2.643333
51.000 2.643333
52.000 2.643333
53.000 4.995438
54.000 4.995438
55.000 6.195435
56.000 6.195435
57.000 5.511827
58.000 5.178581
59.000 5.205170
60.000 6.088264
61.000 6.131171
62.000 6.238682
63.000 6.378696
64.000 6.576355
65.000 6.645330
66.000 6.705093
67.000 6.444572
68.000 6.360863
69.000 6.143087
70.000 6.041168
71.000 6.111651
72.000 6.194489
73.000 6.129073
74.000 6.071541
75.000 6.212894
76.000 6.413368
77.000 6.290770
78.000 6.231293
79.000 5.786148
80.000 5.692825
81.000 5.727234
82.000 5.727234
83.000 3.998070
84.000 3.998070
85.000 3.064484
86.000 3.064484
87.000 3.254574
88.000 6.102440
89.000 6.043273
90.000 5.981209
91.000 5.114906
92.000 5.114906
93.000 6.157709
94.000 6.500328
95.000 6.579087
96.000 6.673569
97.000 4.748535
98.000 4.748535
99.000 5.436120
100.000 6.045540
101.000 6.177874
102.000 6.297913
103.000 6.254461
104.000 6.204895
105.000 6.293750
106.000 6.390129
107.000 6.419702
108.000 6.466347
109.000 6.348876
110.000 5.756287
111.000 5.435975
112.000 5.411766
113.000 6.269723
114.000 7.075981
115.000 6.625461
116.000 6.188454
117.000 6.049525
118.000 5.914604
119.000 6.084324
120.000 6.341698
121.000 6.219647
122.000 6.021751
123.000 6.174031
124.000 6.480278
125.000 6.027748
126.000 6.027748
127.000 5.947159
128.000 5.947159
129.000 5.841797
130.000 5.714241
131.000 5.630030
132.000 5.510193
133.000 6.038513
134.000 6.038513
135.000 5.642524
136.000 5.538544
137.000 6.404210
138.000 6.505386
139.000 5.668503
140.000 5.637032
141.000 6.317579
142.000 6.419655
143.000 6.220410
144.000 6.177345
145.000 5.847198
146.000 5.847198
147.000 5.947168
148.000 6.023689
149.000 6.157231
150.000 6.282188
151.000 6.358529
152.000 6.410446
153.000 5.330177
154.000 5.330177
155.000 3.301331
156.000 3.301331
157.000 4.612631
158.000 5.973709
159.000 5.632272
160.000 5.205688
161.000 5.634327
162.000 6.314407
163.000 6.361181
164.000 6.383865
165.000 6.043135
166.000 5.322792
167.000 5.508981
168.000 5.844032
169.000 6.000191
170.000 6.198212
171.000 6.211814
172.000 6.243587
173.000 6.178768
174.000 6.035034
175.000 5.950286
176.000 5.793510
177.000 5.921272
178.000 6.205133
179.000 6.154272
180.000 6.025671
181.000 4.304764
182.000 4.304764
183.000 5.374450
184.000 6.098396
185.000 6.135066
186.000 6.202721
187.000 6.045894
188.000 5.752220
189.000 6.310104
190.000 6.310104
191.000 6.323073
192.000 6.340103
193.000 6.111437
194.000 5.884262
195.000 5.459164
196.000 4.475327
197.000 5.189286
198.000 5.691010
199.000 5.846775
200.000 6.114014
201.000 6.025002
202.000 5.929306
203.000 6.068761
204.000 6.339394
205.000 6.381674
206.000 6.591148
207.000 6.502585
208.000 6.064682
209.000 5.958715
210.000 5.490135
211.000 5.561202
212.000 5.937047
213.000 6.026210
214.000 5.990150
215.000 5.986321
216.000 5.966629
217.000 5.970624
218.000 5.990898
219.000 5.956676
220.000 5.775871
221.000 5.892637
222.000 6.520124
223.000 6.613566
224.000 6.875679
225.000 6.235278
226.000 5.393005
227.000 5.504482
228.000 6.057396
229.000 6.102479
230.000 6.340903
231.000 6.462196
232.000 6.525179
233.000 6.448723
234.000 5.993717
235.000 5.872410
236.000 6.102007
237.000 6.115697
238.000 5.962051
239.000 6.013476
240.000 6.240913
241.000 6.130789
242.000 5.570282
243.000 5.644239
244.000 6.035367
245.000 4.945179
246.000 2.202324
247.000 2.774467
248.000 5.768643
249.000 6.359416
250.000 5.989924
251.000 5.749846
252.000 5.256425
253.000 5.162420
254.000 5.723076
255.000 5.723076
256.000 5.723076
257.000 5.723076
258.000 5.723076
259.000 6.112087
260.000 6.180549
261.000 6.184074
262.000 6.184074
263.000 6.184074
264.000 5.501188
265.000 5.444603
266.000 5.444603
267.000 5.444603
268.000 6.151119
269.000 6.404922
270.000 6.404922
271.000 6.274472
272.000 6.089348
273.000 6.089348
274.000 6.089348
275.000 6.232315
276.000 6.232315
277.000 6.081057
278.000 6.006828
279.000 6.006828
280.000 6.016570
281.000 6.048294
282.000 6.056343
283.000 5.586352
284.000 6.503220
285.000 6.145958
286.000 6.189178
287.000 4.745865
288.000 4.745865
289.000 4.745865
290.000 4.745865
291.000 4.745865
292.000 4.745865
293.000 1.328156
294.000 1.328156
295.000 1.328156
296.000 1.328156
297.000 1.328156
298.000 5.498349
299.000 5.493141
300.000 6.472176
301.000 6.075417
302.000 6.075417
303.000 5.380791
304.000 5.933174
305.000 6.023104
306.000 6.319946
307.000 6.199902
308.000 5.813904
309.000 6.298965
310.000 6.298965
311.000 6.263205
312.000 6.120209
313.000 6.120209
314.000 6.158295
315.000 6.158295
316.000 6.265244
317.000 6.265244
318.000 6.107116
319.000 5.506195
320.000 5.506195
321.000 6.097534
322.000 6.066483
323.000 6.112215
324.000 6.335403
325.000 6.219899
326.000 6.186218
327.000 6.135572
328.000 5.991043
329.000 4.051476
330.000 4.051476
331.000 5.040523
332.000 6.467979
333.000 6.327183
334.000 5.690811
335.000 6.409134
336.000 6.409134
337.000 6.234072
338.000 5.654480
339.000 5.779320
340.000 6.143761
341.000 6.030306
342.000 5.513107
343.000 5.833508
344.000 6.828041
345.000 6.685361
346.000 6.454933
347.000 5.899849
348.000 5.899849
349.000 6.138031
350.000 6.138031
351.000 6.138031
352.000 5.928032
353.000 5.928032
354.000 6.235268
355.000 6.235268
356.000 6.235268
357.000 6.179049
358.000 6.073391
359.000 6.064713
