0.000 0.176567
1.000 0.176567
2.000 0.176567
3.000 0.176567
4.000 0.176567
5.000 0.176567
6.000 0.332154
7.000 0.689758
8.000 0.725426
9.000 0.725426
10.000 0.716667
11.000 0.719472
12.000 0.698517
13.000 0.691374
14.000 0.733337
15.000 0.714622
16.000 0.668533
17.000 0.709620
18.000 0.691109
19.000 0.729385
20.000 0.664630
21.000 0.764908
22.000 0.717667
23.000 0.710434
24.000 0.717690
25.000 0.719547
26.000 0.727917
27.000 0.684151
28.000 0.668044
29.000 0.690651
30.000 0.697017
31.000 0.722618
32.000 0.722763
33.000 0.710304
34.000 0.710304
35.000 0.685707
36.000 0.680176
37.000 0.661586
38.000 0.667747
39.000 0.718140
40.000 0.715790
41.000 0.715790
42.000 0.689209
43.000 0.689209
44.000 0.689209
45.000 0.706041
46.000 0.718605
47.000 0.718605
48.000 0.718475
49.000 0.718475
50.000 0.706238
51.000 0.706238
52.000 0.649750
53.000 0.649750
54.000 0.732590
55.000 0.732590
56.000 0.721675
57.000 0.725357
58.000 0.725357
59.000 0.709511
60.000 0.709511
61.000 0.675156
62.000 0.675156
63.000 0.720299
64.000 0.720299
65.000 0.720299
66.000 0.692543
67.000 0.692543
68.000 0.692543
69.000 0.676137
70.000 0.662254
71.000 0.662254
72.000 0.686050
73.000 0.686050
74.000 0.720657
75.000 0.720657
76.000 0.703871
77.000 0.703239
78.000 0.661263
79.000 0.661263
80.000 0.665916
81.000 0.665916
82.000 0.681198
83.000 0.698807
84.000 0.698807
85.000 0.718620
86.000 0.718620
87.000 0.725374
88.000 0.732216
89.000 0.732216
90.000 0.716904
91.000 0.720503
92.000 0.723007
93.000 0.723007
94.000 0.708740
95.000 0.708740
96.000 0.702869
97.000 0.696114
98.000 0.696339
99.000 0.701271
100.000 0.701271
101.000 0.712669
102.000 0.712669
103.000 0.649216
104.000 0.649216
105.000 0.721703
106.000 0.721703
107.000 0.703171
108.000 0.703649
109.000 0.712807
110.000 0.723671
111.000 0.723171
112.000 0.719940
113.000 0.719940
114.000 0.721695
115.000 0.721695
116.000 0.692252
117.000 0.670883
118.000 0.674638
119.000 0.682518
120.000 0.653084
121.000 0.720879
122.000 0.720879
123.000 0.720879
124.000 0.700560
125.000 0.699020
126.000 0.699020
127.000 0.698982
128.000 0.697878
129.000 0.696877
130.000 0.696877
131.000 0.696877
132.000 0.715515
133.000 0.718338
134.000 0.718338
135.000 0.676651
136.000 0.668129
137.000 0.722450
138.000 0.722450
139.000 0.722414
140.000 0.722404
141.000 0.722404
142.000 0.720191
143.000 0.717079
144.000 0.717079
145.000 0.717079
146.000 0.726336
147.000 0.737212
148.000 0.742073
149.000 0.742073
150.000 0.728289
151.000 0.718346
152.000 0.726303
153.000 0.702538
154.000 0.704201
155.000 0.704201
156.000 0.706648
157.000 0.713967
158.000 0.716873
159.000 0.716873
160.000 0.716873
161.000 0.716873
162.000 0.710656
163.000 0.709667
164.000 0.708678
165.000 0.708656
166.000 0.708656
167.000 0.713849
168.000 0.714111
169.000 0.710289
170.000 0.710289
171.000 0.728271
172.000 0.722549
173.000 0.722549
174.000 0.673978
175.000 0.645981
176.000 0.645981
177.000 0.674449
178.000 0.699699
179.000 0.728218
180.000 0.728218
181.000 0.725639
182.000 0.721703
183.000 0.721703
184.000 0.662263
185.000 0.628494
186.000 0.669922
187.000 0.669922
188.000 0.692166
189.000 0.665385
190.000 0.664917
191.000 0.714854
192.000 0.729530
193.000 0.708759
194.000 0.702812
195.000 0.702812
196.000 0.722290
197.000 0.722290
198.000 0.725320
199.000 0.723670
200.000 0.722020
201.000 0.721695
202.000 0.721695
203.000 0.709729
204.000 0.718300
205.000 0.718300
206.000 0.114265
207.000 0.114265
208.000 0.114265
209.000 0.114265
210.000 0.114265
211.000 0.114265
212.000 0.114265
213.000 0.114265
214.000 0.114265
215.000 0.738785
216.000 0.716797
217.000 0.716797
218.000 0.716797
219.000 0.721026
220.000 0.723015
221.000 0.723015
222.000 0.616325
223.000 0.616325
224.000 0.696205
225.000 0.696205
226.000 0.714670
227.000 0.735924
228.000 0.720421
229.000 0.720421
230.000 0.720421
231.000 0.720421
232.000 0.720421
233.000 0.708358
234.000 0.711886
235.000 0.715413
236.000 0.718940
237.000 0.719788
238.000 0.719788
239.000 0.658989
240.000 0.653175
241.000 0.692862
242.000 0.718697
243.000 0.729164
244.000 0.661720
245.000 0.662009
246.000 0.704834
247.000 0.704834
248.000 0.704834
249.000 0.704834
250.000 0.704834
251.000 0.704834
252.000 0.704834
253.000 0.700228
254.000 0.693624
255.000 0.687019
256.000 0.680415
257.000 0.673811
258.000 0.667207
259.000 0.665932
260.000 0.723007
261.000 0.718910
262.000 0.718910
263.000 0.738411
264.000 0.738411
265.000 0.653931
266.000 0.653931
267.000 0.699381
268.000 0.720146
269.000 0.716896
270.000 0.718526
271.000 0.719131
272.000 0.663010
273.000 0.663010
274.000 0.663010
275.000 0.663010
276.000 0.663010
277.000 0.693931
278.000 0.693967
279.000 0.694003
280.000 0.694040
281.000 0.694076
282.000 0.694077
283.000 0.719200
284.000 0.682419
285.000 0.720222
286.000 0.720222
287.000 0.670761
288.000 0.687378
289.000 0.687378
290.000 0.720169
291.000 0.720169
292.000 0.715126
293.000 0.715126
294.000 0.717078
295.000 0.719070
296.000 0.718906
297.000 0.702954
298.000 0.764206
299.000 0.764206
300.000 0.718529
301.000 0.651337
302.000 0.651337
303.000 0.651337
304.000 0.692345
305.000 0.692345
306.000 0.714897
307.000 0.714897
308.000 0.714897
309.000 0.703580
310.000 0.685379
311.000 0.685379
312.000 0.702614
313.000 0.702614
314.000 0.708015
315.000 0.720551
316.000 0.720572
317.000 0.729065
318.000 0.729065
319.000 0.654564
320.000 0.664197
321.000 0.672890
322.000 0.672890
323.000 0.715401
324.000 0.715401
325.000 0.694215
326.000 0.687813
327.000 0.687813
328.000 0.715173
329.000 0.716339
330.000 0.716339
331.000 0.718765
332.000 0.718765
333.000 0.718765
334.000 0.719238
335.000 0.719238
336.000 0.657692
337.000 0.657692
338.000 0.630383
339.000 0.502106
340.000 0.502106
341.000 0.710526
342.000 0.710640
343.000 0.710640
344.000 0.693108
345.000 0.705582
346.000 0.705582
347.000 0.706861
348.000 0.713281
349.000 0.715149
350.000 0.715149
351.000 0.701270
352.000 0.722000
353.000 0.706462
354.000 0.659813
355.000 0.659813
356.000 0.695833
357.000 0.688728
358.000 0.688728
359.000 0.722351
