0.000 0.223526
1.000 0.591934
2.000 0.483047
3.000 0.483047
4.000 0.435436
5.000 0.426476
6.000 0.376259
7.000 0.376259
8.000 0.390869
9.000 0.485863
10.000 0.425131
11.000 0.315855
12.000 0.320488
13.000 0.320488
14.000 0.548546
15.000 0.547779
16.000 0.533791
17.000 0.538984
18.000 0.539726
19.000 0.539711
20.000 0.539711
21.000 0.492706
22.000 0.492706
23.000 0.508842
24.000 0.492874
25.000 0.492874
26.000 0.377083
27.000 0.279739
28.000 0.279739
29.000 0.279739
30.000 0.337013
31.000 0.337013
32.000 0.538506
33.000 0.538506
34.000 0.512252
35.000 0.404110
36.000 0.320137
37.000 0.320137
38.000 0.501450
39.000 0.501450
40.000 0.193336
41.000 0.193336
42.000 0.193336
43.000 0.193336
44.000 0.193336
45.000 0.193336
46.000 0.193336
47.000 0.648153
48.000 0.525795
49.000 0.525795
50.000 0.497681
51.000 0.479408
52.000 0.479408
53.000 0.489831
54.000 0.506630
55.000 0.506630
56.000 0.484482
57.000 0.427452
58.000 0.427452
59.000 0.426549
60.000 0.375703
61.000 0.336906
62.000 0.512337
63.000 0.604362
64.000 0.604362
65.000 0.641731
66.000 0.429893
67.000 0.429893
68.000 0.525520
69.000 0.525520
70.000 0.539101
71.000 0.539101
72.000 0.512558
73.000 0.512558
74.000 0.478762
75.000 0.456917
76.000 0.441706
77.000 0.423729
78.000 0.430313
79.000 0.502991
80.000 0.547028
81.000 0.403809
82.000 0.403809
83.000 0.548790
84.000 0.548790
85.000 0.499001
86.000 0.488297
87.000 0.488297
88.000 0.516693
89.000 0.516693
90.000 0.516693
91.000 0.516693
92.000 0.497467
93.000 0.497467
94.000 0.497467
95.000 0.496936
96.000 0.491021
97.000 0.485153
98.000 0.485153
99.000 0.417198
100.000 0.417198
101.000 0.206101
102.000 0.205025
103.000 0.205025
104.000 0.384270
105.000 0.506950
106.000 0.506950
107.000 0.437691
108.000 0.437691
109.000 0.437691
110.000 0.437691
111.000 0.586498
112.000 0.602081
113.000 0.493355
114.000 0.493355
115.000 0.349849
116.000 0.316238
117.000 0.316238
118.000 0.484505
119.000 0.484505
120.000 0.558968
121.000 0.617180
122.000 0.566360
123.000 0.566360
124.000 0.535534
125.000 0.518112
126.000 0.518112
127.000 0.410179
128.000 0.474144
129.000 0.474144
130.000 0.376991
131.000 0.376991
132.000 0.411515
133.000 0.457535
134.000 0.455292
135.000 0.452515
136.000 0.789146
137.000 0.488449
138.000 0.416710
139.000 0.416710
140.000 0.482056
141.000 0.482056
142.000 0.482056
143.000 0.512016
144.000 0.534744
145.000 0.534744
146.000 0.615174
147.000 0.528214
148.000 0.528214
149.000 0.268135
150.000 0.268135
151.000 0.268135
152.000 0.868459
153.000 1.110428
154.000 0.515991
155.000 0.515991
156.000 0.515991
157.000 0.551353
158.000 0.551353
159.000 0.566195
160.000 0.585564
161.000 0.585564
162.000 0.455658
163.000 0.484383
164.000 0.484383
165.000 0.514496
166.000 0.514496
167.000 0.514496
168.000 0.514496
169.000 0.441176
170.000 0.398857
171.000 0.361137
172.000 0.361137
173.000 0.427696
174.000 0.427696
175.000 0.427696
176.000 0.427696
177.000 0.427696
178.000 0.427696
179.000 0.427696
180.000 0.356798
181.000 0.372131
182.000 0.387464
183.000 0.402796
184.000 0.418129
185.000 0.421402
186.000 0.421402
187.000 0.523384
188.000 0.523384
189.000 0.416832
190.000 0.416832
191.000 0.416832
192.000 0.407135
193.000 0.407135
194.000 0.422775
195.000 0.422775
196.000 0.422775
197.000 0.562714
198.000 0.562714
199.000 0.512215
200.000 0.512215
201.000 0.512215
202.000 0.227837
203.000 0.227837
204.000 0.384140
205.000 0.491768
206.000 0.491768
207.000 0.501862
208.000 0.508682
209.000 0.508682
210.000 0.532971
211.000 0.750809
212.000 0.750809
213.000 0.568810
214.000 0.403633
215.000 0.403633
216.000 0.452395
217.000 0.500992
218.000 0.500992
219.000 0.497986
220.000 0.497986
221.000 0.426819
222.000 0.426819
223.000 0.426819
224.000 0.465698
225.000 0.497719
226.000 0.497719
227.000 0.684013
228.000 0.231667
229.000 0.231667
230.000 0.231667
231.000 0.546364
232.000 0.546364
233.000 0.525964
234.000 0.493118
235.000 0.493118
236.000 0.683952
237.000 0.683952
238.000 0.648177
239.000 0.438676
240.000 0.320251
241.000 0.403946
242.000 0.403946
243.000 0.728062
244.000 0.734413
245.000 0.734413
246.000 0.403198
247.000 0.403198
248.000 0.403198
249.000 0.403198
250.000 0.416611
251.000 0.440153
252.000 0.453819
253.000 0.453819
254.000 0.453819
255.000 1.177483
256.000 0.512856
257.000 0.512856
258.000 0.085480
259.000 0.085480
260.000 0.085480
261.000 0.085480
262.000 0.085480
263.000 0.085480
264.000 0.085480
265.000 0.085480
266.000 0.085480
267.000 0.548180
268.000 0.526503
269.000 0.403961
270.000 0.403961
271.000 0.403961
272.000 0.403961
273.000 0.509048
274.000 0.509048
275.000 0.453537
276.000 0.453537
277.000 0.438354
278.000 0.438354
279.000 0.363495
280.000 0.363495
281.000 0.363495
282.000 0.393233
283.000 0.394455
284.000 0.394455
285.000 0.421030
286.000 0.431732
287.000 0.855789
288.000 0.458839
289.000 0.458839
290.000 0.404037
291.000 0.404037
292.000 0.404037
293.000 0.531242
294.000 0.528351
295.000 0.525795
296.000 0.488075
297.000 0.488075
298.000 0.267921
299.000 0.267921
300.000 0.267921
301.000 0.484306
302.000 0.484306
303.000 0.484306
304.000 0.459805
305.000 0.443472
306.000 0.430206
307.000 0.430206
308.000 0.523979
309.000 0.523979
310.000 0.358002
311.000 0.640511
312.000 0.640511
313.000 0.518345
314.000 0.403473
315.000 0.403473
316.000 0.403473
317.000 0.403473
318.000 0.339600
319.000 0.339600
320.000 0.339600
321.000 0.430176
322.000 0.430176
323.000 0.430176
324.000 0.453668
325.000 0.529434
326.000 0.529434
327.000 0.529434
328.000 0.434296
329.000 0.434296
330.000 0.463352
331.000 0.537903
332.000 0.537903
333.000 0.485110
334.000 0.429733
335.000 0.683411
336.000 0.448334
337.000 0.448334
338.000 0.430305
339.000 0.430305
340.000 0.454383
341.000 0.540314
342.000 0.540314
343.000 0.899170
344.000 0.420540
345.000 0.420540
346.000 0.403397
347.000 0.403397
348.000 0.540916
349.000 0.540916
350.000 0.303047
351.000 0.303047
352.000 0.403442
353.000 0.403442
354.000 0.545158
355.000 0.545158
356.000 0.555966
357.000 0.565529
358.000 0.565529
359.000 0.497833
