0.000 0.203499
1.000 0.203499
2.000 0.203499
3.000 1.960645
4.000 3.745140
5.000 3.606987
6.000 3.671265
7.000 3.671265
8.000 4.149631
9.000 4.111847
10.000 4.111847
11.000 4.111847
12.000 3.575517
13.000 3.237667
14.000 2.899818
15.000 2.794701
16.000 4.069344
17.000 4.069344
18.000 3.903831
19.000 3.950378
20.000 4.223111
21.000 3.670230
22.000 3.714493
23.000 4.072525
24.000 3.956848
25.000 3.994388
26.000 4.047635
27.000 4.100881
28.000 4.092482
29.000 4.072463
30.000 4.052444
31.000 4.032425
32.000 3.673462
33.000 3.529324
34.000 3.641308
35.000 3.747203
36.000 3.853099
37.000 3.947365
38.000 4.239029
39.000 4.239029
40.000 4.239029
41.000 4.239029
42.000 4.239029
43.000 4.239029
44.000 4.166287
45.000 4.093942
46.000 4.016186
47.000 3.938429
48.000 3.875404
49.000 4.001658
50.000 4.096764
51.000 3.864765
52.000 3.625508
53.000 3.386252
54.000 3.699654
55.000 3.898144
56.000 3.366018
57.000 2.901543
58.000 3.188317
59.000 3.584597
60.000 3.953979
61.000 4.117646
62.000 4.262832
63.000 4.296326
64.000 4.002028
65.000 3.869978
66.000 3.760127
67.000 3.650276
68.000 3.540425
69.000 3.430574
70.000 3.360634
71.000 4.098404
72.000 3.920547
73.000 3.962974
74.000 4.006503
75.000 4.050032
76.000 4.093561
77.000 4.137090
78.000 3.923157
79.000 3.860059
80.000 3.787755
81.000 3.660154
82.000 3.180127
83.000 3.889964
84.000 4.264930
85.000 2.814644
86.000 3.315531
87.000 4.006730
88.000 4.098070
89.000 4.104688
90.000 4.111306
91.000 4.117925
92.000 4.124543
93.000 4.125490
94.000 4.102476
95.000 4.031843
96.000 3.961210
97.000 3.890576
98.000 3.819943
99.000 3.749310
100.000 3.701775
101.000 4.135406
102.000 4.130387
103.000 3.960179
104.000 2.783157
105.000 3.431674
106.000 4.026642
107.000 4.091040
108.000 4.157111
109.000 4.223183
110.000 4.240913
111.000 4.152611
112.000 4.173961
113.000 4.193718
114.000 4.208286
115.000 3.629768
116.000 3.629768
117.000 3.629768
118.000 3.629768
119.000 3.738627
120.000 3.888639
121.000 4.038651
122.000 4.060151
123.000 4.015839
124.000 3.995515
125.000 3.974684
126.000 3.953854
127.000 3.955882
128.000 3.968098
129.000 3.979637
130.000 4.026486
131.000 4.087276
132.000 4.148066
133.000 4.065094
134.000 4.329128
135.000 4.299522
136.000 4.017821
137.000 3.736120
138.000 3.534271
139.000 3.990998
140.000 3.961410
141.000 3.931821
142.000 3.906982
143.000 3.982674
144.000 4.060733
145.000 4.098827
146.000 4.075547
147.000 4.208847
148.000 4.208847
149.000 4.208847
150.000 4.208847
151.000 4.208847
152.000 4.047235
153.000 3.881082
154.000 3.896619
155.000 4.011313
156.000 4.126006
157.000 4.240699
158.000 4.320869
159.000 4.244278
160.000 4.070430
161.000 3.891513
162.000 3.756264
163.000 3.934018
164.000 3.936295
165.000 3.938572
166.000 3.940849
167.000 3.967715
168.000 4.081353
169.000 4.194992
170.000 4.308630
171.000 4.280770
172.000 4.157824
173.000 4.046867
174.000 3.971344
175.000 3.866837
176.000 3.807045
177.000 4.168259
178.000 4.207800
179.000 3.780205
180.000 3.782341
181.000 3.797141
182.000 3.863309
183.000 3.929478
184.000 3.995647
185.000 4.057922
186.000 4.057922
187.000 4.057922
188.000 4.057922
189.000 4.057922
190.000 4.057922
191.000 4.057022
192.000 4.052998
193.000 4.048973
194.000 4.044949
195.000 3.928734
196.000 3.415596
197.000 3.041710
198.000 4.027145
199.000 4.027145
200.000 4.027145
201.000 4.027145
202.000 4.027145
203.000 4.027145
204.000 4.027145
205.000 4.027145
206.000 4.027145
207.000 3.995256
208.000 3.927067
209.000 3.910668
210.000 4.031341
211.000 4.018805
212.000 3.875470
213.000 3.657480
214.000 3.381369
215.000 3.369710
216.000 3.460839
217.000 3.551968
218.000 3.569744
219.000 3.487355
220.000 3.420776
221.000 3.547392
222.000 3.723574
223.000 3.899756
224.000 4.020330
225.000 4.122173
226.000 4.043346
227.000 3.964520
228.000 3.912315
229.000 4.218304
230.000 4.142044
231.000 4.065783
232.000 4.105148
233.000 4.223181
234.000 4.341213
235.000 4.297718
236.000 4.153455
237.000 4.053322
238.000 3.968464
239.000 3.881222
240.000 3.880567
241.000 3.986294
242.000 4.092021
243.000 4.197748
244.000 4.259285
245.000 4.166050
246.000 4.100680
247.000 4.128422
248.000 4.156164
249.000 4.231918
250.000 4.231918
251.000 4.231918
252.000 4.231918
253.000 4.231918
254.000 4.231918
255.000 4.231918
256.000 4.231918
257.000 4.231918
258.000 4.231918
259.000 4.135754
260.000 3.701929
261.000 3.796006
262.000 4.067421
263.000 3.941429
264.000 3.965905
265.000 3.879728
266.000 3.702263
267.000 3.952176
268.000 4.050739
269.000 4.053351
270.000 4.055963
271.000 4.058575
272.000 4.061066
273.000 4.267270
274.000 4.012569
275.000 3.828174
276.000 4.223045
277.000 4.295324
278.000 4.342641
279.000 4.288011
280.000 4.203808
281.000 4.119605
282.000 3.896230
283.000 4.077440
284.000 4.092748
285.000 4.108055
286.000 4.123363
287.000 4.138670
288.000 4.162653
289.000 4.204833
290.000 4.217275
291.000 4.167872
292.000 4.138952
293.000 4.136499
294.000 4.134045
295.000 4.131996
296.000 4.358917
297.000 4.358917
298.000 4.358917
299.000 4.358917
300.000 4.358917
301.000 4.358917
302.000 4.358917
303.000 4.358917
304.000 4.358917
305.000 1.609311
306.000 2.352710
307.000 3.096108
308.000 3.192808
309.000 2.754668
310.000 2.316528
311.000 1.878388
312.000 1.474243
313.000 2.786087
314.000 2.855917
315.000 3.004281
316.000 3.135849
317.000 3.233171
318.000 3.322380
319.000 3.541219
320.000 3.526388
321.000 3.523422
322.000 3.523422
323.000 3.523422
324.000 3.523422
325.000 3.523422
326.000 3.523422
327.000 3.523422
328.000 3.521238
329.000 3.518211
330.000 3.516502
331.000 3.516502
332.000 3.541144
333.000 3.545578
334.000 3.545578
335.000 3.545578
336.000 3.545578
337.000 3.545578
338.000 3.545578
339.000 1.006274
340.000 1.979469
341.000 2.952664
342.000 3.517403
343.000 3.684691
344.000 4.205152
345.000 4.270779
346.000 4.284515
347.000 4.298252
348.000 4.205196
349.000 3.906769
350.000 3.949842
351.000 3.994355
352.000 4.023034
353.000 4.065458
354.000 4.107882
355.000 4.162270
356.000 4.135473
357.000 4.210421
358.000 4.285368
359.000 4.360316
