0.000 0.777542
1.000 0.777542
2.000 0.777542
3.000 0.777542
4.000 0.777542
5.000 2.601997
6.000 2.187141
7.000 3.228470
8.000 3.207954
9.000 1.932045
10.000 1.932045
11.000 2.828804
12.000 2.821381
13.000 2.821381
14.000 2.490662
15.000 2.490662
16.000 2.515288
17.000 2.555946
18.000 2.555946
19.000 2.337715
20.000 2.337715
21.000 2.793168
22.000 3.188843
23.000 3.188164
24.000 2.672318
25.000 3.158836
26.000 2.474862
27.000 2.588837
28.000 2.588837
29.000 3.230034
30.000 3.230034
31.000 3.230034
32.000 3.133613
33.000 3.153054
34.000 3.160240
35.000 3.160240
36.000 2.882019
37.000 2.882019
38.000 3.189679
39.000 3.218872
40.000 3.218872
41.000 3.218872
42.000 3.218872
43.000 2.954342
44.000 2.884927
45.000 2.858566
46.000 2.858566
47.000 2.883015
48.000 3.075188
49.000 3.075188
50.000 3.075188
51.000 2.107506
52.000 2.107506
53.000 2.423080
54.000 2.423080
55.000 2.423080
56.000 2.767793
57.000 3.232689
58.000 3.008896
59.000 3.008896
60.000 3.057831
61.000 3.057831
62.000 3.057831
63.000 3.101579
64.000 3.189838
65.000 3.265549
66.000 3.265549
67.000 2.794235
68.000 2.987389
69.000 2.987389
70.000 2.740837
71.000 3.124809
72.000 2.923416
73.000 3.091461
74.000 3.057495
75.000 3.172468
76.000 3.411736
77.000 2.864807
78.000 2.864807
79.000 2.735680
80.000 2.735680
81.000 2.290588
82.000 2.290588
83.000 3.044807
84.000 3.360153
85.000 3.211372
86.000 3.211372
87.000 3.193705
88.000 3.190086
89.000 3.086716
90.000 3.086716
91.000 3.107430
92.000 3.108093
93.000 2.628716
94.000 2.628716
95.000 2.489059
96.000 2.489059
97.000 2.660439
98.000 2.660439
99.000 3.071777
100.000 3.071777
101.000 2.807022
102.000 2.807022
103.000 2.786618
104.000 2.669138
105.000 2.647034
106.000 3.212837
107.000 2.453239
108.000 2.453239
109.000 3.313477
110.000 3.313477
111.000 2.903259
112.000 2.903259
113.000 3.131798
114.000 3.131798
115.000 3.105508
116.000 3.049164
117.000 3.049164
118.000 3.201874
119.000 3.052597
120.000 3.052597
121.000 3.394341
122.000 3.394341
123.000 2.997925
124.000 2.997925
125.000 3.067307
126.000 3.067307
127.000 3.067307
128.000 3.067307
129.000 2.737786
130.000 2.653412
131.000 2.653412
132.000 2.653412
133.000 2.653412
134.000 2.446331
135.000 2.037880
136.000 2.037880
137.000 2.037880
138.000 2.037880
139.000 3.448677
140.000 3.448677
141.000 2.785812
142.000 2.429977
143.000 2.429977
144.000 2.429977
145.000 2.263791
146.000 2.153625
147.000 2.153625
148.000 2.153625
149.000 2.153625
150.000 2.153625
151.000 3.312252
152.000 3.307483
153.000 3.303955
154.000 3.303955
155.000 2.409172
156.000 2.727684
157.000 3.775742
158.000 2.959328
159.000 3.092766
160.000 3.092766
161.000 2.271362
162.000 2.271362
163.000 3.201630
164.000 3.201630
165.000 2.784503
166.000 2.212064
167.000 1.897583
168.000 1.897583
169.000 1.897583
170.000 1.897583
171.000 1.897583
172.000 3.113907
173.000 3.113907
174.000 3.113907
175.000 2.700369
176.000 2.429604
177.000 2.429604
178.000 2.192024
179.000 2.192024
180.000 3.209686
181.000 3.209686
182.000 3.112003
183.000 3.026283
184.000 3.132378
185.000 3.060498
186.000 2.974655
187.000 2.535217
188.000 2.535217
189.000 2.846481
190.000 2.846481
191.000 2.722900
192.000 2.722900
193.000 2.722900
194.000 2.722900
195.000 2.722900
196.000 2.722900
197.000 2.722900
198.000 2.885979
199.000 2.696382
200.000 2.506784
201.000 2.317187
202.000 2.181664
203.000 2.181664
204.000 2.616883
205.000 2.699844
206.000 3.333954
207.000 2.846626
208.000 2.941528
209.000 2.585739
210.000 2.585739
211.000 2.390817
212.000 2.368187
213.000 1.329636
214.000 1.329636
215.000 1.329636
216.000 1.329636
217.000 2.919800
218.000 2.919800
219.000 1.680641
220.000 2.285286
221.000 2.285286
222.000 3.047462
223.000 3.047462
224.000 2.490891
225.000 2.490891
226.000 2.490891
227.000 2.490891
228.000 2.956902
229.000 2.987129
230.000 2.987129
231.000 2.987129
232.000 3.015442
233.000 3.094819
234.000 3.160576
235.000 3.160576
236.000 2.657402
237.000 3.121368
238.000 3.121368
239.000 3.121368
240.000 3.121368
241.000 3.121368
242.000 3.156231
243.000 3.145454
244.000 3.137398
245.000 3.137398
246.000 3.137398
247.000 2.020638
248.000 2.020638
249.000 2.020638
250.000 3.054222
251.000 3.054222
252.000 2.889824
253.000 2.889824
254.000 2.889824
255.000 2.889824
256.000 2.491348
257.000 2.491348
258.000 2.491348
259.000 2.289017
260.000 2.289017
261.000 2.289017
262.000 2.464413
263.000 2.467865
264.000 2.467865
265.000 2.467865
266.000 2.797617
267.000 2.619499
268.000 2.916527
269.000 2.916527
270.000 2.916527
271.000 3.168266
272.000 3.168266
273.000 3.041665
274.000 2.860983
275.000 2.706970
276.000 2.706970
277.000 2.365387
278.000 2.819511
279.000 2.819511
280.000 2.819511
281.000 2.957519
282.000 3.026047
283.000 3.026047
284.000 2.775993
285.000 2.775993
286.000 2.775993
287.000 2.775993
288.000 3.145357
289.000 3.261330
290.000 3.377304
291.000 3.493278
292.000 3.519730
293.000 2.782242
294.000 2.718025
295.000 2.718025
296.000 2.840381
297.000 3.164978
298.000 3.164978
299.000 3.164978
300.000 3.174850
301.000 3.174850
302.000 3.174850
303.000 2.795161
304.000 2.454826
305.000 2.454826
306.000 2.454826
307.000 2.181808
308.000 2.181808
309.000 1.008202
310.000 1.008202
311.000 1.008202
312.000 1.008202
313.000 1.008202
314.000 1.971642
315.000 1.971642
316.000 1.971642
317.000 2.447655
318.000 2.447655
319.000 2.619423
320.000 2.619423
321.000 2.840122
322.000 2.975716
323.000 2.975716
324.000 2.975716
325.000 2.349350
326.000 2.410121
327.000 2.439674
328.000 2.660324
329.000 2.660324
330.000 3.091298
331.000 3.193077
332.000 3.193077
333.000 2.936440
334.000 2.936440
335.000 2.518433
336.000 2.518433
337.000 3.194214
338.000 3.157341
339.000 3.157341
340.000 3.157341
341.000 2.969215
342.000 2.969215
343.000 2.970720
344.000 3.027084
345.000 3.027084
346.000 3.027084
347.000 3.027084
348.000 1.904907
349.000 1.904907
350.000 1.904907
351.000 1.904907
352.000 2.201517
353.000 2.658063
354.000 2.716583
355.000 2.716583
356.000 2.246254
357.000 2.690010
358.000 2.690010
359.000 2.690010
