0.000 5.412025
1.000 5.412025
2.000 5.412025
3.000 8.288979
4.000 7.169258
5.000 8.026948
6.000 8.485641
7.000 8.417973
8.000 8.039238
9.000 4.815620
10.000 4.815620
11.000 4.815620
12.000 4.815620
13.000 5.988596
14.000 7.319083
15.000 1.609444
16.000 0.326424
17.000 0.326424
18.000 0.932461
19.000 2.245316
20.000 2.398009
21.000 2.806499
22.000 2.934891
23.000 2.840279
24.000 3.047487
25.000 3.604800
26.000 4.145612
27.000 5.048728
28.000 4.821985
29.000 3.218206
30.000 3.070228
31.000 3.584109
32.000 2.347707
33.000 0.193031
34.000 0.193031
35.000 0.193031
36.000 5.889069
37.000 6.191633
38.000 6.255679
39.000 6.128333
40.000 6.420167
41.000 7.354715
42.000 7.750715
43.000 7.711229
44.000 7.811417
45.000 8.101646
46.000 8.064496
47.000 7.965109
48.000 7.771401
49.000 7.406792
50.000 7.542608
51.000 7.905948
52.000 5.341462
53.000 1.067360
54.000 1.328944
55.000 2.023174
56.000 2.684433
57.000 3.602792
58.000 4.856788
59.000 7.352834
60.000 8.245533
61.000 7.858503
62.000 5.557516
63.000 0.355232
64.000 0.859604
65.000 2.198174
66.000 2.937866
67.000 2.988903
68.000 3.207440
69.000 3.719306
70.000 4.013138
71.000 4.013138
72.000 3.856277
73.000 3.437866
74.000 4.123713
75.000 5.939091
76.000 6.715214
77.000 7.429068
78.000 7.724307
79.000 7.851136
80.000 7.921860
81.000 7.921860
82.000 7.307109
83.000 5.675597
84.000 4.833862
85.000 4.833862
86.000 2.814906
87.000 0.432228
88.000 1.252076
89.000 3.422143
90.000 0.980949
91.000 0.980949
92.000 1.452559
93.000 2.411385
94.000 3.394443
95.000 5.996516
96.000 7.162312
97.000 7.773789
98.000 8.080501
99.000 7.910645
100.000 8.051335
101.000 9.008774
102.000 8.920926
103.000 8.193695
104.000 7.549532
105.000 6.070886
106.000 5.696400
107.000 6.928496
108.000 7.801368
109.000 8.243239
110.000 8.446460
111.000 8.132406
112.000 7.922990
113.000 7.976077
114.000 8.087692
115.000 8.621516
116.000 8.905850
117.000 8.467073
118.000 8.166861
119.000 8.336073
120.000 8.340910
121.000 8.204239
122.000 8.171242
123.000 7.936249
124.000 7.972993
125.000 8.208954
126.000 8.121404
127.000 7.575317
128.000 7.625699
129.000 8.026196
130.000 8.249817
131.000 8.144868
132.000 8.073999
133.000 8.126075
134.000 8.147783
135.000 7.975509
136.000 7.836670
137.000 7.836670
138.000 7.886448
139.000 8.282149
140.000 6.669698
141.000 0.408791
142.000 0.985210
143.000 5.460565
144.000 8.945758
145.000 8.121700
146.000 7.027917
147.000 3.602726
148.000 2.144133
149.000 5.358477
150.000 7.966003
151.000 7.966003
152.000 5.983639
153.000 0.320572
154.000 0.891970
155.000 5.328341
156.000 8.927650
157.000 8.927650
158.000 8.868603
159.000 8.410152
160.000 8.020122
161.000 7.853342
162.000 7.742249
163.000 7.883616
164.000 7.999100
165.000 7.999100
166.000 7.999100
167.000 7.999100
168.000 7.999100
169.000 7.999100
170.000 7.999100
171.000 7.999100
172.000 7.434450
173.000 3.050476
174.000 1.145500
175.000 2.912468
176.000 4.304268
177.000 4.304268
178.000 4.156215
179.000 3.006719
180.000 2.266261
181.000 2.367452
182.000 2.428181
183.000 2.394761
184.000 2.398282
185.000 2.600049
186.000 2.474897
187.000 0.533348
188.000 0.781640
189.000 1.942975
190.000 2.847352
191.000 3.528679
192.000 4.098531
193.000 4.688788
194.000 5.237256
195.000 6.053911
196.000 6.754740
197.000 7.152043
198.000 6.259114
199.000 0.479637
200.000 0.468768
201.000 0.438660
202.000 0.438660
203.000 0.438660
204.000 7.570454
205.000 8.060152
206.000 8.435595
207.000 8.306947
208.000 7.648611
209.000 3.256480
210.000 2.151454
211.000 5.597302
212.000 8.109812
213.000 8.054475
214.000 8.000600
215.000 7.899654
216.000 7.835928
217.000 7.904977
218.000 7.989779
219.000 8.253689
220.000 8.435925
221.000 8.301741
222.000 8.198348
223.000 8.183477
224.000 8.144462
225.000 7.926012
226.000 7.836831
227.000 8.377438
228.000 8.827619
229.000 9.037172
230.000 9.091674
231.000 8.309614
232.000 7.679611
233.000 7.679611
234.000 7.667094
235.000 7.569906
236.000 7.610384
237.000 8.406065
238.000 8.870394
239.000 8.016120
240.000 7.442587
241.000 7.785190
242.000 8.046380
243.000 8.130613
244.000 8.174759
245.000 8.039264
246.000 7.944335
247.000 7.957688
248.000 7.993864
249.000 8.196371
250.000 8.238899
251.000 8.207053
252.000 8.218093
253.000 8.445514
254.000 8.550499
255.000 8.113366
256.000 8.048645
257.000 8.318062
258.000 8.240105
259.000 7.644101
260.000 7.629715
261.000 7.999404
262.000 8.343839
263.000 9.023471
264.000 9.218179
265.000 9.291500
266.000 9.262111
267.000 8.628909
268.000 8.272758
269.000 8.999539
270.000 6.319272
271.000 0.156906
272.000 0.156906
273.000 0.156906
274.000 0.156906
275.000 0.156906
276.000 0.156906
277.000 0.156906
278.000 8.031065
279.000 7.954953
280.000 7.892166
281.000 7.892166
282.000 7.549067
283.000 4.945854
284.000 2.318812
285.000 0.629845
286.000 0.162003
287.000 0.162003
288.000 0.162003
289.000 0.162003
290.000 0.162003
291.000 0.162003
292.000 0.162003
293.000 0.162003
294.000 3.475263
295.000 1.159662
296.000 1.168745
297.000 4.020378
298.000 4.322890
299.000 6.618149
300.000 8.164512
301.000 8.298477
302.000 4.451340
303.000 4.451340
304.000 2.047333
305.000 2.047333
306.000 2.047333
307.000 2.047333
308.000 8.457112
309.000 8.559326
310.000 8.461130
311.000 7.918831
312.000 7.905093
313.000 7.800860
314.000 7.815984
315.000 8.004210
316.000 0.372589
317.000 0.372589
318.000 0.886976
319.000 4.760421
320.000 7.961823
321.000 7.961823
322.000 7.843274
323.000 6.929949
324.000 6.042328
325.000 7.049975
326.000 8.190107
327.000 7.729661
328.000 7.214607
329.000 7.699831
330.000 8.249473
331.000 7.143770
332.000 5.856400
333.000 0.955208
334.000 0.955208
335.000 4.681948
336.000 8.908244
337.000 9.102059
338.000 8.980655
339.000 8.973099
340.000 8.973099
341.000 8.415983
342.000 7.784189
343.000 3.122523
344.000 0.686714
345.000 3.939047
346.000 7.458099
347.000 7.458099
348.000 7.458099
349.000 0.197372
350.000 0.197372
351.000 0.197372
352.000 0.197372
353.000 0.197372
354.000 0.197372
355.000 0.197372
356.000 0.197372
357.000 0.197372
358.000 0.197372
359.000 6.554986
