0.000 0.413551
1.000 0.413551
2.000 0.413551
3.000 0.413551
4.000 0.413551
5.000 0.413551
6.000 0.413551
7.000 0.413551
8.000 5.371010
9.000 5.741915
10.000 5.646072
11.000 5.117828
12.000 5.117828
13.000 3.976463
14.000 3.976463
15.000 4.883127
16.000 5.567390
17.000 5.693574
18.000 5.867157
19.000 5.728795
20.000 5.696241
21.000 5.727165
22.000 5.573067
23.000 5.108932
24.000 5.746040
25.000 5.746040
26.000 5.753067
27.000 5.765640
28.000 5.763492
29.000 5.706398
30.000 5.720239
31.000 5.759712
32.000 5.817093
33.000 5.817093
34.000 5.611610
35.000 5.611610
36.000 5.700482
37.000 5.721489
38.000 5.721489
39.000 5.769508
40.000 5.769508
41.000 5.731499
42.000 5.731499
43.000 5.861244
44.000 5.861244
45.000 5.600121
46.000 5.664560
47.000 5.786956
48.000 5.489693
49.000 5.733635
50.000 5.908150
51.000 5.758797
52.000 5.671852
53.000 5.083603
54.000 5.659592
55.000 5.347534
56.000 5.409703
57.000 5.918823
58.000 5.654861
59.000 5.654861
60.000 5.806639
61.000 5.831718
62.000 5.795378
63.000 5.788094
64.000 5.723183
65.000 5.723183
66.000 5.133484
67.000 5.133484
68.000 5.787086
69.000 5.787086
70.000 5.797318
71.000 5.797554
72.000 5.747576
73.000 5.727959
74.000 5.459790
75.000 5.431549
76.000 5.451897
77.000 5.451897
78.000 5.825790
79.000 5.825790
80.000 5.802261
81.000 5.802261
82.000 5.485496
83.000 5.403236
84.000 5.687123
85.000 5.799400
86.000 5.561980
87.000 5.527412
88.000 5.086548
89.000 4.969009
90.000 5.438340
91.000 5.559662
92.000 5.846184
93.000 5.846184
94.000 5.412163
95.000 5.412163
96.000 5.756672
97.000 5.816483
98.000 5.824330
99.000 5.826241
100.000 5.860840
101.000 5.869591
102.000 5.388598
103.000 5.358635
104.000 5.493334
105.000 5.502815
106.000 5.457520
107.000 5.457520
108.000 4.929688
109.000 4.929688
110.000 4.721405
111.000 4.721405
112.000 5.158989
113.000 5.158989
114.000 5.820755
115.000 5.848267
116.000 5.087486
117.000 5.087486
118.000 5.129852
119.000 5.129852
120.000 5.774689
121.000 5.805885
122.000 5.814818
123.000 5.815941
124.000 5.817070
125.000 5.817223
126.000 5.087463
127.000 5.087463
128.000 5.743538
129.000 5.743538
130.000 5.296379
131.000 5.296379
132.000 5.577255
133.000 5.752663
134.000 5.533199
135.000 5.434891
136.000 5.618218
137.000 5.829666
138.000 5.824661
139.000 5.818733
140.000 5.769914
141.000 5.708282
142.000 5.190960
143.000 4.777878
144.000 5.279713
145.000 5.857735
146.000 5.820129
147.000 5.774536
148.000 5.777143
149.000 5.780289
150.000 5.804451
151.000 5.839577
152.000 5.861435
153.000 5.879242
154.000 5.373611
155.000 5.155212
156.000 5.840393
157.000 5.840393
158.000 5.116798
159.000 5.116798
160.000 5.846542
161.000 5.846542
162.000 5.433187
163.000 5.283195
164.000 5.731259
165.000 5.831604
166.000 5.577320
167.000 5.486465
168.000 5.649571
169.000 5.770607
170.000 5.760026
171.000 5.751297
172.000 5.624779
173.000 5.624779
174.000 5.407204
175.000 5.407204
176.000 5.442307
177.000 5.442307
178.000 5.716025
179.000 5.785286
180.000 5.552825
181.000 5.483368
182.000 5.528737
183.000 5.548645
184.000 5.407443
185.000 5.355194
186.000 5.523044
187.000 5.570396
188.000 5.742510
189.000 5.815491
190.000 5.689169
191.000 5.589424
192.000 5.771555
193.000 5.950317
194.000 5.849556
195.000 5.797623
196.000 5.832261
197.000 5.856682
198.000 1.266602
199.000 1.266602
200.000 1.266602
201.000 1.266602
202.000 5.666732
203.000 5.734512
204.000 5.750906
205.000 5.755051
206.000 5.804942
207.000 5.812012
208.000 5.417018
209.000 5.250099
210.000 5.678562
211.000 5.836861
212.000 5.814247
213.000 5.801521
214.000 5.797106
215.000 5.795616
216.000 5.817465
217.000 5.842133
218.000 5.687805
219.000 5.687805
220.000 5.221695
221.000 5.221695
222.000 5.479700
223.000 5.769440
224.000 5.562587
225.000 5.474518
226.000 5.675761
227.000 5.817825
228.000 5.812822
229.000 5.810806
230.000 5.925509
231.000 6.001144
232.000 5.397139
233.000 5.252556
234.000 5.286111
235.000 5.315132
236.000 5.522335
237.000 5.731567
238.000 5.827103
239.000 5.883499
240.000 5.701134
241.000 5.701134
242.000 5.806027
243.000 5.855820
244.000 5.775866
245.000 5.775131
246.000 5.814263
247.000 5.863602
248.000 5.849240
249.000 5.823954
250.000 5.826232
251.000 5.828949
252.000 5.646154
253.000 5.338737
254.000 5.681885
255.000 5.548744
256.000 5.776543
257.000 5.667502
258.000 5.342690
259.000 5.459923
260.000 5.823135
261.000 5.737267
262.000 5.494804
263.000 5.582007
264.000 5.854562
265.000 5.756141
266.000 5.399610
267.000 5.362912
268.000 5.366096
269.000 5.482935
270.000 5.792297
271.000 5.791146
272.000 5.788376
273.000 5.799648
274.000 5.829056
275.000 5.825480
276.000 5.816658
277.000 5.697628
278.000 5.468071
279.000 5.597164
280.000 5.863144
281.000 5.855472
282.000 5.837090
283.000 5.755623
284.000 5.518729
285.000 5.782158
286.000 5.788636
287.000 5.690140
288.000 5.757507
289.000 5.181150
290.000 5.168650
291.000 5.855331
292.000 5.820547
293.000 5.220214
294.000 4.950363
295.000 5.849579
296.000 5.793571
297.000 5.584175
298.000 5.591793
299.000 5.764854
300.000 5.740379
301.000 5.740379
302.000 5.774452
303.000 5.758209
304.000 5.758209
305.000 5.730400
306.000 5.432945
307.000 5.585483
308.000 5.596191
309.000 5.727432
310.000 5.777145
311.000 5.777145
312.000 5.849304
313.000 5.849304
314.000 5.849304
315.000 5.111771
316.000 5.111771
317.000 5.111771
318.000 5.111771
319.000 5.530237
320.000 5.604279
321.000 5.604279
322.000 5.349876
323.000 5.349876
324.000 5.349876
325.000 5.646408
326.000 5.646408
327.000 5.312714
328.000 5.312714
329.000 2.403900
330.000 2.403900
331.000 2.403900
332.000 5.072961
333.000 5.784317
334.000 5.753220
335.000 5.736291
336.000 5.730881
337.000 5.766235
338.000 5.756910
339.000 5.753914
340.000 5.438095
341.000 5.239143
342.000 5.820824
343.000 5.476219
344.000 5.476219
345.000 5.751961
346.000 5.751961
347.000 5.789207
348.000 5.789207
349.000 5.748482
350.000 5.748482
351.000 5.693659
352.000 5.657936
353.000 5.657936
354.000 5.719055
355.000 5.719055
356.000 5.719055
357.000 5.750739
358.000 5.774437
359.000 5.774437
