0.000 0.509109
1.000 2.109928
2.000 3.073273
3.000 3.155151
4.000 4.078568
5.000 4.078568
6.000 3.825081
7.000 3.825081
8.000 3.415894
9.000 3.415894
10.000 4.108543
11.000 3.980347
12.000 3.980347
13.000 3.934921
14.000 3.934921
15.000 4.018196
16.000 4.007492
17.000 4.006666
18.000 3.990463
19.000 3.990463
20.000 3.990463
21.000 4.008921
22.000 4.019585
23.000 4.019585
24.000 4.047126
25.000 4.084711
26.000 4.111107
27.000 3.845710
28.000 3.666458
29.000 3.617108
30.000 3.471626
31.000 3.471626
32.000 3.471626
33.000 3.624557
34.000 3.624557
35.000 3.624557
36.000 3.647355
37.000 3.761467
38.000 3.775414
39.000 3.855541
40.000 3.935715
41.000 3.935715
42.000 3.899216
43.000 3.899216
44.000 3.899216
45.000 3.906541
46.000 3.927973
47.000 3.949404
48.000 3.970836
49.000 3.992268
50.000 4.013699
51.000 4.035131
52.000 4.036964
53.000 3.993246
54.000 3.897117
55.000 3.800988
56.000 3.704859
57.000 3.688133
58.000 3.688133
59.000 3.688133
60.000 3.688133
61.000 3.921131
62.000 4.082800
63.000 4.122620
64.000 4.122620
65.000 4.122620
66.000 3.973747
67.000 3.973747
68.000 3.973747
69.000 3.973747
70.000 3.981557
71.000 3.990714
72.000 3.999871
73.000 4.009029
74.000 4.015411
75.000 4.015478
76.000 4.017891
77.000 4.020304
78.000 3.997628
79.000 3.888812
80.000 3.837115
81.000 3.898973
82.000 3.960830
83.000 4.022688
84.000 4.000238
85.000 3.886616
86.000 3.781311
87.000 3.404007
88.000 3.404007
89.000 3.524472
90.000 3.792894
91.000 4.061316
92.000 4.073524
93.000 4.053001
94.000 3.954750
95.000 3.939847
96.000 3.833991
97.000 3.728135
98.000 3.622279
99.000 3.522552
100.000 3.860020
101.000 4.078445
102.000 4.078445
103.000 4.101455
104.000 4.110909
105.000 0.865181
106.000 0.865181
107.000 0.865181
108.000 0.865181
109.000 0.865181
110.000 2.699054
111.000 2.489532
112.000 2.489532
113.000 2.489532
114.000 4.001259
115.000 4.001259
116.000 3.855666
117.000 3.702536
118.000 3.635506
119.000 3.623239
120.000 3.595749
121.000 3.636498
122.000 3.865698
123.000 4.094899
124.000 4.099854
125.000 4.056261
126.000 4.054642
127.000 4.061390
128.000 4.071088
129.000 4.074860
130.000 4.119308
131.000 4.170242
132.000 4.165389
133.000 4.152874
134.000 4.140359
135.000 4.139755
136.000 4.061428
137.000 3.950764
138.000 3.840099
139.000 3.821388
140.000 3.877151
141.000 3.877151
142.000 3.895980
143.000 3.915741
144.000 3.924767
145.000 3.989608
146.000 4.009583
147.000 4.104174
148.000 4.238197
149.000 4.268860
150.000 4.236330
151.000 4.075120
152.000 4.008896
153.000 4.008896
154.000 4.117470
155.000 4.117470
156.000 3.963196
157.000 3.802794
158.000 3.737694
159.000 3.981078
160.000 4.155807
161.000 4.051425
162.000 3.902262
163.000 3.753099
164.000 3.762337
165.000 3.827750
166.000 3.893162
167.000 3.903275
168.000 3.661201
169.000 3.620705
170.000 3.603757
171.000 3.585311
172.000 3.570793
173.000 3.648280
174.000 3.992332
175.000 3.995228
176.000 4.011426
177.000 4.027624
178.000 4.037170
179.000 4.037170
180.000 3.991828
181.000 3.960678
182.000 3.960678
183.000 3.734415
184.000 3.275337
185.000 3.275337
186.000 3.694152
187.000 4.189880
188.000 4.189880
189.000 4.078178
190.000 4.056099
191.000 4.004306
192.000 3.957893
193.000 4.001130
194.000 4.141838
195.000 4.128351
196.000 4.086266
197.000 4.086266
198.000 3.941948
199.000 3.941948
200.000 3.812440
201.000 3.700111
202.000 3.829196
203.000 4.234222
204.000 4.222825
205.000 4.166340
206.000 4.121193
207.000 4.121193
208.000 4.289603
209.000 4.324928
210.000 3.862856
211.000 3.500221
212.000 3.500221
213.000 3.535636
214.000 3.559013
215.000 3.887675
216.000 4.227692
217.000 4.191943
218.000 4.112992
219.000 4.034040
220.000 4.038551
221.000 4.086463
222.000 4.067289
223.000 3.941040
224.000 3.814791
225.000 3.827737
226.000 3.925745
227.000 4.023753
228.000 4.121761
229.000 4.152832
230.000 3.822010
231.000 3.740509
232.000 3.805827
233.000 3.876534
234.000 3.947241
235.000 3.901597
236.000 3.653511
237.000 3.675675
238.000 3.784970
239.000 3.835709
240.000 3.736260
241.000 3.589317
242.000 3.455582
243.000 3.319510
244.000 2.907455
245.000 2.895241
246.000 2.834473
247.000 2.834473
248.000 3.579453
249.000 4.123917
250.000 4.033959
251.000 3.905040
252.000 3.868446
253.000 1.399636
254.000 0.983757
255.000 0.983757
256.000 4.061898
257.000 4.135052
258.000 4.161049
259.000 4.102367
260.000 4.051285
261.000 4.026641
262.000 3.978432
263.000 3.978432
264.000 3.978432
265.000 4.088816
266.000 4.160152
267.000 4.167816
268.000 4.167816
269.000 4.091660
270.000 4.091660
271.000 4.091660
272.000 4.104544
273.000 4.119617
274.000 4.134690
275.000 3.751060
276.000 4.087540
277.000 4.067985
278.000 3.550480
279.000 3.491214
280.000 3.396545
281.000 3.507246
282.000 3.993904
283.000 3.964822
284.000 3.826851
285.000 3.792343
286.000 3.833126
287.000 3.846344
288.000 3.846505
289.000 3.846649
290.000 3.751137
291.000 3.640915
292.000 3.770832
293.000 4.037552
294.000 3.964113
295.000 3.802633
296.000 3.797585
297.000 3.797585
298.000 3.554996
299.000 3.467453
300.000 3.467453
301.000 3.300377
302.000 3.300377
303.000 3.594580
304.000 3.904337
305.000 3.944374
306.000 3.953721
307.000 3.964165
308.000 3.964165
309.000 4.008392
310.000 4.008392
311.000 4.028230
312.000 4.033813
313.000 4.080608
314.000 4.084320
315.000 3.757416
316.000 3.757416
317.000 3.965973
318.000 3.965973
319.000 3.870171
320.000 3.800171
321.000 3.811703
322.000 3.849838
323.000 3.849838
324.000 3.546936
325.000 3.546936
326.000 3.749878
327.000 3.749878
328.000 3.364120
329.000 3.364120
330.000 3.898003
331.000 3.898003
332.000 3.984680
333.000 3.984680
334.000 3.951946
335.000 3.872314
336.000 3.857966
337.000 3.828730
338.000 3.821693
339.000 3.959926
340.000 3.985634
341.000 3.834503
342.000 3.834503
343.000 3.358364
344.000 3.242432
345.000 3.242432
346.000 4.109393
347.000 4.113335
348.000 4.111652
349.000 4.109938
350.000 4.108224
351.000 4.107758
352.000 3.990024
353.000 3.865410
354.000 3.852119
355.000 4.037224
356.000 4.103195
357.000 4.003494
358.000 4.003494
359.000 4.037080
