0.000 0.136627
1.000 0.136627
2.000 0.136627
3.000 0.786911
4.000 0.726776
5.000 0.567223
6.000 0.872597
7.000 0.872597
8.000 0.872597
9.000 1.612188
10.000 1.660448
11.000 1.708708
12.000 1.721100
13.000 1.721100
14.000 1.157440
15.000 1.157440
16.000 0.958832
17.000 0.958832
18.000 1.165465
19.000 1.547325
20.000 1.547325
21.000 1.794716
22.000 1.794716
23.000 1.794716
24.000 1.201810
25.000 0.690407
26.000 0.690407
27.000 0.690407
28.000 0.690407
29.000 0.690407
30.000 0.690407
31.000 0.960227
32.000 0.844860
33.000 0.778244
34.000 0.778244
35.000 1.586296
36.000 1.586296
37.000 1.574677
38.000 1.574677
39.000 1.574677
40.000 1.019257
41.000 1.019257
42.000 1.019257
43.000 1.019257
44.000 1.019257
45.000 1.019257
46.000 1.019257
47.000 1.019257
48.000 1.019257
49.000 1.019257
50.000 1.019257
51.000 1.149388
52.000 1.100827
53.000 1.052267
54.000 1.003706
55.000 0.955146
56.000 0.906585
57.000 0.858025
58.000 0.809465
59.000 0.760904
60.000 0.712344
61.000 0.663783
62.000 0.615223
63.000 0.567299
64.000 0.567299
65.000 0.567299
66.000 0.567299
67.000 0.567299
68.000 0.615074
69.000 0.682724
70.000 0.682724
71.000 0.725003
72.000 0.855103
73.000 0.855103
74.000 0.865059
75.000 0.918716
76.000 0.918716
77.000 0.918716
78.000 0.749863
79.000 0.728862
80.000 0.707861
81.000 0.694115
82.000 0.694115
83.000 0.823059
84.000 1.938980
85.000 1.518840
86.000 1.012344
87.000 1.012344
88.000 1.492844
89.000 1.492844
90.000 0.934769
91.000 0.934769
92.000 1.214804
93.000 1.267914
94.000 1.267914
95.000 1.267914
96.000 1.267914
97.000 1.267914
98.000 1.267914
99.000 1.267914
100.000 1.267914
101.000 1.267914
102.000 1.637545
103.000 1.559960
104.000 1.482375
105.000 1.404790
106.000 1.327205
107.000 1.249620
108.000 1.172035
109.000 1.094450
110.000 1.016865
111.000 0.939280
112.000 0.861695
113.000 0.809814
114.000 0.809814
115.000 0.809814
116.000 0.810415
117.000 0.800879
118.000 0.796944
119.000 0.796944
120.000 0.760696
121.000 0.760696
122.000 0.891002
123.000 0.973763
124.000 0.973763
125.000 0.399422
126.000 0.399422
127.000 0.399422
128.000 0.674416
129.000 0.674416
130.000 0.685005
131.000 1.115738
132.000 1.115738
133.000 0.744926
134.000 0.744926
135.000 0.744926
136.000 0.744926
137.000 0.744926
138.000 0.856190
139.000 0.792938
140.000 0.792938
141.000 0.792938
142.000 0.792938
143.000 0.792938
144.000 0.770393
145.000 0.770393
146.000 0.770393
147.000 0.770393
148.000 0.888596
149.000 0.888596
150.000 0.888596
151.000 1.193480
152.000 1.684952
153.000 1.684952
154.000 1.684952
155.000 1.920089
156.000 2.156425
157.000 2.156425
158.000 1.711777
159.000 1.458694
160.000 1.458694
161.000 0.882210
162.000 0.882210
163.000 0.882210
164.000 0.882210
165.000 2.132648
166.000 2.211899
167.000 2.201342
168.000 2.177429
169.000 2.177429
170.000 2.183548
171.000 2.201808
172.000 2.217285
173.000 2.217285
174.000 2.105247
175.000 2.105247
176.000 1.364379
177.000 0.729454
178.000 0.729454
179.000 0.729454
180.000 0.729454
181.000 0.729454
182.000 0.913063
183.000 0.913063
184.000 0.913063
185.000 2.171806
186.000 2.171806
187.000 2.171806
188.000 2.171806
189.000 2.171806
190.000 1.376074
191.000 1.332578
192.000 1.289083
193.000 1.245588
194.000 1.202092
195.000 1.158597
196.000 1.115101
197.000 1.071606
198.000 1.070381
199.000 1.070381
200.000 1.070381
201.000 1.047157
202.000 0.956115
203.000 0.954544
204.000 0.954544
205.000 0.947685
206.000 0.947685
207.000 1.209862
208.000 1.209862
209.000 1.647758
210.000 2.117737
211.000 2.117737
212.000 1.618408
213.000 1.618408
214.000 1.618408
215.000 1.357216
216.000 1.357216
217.000 1.524138
218.000 2.022267
219.000 2.155533
220.000 2.155533
221.000 1.496216
222.000 1.496216
223.000 1.695892
224.000 1.695892
225.000 1.695892
226.000 1.695892
227.000 1.695892
228.000 1.695892
229.000 2.855813
230.000 2.737850
231.000 2.619886
232.000 2.501923
233.000 2.471382
234.000 2.471382
235.000 2.343117
236.000 2.343117
237.000 2.866226
238.000 1.405190
239.000 1.405190
240.000 1.405190
241.000 2.677299
242.000 3.886818
243.000 3.886818
244.000 1.873566
245.000 1.873566
246.000 1.873566
247.000 1.873566
248.000 1.944294
249.000 2.232869
250.000 2.320480
251.000 2.320480
252.000 2.320480
253.000 1.443718
254.000 1.443718
255.000 1.639038
256.000 1.639038
257.000 1.639038
258.000 1.639038
259.000 3.699516
260.000 3.699516
261.000 3.577367
262.000 3.194954
263.000 3.194954
264.000 2.877190
265.000 2.877190
266.000 3.078870
267.000 3.423889
268.000 3.423889
269.000 3.423889
270.000 2.476486
271.000 2.476486
272.000 2.476486
273.000 2.476486
274.000 2.476486
275.000 2.476486
276.000 2.476486
277.000 1.609097
278.000 1.247070
279.000 1.247070
280.000 1.247070
281.000 1.247070
282.000 1.247070
283.000 1.247070
284.000 1.020873
285.000 0.649086
286.000 0.649086
287.000 0.649086
288.000 0.649086
289.000 0.649086
290.000 1.372002
291.000 1.372002
292.000 1.372002
293.000 0.967529
294.000 0.967529
295.000 0.967529
296.000 0.962929
297.000 0.838577
298.000 0.838577
299.000 0.838577
300.000 0.848465
301.000 0.848465
302.000 0.848465
303.000 0.848465
304.000 0.953756
305.000 0.946858
306.000 0.942978
307.000 0.942978
308.000 0.942978
309.000 0.937154
310.000 0.932388
311.000 0.932388
312.000 1.211250
313.000 1.211250
314.000 0.814651
315.000 0.814651
316.000 1.145432
317.000 1.145432
318.000 0.481285
319.000 0.481285
320.000 0.695982
321.000 0.988228
322.000 0.883959
323.000 0.572433
324.000 0.572433
325.000 0.572433
326.000 0.740456
327.000 0.744955
328.000 0.956978
329.000 0.956978
330.000 0.879539
331.000 0.879539
332.000 0.876129
333.000 0.876129
334.000 0.876129
335.000 1.136124
336.000 1.136124
337.000 2.232254
338.000 2.232254
339.000 1.341095
340.000 1.341095
341.000 2.054209
342.000 2.063087
343.000 2.250938
344.000 2.250938
345.000 2.181537
346.000 1.715790
347.000 1.715790
348.000 1.715790
349.000 1.489891
350.000 1.489891
351.000 1.606306
352.000 1.879227
353.000 1.879227
354.000 1.879227
355.000 1.883300
356.000 1.900719
357.000 1.900719
358.000 1.900719
359.000 1.432968
