0.000 0.297264
1.000 3.143501
2.000 9.942238
3.000 9.794780
4.000 9.614915
5.000 9.252803
6.000 8.544029
7.000 7.188033
8.000 4.515292
9.000 4.156898
10.000 4.156898
11.000 4.156898
12.000 4.156898
13.000 8.474047
14.000 8.447669
15.000 8.443619
16.000 8.376874
17.000 8.326782
18.000 10.514175
19.000 10.381503
20.000 10.297661
21.000 9.971347
22.000 9.718063
23.000 6.543323
24.000 4.401443
25.000 5.903515
26.000 7.835609
27.000 6.863026
28.000 5.824394
29.000 6.860624
30.000 8.097008
31.000 8.737065
32.000 9.597549
33.000 10.646009
34.000 12.202001
35.000 9.694142
36.000 7.117188
37.000 7.323014
38.000 7.617790
39.000 8.635030
40.000 10.149182
41.000 9.177210
42.000 7.945442
43.000 7.975098
44.000 8.004341
45.000 8.960605
46.000 10.213737
47.000 10.355486
48.000 10.546013
49.000 7.893097
50.000 4.855316
51.000 5.233472
52.000 5.798034
53.000 5.949181
54.000 5.949181
55.000 6.559580
56.000 7.081772
57.000 6.446744
58.000 5.764702
59.000 5.855579
60.000 5.988335
61.000 6.133679
62.000 6.345398
63.000 5.830478
64.000 5.092896
65.000 5.377029
66.000 5.658134
67.000 5.579780
68.000 5.506561
69.000 6.211554
70.000 7.254718
71.000 7.032912
72.000 6.850494
73.000 6.130094
74.000 5.467140
75.000 5.940661
76.000 6.518448
77.000 5.270538
78.000 3.833221
79.000 3.852067
80.000 3.853752
81.000 4.371089
82.000 5.116508
83.000 7.001923
84.000 8.338379
85.000 6.653176
86.000 5.179886
87.000 4.131165
88.000 4.131165
89.000 5.075981
90.000 5.075981
91.000 6.488505
92.000 6.835785
93.000 6.835785
94.000 7.141853
95.000 7.341011
96.000 6.088733
97.000 5.703712
98.000 5.528038
99.000 5.528038
100.000 5.372887
101.000 5.372887
102.000 6.907623
103.000 7.833131
104.000 8.402130
105.000 6.598450
106.000 6.598450
107.000 7.448250
108.000 7.448250
109.000 5.626175
110.000 5.626175
111.000 5.373469
112.000 5.141571
113.000 6.229990
114.000 6.669090
115.000 5.419350
116.000 5.419350
117.000 3.230110
118.000 3.230110
119.000 5.822833
120.000 7.516426
121.000 7.144267
122.000 6.987900
123.000 4.576286
124.000 4.576286
125.000 2.995483
126.000 2.995483
127.000 2.995483
128.000 2.995483
129.000 6.861748
130.000 6.861748
131.000 6.596110
132.000 6.461250
133.000 6.992901
134.000 7.390129
135.000 7.215328
136.000 7.057014
137.000 6.947089
138.000 6.821213
139.000 6.427512
140.000 6.196709
141.000 6.412821
142.000 6.540466
143.000 6.556143
144.000 6.561058
145.000 6.628238
146.000 6.662331
147.000 6.535126
148.000 6.356285
149.000 6.099372
150.000 5.723808
151.000 7.027036
152.000 8.694382
153.000 3.937843
154.000 3.937843
155.000 4.626659
156.000 5.550949
157.000 5.357279
158.000 5.186653
159.000 5.352347
160.000 5.487961
161.000 5.872283
162.000 6.356117
163.000 6.420670
164.000 6.483391
165.000 5.646950
166.000 5.068756
167.000 6.034927
168.000 6.034927
169.000 6.132885
170.000 6.150436
171.000 6.443438
172.000 6.661293
173.000 6.359070
174.000 6.359070
175.000 5.363521
176.000 4.753487
177.000 4.895027
178.000 4.895027
179.000 6.082298
180.000 6.082298
181.000 3.784714
182.000 3.784714
183.000 3.784714
184.000 6.448662
185.000 6.446861
186.000 6.388062
187.000 5.557037
188.000 5.557037
189.000 5.466927
190.000 5.367798
191.000 5.761977
192.000 6.698668
193.000 6.196494
194.000 4.490989
195.000 4.332489
196.000 4.332489
197.000 3.826984
198.000 2.639853
199.000 2.733446
200.000 4.803057
201.000 6.497161
202.000 8.675189
203.000 3.426316
204.000 3.250839
205.000 5.457626
206.000 5.457626
207.000 4.728760
208.000 4.728760
209.000 4.728760
210.000 6.462307
211.000 7.236137
212.000 5.468796
213.000 5.468796
214.000 5.468796
215.000 5.730637
216.000 5.730637
217.000 5.532110
218.000 5.120827
219.000 5.120827
220.000 4.797394
221.000 4.797394
222.000 4.558319
223.000 4.558319
224.000 4.558319
225.000 4.899315
226.000 5.100319
227.000 5.100319
228.000 3.730080
229.000 3.935344
230.000 4.930962
231.000 4.930962
232.000 4.593437
233.000 5.258095
234.000 5.258095
235.000 5.258095
236.000 4.324700
237.000 4.223701
238.000 4.223701
239.000 4.223701
240.000 4.223701
241.000 4.728267
242.000 5.248856
243.000 5.248856
244.000 4.261902
245.000 4.261902
246.000 4.515984
247.000 4.515984
248.000 4.983871
249.000 4.983871
250.000 6.153557
251.000 5.149834
252.000 5.149834
253.000 5.149834
254.000 5.937805
255.000 5.937805
256.000 5.745305
257.000 5.626427
258.000 5.626427
259.000 3.968750
260.000 3.968750
261.000 4.251932
262.000 5.617897
263.000 5.617897
264.000 6.425270
265.000 5.328896
266.000 5.328896
267.000 5.251076
268.000 5.251076
269.000 5.251076
270.000 6.011851
271.000 6.192993
272.000 6.192993
273.000 6.462461
274.000 6.635986
275.000 3.911896
276.000 3.911896
277.000 4.151253
278.000 4.151253
279.000 3.347214
280.000 3.347214
281.000 5.481846
282.000 5.734138
283.000 5.734138
284.000 4.529305
285.000 4.529305
286.000 4.944389
287.000 4.944389
288.000 5.369951
289.000 5.430801
290.000 3.750450
291.000 3.750450
292.000 3.866142
293.000 3.866142
294.000 3.866142
295.000 4.183647
296.000 4.661946
297.000 4.952690
298.000 4.952690
299.000 4.425415
300.000 4.425415
301.000 5.176033
302.000 5.176033
303.000 5.255981
304.000 5.944191
305.000 5.944191
306.000 4.683716
307.000 4.683716
308.000 4.660754
309.000 4.256635
310.000 4.199814
311.000 4.199814
312.000 3.909927
313.000 3.909927
314.000 5.258415
315.000 5.258415
316.000 4.293137
317.000 4.293137
318.000 3.709114
319.000 3.709114
320.000 3.709114
321.000 5.558590
322.000 5.559776
323.000 5.559776
324.000 6.272789
325.000 6.272789
326.000 5.495811
327.000 5.495811
328.000 5.424227
329.000 5.314636
330.000 5.199860
331.000 4.498833
332.000 4.498833
333.000 5.357216
334.000 4.743629
335.000 4.743629
336.000 5.397247
337.000 5.397247
338.000 5.829620
339.000 5.829620
340.000 5.143135
341.000 5.143135
342.000 4.277710
343.000 4.277710
344.000 4.658836
345.000 5.051537
346.000 5.456879
347.000 5.609036
348.000 5.769951
349.000 3.914162
350.000 3.914162
351.000 5.133124
352.000 6.334656
353.000 5.310715
354.000 5.310715
355.000 4.226257
356.000 4.226257
357.000 4.944166
358.000 7.322525
359.000 7.418758
