0.000 0.117416
1.000 0.117416
2.000 0.117416
3.000 1.053688
4.000 1.770691
5.000 1.386475
6.000 1.825826
7.000 2.772163
8.000 2.412529
9.000 2.996849
10.000 2.996849
11.000 2.996849
12.000 2.687578
13.000 1.858332
14.000 1.566376
15.000 1.566376
16.000 1.566376
17.000 1.566376
18.000 1.566376
19.000 1.566376
20.000 1.606408
21.000 1.691582
22.000 1.691582
23.000 1.691582
24.000 1.918506
25.000 2.465372
26.000 2.548485
27.000 2.548485
28.000 2.548485
29.000 2.548485
30.000 2.548485
31.000 2.548485
32.000 0.993393
33.000 0.993393
34.000 1.431160
35.000 1.431160
36.000 1.701508
37.000 2.090141
38.000 2.162792
39.000 2.304832
40.000 2.235391
41.000 2.068045
42.000 1.731936
43.000 1.361473
44.000 1.558635
45.000 1.705132
46.000 1.727768
47.000 1.727768
48.000 1.840630
49.000 2.112616
50.000 2.222458
51.000 2.228154
52.000 2.818092
53.000 2.818092
54.000 2.685998
55.000 2.366122
56.000 2.178093
57.000 2.357881
58.000 1.425446
59.000 1.425446
60.000 1.719803
61.000 1.984558
62.000 2.478928
63.000 2.478928
64.000 2.295898
65.000 2.295898
66.000 2.906169
67.000 3.359558
68.000 3.313572
69.000 3.287247
70.000 2.627130
71.000 2.555908
72.000 3.389301
73.000 3.560059
74.000 3.507109
75.000 3.439041
76.000 3.921204
77.000 3.921204
78.000 2.647415
79.000 2.647415
80.000 2.647415
81.000 3.230774
82.000 3.230774
83.000 2.162166
84.000 2.004929
85.000 2.004929
86.000 1.514755
87.000 1.514755
88.000 2.241033
89.000 2.450897
90.000 2.315811
91.000 2.291719
92.000 2.104118
93.000 2.104118
94.000 2.104118
95.000 2.013447
96.000 1.910987
97.000 1.910301
98.000 1.916309
99.000 1.917000
100.000 2.437805
101.000 3.110634
102.000 3.110634
103.000 2.409981
104.000 1.812782
105.000 1.812782
106.000 1.427025
107.000 1.427025
108.000 2.220657
109.000 2.220657
110.000 1.945032
111.000 1.916679
112.000 3.138672
113.000 1.772621
114.000 1.772621
115.000 1.857040
116.000 1.857040
117.000 2.630913
118.000 2.865939
119.000 3.417809
120.000 3.417809
121.000 2.410782
122.000 2.410782
123.000 2.130157
124.000 2.130157
125.000 2.235512
126.000 2.235512
127.000 3.315285
128.000 3.378693
129.000 3.261059
130.000 2.129476
131.000 1.321671
132.000 1.321671
133.000 1.321671
134.000 0.972206
135.000 0.972206
136.000 1.258369
137.000 1.258369
138.000 1.279349
139.000 1.447243
140.000 1.461868
141.000 1.461868
142.000 2.110077
143.000 2.110077
144.000 2.829292
145.000 0.665527
146.000 0.665527
147.000 0.665527
148.000 2.533188
149.000 1.668358
150.000 1.668358
151.000 2.063583
152.000 1.968674
153.000 1.844719
154.000 1.633316
155.000 1.633316
156.000 2.054573
157.000 2.054573
158.000 1.819305
159.000 1.819305
160.000 1.819305
161.000 2.095259
162.000 2.247787
163.000 2.247787
164.000 1.790583
165.000 1.747940
166.000 1.990286
167.000 2.491150
168.000 2.576714
169.000 2.576714
170.000 1.874496
171.000 1.909005
172.000 2.034225
173.000 2.404449
174.000 2.254386
175.000 2.216301
176.000 2.070122
177.000 2.392181
178.000 2.840981
179.000 1.767052
180.000 2.284111
181.000 2.284111
182.000 2.486977
183.000 2.486977
184.000 2.486977
185.000 2.237549
186.000 2.237549
187.000 2.080992
188.000 1.856926
189.000 1.856926
190.000 1.856926
191.000 1.971679
192.000 2.255754
193.000 2.420395
194.000 0.966431
195.000 0.966431
196.000 0.966431
197.000 1.011155
198.000 1.973732
199.000 1.973732
200.000 1.732251
201.000 1.224890
202.000 1.223068
203.000 1.958458
204.000 1.396898
205.000 1.017273
206.000 1.017273
207.000 0.898590
208.000 0.898590
209.000 0.898590
210.000 0.862471
211.000 0.855980
212.000 1.306458
213.000 1.352183
214.000 1.417213
215.000 1.087273
216.000 0.726051
217.000 0.726051
218.000 0.726051
219.000 0.718010
220.000 0.718010
221.000 1.200279
222.000 0.906777
223.000 0.834778
224.000 0.823021
225.000 0.794426
226.000 0.839992
227.000 1.074966
228.000 1.059532
229.000 0.966525
230.000 0.948964
231.000 0.975537
232.000 0.957392
233.000 0.836281
234.000 0.775970
235.000 0.775970
236.000 0.900025
237.000 1.053307
238.000 1.040917
239.000 0.967064
240.000 0.967064
241.000 1.195259
242.000 1.188222
243.000 0.992516
244.000 0.992516
245.000 1.209045
246.000 1.209045
247.000 1.275421
248.000 1.286575
249.000 1.286575
250.000 1.712883
251.000 1.712883
252.000 1.827087
253.000 1.827087
254.000 1.827087
255.000 1.723072
256.000 1.513344
257.000 1.303616
258.000 1.212791
259.000 1.212791
260.000 1.161064
261.000 1.161064
262.000 1.053486
263.000 0.999275
264.000 0.999275
265.000 1.154129
266.000 1.222275
267.000 1.222275
268.000 0.906265
269.000 0.906265
270.000 1.082825
271.000 1.330132
272.000 1.330132
273.000 1.123924
274.000 1.123924
275.000 1.602783
276.000 1.602783
277.000 0.985916
278.000 0.985916
279.000 1.230377
280.000 1.230377
281.000 1.391045
282.000 1.391045
283.000 0.940121
284.000 0.890137
285.000 0.890137
286.000 1.095299
287.000 1.116205
288.000 1.375916
289.000 1.300530
290.000 1.122421
291.000 1.122421
292.000 0.996544
293.000 0.996544
294.000 1.283669
295.000 1.283669
296.000 1.852028
297.000 1.629250
298.000 2.144714
299.000 2.123032
300.000 2.230362
301.000 1.538742
302.000 1.618168
303.000 1.971573
304.000 1.369041
305.000 1.369041
306.000 1.393344
307.000 1.482185
308.000 1.482185
309.000 1.601341
310.000 1.546267
311.000 1.190844
312.000 0.835421
313.000 0.644463
314.000 0.970742
315.000 1.029335
316.000 1.034177
317.000 1.063530
318.000 1.072243
319.000 1.103981
320.000 1.128626
321.000 1.165558
322.000 1.216609
323.000 1.366081
324.000 1.423955
325.000 1.727760
326.000 1.732336
327.000 1.754395
328.000 1.746779
329.000 1.733482
330.000 1.758468
331.000 1.806953
332.000 1.795593
333.000 1.770248
334.000 1.725796
335.000 1.393486
336.000 1.393486
337.000 2.188744
338.000 1.331772
339.000 1.331772
340.000 1.508065
341.000 1.893166
342.000 1.906678
343.000 2.019806
344.000 0.907738
345.000 0.907738
346.000 0.907738
347.000 1.807495
348.000 1.911271
349.000 1.516609
350.000 1.377859
351.000 1.130745
352.000 1.298835
353.000 2.311701
354.000 2.189009
355.000 1.452599
356.000 1.544815
357.000 2.132057
358.000 1.981731
359.000 1.467781
