0.000 0.109093
1.000 0.109093
2.000 0.109093
3.000 0.171936
4.000 0.171936
5.000 0.531822
6.000 0.374565
7.000 0.374565
8.000 0.704208
9.000 0.326836
10.000 0.326836
11.000 0.738754
12.000 0.738754
13.000 0.584709
14.000 0.584709
15.000 0.597605
16.000 0.612610
17.000 0.612610
18.000 0.829582
19.000 0.675893
20.000 0.507980
21.000 0.507980
22.000 0.507980
23.000 0.507980
24.000 1.033478
25.000 1.033478
26.000 0.859291
27.000 0.680009
28.000 0.525963
29.000 0.525963
30.000 0.330719
31.000 0.349852
32.000 0.353218
33.000 0.353218
34.000 0.148453
35.000 0.148453
36.000 0.194856
37.000 0.303215
38.000 0.293329
39.000 0.213791
40.000 0.213791
41.000 0.251251
42.000 0.251251
43.000 0.251251
44.000 0.132492
45.000 0.132492
46.000 0.132492
47.000 0.132492
48.000 0.361916
49.000 0.357307
50.000 0.357307
51.000 0.357307
52.000 0.422989
53.000 0.422989
54.000 0.422989
55.000 0.413506
56.000 0.413506
57.000 0.392548
58.000 0.392548
59.000 0.613891
60.000 0.721664
61.000 0.959114
62.000 0.525040
63.000 0.525040
64.000 0.502960
65.000 0.502960
66.000 0.279808
67.000 0.279808
68.000 0.279808
69.000 0.241361
70.000 0.199074
71.000 0.199074
72.000 0.199074
73.000 0.111145
74.000 0.111145
75.000 0.111145
76.000 0.111145
77.000 0.111145
78.000 0.111145
79.000 0.111145
80.000 0.226379
81.000 0.226379
82.000 0.226379
83.000 0.226379
84.000 0.265175
85.000 0.265175
86.000 0.121986
87.000 0.121986
88.000 0.121986
89.000 0.121986
90.000 0.121986
91.000 0.121986
92.000 0.121986
93.000 0.165131
94.000 0.165131
95.000 0.165131
96.000 0.061119
97.000 0.061119
98.000 0.061119
99.000 0.061119
100.000 0.061119
101.000 0.061119
102.000 0.061119
103.000 0.061119
104.000 0.061119
105.000 0.061119
106.000 0.061119
107.000 0.061119
108.000 0.077080
109.000 0.077080
110.000 0.077080
111.000 0.077080
112.000 0.077080
113.000 0.077080
114.000 0.077080
115.000 0.138252
116.000 0.138252
117.000 0.138252
118.000 0.138252
119.000 0.138252
120.000 0.138252
121.000 0.138252
122.000 0.139553
123.000 0.147315
124.000 0.153549
125.000 0.153549
126.000 0.153549
127.000 0.153549
128.000 0.153549
129.000 0.153549
130.000 0.094307
131.000 0.094307
132.000 0.094307
133.000 0.094307
134.000 0.094307
135.000 0.094307
136.000 0.086281
137.000 0.086281
138.000 0.086281
139.000 0.086281
140.000 0.086281
141.000 0.106187
142.000 0.141144
143.000 0.141144
144.000 0.136334
145.000 0.071609
146.000 0.071609
147.000 0.071609
148.000 0.097839
149.000 0.097839
150.000 0.151306
151.000 0.151306
152.000 0.151306
153.000 0.264786
154.000 0.264786
155.000 0.264786
156.000 0.264786
157.000 0.415733
158.000 0.415733
159.000 0.440743
160.000 0.443108
161.000 0.534050
162.000 0.534050
163.000 0.221603
164.000 0.435387
165.000 0.670502
166.000 0.572899
167.000 0.572899
168.000 0.656906
169.000 0.525604
170.000 0.525604
171.000 0.543480
172.000 0.543480
173.000 0.543480
174.000 0.543480
175.000 0.185905
176.000 0.185905
177.000 0.185905
178.000 0.185905
179.000 0.185905
180.000 0.185905
181.000 0.185905
182.000 0.629143
183.000 0.629143
184.000 0.377487
185.000 0.377487
186.000 0.260597
187.000 0.260597
188.000 0.260597
189.000 0.276160
190.000 0.291092
191.000 0.291092
192.000 0.283859
193.000 0.283859
194.000 0.195396
195.000 0.164612
196.000 0.164612
197.000 0.164612
198.000 0.164612
199.000 0.110924
200.000 0.110924
201.000 0.110924
202.000 0.347298
203.000 0.347298
204.000 0.342216
205.000 0.672638
206.000 0.225616
207.000 0.225616
208.000 0.225616
209.000 0.225616
210.000 0.454578
211.000 0.697777
212.000 0.238831
213.000 0.238831
214.000 0.238831
215.000 0.621842
216.000 0.565586
217.000 0.551323
218.000 0.551323
219.000 0.551323
220.000 0.551323
221.000 0.338045
222.000 0.363474
223.000 0.388904
224.000 0.406960
225.000 0.406960
226.000 0.406960
227.000 0.299591
228.000 0.299591
229.000 0.246750
230.000 0.246750
231.000 0.246750
232.000 0.246750
233.000 0.219809
234.000 0.199394
235.000 0.199394
236.000 0.151176
237.000 0.478500
238.000 0.314407
239.000 0.314407
240.000 0.348274
241.000 0.622963
242.000 0.622963
243.000 0.255219
244.000 0.255219
245.000 0.255219
246.000 0.323418
247.000 0.323418
248.000 0.468560
249.000 0.598343
250.000 0.354362
251.000 0.354362
252.000 0.122070
253.000 0.122070
254.000 0.243408
255.000 0.209488
256.000 0.209488
257.000 0.209488
258.000 0.209488
259.000 0.392250
260.000 0.392250
261.000 0.241829
262.000 0.241829
263.000 0.241829
264.000 0.241829
265.000 0.212524
266.000 0.212524
267.000 0.212524
268.000 0.234398
269.000 0.505981
270.000 0.505981
271.000 0.347420
272.000 0.347420
273.000 0.347420
274.000 0.347420
275.000 0.347420
276.000 0.347420
277.000 0.629898
278.000 0.644085
279.000 0.658272
280.000 0.663193
281.000 0.663193
282.000 0.549805
283.000 0.549805
284.000 0.321947
285.000 0.301399
286.000 0.301399
287.000 0.301399
288.000 0.301399
289.000 0.732300
290.000 0.732300
291.000 0.701035
292.000 0.701035
293.000 0.701035
294.000 0.671265
295.000 0.671265
296.000 0.671265
297.000 0.671265
298.000 0.629683
299.000 0.662247
300.000 0.662247
301.000 0.343208
302.000 0.411812
303.000 0.411812
304.000 1.212982
305.000 0.563232
306.000 0.835922
307.000 0.835922
308.000 1.261444
309.000 0.611267
310.000 0.611267
311.000 0.611267
312.000 0.282707
313.000 0.282707
314.000 0.282707
315.000 0.282707
316.000 0.935982
317.000 0.802312
318.000 0.370697
319.000 0.370697
320.000 0.660957
321.000 0.562714
322.000 0.562714
323.000 0.562714
324.000 0.431831
325.000 0.326752
326.000 0.326752
327.000 0.326752
328.000 0.326752
329.000 1.311508
330.000 1.311508
331.000 0.940269
332.000 0.940269
333.000 0.662750
334.000 0.662750
335.000 0.732224
336.000 0.732224
337.000 0.732224
338.000 0.825813
339.000 0.825813
340.000 1.037445
341.000 1.037445
342.000 0.326172
343.000 0.326172
344.000 0.326172
345.000 0.777672
346.000 0.777672
347.000 0.777672
348.000 0.777672
349.000 0.422791
350.000 0.422791
351.000 0.422791
352.000 0.422791
353.000 0.422791
354.000 0.711380
355.000 0.711380
356.000 0.552152
357.000 0.400810
358.000 0.400810
359.000 0.859688
