0.000 0.182335
1.000 0.182335
2.000 0.182335
3.000 1.204359
4.000 2.965553
5.000 2.977791
6.000 3.202393
7.000 3.202393
8.000 2.868103
9.000 2.878058
10.000 2.885933
11.000 2.639076
12.000 2.639076
13.000 2.662816
14.000 2.693832
15.000 2.812286
16.000 2.826920
17.000 2.910942
18.000 2.960220
19.000 2.960220
20.000 2.920525
21.000 2.920525
22.000 2.589417
23.000 2.589417
24.000 2.639091
25.000 2.639091
26.000 2.639091
27.000 2.726961
28.000 2.937805
29.000 2.937805
30.000 2.901311
31.000 2.874779
32.000 2.472961
33.000 2.472961
34.000 2.769534
35.000 2.924889
36.000 2.938522
37.000 2.938522
38.000 2.893288
39.000 2.893288
40.000 2.884236
41.000 2.677666
42.000 2.677666
43.000 2.405853
44.000 2.405853
45.000 2.777839
46.000 2.925888
47.000 2.925888
48.000 2.488625
49.000 2.488625
50.000 2.488625
51.000 2.488625
52.000 2.914562
53.000 2.929955
54.000 2.929955
55.000 2.929955
56.000 2.929955
57.000 2.921692
58.000 2.907651
59.000 2.896942
60.000 2.896942
61.000 2.876320
62.000 2.642769
63.000 2.642769
64.000 3.041603
65.000 2.923448
66.000 2.922401
67.000 2.749596
68.000 2.749596
69.000 2.958023
70.000 3.033737
71.000 3.033737
72.000 2.608978
73.000 2.608978
74.000 2.608978
75.000 2.735458
76.000 2.735458
77.000 2.735458
78.000 2.655084
79.000 2.650215
80.000 2.650215
81.000 2.928894
82.000 2.928894
83.000 2.928894
84.000 2.892319
85.000 2.890778
86.000 2.886750
87.000 2.885475
88.000 2.907471
89.000 2.907471
90.000 2.685420
91.000 2.541176
92.000 2.541176
93.000 2.871094
94.000 2.808586
95.000 2.808586
96.000 2.883842
97.000 2.883842
98.000 2.883842
99.000 2.776107
100.000 2.663216
101.000 2.726106
102.000 2.852844
103.000 2.845749
104.000 2.599648
105.000 2.606645
106.000 2.874962
107.000 2.918219
108.000 2.717567
109.000 2.717567
110.000 2.687370
111.000 2.687370
112.000 2.705498
113.000 2.705498
114.000 2.705498
115.000 2.743011
116.000 2.743011
117.000 2.743011
118.000 2.850855
119.000 2.911522
120.000 2.911522
121.000 2.569954
122.000 2.569954
123.000 2.569954
124.000 2.965057
125.000 2.965057
126.000 2.965057
127.000 2.884056
128.000 2.884056
129.000 2.740004
130.000 2.606522
131.000 2.606522
132.000 2.587036
133.000 2.947746
134.000 2.947746
135.000 2.925544
136.000 2.921928
137.000 2.845389
138.000 2.699280
139.000 2.699280
140.000 2.908295
141.000 2.908295
142.000 2.866936
143.000 2.927628
144.000 2.927628
145.000 2.776039
146.000 2.573868
147.000 2.573868
148.000 2.961990
149.000 2.961990
150.000 2.961990
151.000 2.933829
152.000 2.918930
153.000 2.918930
154.000 2.707390
155.000 2.707390
156.000 2.816442
157.000 2.886276
158.000 2.897896
159.000 2.897896
160.000 2.615700
161.000 2.615700
162.000 2.729939
163.000 2.866699
164.000 2.847916
165.000 2.924347
166.000 2.924347
167.000 2.933151
168.000 2.933151
169.000 2.933151
170.000 2.596024
171.000 2.596024
172.000 2.596024
173.000 2.755358
174.000 2.926227
175.000 2.944908
176.000 2.873292
177.000 2.851364
178.000 2.556229
179.000 2.590765
180.000 2.913498
181.000 2.759186
182.000 2.759186
183.000 2.951790
184.000 2.951790
185.000 2.722397
186.000 2.722397
187.000 2.669579
188.000 2.669579
189.000 2.951218
190.000 2.951218
191.000 2.769669
192.000 2.769669
193.000 2.605225
194.000 2.641388
195.000 2.641388
196.000 2.902964
197.000 2.952995
198.000 2.728561
199.000 2.458115
200.000 2.576920
201.000 2.576920
202.000 2.873581
203.000 2.622246
204.000 2.622246
205.000 2.736794
206.000 2.736794
207.000 2.359184
208.000 2.359184
209.000 2.671860
210.000 2.671860
211.000 2.917694
212.000 2.917694
213.000 2.960889
214.000 2.961166
215.000 2.960918
216.000 2.947594
217.000 2.947594
218.000 2.950607
219.000 2.821938
220.000 2.821938
221.000 2.883934
222.000 2.883934
223.000 2.687714
224.000 2.687714
225.000 2.665413
226.000 2.665413
227.000 2.940269
228.000 2.940269
229.000 2.913010
230.000 2.913010
231.000 2.531769
232.000 2.709869
233.000 2.709869
234.000 2.709869
235.000 2.868416
236.000 2.868416
237.000 2.912094
238.000 2.912094
239.000 0.628860
240.000 0.628860
241.000 0.628860
242.000 0.628860
243.000 2.949821
244.000 2.867233
245.000 2.867233
246.000 2.854311
247.000 2.850372
248.000 2.850372
249.000 2.890592
250.000 2.896828
251.000 2.896828
252.000 2.661658
253.000 2.573174
254.000 2.573174
255.000 2.934135
256.000 2.884995
257.000 2.884995
258.000 2.739082
259.000 2.739082
260.000 2.942444
261.000 2.921727
262.000 2.707909
263.000 2.707909
264.000 2.871063
265.000 2.871063
266.000 2.690829
267.000 2.657158
268.000 2.657158
269.000 2.633911
270.000 2.633911
271.000 2.633911
272.000 2.868912
273.000 2.868912
274.000 2.749023
275.000 2.749023
276.000 2.916161
277.000 2.941876
278.000 2.959526
279.000 2.936943
280.000 2.936943
281.000 2.782303
282.000 2.782303
283.000 2.582794
284.000 2.959137
285.000 2.959137
286.000 2.906943
287.000 2.740814
288.000 2.709317
289.000 2.542702
290.000 2.958809
291.000 2.852165
292.000 2.633278
293.000 2.897736
294.000 2.910136
295.000 2.965103
296.000 2.943008
297.000 2.943008
298.000 2.954400
299.000 2.959000
300.000 2.393745
301.000 2.393745
302.000 2.928169
303.000 2.928169
304.000 2.947365
305.000 2.949814
306.000 2.962234
307.000 2.968307
308.000 2.948119
309.000 2.927338
310.000 2.733252
311.000 2.566444
312.000 2.712741
313.000 2.957591
314.000 2.889940
315.000 2.823456
316.000 2.907188
317.000 2.988998
318.000 2.939621
319.000 2.928871
320.000 2.962105
321.000 2.962105
322.000 2.685936
323.000 2.685936
324.000 2.781166
325.000 2.781166
326.000 2.781166
327.000 2.798895
328.000 2.862557
329.000 2.898979
330.000 2.898979
331.000 2.797734
332.000 2.661674
333.000 2.806061
334.000 2.951248
335.000 2.938347
336.000 2.740589
337.000 2.512138
338.000 2.169888
339.000 1.728760
340.000 2.093991
341.000 2.666702
342.000 2.710231
343.000 2.782960
344.000 2.656593
345.000 2.656593
346.000 2.629456
347.000 2.629456
348.000 2.960251
349.000 2.960251
350.000 2.772306
351.000 2.664268
352.000 2.664268
353.000 2.664268
354.000 2.664268
355.000 2.664268
356.000 2.844027
357.000 2.834337
358.000 2.824647
359.000 2.818954
