0.000 1.051529
1.000 3.246008
2.000 3.951683
3.000 3.561226
4.000 4.536715
5.000 1.943161
6.000 5.262711
7.000 3.794113
8.000 3.865350
9.000 4.071022
10.000 3.576935
11.000 3.576935
12.000 3.576935
13.000 4.053744
14.000 3.938293
15.000 3.938293
16.000 3.938293
17.000 5.084473
18.000 5.084473
19.000 5.084473
20.000 4.199203
21.000 4.199203
22.000 4.199203
23.000 3.252617
24.000 3.252617
25.000 3.252617
26.000 3.208138
27.000 3.208138
28.000 3.500084
29.000 3.879015
30.000 4.796143
31.000 4.756432
32.000 4.756432
33.000 3.279900
34.000 3.279900
35.000 3.279900
36.000 3.279900
37.000 3.332474
38.000 3.419790
39.000 3.507106
40.000 3.553856
41.000 4.362877
42.000 3.406204
43.000 5.132820
44.000 4.564499
45.000 4.564499
46.000 4.278793
47.000 4.278793
48.000 2.908730
49.000 3.788353
50.000 4.830002
51.000 2.662735
52.000 2.662735
53.000 3.208481
54.000 5.372635
55.000 5.350440
56.000 5.257623
57.000 3.044025
58.000 2.569550
59.000 3.126142
60.000 5.313782
61.000 5.090319
62.000 4.374771
63.000 4.527133
64.000 5.092178
65.000 5.018557
66.000 4.704097
67.000 3.679848
68.000 3.679848
69.000 4.698128
70.000 4.698128
71.000 4.314262
72.000 4.314262
73.000 4.982681
74.000 4.982681
75.000 4.733759
76.000 4.704384
77.000 4.851400
78.000 5.338417
79.000 4.634264
80.000 3.926201
81.000 2.786720
82.000 2.786720
83.000 3.595202
84.000 4.912575
85.000 4.975076
86.000 5.143089
87.000 4.695620
88.000 4.378952
89.000 3.099388
90.000 3.099388
91.000 3.246725
92.000 3.307335
93.000 3.454089
94.000 3.611801
95.000 3.513414
96.000 3.281982
97.000 3.589750
98.000 4.815933
99.000 4.880612
100.000 5.154535
101.000 5.098665
102.000 4.754538
103.000 4.688248
104.000 5.423561
105.000 5.639816
106.000 2.895119
107.000 2.895119
108.000 2.600319
109.000 2.600319
110.000 4.588432
111.000 5.294441
112.000 4.879215
113.000 4.774635
114.000 3.732658
115.000 3.732658
116.000 4.360138
117.000 4.498108
118.000 3.120163
119.000 3.120163
120.000 3.644844
121.000 3.729393
122.000 4.870097
123.000 5.050797
124.000 3.378304
125.000 3.378304
126.000 3.610374
127.000 3.610374
128.000 4.093346
129.000 4.174835
130.000 2.453850
131.000 2.453850
132.000 4.242096
133.000 4.820198
134.000 3.654100
135.000 3.473946
136.000 3.992615
137.000 3.992615
138.000 3.895927
139.000 3.895927
140.000 3.220894
141.000 3.220894
142.000 4.610722
143.000 5.327789
144.000 5.067348
145.000 4.971893
146.000 3.162422
147.000 3.162422
148.000 4.469187
149.000 4.671089
150.000 4.427269
151.000 4.427269
152.000 3.345383
153.000 3.345383
154.000 2.476189
155.000 2.476189
156.000 1.364243
157.000 1.364243
158.000 3.240221
159.000 4.838432
160.000 3.355186
161.000 3.355186
162.000 4.669815
163.000 4.669815
164.000 4.190880
165.000 4.190880
166.000 3.530594
167.000 3.055824
168.000 3.389359
169.000 3.389359
170.000 5.386383
171.000 5.386383
172.000 4.699081
173.000 4.699081
174.000 2.715248
175.000 2.715248
176.000 4.146365
177.000 4.270073
178.000 2.780579
179.000 2.780579
180.000 4.465637
181.000 4.465637
182.000 4.793719
183.000 4.862633
184.000 3.275380
185.000 3.068810
186.000 3.104210
187.000 3.104210
188.000 4.431580
189.000 4.431580
190.000 3.715500
191.000 3.715500
192.000 3.308441
193.000 3.416297
194.000 4.901421
195.000 4.901421
196.000 3.470016
197.000 3.470016
198.000 4.894394
199.000 4.894394
200.000 3.949067
201.000 3.631783
202.000 3.664315
203.000 3.687370
204.000 3.567802
205.000 3.472343
206.000 3.472343
207.000 3.472343
208.000 5.021172
209.000 5.021172
210.000 4.090225
211.000 4.090225
212.000 4.248872
213.000 4.371887
214.000 4.113487
215.000 4.113487
216.000 2.893613
217.000 2.802750
218.000 3.223274
219.000 3.223274
220.000 3.223274
221.000 3.223274
222.000 4.921745
223.000 4.921745
224.000 4.921745
225.000 5.079926
226.000 5.252151
227.000 5.252151
228.000 4.600235
229.000 4.600235
230.000 5.425209
231.000 5.425209
232.000 3.431839
233.000 3.431839
234.000 4.256371
235.000 4.256371
236.000 5.082930
237.000 5.125191
238.000 3.358582
239.000 3.358582
240.000 5.280762
241.000 5.280762
242.000 3.585907
243.000 3.585907
244.000 3.826912
245.000 3.826912
246.000 5.279823
247.000 5.279823
248.000 4.362137
249.000 4.362137
250.000 4.328613
251.000 4.328613
252.000 3.176910
253.000 3.176910
254.000 3.870972
255.000 3.870972
256.000 4.063873
257.000 4.063873
258.000 4.507072
259.000 4.507072
260.000 4.963310
261.000 3.821175
262.000 3.821175
263.000 3.821175
264.000 3.573975
265.000 2.103172
266.000 2.103172
267.000 2.103172
268.000 2.103172
269.000 2.103172
270.000 4.856855
271.000 4.949287
272.000 4.949287
273.000 4.314964
274.000 4.314964
275.000 5.090744
276.000 5.090744
277.000 3.327766
278.000 3.327766
279.000 5.072174
280.000 4.997265
281.000 4.985001
282.000 4.682793
283.000 4.682793
284.000 4.948578
285.000 4.948578
286.000 4.103333
287.000 4.103333
288.000 3.759285
289.000 3.759285
290.000 5.195091
291.000 5.195091
292.000 4.916084
293.000 4.916084
294.000 3.468346
295.000 3.468346
296.000 4.780685
297.000 4.832771
298.000 3.986023
299.000 3.986023
300.000 3.547722
301.000 3.547722
302.000 3.881421
303.000 3.888428
304.000 5.098923
305.000 5.098923
306.000 4.436348
307.000 4.436348
308.000 3.844299
309.000 3.840592
310.000 3.656323
311.000 3.506477
312.000 3.567361
313.000 3.618523
314.000 4.044614
315.000 4.424843
316.000 4.752081
317.000 5.046501
318.000 4.367616
319.000 3.805954
320.000 3.351364
321.000 3.041924
322.000 2.693990
323.000 2.539963
324.000 3.935517
325.000 5.088860
326.000 5.291341
327.000 5.419609
328.000 4.566699
329.000 3.885086
330.000 4.717709
331.000 5.315895
332.000 3.745323
333.000 3.745323
334.000 4.695088
335.000 5.517868
336.000 4.375839
337.000 3.441658
338.000 3.201810
339.000 3.015617
340.000 3.486174
341.000 3.669182
342.000 4.165935
343.000 4.460030
344.000 4.028084
345.000 4.028084
346.000 4.111778
347.000 4.111778
348.000 4.282303
349.000 4.297256
350.000 4.982421
351.000 5.227989
352.000 5.148429
353.000 5.093346
354.000 5.149908
355.000 5.190636
356.000 3.436691
357.000 3.436691
358.000 4.297755
359.000 4.696724
