0.000 0.222740
1.000 2.180252
2.000 2.086044
3.000 2.250145
4.000 2.498840
5.000 1.349785
6.000 1.417568
7.000 1.542534
8.000 1.542534
9.000 2.631844
10.000 2.631844
11.000 2.501387
12.000 2.483292
13.000 2.483292
14.000 2.483292
15.000 2.409172
16.000 2.409172
17.000 2.409172
18.000 2.460927
19.000 2.541070
20.000 2.621214
21.000 2.693939
22.000 2.693939
23.000 2.422745
24.000 2.422745
25.000 2.513245
26.000 2.513245
27.000 2.386742
28.000 1.896003
29.000 1.754189
30.000 1.621921
31.000 1.420845
32.000 2.535095
33.000 2.535095
34.000 1.612206
35.000 1.612206
36.000 1.612206
37.000 2.502750
38.000 2.501709
39.000 2.501709
40.000 2.662048
41.000 2.693126
42.000 1.641762
43.000 1.641762
44.000 1.736267
45.000 1.736267
46.000 1.683060
47.000 1.683060
48.000 2.397484
49.000 2.397484
50.000 2.696747
51.000 2.696747
52.000 2.592766
53.000 2.592766
54.000 2.522992
55.000 1.744087
56.000 1.744087
57.000 1.744087
58.000 2.237079
59.000 2.532990
60.000 2.532990
61.000 2.561974
62.000 2.547864
63.000 2.472443
64.000 2.472443
65.000 1.684975
66.000 1.684975
67.000 1.663292
68.000 1.636483
69.000 1.634850
70.000 2.601509
71.000 2.601509
72.000 1.749596
73.000 1.894287
74.000 1.894287
75.000 1.894287
76.000 2.033287
77.000 2.338930
78.000 2.589348
79.000 2.589348
80.000 2.427589
81.000 2.468243
82.000 2.710770
83.000 2.402832
84.000 2.620682
85.000 2.721550
86.000 1.395912
87.000 1.395912
88.000 1.395912
89.000 1.601888
90.000 2.625610
91.000 2.625610
92.000 2.719955
93.000 2.744621
94.000 2.593231
95.000 2.593231
96.000 1.428093
97.000 1.428093
98.000 1.428093
99.000 2.481079
100.000 2.481079
101.000 2.366707
102.000 2.800652
103.000 2.254181
104.000 1.866852
105.000 1.866852
106.000 1.570633
107.000 1.570633
108.000 1.570633
109.000 2.602310
110.000 2.513098
111.000 2.157358
112.000 1.801617
113.000 1.613609
114.000 1.613609
115.000 2.645805
116.000 2.645805
117.000 1.670876
118.000 1.670876
119.000 1.670876
120.000 2.031288
121.000 1.817733
122.000 1.751022
123.000 1.751022
124.000 2.490227
125.000 2.429649
126.000 2.429649
127.000 2.490463
128.000 2.713699
129.000 2.500417
130.000 1.960907
131.000 1.957646
132.000 1.796890
133.000 2.540550
134.000 2.540550
135.000 2.540550
136.000 2.440536
137.000 2.440536
138.000 2.440536
139.000 2.354727
140.000 2.189001
141.000 2.023275
142.000 1.869011
143.000 1.869011
144.000 1.869011
145.000 2.101655
146.000 2.479271
147.000 1.897644
148.000 1.897644
149.000 1.897644
150.000 2.285042
151.000 2.285042
152.000 2.285042
153.000 2.612869
154.000 2.691513
155.000 2.691513
156.000 2.691513
157.000 2.527939
158.000 2.527939
159.000 2.527939
160.000 2.341677
161.000 2.142419
162.000 1.943161
163.000 1.816223
164.000 1.816223
165.000 2.466949
166.000 2.466949
167.000 2.679482
168.000 2.679482
169.000 2.679039
170.000 2.679039
171.000 2.330147
172.000 2.330147
173.000 2.065411
174.000 1.719251
175.000 1.373091
176.000 1.284721
177.000 1.927419
178.000 2.737503
179.000 2.691068
180.000 2.685211
181.000 2.659561
182.000 2.467316
183.000 2.467316
184.000 1.947148
185.000 1.421783
186.000 1.421783
187.000 1.493675
188.000 1.493675
189.000 2.772324
190.000 2.772324
191.000 2.726334
192.000 2.726334
193.000 2.631027
194.000 2.539757
195.000 2.539757
196.000 2.469933
197.000 2.469933
198.000 1.918979
199.000 1.427055
200.000 1.427055
201.000 1.792386
202.000 2.706741
203.000 2.629295
204.000 2.721863
205.000 2.415108
206.000 2.415108
207.000 2.649534
208.000 2.621180
209.000 2.592826
210.000 2.564472
211.000 2.563332
212.000 2.505119
213.000 2.505119
214.000 2.204956
215.000 2.204956
216.000 2.033054
217.000 1.352135
218.000 1.352135
219.000 2.048012
220.000 2.048012
221.000 2.609352
222.000 2.637520
223.000 2.637520
224.000 2.637520
225.000 1.205116
226.000 1.205116
227.000 1.205116
228.000 1.205116
229.000 1.290886
230.000 1.767969
231.000 2.245051
232.000 2.525703
233.000 2.525703
234.000 2.106796
235.000 1.414456
236.000 1.346153
237.000 1.346153
238.000 1.262331
239.000 1.260139
240.000 1.260139
241.000 2.390297
242.000 2.390297
243.000 2.390297
244.000 2.390297
245.000 2.390297
246.000 2.651416
247.000 2.599913
248.000 2.548409
249.000 2.496906
250.000 2.445403
251.000 2.393899
252.000 2.346024
253.000 2.507679
254.000 2.592751
255.000 2.510208
256.000 2.510208
257.000 2.510208
258.000 1.854797
259.000 1.854797
260.000 1.854797
261.000 1.775479
262.000 1.679390
263.000 2.093758
264.000 2.093758
265.000 1.679047
266.000 1.679047
267.000 1.679047
268.000 2.422764
269.000 2.114934
270.000 1.864235
271.000 1.864235
272.000 1.871140
273.000 1.871140
274.000 2.583424
275.000 2.597832
276.000 2.704178
277.000 2.375136
278.000 1.906784
279.000 2.003914
280.000 2.003914
281.000 1.771080
282.000 1.771080
283.000 1.897327
284.000 2.292542
285.000 2.292542
286.000 2.462410
287.000 2.462410
288.000 2.329121
289.000 2.229836
290.000 2.229836
291.000 2.172462
292.000 2.172462
293.000 1.555397
294.000 1.555397
295.000 2.306616
296.000 2.444588
297.000 1.352448
298.000 1.352448
299.000 1.352448
300.000 2.474548
301.000 2.474548
302.000 2.295736
303.000 2.164787
304.000 2.164787
305.000 2.343722
306.000 2.627845
307.000 1.487144
308.000 1.487144
309.000 1.427094
310.000 1.427094
311.000 2.425941
312.000 2.426346
313.000 2.436506
314.000 2.446667
315.000 2.447472
316.000 2.447472
317.000 1.781799
318.000 1.781799
319.000 1.835114
320.000 1.835114
321.000 2.730873
322.000 2.730873
323.000 2.688644
324.000 2.737213
325.000 2.787537
326.000 1.815430
327.000 1.815430
328.000 1.815430
329.000 2.013012
330.000 1.724472
331.000 1.724472
332.000 1.724472
333.000 2.778343
334.000 2.745414
335.000 2.695107
336.000 1.890518
337.000 1.890518
338.000 1.799953
339.000 1.079925
340.000 1.038994
341.000 1.038994
342.000 2.620087
343.000 2.634209
344.000 2.634209
345.000 2.662010
346.000 2.593903
347.000 2.593903
348.000 2.013481
349.000 1.471664
350.000 1.471664
351.000 2.481987
352.000 2.198662
353.000 2.198662
354.000 2.596176
355.000 2.596176
356.000 2.499016
357.000 2.218615
358.000 1.292175
359.000 1.292175
