0.000 0.234421
1.000 0.234421
2.000 0.224281
3.000 0.224281
4.000 0.417572
5.000 0.417572
6.000 0.456265
7.000 0.464981
8.000 0.464973
9.000 0.464976
10.000 0.464981
11.000 0.425507
12.000 0.425507
13.000 0.439476
14.000 0.448059
15.000 0.448059
16.000 0.452049
17.000 0.454562
18.000 0.502892
19.000 0.551222
20.000 0.562347
21.000 0.453201
22.000 0.461281
23.000 0.461281
24.000 0.452812
25.000 0.452812
26.000 0.461281
27.000 0.461281
28.000 0.395149
29.000 0.401306
30.000 0.401306
31.000 0.401159
32.000 0.400993
33.000 0.400993
34.000 0.417458
35.000 0.208862
36.000 0.208862
37.000 0.208862
38.000 0.208862
39.000 0.372803
40.000 0.392706
41.000 0.452659
42.000 0.453117
43.000 0.469284
44.000 0.469284
45.000 0.306252
46.000 0.306252
47.000 0.306252
48.000 0.372643
49.000 0.372643
50.000 0.368057
51.000 0.368057
52.000 0.434181
53.000 0.456970
54.000 0.456970
55.000 0.757744
56.000 0.459427
57.000 0.459427
58.000 0.459427
59.000 0.459427
60.000 0.459427
61.000 0.459427
62.000 0.463473
63.000 0.469551
64.000 0.469551
65.000 0.466820
66.000 0.466820
67.000 0.393562
68.000 0.413597
69.000 0.413597
70.000 0.482018
71.000 0.482018
72.000 0.466202
73.000 0.466202
74.000 0.466202
75.000 0.401367
76.000 0.401367
77.000 0.208885
78.000 0.208885
79.000 0.208885
80.000 0.394012
81.000 0.394012
82.000 0.439309
83.000 0.462509
84.000 0.462510
85.000 0.462517
86.000 0.435448
87.000 0.428833
88.000 0.397346
89.000 0.397346
90.000 0.393662
91.000 0.391443
92.000 0.389225
93.000 0.389107
94.000 0.460052
95.000 0.416710
96.000 0.397278
97.000 0.397278
98.000 0.397278
99.000 0.441238
100.000 0.441238
101.000 0.444598
102.000 0.464719
103.000 0.473892
104.000 0.457581
105.000 0.457581
106.000 0.457581
107.000 0.401237
108.000 0.401237
109.000 0.399323
110.000 0.399323
111.000 0.410730
112.000 0.443699
113.000 0.456352
114.000 0.456352
115.000 0.456352
116.000 0.456352
117.000 0.420854
118.000 0.417465
119.000 0.417465
120.000 0.448899
121.000 0.463127
122.000 0.360870
123.000 0.360870
124.000 0.360870
125.000 0.463127
126.000 0.463127
127.000 0.202347
128.000 0.202347
129.000 0.202347
130.000 0.451431
131.000 0.451428
132.000 0.451424
133.000 0.451424
134.000 0.430096
135.000 0.417465
136.000 0.590132
137.000 0.431961
138.000 0.431961
139.000 0.411613
140.000 0.386536
141.000 0.416782
142.000 0.452652
143.000 0.397911
144.000 0.397911
145.000 0.362793
146.000 0.362793
147.000 0.362793
148.000 0.326607
149.000 0.326607
150.000 0.326607
151.000 0.446526
152.000 0.446526
153.000 0.423367
154.000 0.417358
155.000 0.451431
156.000 0.451431
157.000 0.408897
158.000 0.417023
159.000 0.417023
160.000 0.512232
161.000 0.558128
162.000 0.558128
163.000 0.443863
164.000 0.443863
165.000 0.450193
166.000 0.450554
167.000 0.424942
168.000 0.420755
169.000 0.417328
170.000 0.525528
171.000 0.525528
172.000 0.387016
173.000 0.387016
174.000 0.428031
175.000 0.463737
176.000 0.463737
177.000 0.413002
178.000 0.413002
179.000 0.453888
180.000 0.453888
181.000 0.372901
182.000 0.353226
183.000 0.385448
184.000 0.453888
185.000 0.407768
186.000 0.407768
187.000 0.537430
188.000 0.390968
189.000 0.390968
190.000 0.394648
191.000 0.460052
192.000 0.433882
193.000 0.388863
194.000 0.460045
195.000 0.930237
196.000 0.930237
197.000 0.752454
198.000 0.540047
199.000 0.405945
200.000 0.405945
201.000 0.405945
202.000 0.432573
203.000 0.446014
204.000 0.494011
205.000 0.258446
206.000 0.474472
207.000 0.415176
208.000 0.415176
209.000 0.415176
210.000 0.393281
211.000 0.359589
212.000 0.359589
213.000 0.450813
214.000 0.424583
215.000 0.166199
216.000 0.166199
217.000 0.166199
218.000 0.166199
219.000 0.372635
220.000 0.372635
221.000 0.391495
222.000 0.445849
223.000 0.457893
224.000 0.161331
225.000 0.161331
226.000 0.161331
227.000 0.161331
228.000 0.402802
229.000 0.418892
230.000 0.460045
231.000 0.359879
232.000 0.359879
233.000 0.437241
234.000 0.437241
235.000 0.437241
236.000 0.423612
237.000 0.408989
238.000 0.395355
239.000 0.395355
240.000 0.461273
241.000 0.397412
242.000 0.386192
243.000 0.470504
244.000 0.458809
245.000 0.450806
246.000 0.450806
247.000 0.404082
248.000 0.400757
249.000 0.390884
250.000 0.390884
251.000 0.693459
252.000 0.693459
253.000 0.402191
254.000 0.402191
255.000 0.400418
256.000 0.399223
257.000 0.399223
258.000 0.418631
259.000 0.452248
260.000 0.363083
261.000 0.363083
262.000 0.470863
263.000 0.460052
264.000 0.460052
265.000 0.460052
266.000 0.460052
267.000 0.460052
268.000 0.417099
269.000 0.417099
270.000 0.397530
271.000 0.397530
272.000 0.397530
273.000 0.460049
274.000 0.460051
275.000 0.460052
276.000 0.460052
277.000 0.379250
278.000 0.379250
279.000 0.437798
280.000 0.447677
281.000 0.450813
282.000 0.450813
283.000 0.402420
284.000 0.402420
285.000 0.540819
286.000 0.638069
287.000 0.393639
288.000 0.393639
289.000 0.428551
290.000 0.428551
291.000 0.435341
292.000 0.433511
293.000 0.386368
294.000 0.462067
295.000 0.462067
296.000 0.449691
297.000 0.442947
298.000 0.439001
299.000 0.434036
300.000 0.431496
301.000 0.431496
302.000 0.386444
303.000 0.386444
304.000 0.386444
305.000 0.507066
306.000 0.451073
307.000 0.451073
308.000 0.434288
309.000 0.434288
310.000 0.561646
311.000 0.561646
312.000 0.469525
313.000 0.372841
314.000 0.372841
315.000 0.417892
316.000 0.347229
317.000 0.347229
318.000 0.417480
319.000 0.417480
320.000 0.391785
321.000 0.392576
322.000 0.396820
323.000 0.456352
324.000 0.456352
325.000 0.453522
326.000 0.483727
327.000 0.877602
328.000 0.877602
329.000 0.592626
330.000 0.453888
331.000 0.453888
332.000 0.453888
333.000 0.453888
334.000 0.453888
335.000 0.458561
336.000 0.578232
337.000 0.450813
338.000 0.450813
339.000 0.218231
340.000 0.218231
341.000 0.218231
342.000 0.218231
343.000 0.218231
344.000 0.218231
345.000 0.218231
346.000 0.218231
347.000 0.474830
348.000 0.403881
349.000 0.365036
350.000 0.365036
351.000 0.403664
352.000 0.391353
353.000 0.379379
354.000 0.479698
355.000 0.479698
356.000 0.462509
357.000 0.462509
358.000 0.462510
359.000 0.462517
