0.000 0.087326
1.000 0.087326
2.000 0.087326
3.000 0.087326
4.000 0.087326
5.000 0.087326
6.000 0.087326
7.000 0.087326
8.000 0.288939
9.000 0.535072
10.000 0.581902
11.000 0.581902
12.000 0.581902
13.000 1.066526
14.000 1.757286
15.000 1.821938
16.000 1.821938
17.000 3.372284
18.000 2.839104
19.000 2.839104
20.000 1.436148
21.000 1.404160
22.000 1.404160
23.000 1.405270
24.000 1.411647
25.000 1.418024
26.000 1.424402
27.000 1.430779
28.000 1.437156
29.000 1.443534
30.000 1.449911
31.000 1.456288
32.000 1.462665
33.000 1.469043
34.000 1.475420
35.000 1.481797
36.000 1.488174
37.000 1.494552
38.000 1.500929
39.000 1.507306
40.000 1.513683
41.000 1.520061
42.000 1.526438
43.000 1.532815
44.000 1.539193
45.000 1.545570
46.000 1.551947
47.000 1.558324
48.000 1.564702
49.000 1.571079
50.000 1.577456
51.000 1.583833
52.000 1.590211
53.000 1.594582
54.000 1.594582
55.000 1.594582
56.000 1.594582
57.000 1.107666
58.000 1.107666
59.000 1.107666
60.000 1.107666
61.000 1.107666
62.000 1.107666
63.000 1.107666
64.000 1.107666
65.000 1.107666
66.000 1.107666
67.000 1.107666
68.000 1.107666
69.000 1.764091
70.000 1.960640
71.000 1.864029
72.000 1.864029
73.000 1.788278
74.000 1.626113
75.000 1.463947
76.000 1.301781
77.000 1.139615
78.000 0.977449
79.000 0.815283
80.000 0.653118
81.000 0.490952
82.000 0.328786
83.000 0.261566
84.000 0.261566
85.000 0.261566
86.000 0.375653
87.000 0.926484
88.000 0.855032
89.000 0.472977
90.000 0.472977
91.000 1.500359
92.000 1.500359
93.000 1.539207
94.000 1.539207
95.000 1.696716
96.000 1.696716
97.000 1.696716
98.000 1.881364
99.000 1.997073
100.000 2.112783
101.000 2.196976
102.000 2.196976
103.000 2.630966
104.000 0.987297
105.000 0.987297
106.000 0.987297
107.000 0.987297
108.000 0.987297
109.000 0.987297
110.000 2.281912
111.000 2.584527
112.000 2.887143
113.000 3.012665
114.000 2.600555
115.000 2.600555
116.000 2.901642
117.000 2.901642
118.000 2.830018
119.000 2.737305
120.000 2.737305
121.000 2.207306
122.000 2.466362
123.000 2.466362
124.000 1.079285
125.000 1.079285
126.000 1.118382
127.000 2.144083
128.000 2.509277
129.000 1.579597
130.000 0.508681
131.000 0.438972
132.000 0.438972
133.000 1.403366
134.000 1.790298
135.000 2.537010
136.000 2.548470
137.000 2.548470
138.000 2.548470
139.000 2.589928
140.000 2.589928
141.000 2.589928
142.000 2.367713
143.000 2.105394
144.000 1.843075
145.000 1.580756
146.000 1.318437
147.000 1.190102
148.000 1.261406
149.000 1.893295
150.000 1.624024
151.000 1.158252
152.000 0.692480
153.000 0.226709
154.000 0.221146
155.000 0.221146
156.000 0.341454
157.000 0.383934
158.000 0.435997
159.000 0.653381
160.000 0.781487
161.000 0.406408
162.000 0.307358
163.000 0.307358
164.000 0.307358
165.000 0.307358
166.000 0.307358
167.000 0.307358
168.000 0.307358
169.000 0.373982
170.000 0.391785
171.000 0.470923
172.000 0.613281
173.000 0.613281
174.000 1.407394
175.000 0.541855
176.000 0.541855
177.000 0.652627
178.000 1.274483
179.000 1.398445
180.000 1.349144
181.000 1.051277
182.000 1.051277
183.000 0.969414
184.000 0.838875
185.000 0.708335
186.000 0.577796
187.000 0.447257
188.000 0.316718
189.000 0.186179
190.000 0.163361
191.000 0.197464
192.000 0.197464
193.000 0.081619
194.000 0.081619
195.000 0.081619
196.000 0.081619
197.000 0.081619
198.000 0.081619
199.000 0.081619
200.000 0.081619
201.000 0.081619
202.000 0.081619
203.000 0.081619
204.000 0.081619
205.000 0.081619
206.000 0.081619
207.000 1.384041
208.000 0.649750
209.000 0.756363
210.000 0.853783
211.000 1.410921
212.000 1.514542
213.000 1.514542
214.000 1.201729
215.000 1.201729
216.000 1.201729
217.000 0.996558
218.000 0.759945
219.000 0.523333
220.000 0.463387
221.000 0.449527
222.000 0.385691
223.000 0.321855
224.000 0.291809
225.000 0.383575
226.000 0.464951
227.000 0.793358
228.000 1.246613
229.000 1.068542
230.000 1.097225
231.000 1.193759
232.000 1.195946
233.000 1.393700
234.000 1.374702
235.000 1.374702
236.000 1.816315
237.000 0.629311
238.000 0.629311
239.000 0.629311
240.000 0.629311
241.000 1.305801
242.000 1.305801
243.000 1.182591
244.000 0.873110
245.000 0.818497
246.000 0.818497
247.000 1.085121
248.000 0.345276
249.000 0.345276
250.000 0.345276
251.000 0.321487
252.000 0.279540
253.000 0.271599
254.000 0.271599
255.000 0.283003
256.000 0.359995
257.000 0.390305
258.000 0.531952
259.000 0.761241
260.000 1.030296
261.000 0.775948
262.000 0.775948
263.000 1.332245
264.000 1.337982
265.000 0.416130
266.000 0.416130
267.000 0.416130
268.000 0.416130
269.000 0.416130
270.000 0.416130
271.000 1.353592
272.000 1.366498
273.000 1.379405
274.000 1.392311
275.000 1.405218
276.000 1.412788
277.000 1.578171
278.000 1.268883
279.000 1.268883
280.000 1.484085
281.000 1.425769
282.000 1.338287
283.000 1.338287
284.000 1.150337
285.000 1.150337
286.000 1.022415
287.000 1.022415
288.000 1.007294
289.000 0.982427
290.000 0.973999
291.000 1.126282
292.000 1.126282
293.000 1.497079
294.000 1.670235
295.000 1.561906
296.000 1.498993
297.000 1.307877
298.000 1.307877
299.000 1.307877
300.000 1.307877
301.000 1.130469
302.000 1.198362
303.000 1.266254
304.000 1.333466
305.000 1.333466
306.000 1.262221
307.000 1.088188
308.000 1.088188
309.000 1.088188
310.000 1.088188
311.000 1.088188
312.000 1.458282
313.000 1.484879
314.000 1.484879
315.000 1.014664
316.000 1.014664
317.000 0.962059
318.000 0.801246
319.000 0.712791
320.000 0.712791
321.000 1.342178
322.000 0.999512
323.000 1.029258
324.000 1.051445
325.000 0.711622
326.000 0.555077
327.000 0.555077
328.000 0.730847
329.000 0.928230
330.000 1.391296
331.000 1.569389
332.000 1.569389
333.000 1.992096
334.000 1.992096
335.000 1.945580
336.000 1.945580
337.000 1.576630
338.000 1.576630
339.000 1.629547
340.000 1.786517
341.000 1.922211
342.000 0.958694
343.000 1.296783
344.000 1.296783
345.000 1.782463
346.000 1.782463
347.000 1.976479
348.000 1.994583
349.000 1.952438
350.000 1.938437
351.000 1.779343
352.000 1.779343
353.000 1.779343
354.000 1.608810
355.000 1.608810
356.000 1.303986
357.000 1.303986
358.000 1.303986
359.000 1.210747
