0.000 0.034981
1.000 0.034981
2.000 0.034981
3.000 0.034981
4.000 0.034981
5.000 0.034981
6.000 0.034981
7.000 0.034981
8.000 0.034981
9.000 0.034981
10.000 0.034981
11.000 0.034981
12.000 0.077911
13.000 0.077911
14.000 0.077911
15.000 0.835936
16.000 0.835701
17.000 0.817444
18.000 0.324493
19.000 0.432800
20.000 0.830429
21.000 0.418556
22.000 0.418556
23.000 0.418556
24.000 0.418556
25.000 0.741557
26.000 0.813690
27.000 0.813690
28.000 0.817716
29.000 0.824715
30.000 0.824179
31.000 0.373001
32.000 0.373001
33.000 0.373001
34.000 0.752572
35.000 0.730962
36.000 0.714882
37.000 0.770043
38.000 1.006981
39.000 0.921295
40.000 1.144272
41.000 1.130349
42.000 0.502495
43.000 0.502495
44.000 0.615188
45.000 0.643051
46.000 0.643051
47.000 0.643051
48.000 0.689921
49.000 0.744589
50.000 0.799257
51.000 0.847862
52.000 0.847862
53.000 0.762057
54.000 0.684227
55.000 0.700233
56.000 0.732988
57.000 0.805161
58.000 1.353561
59.000 1.128803
60.000 0.621490
61.000 0.621490
62.000 1.119431
63.000 1.119431
64.000 0.589415
65.000 0.420021
66.000 0.420021
67.000 0.900780
68.000 0.900780
69.000 0.846395
70.000 0.818939
71.000 0.818939
72.000 0.818939
73.000 0.818939
74.000 0.765259
75.000 0.765259
76.000 0.402092
77.000 0.402092
78.000 0.532666
79.000 1.041229
80.000 0.425697
81.000 0.425697
82.000 0.874390
83.000 0.874390
84.000 0.751239
85.000 0.549309
86.000 0.549309
87.000 1.169571
88.000 0.916473
89.000 0.916473
90.000 0.770714
91.000 0.770714
92.000 0.692772
93.000 0.692772
94.000 0.927887
95.000 0.927887
96.000 0.927887
97.000 0.927887
98.000 1.097023
99.000 1.097023
100.000 1.097023
101.000 1.097023
102.000 0.988511
103.000 0.847467
104.000 0.706423
105.000 0.565380
106.000 0.424336
107.000 0.283293
108.000 0.278061
109.000 0.278061
110.000 0.702164
111.000 0.702164
112.000 0.702164
113.000 0.702164
114.000 0.702164
115.000 0.702164
116.000 0.702164
117.000 0.702164
118.000 0.702164
119.000 0.702164
120.000 0.702164
121.000 0.702164
122.000 0.702164
123.000 0.702164
124.000 0.533669
125.000 0.522680
126.000 0.516296
127.000 0.204536
128.000 0.204536
129.000 0.250320
130.000 0.250320
131.000 0.250320
132.000 0.517921
133.000 0.217857
134.000 0.217857
135.000 0.222720
136.000 0.548805
137.000 0.219093
138.000 0.476227
139.000 0.476227
140.000 0.354614
141.000 0.354614
142.000 0.383362
143.000 0.555397
144.000 0.555397
145.000 0.555397
146.000 0.762365
147.000 0.786858
148.000 0.811351
149.000 0.835844
150.000 0.468437
151.000 0.468437
152.000 0.499756
153.000 0.499756
154.000 0.326759
155.000 0.326759
156.000 0.326759
157.000 0.326759
158.000 0.641195
159.000 0.735803
160.000 0.774857
161.000 0.817176
162.000 0.872110
163.000 0.920708
164.000 1.092438
165.000 0.465431
166.000 0.465431
167.000 0.347404
168.000 0.347404
169.000 0.225174
170.000 0.225174
171.000 0.225174
172.000 0.769722
173.000 0.769722
174.000 0.772769
175.000 0.778018
176.000 0.782753
177.000 0.782753
178.000 0.704323
179.000 0.995636
180.000 0.957130
181.000 0.957130
182.000 0.715912
183.000 0.715912
184.000 0.582611
185.000 0.582611
186.000 0.585935
187.000 0.625809
188.000 0.627541
189.000 0.627541
190.000 0.627541
191.000 0.627541
192.000 0.873557
193.000 0.725915
194.000 0.651840
195.000 0.651840
196.000 0.651840
197.000 0.838356
198.000 0.838356
199.000 0.797166
200.000 0.732842
201.000 0.668518
202.000 0.656364
203.000 0.486099
204.000 0.492455
205.000 0.492455
206.000 0.492455
207.000 1.087738
208.000 0.693497
209.000 0.693497
210.000 0.693497
211.000 0.699647
212.000 0.714971
213.000 0.721275
214.000 1.049868
215.000 0.681877
216.000 0.849951
217.000 0.966148
218.000 0.894941
219.000 0.560440
220.000 0.560440
221.000 0.801064
222.000 0.801064
223.000 0.671272
224.000 0.671272
225.000 0.652836
226.000 0.620456
227.000 0.588076
228.000 0.579750
229.000 1.157776
230.000 0.543259
231.000 0.548576
232.000 0.537476
233.000 0.537476
234.000 1.173448
235.000 1.186241
236.000 0.894424
237.000 0.894424
238.000 0.841533
239.000 0.808811
240.000 0.792458
241.000 0.792458
242.000 0.680596
243.000 0.526378
244.000 0.372161
245.000 0.217944
246.000 0.193047
247.000 0.140892
248.000 0.140892
249.000 0.140892
250.000 0.140892
251.000 0.599869
252.000 0.599869
253.000 0.599869
254.000 0.599869
255.000 0.787724
256.000 0.577326
257.000 0.366928
258.000 0.182137
259.000 0.182137
260.000 0.182137
261.000 0.182137
262.000 0.182137
263.000 0.182137
264.000 0.665207
265.000 0.665207
266.000 1.515930
267.000 1.141252
268.000 0.900055
269.000 0.715637
270.000 0.715637
271.000 0.705017
272.000 0.596200
273.000 0.487383
274.000 0.378566
275.000 0.269749
276.000 0.160932
277.000 0.108170
278.000 0.108170
279.000 0.108170
280.000 0.108170
281.000 0.108170
282.000 0.413239
283.000 0.587132
284.000 1.151375
285.000 1.151375
286.000 1.151375
287.000 1.151375
288.000 0.177895
289.000 0.177895
290.000 0.177895
291.000 0.177895
292.000 0.177895
293.000 0.177895
294.000 0.177895
295.000 0.177895
296.000 0.522283
297.000 0.503354
298.000 0.550713
299.000 0.719148
300.000 0.941559
301.000 0.524445
302.000 0.255783
303.000 0.285416
304.000 0.359619
305.000 0.338345
306.000 0.331993
307.000 0.851311
308.000 0.886633
309.000 1.346812
310.000 1.307701
311.000 0.516159
312.000 0.516159
313.000 1.197708
314.000 0.514587
315.000 0.514587
316.000 0.514587
317.000 0.514587
318.000 0.786135
319.000 0.742038
320.000 0.697942
321.000 0.653846
322.000 0.609750
323.000 0.565654
324.000 0.521558
325.000 0.489037
326.000 1.159532
327.000 1.339508
328.000 1.494034
329.000 1.103620
330.000 0.997374
331.000 0.744059
332.000 0.490743
333.000 0.237428
334.000 0.201141
335.000 0.600670
336.000 0.516861
337.000 0.516861
338.000 1.386884
339.000 1.285463
340.000 1.184042
341.000 1.082620
342.000 0.981199
343.000 0.879778
344.000 0.778357
345.000 0.676935
346.000 0.575514
347.000 0.474093
348.000 0.372672
349.000 0.271250
350.000 0.169829
351.000 0.068408
352.000 0.057899
353.000 0.057899
354.000 0.057899
355.000 0.057899
356.000 0.057899
357.000 0.057899
358.000 0.057899
359.000 0.057899
