0.000 0.197441
1.000 0.197441
2.000 0.197441
3.000 0.413506
4.000 0.413506
5.000 0.413506
6.000 1.258949
7.000 0.907120
8.000 0.907120
9.000 0.907120
10.000 0.907120
11.000 1.820973
12.000 2.178435
13.000 2.535897
14.000 2.781471
15.000 2.781471
16.000 1.571217
17.000 2.016237
18.000 2.461257
19.000 2.530121
20.000 1.643860
21.000 1.643860
22.000 1.421371
23.000 1.421371
24.000 1.421371
25.000 1.380587
26.000 1.217255
27.000 1.070290
28.000 0.848358
29.000 0.781493
30.000 1.280350
31.000 0.412910
32.000 0.412910
33.000 0.681870
34.000 2.615966
35.000 1.160423
36.000 1.428030
37.000 2.435185
38.000 3.170036
39.000 2.005165
40.000 3.179947
41.000 3.179947
42.000 2.974800
43.000 2.974800
44.000 2.974800
45.000 2.754734
46.000 2.682005
47.000 3.240898
48.000 1.980995
49.000 0.182999
50.000 0.182999
51.000 0.182999
52.000 0.182999
53.000 0.182999
54.000 0.182999
55.000 0.182999
56.000 0.182999
57.000 0.182999
58.000 0.182999
59.000 1.144585
60.000 0.144066
61.000 0.144066
62.000 0.144066
63.000 0.144066
64.000 0.144066
65.000 0.901733
66.000 1.665222
67.000 1.790215
68.000 1.782800
69.000 1.284302
70.000 1.284302
71.000 1.284302
72.000 1.394614
73.000 1.473590
74.000 1.508690
75.000 1.764931
76.000 0.830399
77.000 1.338890
78.000 1.462298
79.000 1.373229
80.000 1.494720
81.000 1.796387
82.000 3.101013
83.000 3.101013
84.000 3.101013
85.000 3.101013
86.000 3.101013
87.000 3.101013
88.000 2.807381
89.000 3.095890
90.000 3.230476
91.000 2.578049
92.000 2.578049
93.000 3.139122
94.000 2.359177
95.000 2.359177
96.000 2.683998
97.000 2.683998
98.000 2.682500
99.000 2.680351
100.000 2.680351
101.000 2.680351
102.000 2.680351
103.000 2.680351
104.000 2.680351
105.000 2.571703
106.000 2.814175
107.000 3.056648
108.000 3.197136
109.000 3.197136
110.000 3.197136
111.000 2.534141
112.000 2.065107
113.000 1.978195
114.000 1.978195
115.000 1.978195
116.000 1.978195
117.000 1.978195
118.000 2.727197
119.000 2.794609
120.000 2.794609
121.000 1.663269
122.000 1.663269
123.000 1.663269
124.000 1.663269
125.000 1.663269
126.000 2.357026
127.000 1.216394
128.000 0.677628
129.000 0.677628
130.000 0.677628
131.000 0.677628
132.000 0.677628
133.000 0.677628
134.000 0.677628
135.000 0.677628
136.000 0.677628
137.000 0.677628
138.000 0.677628
139.000 0.998810
140.000 0.998810
141.000 0.998810
142.000 0.998810
143.000 1.395130
144.000 1.428497
145.000 1.428497
146.000 1.613663
147.000 1.647447
148.000 1.687850
149.000 1.720108
150.000 1.720108
151.000 1.820816
152.000 1.337654
153.000 1.337654
154.000 1.337654
155.000 1.337654
156.000 1.337654
157.000 1.681515
158.000 1.640950
159.000 1.622635
160.000 1.622635
161.000 1.622635
162.000 1.688072
163.000 1.688072
164.000 1.719845
165.000 1.879112
166.000 1.879112
167.000 1.935104
168.000 1.935104
169.000 1.935104
170.000 1.839157
171.000 1.839157
172.000 1.839157
173.000 1.839157
174.000 2.228638
175.000 2.228638
176.000 2.228638
177.000 2.209008
178.000 2.010136
179.000 1.811263
180.000 1.612391
181.000 1.413519
182.000 1.283165
183.000 1.283165
184.000 0.997383
185.000 1.358093
186.000 1.358093
187.000 1.358093
188.000 2.043030
189.000 2.043030
190.000 2.043030
191.000 1.673724
192.000 1.612818
193.000 1.551913
194.000 1.491008
195.000 1.472839
196.000 1.201767
197.000 1.201767
198.000 1.219231
199.000 1.219231
200.000 1.219231
201.000 1.219231
202.000 1.442784
203.000 1.527100
204.000 1.539940
205.000 2.280136
206.000 2.298826
207.000 2.405196
208.000 2.513603
209.000 2.680485
210.000 0.445267
211.000 0.445267
212.000 0.445267
213.000 0.445267
214.000 0.445267
215.000 0.445267
216.000 0.445267
217.000 0.445267
218.000 0.445267
219.000 0.445267
220.000 0.445267
221.000 0.768867
222.000 0.768867
223.000 0.768867
224.000 0.768867
225.000 0.768867
226.000 0.768867
227.000 1.609862
228.000 1.589401
229.000 1.574776
230.000 1.454433
231.000 0.772606
232.000 0.914864
233.000 0.900063
234.000 0.900063
235.000 0.900063
236.000 3.194550
237.000 3.194550
238.000 3.683466
239.000 3.924522
240.000 1.952118
241.000 1.952118
242.000 1.579300
243.000 1.579300
244.000 1.579300
245.000 1.575201
246.000 1.504163
247.000 1.480423
248.000 1.480423
249.000 1.335487
250.000 1.335487
251.000 1.335487
252.000 1.327324
253.000 1.327324
254.000 1.327324
255.000 2.443684
256.000 2.426201
257.000 2.426201
258.000 2.422854
259.000 2.415950
260.000 2.142029
261.000 1.947612
262.000 1.961758
263.000 1.993075
264.000 1.964473
265.000 1.875357
266.000 1.914076
267.000 2.017264
268.000 2.264940
269.000 3.152886
270.000 3.121926
271.000 1.976097
272.000 1.593094
273.000 1.885835
274.000 2.012835
275.000 1.625153
276.000 1.626774
277.000 1.626968
278.000 1.588794
279.000 1.362518
280.000 1.264666
281.000 1.212891
282.000 1.217773
283.000 1.233590
284.000 0.746216
285.000 0.746216
286.000 0.746216
287.000 0.746216
288.000 0.746216
289.000 1.346936
290.000 1.241884
291.000 1.136832
292.000 1.042297
293.000 1.290268
294.000 1.399117
295.000 0.489609
296.000 0.489609
297.000 0.711990
298.000 1.188248
299.000 1.188248
300.000 1.188248
301.000 1.188248
302.000 1.188248
303.000 1.112233
304.000 1.084343
305.000 1.084343
306.000 1.084343
307.000 1.084343
308.000 1.096101
309.000 1.257828
310.000 1.319527
311.000 1.319527
312.000 1.319527
313.000 1.319527
314.000 1.319527
315.000 1.319527
316.000 1.319527
317.000 1.319527
318.000 1.319527
319.000 1.319527
320.000 1.319527
321.000 2.177310
322.000 2.124462
323.000 2.071613
324.000 2.018765
325.000 1.965916
326.000 1.913068
327.000 1.860219
328.000 1.807371
329.000 1.754522
330.000 2.001564
331.000 1.600960
332.000 1.539719
333.000 1.555855
334.000 0.941124
335.000 0.941124
336.000 1.113548
337.000 1.113548
338.000 1.278656
339.000 1.745049
340.000 1.385017
341.000 1.385017
342.000 1.385017
343.000 1.385017
344.000 1.385017
345.000 1.385017
346.000 1.385017
347.000 1.385017
348.000 1.311774
349.000 1.201603
350.000 1.104393
351.000 1.104393
352.000 1.104393
353.000 1.104393
354.000 1.104393
355.000 1.104393
356.000 1.172346
357.000 1.245992
358.000 1.287453
359.000 1.287453
