0.000 0.389137
1.000 0.389137
2.000 0.389137
3.000 1.995903
4.000 3.630569
5.000 4.067642
6.000 3.865110
7.000 4.047205
8.000 4.116295
9.000 1.938354
10.000 1.938354
11.000 1.938354
12.000 1.938354
13.000 1.938354
14.000 3.265251
15.000 3.265251
16.000 3.399695
17.000 3.726545
18.000 4.015312
19.000 3.627953
20.000 4.057892
21.000 4.057892
22.000 4.011818
23.000 4.011818
24.000 3.956528
25.000 3.956528
26.000 3.956528
27.000 4.033774
28.000 4.106255
29.000 4.106255
30.000 4.128822
31.000 3.980202
32.000 4.008888
33.000 4.007385
34.000 3.975296
35.000 3.609884
36.000 3.517487
37.000 4.089714
38.000 4.089714
39.000 3.635254
40.000 3.635254
41.000 3.927731
42.000 4.037918
43.000 3.879524
44.000 4.049812
45.000 3.852295
46.000 3.724228
47.000 3.724228
48.000 3.920227
49.000 3.920227
50.000 3.783073
51.000 3.783073
52.000 3.908713
53.000 4.150024
54.000 4.150024
55.000 4.064888
56.000 4.085805
57.000 4.100517
58.000 3.960190
59.000 3.928088
60.000 3.894455
61.000 3.894455
62.000 4.026947
63.000 4.026947
64.000 3.527946
65.000 3.527946
66.000 4.094261
67.000 4.094261
68.000 4.094261
69.000 3.864655
70.000 3.864655
71.000 2.975716
72.000 2.975716
73.000 2.975716
74.000 2.975716
75.000 3.065148
76.000 4.030296
77.000 4.030296
78.000 4.030296
79.000 4.046314
80.000 4.150887
81.000 4.150887
82.000 4.150887
83.000 4.095652
84.000 4.064308
85.000 3.402985
86.000 4.142830
87.000 4.091856
88.000 4.049400
89.000 3.999191
90.000 4.022885
91.000 4.030930
92.000 4.039222
93.000 4.068083
94.000 4.096944
95.000 4.125805
96.000 4.141106
97.000 4.141106
98.000 3.605299
99.000 2.944896
100.000 2.568298
101.000 2.568298
102.000 2.568298
103.000 3.479317
104.000 3.479317
105.000 3.677325
106.000 4.057030
107.000 4.057030
108.000 3.985483
109.000 3.891266
110.000 3.891266
111.000 3.880844
112.000 3.880844
113.000 2.749529
114.000 2.024742
115.000 2.024742
116.000 2.024742
117.000 2.024742
118.000 2.831895
119.000 3.878868
120.000 3.878868
121.000 3.856274
122.000 3.824467
123.000 3.183304
124.000 4.143936
125.000 3.821108
126.000 3.655327
127.000 3.929328
128.000 4.109200
129.000 4.019157
130.000 3.723122
131.000 4.030563
132.000 4.030563
133.000 2.858482
134.000 2.858482
135.000 3.478805
136.000 4.040504
137.000 3.949196
138.000 3.576920
139.000 3.576920
140.000 3.701790
141.000 3.701790
142.000 4.083038
143.000 4.083038
144.000 4.072498
145.000 4.045904
146.000 4.028839
147.000 4.028839
148.000 3.937752
149.000 3.632355
150.000 3.632355
151.000 3.762109
152.000 3.920898
153.000 4.017143
154.000 4.017143
155.000 3.536720
156.000 3.536720
157.000 3.536720
158.000 4.092697
159.000 4.092697
160.000 3.912277
161.000 3.912277
162.000 3.912277
163.000 4.016259
164.000 4.031929
165.000 3.891472
166.000 4.043793
167.000 4.043793
168.000 4.043793
169.000 4.043793
170.000 3.854752
171.000 3.854752
172.000 3.854752
173.000 3.486740
174.000 3.486740
175.000 3.486740
176.000 3.502585
177.000 3.728233
178.000 3.728233
179.000 3.908508
180.000 3.908508
181.000 3.900352
182.000 3.851896
183.000 3.813446
184.000 3.813446
185.000 3.899948
186.000 4.065720
187.000 4.065720
188.000 4.050667
189.000 4.050667
190.000 4.109062
191.000 4.109062
192.000 3.678947
193.000 3.678947
194.000 3.661995
195.000 3.661995
196.000 3.740870
197.000 4.005836
198.000 4.005836
199.000 3.978127
200.000 3.978127
201.000 3.437309
202.000 3.437309
203.000 3.437309
204.000 3.788467
205.000 3.788467
206.000 3.788467
207.000 3.788467
208.000 3.358635
209.000 3.358635
210.000 3.358635
211.000 3.358635
212.000 2.995087
213.000 1.892120
214.000 1.892120
215.000 1.892120
216.000 1.892120
217.000 1.892120
218.000 4.030075
219.000 4.030075
220.000 3.105354
221.000 3.105354
222.000 3.105354
223.000 3.593467
224.000 4.004471
225.000 4.004471
226.000 4.004471
227.000 3.417404
228.000 3.417404
229.000 3.417404
230.000 3.579577
231.000 3.987610
232.000 3.987610
233.000 3.987610
234.000 3.541451
235.000 3.541451
236.000 3.541451
237.000 3.972825
238.000 4.040619
239.000 4.040619
240.000 4.040619
241.000 3.975769
242.000 3.975769
243.000 3.975769
244.000 3.975769
245.000 3.921600
246.000 3.849504
247.000 3.822548
248.000 3.822548
249.000 4.154053
250.000 4.154053
251.000 4.134593
252.000 4.099533
253.000 4.099533
254.000 4.042557
255.000 4.042557
256.000 3.815010
257.000 3.815010
258.000 3.815010
259.000 4.100067
260.000 4.100067
261.000 4.100067
262.000 3.773210
263.000 3.497330
264.000 3.497330
265.000 3.497330
266.000 4.028030
267.000 4.028030
268.000 3.531970
269.000 3.234123
270.000 3.234123
271.000 3.234123
272.000 3.833701
273.000 3.827835
274.000 3.827835
275.000 3.827835
276.000 4.019710
277.000 4.110077
278.000 4.076195
279.000 4.146660
280.000 4.146660
281.000 4.146660
282.000 4.142395
283.000 4.142395
284.000 4.142395
285.000 4.097649
286.000 4.097649
287.000 4.097649
288.000 4.062804
289.000 4.014297
290.000 4.000084
291.000 4.000084
292.000 3.536613
293.000 3.536613
294.000 3.536613
295.000 3.735356
296.000 4.000031
297.000 4.000031
298.000 4.076126
299.000 4.076126
300.000 3.909052
301.000 3.908356
302.000 3.884857
303.000 3.884857
304.000 3.742683
305.000 3.742683
306.000 3.742683
307.000 4.018005
308.000 4.018005
309.000 4.018005
310.000 4.018005
311.000 3.921839
312.000 3.626245
313.000 3.330652
314.000 3.204071
315.000 4.035645
316.000 4.035645
317.000 4.133026
318.000 4.133026
319.000 4.004539
320.000 4.004539
321.000 4.004539
322.000 4.070847
323.000 4.070847
324.000 4.030236
325.000 3.974113
326.000 3.974113
327.000 3.787681
328.000 3.757462
329.000 3.662941
330.000 3.662941
331.000 4.028328
332.000 4.028328
333.000 4.028328
334.000 3.425296
335.000 3.378395
336.000 3.378395
337.000 3.378395
338.000 4.110115
339.000 4.110115
340.000 3.702332
341.000 3.702332
342.000 3.702332
343.000 3.702332
344.000 3.702332
345.000 3.565091
346.000 3.451126
347.000 3.451126
348.000 3.451126
349.000 3.451126
350.000 3.868828
351.000 3.868828
352.000 3.868828
353.000 3.974527
354.000 3.975891
355.000 3.977524
356.000 4.120216
357.000 4.120216
358.000 4.027748
359.000 4.048195
