0.000 0.498253
1.000 4.844246
2.000 4.160782
3.000 6.371742
4.000 5.869759
5.000 6.322226
6.000 6.571106
7.000 6.396922
8.000 6.119301
9.000 6.560325
10.000 7.268658
11.000 7.088456
12.000 6.729632
13.000 6.370807
14.000 6.011982
15.000 5.672081
16.000 5.815040
17.000 5.991394
18.000 6.173225
19.000 6.470031
20.000 6.652051
21.000 6.896537
22.000 5.997579
23.000 4.575241
24.000 5.252197
25.000 6.357210
26.000 7.083840
27.000 7.791489
28.000 6.599008
29.000 5.512833
30.000 5.722615
31.000 6.038330
32.000 4.971362
33.000 4.035240
34.000 5.913556
35.000 8.195343
36.000 6.849801
37.000 4.649850
38.000 5.745389
39.000 8.315252
40.000 7.508958
41.000 5.279657
42.000 6.138282
43.000 7.410492
44.000 8.200047
45.000 8.588928
46.000 9.432949
47.000 10.205086
48.000 2.959190
49.000 2.959190
50.000 1.924255
51.000 1.924255
52.000 4.634290
53.000 9.131349
54.000 8.878427
55.000 7.703340
56.000 8.078958
57.000 8.952744
58.000 8.237747
59.000 6.824172
60.000 8.131771
61.000 10.431168
62.000 8.840981
63.000 5.304695
64.000 5.251726
65.000 5.632263
66.000 8.156367
67.000 11.412148
68.000 10.451904
69.000 9.891159
70.000 7.983390
71.000 5.984657
72.000 6.783092
73.000 7.865417
74.000 7.486905
75.000 6.954422
76.000 8.556747
77.000 11.206868
78.000 10.979806
79.000 9.687492
80.000 8.118123
81.000 5.793945
82.000 7.307892
83.000 9.792740
84.000 10.169719
85.000 10.774033
86.000 9.120821
87.000 7.050789
88.000 7.543149
89.000 8.105324
90.000 6.091746
91.000 3.442558
92.000 4.886493
93.000 7.243463
94.000 7.441032
95.000 7.234009
96.000 5.927949
97.000 4.537079
98.000 6.201815
99.000 8.537041
100.000 7.207451
101.000 5.960884
102.000 8.723461
103.000 12.794441
104.000 9.665621
105.000 6.596886
106.000 7.871689
107.000 9.666222
108.000 7.538530
109.000 5.821945
110.000 5.658483
111.000 5.540283
112.000 8.803242
113.000 14.129449
114.000 12.753898
115.000 10.532181
116.000 6.297877
117.000 4.787064
118.000 5.855903
119.000 6.680099
120.000 4.794586
121.000 4.794586
122.000 2.855217
123.000 2.855217
124.000 3.032944
125.000 3.032944
126.000 2.794456
127.000 2.794456
128.000 3.401298
129.000 4.738228
130.000 4.462799
131.000 4.462799
132.000 5.336021
133.000 5.336021
134.000 5.440573
135.000 5.570114
136.000 5.757004
137.000 5.948441
138.000 5.372765
139.000 5.372765
140.000 3.436798
141.000 3.436798
142.000 3.318528
143.000 3.132166
144.000 3.131920
145.000 3.056569
146.000 2.931794
147.000 2.449332
148.000 2.673859
149.000 2.673859
150.000 5.704460
151.000 5.704460
152.000 4.854332
153.000 4.854332
154.000 3.056549
155.000 3.056549
156.000 4.286156
157.000 4.286156
158.000 3.724540
159.000 3.559624
160.000 2.744225
161.000 2.744225
162.000 3.316963
163.000 3.316963
164.000 3.316963
165.000 3.771007
166.000 4.649384
167.000 4.649384
168.000 3.592682
169.000 4.199807
170.000 4.446144
171.000 2.942490
172.000 2.942490
173.000 2.942490
174.000 1.391388
175.000 1.391388
176.000 1.391388
177.000 1.391388
178.000 1.391388
179.000 3.115440
180.000 3.115440
181.000 3.115440
182.000 3.190880
183.000 3.465581
184.000 3.474655
185.000 3.474655
186.000 3.587752
187.000 3.652191
188.000 2.221458
189.000 4.725777
190.000 4.083320
191.000 4.674339
192.000 2.862991
193.000 2.862991
194.000 2.944145
195.000 2.944145
196.000 4.965271
197.000 4.965271
198.000 4.136192
199.000 4.136192
200.000 3.585503
201.000 3.585503
202.000 3.585503
203.000 5.164217
204.000 5.742432
205.000 3.560242
206.000 3.344931
207.000 3.287148
208.000 3.775773
209.000 4.396164
210.000 3.216995
211.000 2.965103
212.000 2.915627
213.000 2.915627
214.000 4.027484
215.000 4.559013
216.000 2.591125
217.000 2.591125
218.000 2.661880
219.000 2.792740
220.000 2.792740
221.000 3.141785
222.000 3.006802
223.000 2.732300
224.000 1.699562
225.000 1.699562
226.000 2.788147
227.000 2.788147
228.000 1.896584
229.000 1.896584
230.000 1.896584
231.000 1.752967
232.000 1.720375
233.000 1.720375
234.000 2.450457
235.000 2.713730
236.000 2.640926
237.000 3.697938
238.000 4.065647
239.000 4.544269
240.000 4.532136
241.000 4.131339
242.000 4.027567
243.000 4.147539
244.000 4.232125
245.000 4.341996
246.000 4.552984
247.000 5.019168
248.000 4.494068
249.000 2.932610
250.000 5.466339
251.000 5.466339
252.000 4.973083
253.000 4.973083
254.000 5.933945
255.000 5.933945
256.000 5.933945
257.000 4.893750
258.000 4.675919
259.000 4.675919
260.000 4.735096
261.000 6.091629
262.000 7.280785
263.000 7.280785
264.000 4.526140
265.000 3.690483
266.000 3.690483
267.000 3.312171
268.000 2.979713
269.000 2.979713
270.000 3.610062
271.000 3.698410
272.000 3.869972
273.000 3.372398
274.000 4.108389
275.000 5.606239
276.000 4.208135
277.000 3.169098
278.000 3.169640
279.000 3.169640
280.000 3.827286
281.000 3.827286
282.000 4.178097
283.000 5.145524
284.000 4.808965
285.000 3.656203
286.000 3.454038
287.000 3.150097
288.000 3.208766
289.000 3.559754
290.000 3.890359
291.000 4.525417
292.000 4.491522
293.000 4.291786
294.000 4.167361
295.000 3.956451
296.000 2.190346
297.000 2.190346
298.000 2.903966
299.000 4.871904
300.000 4.594216
301.000 4.526527
302.000 5.307597
303.000 7.107605
304.000 3.354171
305.000 3.262001
306.000 3.706376
307.000 4.511749
308.000 4.752438
309.000 5.111565
310.000 5.507091
311.000 6.433540
312.000 6.594080
313.000 7.009834
314.000 4.522261
315.000 2.542229
316.000 3.532734
317.000 6.264229
318.000 6.297249
319.000 5.890198
320.000 5.853015
321.000 5.855590
322.000 5.445720
323.000 4.583107
324.000 5.543077
325.000 8.190367
326.000 8.448201
327.000 8.347751
328.000 8.561817
329.000 9.247291
330.000 9.443171
331.000 9.112942
332.000 8.456891
333.000 7.151007
334.000 6.359459
335.000 6.359459
336.000 6.675816
337.000 7.548226
338.000 8.157419
339.000 9.242678
340.000 8.724185
341.000 7.289444
342.000 7.723856
343.000 8.925139
344.000 8.088214
345.000 4.348842
346.000 3.408212
347.000 3.931738
348.000 4.188980
349.000 4.178374
350.000 4.265252
351.000 4.518929
352.000 4.662291
353.000 4.883602
354.000 4.705720
355.000 4.019121
356.000 3.771739
357.000 3.147275
358.000 3.691550
359.000 5.267505
