0.000 0.137703
1.000 0.137703
2.000 0.137703
3.000 0.137703
4.000 0.137703
5.000 0.211231
6.000 0.460592
7.000 0.709954
8.000 0.959316
9.000 0.776222
10.000 0.681252
11.000 0.662109
12.000 0.929825
13.000 0.929825
14.000 0.667915
15.000 0.667915
16.000 0.732460
17.000 0.732460
18.000 0.732460
19.000 0.771138
20.000 0.815809
21.000 0.824745
22.000 0.580950
23.000 0.540634
24.000 0.606964
25.000 0.606964
26.000 0.795891
27.000 0.808167
28.000 0.808167
29.000 0.959873
30.000 1.038330
31.000 0.600639
32.000 0.588977
33.000 0.537345
34.000 0.546738
35.000 0.665811
36.000 0.784884
37.000 0.729865
38.000 0.589622
39.000 0.589622
40.000 1.102628
41.000 1.565605
42.000 1.253142
43.000 0.914635
44.000 0.914635
45.000 1.022555
46.000 1.086792
47.000 0.380035
48.000 0.380035
49.000 0.416814
50.000 0.449539
51.000 0.641964
52.000 1.051498
53.000 1.431183
54.000 1.325031
55.000 1.184593
56.000 1.100792
57.000 0.576020
58.000 0.568443
59.000 0.985547
60.000 1.415168
61.000 1.177566
62.000 0.946892
63.000 1.106068
64.000 1.444120
65.000 1.782172
66.000 1.653694
67.000 1.434929
68.000 1.558914
69.000 1.733575
70.000 1.865692
71.000 1.262880
72.000 0.756927
73.000 1.103916
74.000 1.853570
75.000 2.077181
76.000 1.961375
77.000 1.866051
78.000 1.634010
79.000 1.354126
80.000 1.247586
81.000 1.097289
82.000 1.001747
83.000 1.264168
84.000 1.497543
85.000 1.829978
86.000 2.177035
87.000 2.126647
88.000 1.041785
89.000 0.663445
90.000 1.175484
91.000 2.298713
92.000 2.349000
93.000 1.454796
94.000 1.438675
95.000 0.262810
96.000 0.262810
97.000 1.061872
98.000 1.867490
99.000 2.391097
100.000 2.024245
101.000 1.856849
102.000 1.940088
103.000 1.967751
104.000 0.184860
105.000 0.184860
106.000 0.184860
107.000 0.599960
108.000 0.867561
109.000 1.319980
110.000 1.777032
111.000 1.599859
112.000 0.718140
113.000 0.816258
114.000 1.241265
115.000 1.666272
116.000 1.612704
117.000 1.248074
118.000 0.948662
119.000 1.300272
120.000 1.587158
121.000 1.259059
122.000 0.874985
123.000 1.011225
124.000 1.601358
125.000 1.731334
126.000 1.186218
127.000 0.974495
128.000 0.583312
129.000 0.529045
130.000 0.684534
131.000 0.892722
132.000 1.031403
133.000 1.349261
134.000 1.683545
135.000 1.699741
136.000 1.189513
137.000 0.998382
138.000 1.579301
139.000 2.160220
140.000 0.699371
141.000 0.104485
142.000 0.104485
143.000 0.104485
144.000 0.104485
145.000 0.893712
146.000 0.895134
147.000 1.140787
148.000 1.388956
149.000 0.490238
150.000 0.477577
151.000 0.477577
152.000 0.177788
153.000 0.177788
154.000 1.086680
155.000 2.006737
156.000 0.659902
157.000 0.131210
158.000 0.369894
159.000 0.876801
160.000 1.216988
161.000 1.503180
162.000 1.791720
163.000 1.793953
164.000 1.793953
165.000 1.552201
166.000 1.060562
167.000 1.027474
168.000 0.957204
169.000 0.886933
170.000 0.886276
171.000 0.886276
172.000 0.826319
173.000 0.741257
174.000 1.030588
175.000 1.645058
176.000 2.186066
177.000 0.885567
178.000 0.885567
179.000 0.606850
180.000 0.606850
181.000 0.775980
182.000 1.135170
183.000 1.370066
184.000 1.788807
185.000 2.089111
186.000 1.933314
187.000 1.774639
188.000 1.284857
189.000 0.640068
190.000 0.575529
191.000 0.438464
192.000 0.412819
193.000 0.579716
194.000 0.678192
195.000 0.707481
196.000 0.737069
197.000 0.840030
198.000 1.274315
199.000 1.700012
200.000 1.364759
201.000 1.008148
202.000 1.318727
203.000 1.760602
204.000 1.926009
205.000 1.413472
206.000 1.246786
207.000 1.292513
208.000 1.337730
209.000 1.695161
210.000 2.462403
211.000 2.671830
212.000 2.517712
213.000 2.363594
214.000 2.257437
215.000 2.139064
216.000 2.044125
217.000 1.910466
218.000 1.810806
219.000 0.889262
220.000 0.113808
221.000 0.113808
222.000 0.113808
223.000 0.113808
224.000 0.113808
225.000 0.113808
226.000 0.805179
227.000 0.684135
228.000 0.864867
229.000 1.119468
230.000 1.268623
231.000 1.198137
232.000 1.131348
233.000 1.278888
234.000 1.943893
235.000 2.205396
236.000 1.987369
237.000 1.769342
238.000 1.541977
239.000 1.186089
240.000 0.232689
241.000 0.232689
242.000 0.232689
243.000 1.009753
244.000 1.725822
245.000 1.374734
246.000 0.964040
247.000 0.793800
248.000 0.672954
249.000 0.596161
250.000 0.630874
251.000 0.689758
252.000 0.769412
253.000 0.993245
254.000 1.118103
255.000 1.044599
256.000 1.010002
257.000 1.165688
258.000 1.385006
259.000 1.509789
260.000 0.764603
261.000 0.764603
262.000 0.939254
263.000 1.100349
264.000 1.032218
265.000 0.846504
266.000 0.872023
267.000 0.982559
268.000 1.093096
269.000 1.072220
270.000 0.952797
271.000 0.851593
272.000 0.606811
273.000 0.451118
274.000 0.330389
275.000 0.158386
276.000 0.158386
277.000 0.158386
278.000 0.158386
279.000 0.158386
280.000 0.158386
281.000 0.158386
282.000 0.158386
283.000 0.158386
284.000 0.158386
285.000 0.158386
286.000 0.158386
287.000 0.158386
288.000 0.158386
289.000 1.008743
290.000 1.008743
291.000 0.850624
292.000 0.785248
293.000 0.842713
294.000 0.922089
295.000 1.011122
296.000 1.396774
297.000 1.679909
298.000 1.517606
299.000 1.271270
300.000 1.198883
301.000 1.499085
302.000 1.738731
303.000 1.463876
304.000 1.148264
305.000 1.100418
306.000 0.957138
307.000 0.931400
308.000 0.819917
309.000 0.708433
310.000 0.743733
311.000 0.803899
312.000 1.000518
313.000 1.396583
314.000 1.660561
315.000 1.405850
316.000 1.297722
317.000 1.134590
318.000 0.971169
319.000 1.066151
320.000 1.548628
321.000 1.879059
322.000 1.821287
323.000 1.769150
324.000 2.129642
325.000 2.893618
326.000 3.365639
327.000 2.539148
328.000 2.167183
329.000 1.701410
330.000 1.230423
331.000 1.230423
332.000 0.875515
333.000 0.753090
334.000 0.757206
335.000 0.766266
336.000 0.880629
337.000 1.375998
338.000 1.871367
339.000 1.758765
340.000 1.581451
341.000 1.739764
342.000 1.962469
343.000 2.160141
344.000 1.785313
345.000 1.468651
346.000 1.271917
347.000 1.065235
348.000 0.939412
349.000 0.682434
350.000 0.741035
351.000 0.988440
352.000 1.043289
353.000 1.364964
354.000 2.059931
355.000 2.436272
356.000 0.957558
357.000 0.957558
358.000 1.110644
359.000 1.219910
