0.000 0.400558
1.000 0.833909
2.000 1.574840
3.000 2.315771
4.000 3.178619
5.000 3.977058
6.000 4.054642
7.000 3.787201
8.000 4.047142
9.000 4.071215
10.000 4.143394
11.000 4.135417
12.000 4.096670
13.000 4.082199
14.000 4.057641
15.000 4.046196
16.000 3.908106
17.000 3.760361
18.000 3.798385
19.000 3.994517
20.000 4.165451
21.000 4.148903
22.000 4.065273
23.000 3.988625
24.000 3.955309
25.000 3.812218
26.000 3.849278
27.000 3.965729
28.000 3.967015
29.000 3.973171
30.000 3.979328
31.000 3.985484
32.000 3.985855
33.000 4.023281
34.000 4.076378
35.000 4.129475
36.000 4.143265
37.000 3.793601
38.000 3.575836
39.000 3.613954
40.000 3.696126
41.000 3.778298
42.000 3.841377
43.000 3.839794
44.000 3.831587
45.000 3.823379
46.000 3.820457
47.000 3.866802
48.000 4.020004
49.000 4.006672
50.000 3.938604
51.000 3.870537
52.000 3.811241
53.000 3.811241
54.000 3.765843
55.000 3.717694
56.000 3.697144
57.000 3.749945
58.000 3.886070
59.000 3.886070
60.000 3.971659
61.000 4.061199
62.000 4.140121
63.000 4.140121
64.000 4.151902
65.000 4.159706
66.000 4.014906
67.000 3.811784
68.000 3.608661
69.000 3.504921
70.000 3.531067
71.000 3.660586
72.000 3.790105
73.000 3.847748
74.000 3.865192
75.000 3.890701
76.000 3.883881
77.000 3.849411
78.000 3.814942
79.000 3.781860
80.000 3.781860
81.000 3.874297
82.000 4.005810
83.000 4.137322
84.000 4.142464
85.000 3.898312
86.000 3.838326
87.000 3.871067
88.000 3.917584
89.000 3.964100
90.000 3.989021
91.000 3.989021
92.000 4.030754
93.000 4.030754
94.000 3.954629
95.000 3.875239
96.000 3.795848
97.000 3.749275
98.000 3.662789
99.000 3.214379
100.000 2.765969
101.000 2.718353
102.000 2.879472
103.000 3.525856
104.000 3.557929
105.000 3.713719
106.000 3.869508
107.000 4.025298
108.000 4.075081
109.000 3.908500
110.000 3.672506
111.000 3.436513
112.000 3.417091
113.000 3.787445
114.000 3.979385
115.000 4.017794
116.000 4.072208
117.000 4.126622
118.000 4.156532
119.000 4.148965
120.000 4.140366
121.000 4.074954
122.000 3.928905
123.000 3.782857
124.000 3.636808
125.000 3.583603
126.000 3.646182
127.000 3.786220
128.000 3.926257
129.000 4.001198
130.000 3.883244
131.000 3.703430
132.000 3.674478
133.000 3.609543
134.000 3.544609
135.000 3.484619
136.000 3.520048
137.000 3.700924
138.000 3.881800
139.000 4.004745
140.000 3.891349
141.000 3.715088
142.000 3.796009
143.000 3.973127
144.000 4.150246
145.000 4.303925
146.000 4.226067
147.000 4.142395
148.000 4.029017
149.000 3.771851
150.000 3.514684
151.000 3.466988
152.000 3.499047
153.000 3.651802
154.000 3.804557
155.000 3.898911
156.000 3.898911
157.000 3.727989
158.000 3.727989
159.000 3.814936
160.000 3.906088
161.000 3.977287
162.000 3.977287
163.000 4.064064
164.000 4.064064
165.000 4.020902
166.000 3.975888
167.000 3.931351
168.000 3.931351
169.000 3.978808
170.000 4.094593
171.000 4.210378
172.000 4.262634
173.000 3.673469
174.000 3.466682
175.000 3.493842
176.000 3.557466
177.000 3.621091
178.000 3.684715
179.000 3.748340
180.000 3.778549
181.000 3.833773
182.000 3.957353
183.000 4.080932
184.000 4.198898
185.000 4.196829
186.000 4.187393
187.000 4.170972
188.000 4.103082
189.000 4.035192
190.000 3.978249
191.000 3.978249
192.000 4.039513
193.000 4.039513
194.000 4.015742
195.000 3.990691
196.000 3.965640
197.000 3.955109
198.000 3.952381
199.000 3.938870
200.000 3.925359
201.000 3.911848
202.000 3.910736
203.000 3.981039
204.000 3.989662
205.000 3.910995
206.000 3.828697
207.000 3.746399
208.000 3.692535
209.000 3.772773
210.000 3.951526
211.000 4.130280
212.000 4.252914
213.000 4.191556
214.000 4.084427
215.000 4.103953
216.000 4.146785
217.000 4.189617
218.000 4.214966
219.000 3.384903
220.000 3.384903
221.000 3.491494
222.000 3.643361
223.000 3.795228
224.000 3.947094
225.000 3.987679
226.000 3.963144
227.000 3.937530
228.000 3.911916
229.000 3.901611
230.000 3.293785
231.000 3.293785
232.000 3.494793
233.000 3.707980
234.000 3.893806
235.000 3.893806
236.000 4.032095
237.000 4.179074
238.000 4.326053
239.000 4.327606
240.000 4.129692
241.000 4.129692
242.000 4.067854
243.000 4.003431
244.000 3.939008
245.000 3.923927
246.000 4.134871
247.000 4.192284
248.000 0.802094
249.000 0.802094
250.000 0.802094
251.000 0.802094
252.000 1.619688
253.000 2.786225
254.000 3.952762
255.000 4.129433
256.000 3.580872
257.000 3.580872
258.000 3.563166
259.000 3.544507
260.000 3.525847
261.000 3.519180
262.000 3.709032
263.000 3.920479
264.000 4.131925
265.000 4.234406
266.000 3.689563
267.000 3.567871
268.000 3.700265
269.000 3.834692
270.000 3.969120
271.000 4.022026
272.000 3.826203
273.000 3.611328
274.000 3.673918
275.000 3.811213
276.000 3.948509
277.000 4.041306
278.000 3.953805
279.000 3.764359
280.000 3.574912
281.000 3.443565
282.000 3.617993
283.000 3.854088
284.000 3.841505
285.000 3.813844
286.000 3.786182
287.000 3.775116
288.000 3.855433
289.000 3.942589
290.000 3.906939
291.000 3.828221
292.000 3.749503
293.000 3.682930
294.000 3.753133
295.000 3.908494
296.000 4.063855
297.000 4.141838
298.000 3.570036
299.000 3.506638
300.000 3.599397
301.000 3.696135
302.000 3.760605
303.000 3.760605
304.000 3.726940
305.000 3.679045
306.000 3.653694
307.000 3.653694
308.000 3.578850
309.000 3.578850
310.000 3.700198
311.000 3.827282
312.000 3.935791
313.000 3.935791
314.000 3.904121
315.000 3.904121
316.000 3.923090
317.000 3.954245
318.000 3.985399
319.000 4.016553
320.000 4.029137
321.000 3.941664
322.000 3.818093
323.000 3.694521
324.000 3.670631
325.000 3.924286
326.000 4.037796
327.000 4.065098
328.000 4.093720
329.000 4.122341
330.000 4.134277
331.000 4.049474
332.000 3.960382
333.000 3.871291
334.000 3.786003
335.000 3.917787
336.000 4.086174
337.000 4.060794
338.000 4.004751
339.000 3.948709
340.000 3.903595
341.000 3.903595
342.000 4.109001
343.000 4.109001
344.000 4.026655
345.000 3.940508
346.000 3.854360
347.000 3.787842
348.000 3.787842
349.000 3.835165
350.000 3.899126
351.000 3.949570
352.000 3.949570
353.000 3.997801
354.000 4.003426
355.000 4.029249
356.000 4.068383
357.000 4.107516
358.000 4.117065
359.000 4.055640
