0.000 0.252319
1.000 0.252319
2.000 0.252319
3.000 0.252319
4.000 5.903526
5.000 6.739551
6.000 9.396736
7.000 7.980277
8.000 7.323151
9.000 5.469735
10.000 5.339401
11.000 5.603648
12.000 5.798622
13.000 6.753053
14.000 7.163933
15.000 6.852381
16.000 6.422737
17.000 7.047349
18.000 8.007347
19.000 7.852965
20.000 7.542264
21.000 7.231563
22.000 6.920862
23.000 6.685104
24.000 5.418190
25.000 5.581594
26.000 5.855247
27.000 3.832647
28.000 0.109390
29.000 0.109390
30.000 0.109390
31.000 0.109390
32.000 0.109390
33.000 0.109390
34.000 0.109390
35.000 0.109390
36.000 0.109390
37.000 0.109390
38.000 0.109390
39.000 1.585394
40.000 2.152985
41.000 2.516899
42.000 3.172872
43.000 2.803125
44.000 1.929017
45.000 2.222368
46.000 2.785776
47.000 3.373725
48.000 4.272079
49.000 4.436325
50.000 4.170354
51.000 4.283556
52.000 4.609115
53.000 4.660019
54.000 4.594347
55.000 4.343048
56.000 3.895599
57.000 3.502836
58.000 2.982224
59.000 3.267622
60.000 3.714844
61.000 3.582861
62.000 3.384819
63.000 4.563118
64.000 6.425110
65.000 5.014938
66.000 5.014938
67.000 5.542854
68.000 5.542854
69.000 8.038795
70.000 8.038795
71.000 7.687706
72.000 6.997783
73.000 6.307861
74.000 5.617938
75.000 4.928015
76.000 4.238093
77.000 3.577698
78.000 4.531770
79.000 3.725578
80.000 2.693382
81.000 2.736059
82.000 3.067186
83.000 3.398314
84.000 3.729442
85.000 4.060570
86.000 6.185046
87.000 6.163180
88.000 5.564037
89.000 5.362280
90.000 5.326441
91.000 5.793007
92.000 6.688652
93.000 6.137503
94.000 4.353327
95.000 3.387502
96.000 2.707630
97.000 0.795394
98.000 0.381165
99.000 2.784340
100.000 2.784340
101.000 3.483374
102.000 4.437126
103.000 3.893974
104.000 2.752617
105.000 1.611259
106.000 0.728256
107.000 2.661774
108.000 3.823995
109.000 2.724597
110.000 0.352124
111.000 0.208900
112.000 0.208900
113.000 0.208900
114.000 0.208900
115.000 0.208900
116.000 0.208900
117.000 0.208900
118.000 0.208900
119.000 0.208900
120.000 0.208900
121.000 4.361615
122.000 4.496019
123.000 5.053359
124.000 6.111235
125.000 6.712935
126.000 7.458290
127.000 7.531199
128.000 7.557122
129.000 6.541532
130.000 4.606140
131.000 4.355691
132.000 4.060738
133.000 4.809405
134.000 6.211712
135.000 7.098714
136.000 8.314767
137.000 7.411895
138.000 5.038924
139.000 5.211166
140.000 5.211166
141.000 5.211166
142.000 5.211166
143.000 7.019215
144.000 7.508208
145.000 7.654755
146.000 7.204346
147.000 7.171936
148.000 7.171936
149.000 6.133457
150.000 4.180997
151.000 3.649443
152.000 3.582809
153.000 5.603726
154.000 7.309464
155.000 7.659361
156.000 8.318447
157.000 8.189630
158.000 7.559593
159.000 7.844426
160.000 8.380953
161.000 8.629480
162.000 8.942770
163.000 9.035093
164.000 8.661517
165.000 2.700172
166.000 2.700172
167.000 2.762698
168.000 3.144227
169.000 3.525756
170.000 3.907285
171.000 4.288814
172.000 6.439271
173.000 6.670410
174.000 6.988188
175.000 6.832727
176.000 5.712959
177.000 4.973278
178.000 4.500344
179.000 4.337556
180.000 4.534549
181.000 4.997873
182.000 6.263831
183.000 6.571873
184.000 5.112629
185.000 4.042142
186.000 2.801406
187.000 3.136524
188.000 3.909241
189.000 4.171128
190.000 5.096911
191.000 5.359597
192.000 5.436061
193.000 5.457738
194.000 5.394178
195.000 5.365194
196.000 5.339700
197.000 5.672577
198.000 6.927108
199.000 6.764062
200.000 4.408652
201.000 4.141410
202.000 4.112777
203.000 4.428323
204.000 5.148949
205.000 5.509318
206.000 6.709244
207.000 5.340703
208.000 3.529121
209.000 4.169073
210.000 5.725883
211.000 5.930406
212.000 6.574020
213.000 6.503294
214.000 6.235273
215.000 5.078461
216.000 2.390495
217.000 2.390495
218.000 2.390495
219.000 5.679745
220.000 5.538162
221.000 5.554498
222.000 5.612658
223.000 5.957742
224.000 7.013855
225.000 7.425583
226.000 7.425583
227.000 5.384575
228.000 5.384575
229.000 5.421755
230.000 5.544509
231.000 5.592072
232.000 7.520134
233.000 8.088973
234.000 9.582450
235.000 9.862509
236.000 9.118956
237.000 7.748751
238.000 3.811966
239.000 4.350191
240.000 6.315362
241.000 5.236735
242.000 3.660957
243.000 5.024901
244.000 8.906898
245.000 8.568326
246.000 7.349924
247.000 8.153605
248.000 9.542496
249.000 5.471054
250.000 5.471054
251.000 6.400421
252.000 6.400421
253.000 6.573372
254.000 6.573372
255.000 7.568247
256.000 10.153128
257.000 9.077456
258.000 6.219162
259.000 8.018959
260.000 8.018959
261.000 7.086212
262.000 7.086212
263.000 6.532089
264.000 6.532089
265.000 6.532089
266.000 6.366581
267.000 4.706230
268.000 4.706230
269.000 5.202083
270.000 6.564980
271.000 4.087440
272.000 6.279671
273.000 6.210521
274.000 5.913592
275.000 5.616663
276.000 5.319734
277.000 5.022805
278.000 4.725877
279.000 4.501442
280.000 4.501442
281.000 4.578671
282.000 5.059982
283.000 5.255657
284.000 5.978016
285.000 6.396698
286.000 6.396698
287.000 6.396698
288.000 6.396698
289.000 7.927399
290.000 7.927399
291.000 6.321976
292.000 6.321976
293.000 6.321976
294.000 6.608711
295.000 6.608711
296.000 6.608711
297.000 7.341438
298.000 7.341438
299.000 4.193443
300.000 4.193443
301.000 4.193443
302.000 8.002083
303.000 8.002083
304.000 7.355714
305.000 6.125336
306.000 8.233849
307.000 8.233849
308.000 5.314278
309.000 5.314278
310.000 5.649216
311.000 6.435722
312.000 6.435722
313.000 6.114815
314.000 6.444046
315.000 5.754484
316.000 4.761101
317.000 5.264780
318.000 6.336349
319.000 6.437388
320.000 6.760040
321.000 6.726752
322.000 6.641464
323.000 6.908935
324.000 7.497597
325.000 7.122225
326.000 6.537346
327.000 5.989527
328.000 5.418961
329.000 6.073910
330.000 7.281456
331.000 7.329971
332.000 7.506464
333.000 8.028505
334.000 9.366226
335.000 7.672068
336.000 5.532722
337.000 6.309064
338.000 8.771271
339.000 8.722237
340.000 8.578125
341.000 7.791706
342.000 6.669136
343.000 7.106660
344.000 7.711121
345.000 5.398186
346.000 5.398186
347.000 6.441879
348.000 6.441879
349.000 5.919785
350.000 5.919785
351.000 6.727127
352.000 6.727127
353.000 7.426437
354.000 7.426437
355.000 3.786537
356.000 3.786537
357.000 6.555601
358.000 9.216187
359.000 6.645538
