0.000 0.099640
1.000 0.099640
2.000 0.099640
3.000 0.099640
4.000 0.099640
5.000 1.137244
6.000 1.342207
7.000 1.822060
8.000 2.455444
9.000 2.711731
10.000 2.181404
11.000 1.848862
12.000 1.848862
13.000 1.678177
14.000 1.678177
15.000 1.678177
16.000 1.628337
17.000 1.577576
18.000 1.577576
19.000 1.506538
20.000 1.506538
21.000 2.363668
22.000 2.689743
23.000 2.239700
24.000 1.770157
25.000 1.770157
26.000 2.492013
27.000 1.975589
28.000 1.731247
29.000 1.473452
30.000 1.363724
31.000 1.352852
32.000 1.352852
33.000 1.352852
34.000 2.263084
35.000 2.263084
36.000 1.537674
37.000 1.537674
38.000 1.537674
39.000 1.537674
40.000 1.598457
41.000 1.598457
42.000 1.598457
43.000 1.538329
44.000 1.416758
45.000 1.302475
46.000 1.302475
47.000 1.302475
48.000 1.595436
49.000 1.595436
50.000 1.620432
51.000 1.629486
52.000 1.576851
53.000 1.441101
54.000 1.441101
55.000 1.426094
56.000 1.426094
57.000 1.426094
58.000 2.393560
59.000 2.700653
60.000 2.652122
61.000 1.512115
62.000 1.512115
63.000 1.206978
64.000 1.206978
65.000 1.206978
66.000 1.336105
67.000 1.336105
68.000 1.671259
69.000 2.245338
70.000 2.601723
71.000 2.601723
72.000 2.317772
73.000 2.317772
74.000 1.809729
75.000 1.614258
76.000 1.607414
77.000 1.810860
78.000 1.426590
79.000 1.426590
80.000 1.379758
81.000 1.352806
82.000 1.352806
83.000 2.549255
84.000 2.549255
85.000 2.549255
86.000 2.600693
87.000 2.600693
88.000 2.489876
89.000 2.489876
90.000 2.489876
91.000 2.611526
92.000 2.611526
93.000 2.626177
94.000 2.651822
95.000 2.044373
96.000 2.556124
97.000 2.692192
98.000 2.696346
99.000 2.735424
100.000 2.705455
101.000 2.380745
102.000 2.407318
103.000 2.645287
104.000 2.482033
105.000 1.579346
106.000 1.560062
107.000 1.477043
108.000 1.536292
109.000 1.782387
110.000 1.758047
111.000 1.562126
112.000 1.504776
113.000 1.504776
114.000 1.504776
115.000 1.504776
116.000 2.450520
117.000 2.598480
118.000 2.598480
119.000 2.729416
120.000 2.729416
121.000 2.707473
122.000 2.361351
123.000 2.361351
124.000 2.324448
125.000 2.324448
126.000 2.711582
127.000 2.739006
128.000 2.687515
129.000 2.687515
130.000 2.351639
131.000 2.351639
132.000 2.351639
133.000 1.363609
134.000 1.363609
135.000 1.363609
136.000 1.363609
137.000 1.586530
138.000 1.731277
139.000 1.731277
140.000 1.731277
141.000 1.711206
142.000 1.677338
143.000 1.677338
144.000 1.677338
145.000 2.053251
146.000 2.379875
147.000 2.379875
148.000 2.315315
149.000 2.468910
150.000 2.468910
151.000 2.492606
152.000 2.451775
153.000 2.451775
154.000 2.383611
155.000 2.362617
156.000 2.309952
157.000 2.687630
158.000 2.355919
159.000 2.596260
160.000 2.596260
161.000 2.704063
162.000 2.704063
163.000 1.384361
164.000 1.384361
165.000 1.384361
166.000 1.458774
167.000 1.552338
168.000 1.568245
169.000 1.568245
170.000 1.607125
171.000 1.849656
172.000 1.860992
173.000 2.462802
174.000 2.488403
175.000 2.488403
176.000 2.707962
177.000 2.707962
178.000 2.679367
179.000 2.679367
180.000 2.679799
181.000 2.700630
182.000 2.700630
183.000 2.681697
184.000 2.681549
185.000 2.681549
186.000 2.718964
187.000 2.718964
188.000 2.700336
189.000 2.442718
190.000 2.262337
191.000 2.262337
192.000 2.691048
193.000 2.700752
194.000 2.502053
195.000 2.477486
196.000 2.672455
197.000 2.672455
198.000 2.751984
199.000 2.751984
200.000 2.617230
201.000 2.432671
202.000 2.432671
203.000 2.660042
204.000 2.346977
205.000 2.346977
206.000 2.346977
207.000 2.407579
208.000 2.576698
209.000 2.576698
210.000 2.331406
211.000 2.331406
212.000 2.296295
213.000 2.296295
214.000 2.605938
215.000 2.611061
216.000 2.488045
217.000 2.488045
218.000 2.614830
219.000 2.445221
220.000 2.595131
221.000 2.595131
222.000 2.483833
223.000 2.753189
224.000 2.684631
225.000 2.684631
226.000 2.350441
227.000 2.350441
228.000 2.575055
229.000 2.633011
230.000 2.633011
231.000 2.409569
232.000 2.409569
233.000 2.695557
234.000 2.695557
235.000 2.633202
236.000 2.560219
237.000 2.560219
238.000 2.200272
239.000 2.200272
240.000 2.200272
241.000 2.265594
242.000 2.376091
243.000 2.377705
244.000 2.419922
245.000 2.584152
246.000 2.712875
247.000 2.736572
248.000 2.635941
249.000 2.500835
250.000 2.448769
251.000 2.638127
252.000 2.677475
253.000 2.416883
254.000 2.400070
255.000 2.630359
256.000 2.720528
257.000 2.546901
258.000 2.499603
259.000 2.614707
260.000 2.638687
261.000 2.575218
262.000 2.556435
263.000 2.618863
264.000 2.631081
265.000 2.459366
266.000 2.458927
267.000 2.419373
268.000 2.419373
269.000 2.692402
270.000 2.713715
271.000 2.702208
272.000 2.701744
273.000 2.433105
274.000 2.433105
275.000 2.647641
276.000 2.672997
277.000 2.700897
278.000 2.700897
279.000 1.464691
280.000 1.464691
281.000 1.464691
282.000 1.464691
283.000 2.420410
284.000 2.420410
285.000 2.420410
286.000 2.555034
287.000 2.646790
288.000 2.646790
289.000 1.919556
290.000 1.919556
291.000 1.919556
292.000 2.639755
293.000 2.165398
294.000 2.165398
295.000 2.650497
296.000 2.650497
297.000 1.950128
298.000 1.523247
299.000 1.475449
300.000 1.475449
301.000 1.645187
302.000 1.664948
303.000 1.664948
304.000 1.742761
305.000 1.991364
306.000 1.991364
307.000 1.991364
308.000 1.991364
309.000 1.712519
310.000 1.432922
311.000 1.361549
312.000 1.361549
313.000 1.397931
314.000 1.415642
315.000 1.582726
316.000 1.582726
317.000 1.429497
318.000 1.439186
319.000 1.368233
320.000 1.368233
321.000 1.368233
322.000 1.321283
323.000 1.282372
324.000 1.282372
325.000 1.302726
326.000 1.594940
327.000 1.594940
328.000 1.631630
329.000 1.700348
330.000 1.700348
331.000 1.673115
332.000 1.672935
333.000 1.761597
334.000 1.761597
335.000 1.682083
336.000 1.682083
337.000 1.420464
338.000 1.515633
339.000 1.515633
340.000 1.547620
341.000 1.610863
342.000 1.546600
343.000 1.546600
344.000 1.546600
345.000 1.165428
346.000 1.165428
347.000 1.165428
348.000 1.639427
349.000 1.639427
350.000 1.639427
351.000 1.598769
352.000 1.476616
353.000 1.476616
354.000 1.476616
355.000 1.616250
356.000 1.669327
357.000 1.580978
358.000 1.577439
359.000 1.537483
