0.000 2.436134
1.000 2.436134
2.000 2.436134
3.000 2.436134
4.000 2.436134
5.000 2.436134
6.000 2.436134
7.000 2.436134
8.000 2.436134
9.000 3.374153
10.000 3.374153
11.000 3.374153
12.000 3.374153
13.000 3.374153
14.000 3.374153
15.000 2.821155
16.000 2.879368
17.000 2.937580
18.000 2.995793
19.000 3.054006
20.000 3.112219
21.000 3.114388
22.000 3.354759
23.000 3.354759
24.000 3.448421
25.000 3.462013
26.000 3.392754
27.000 3.392754
28.000 3.382127
29.000 3.277951
30.000 3.173775
31.000 6.511970
32.000 5.630517
33.000 4.959693
34.000 3.990732
35.000 4.030364
36.000 6.323935
37.000 7.567213
38.000 6.695353
39.000 6.271408
40.000 6.723824
41.000 7.198502
42.000 7.950956
43.000 7.769137
44.000 5.181560
45.000 4.039228
46.000 4.244589
47.000 4.319035
48.000 4.242789
49.000 4.404720
50.000 5.215356
51.000 5.598030
52.000 5.255057
53.000 4.933200
54.000 4.350034
55.000 4.077297
56.000 3.561001
57.000 3.485713
58.000 4.044646
59.000 4.299122
60.000 4.364348
61.000 4.490356
62.000 4.867263
63.000 4.962253
64.000 4.594770
65.000 4.448481
66.000 4.603601
67.000 4.914436
68.000 4.914436
69.000 3.192261
70.000 3.192261
71.000 3.192261
72.000 3.249062
73.000 3.249062
74.000 3.354607
75.000 3.354607
76.000 3.035576
77.000 3.035576
78.000 3.035576
79.000 3.394730
80.000 3.394730
81.000 3.416687
82.000 3.416687
83.000 2.882744
84.000 2.882744
85.000 3.383011
86.000 3.383011
87.000 3.164093
88.000 3.164093
89.000 3.404594
90.000 3.404594
91.000 3.234055
92.000 3.234055
93.000 3.234055
94.000 3.234055
95.000 3.234055
96.000 3.309763
97.000 3.339135
98.000 3.368506
99.000 3.397878
100.000 3.427250
101.000 3.441467
102.000 3.441467
103.000 3.395201
104.000 3.382011
105.000 3.415451
106.000 3.333511
107.000 3.333511
108.000 3.350174
109.000 3.350174
110.000 3.350174
111.000 3.306025
112.000 3.230038
113.000 3.176460
114.000 3.176460
115.000 3.176460
116.000 3.176460
117.000 3.292985
118.000 3.252688
119.000 3.212392
120.000 3.191498
121.000 3.191498
122.000 3.378410
123.000 3.041855
124.000 3.041855
125.000 2.778223
126.000 2.343697
127.000 2.343697
128.000 3.335892
129.000 3.335892
130.000 3.335892
131.000 3.335892
132.000 3.458076
133.000 3.443905
134.000 3.429734
135.000 3.415563
136.000 3.401392
137.000 3.400040
138.000 3.299355
139.000 3.362252
140.000 3.342995
141.000 3.371941
142.000 3.335762
143.000 3.335762
144.000 3.335762
145.000 3.342035
146.000 3.340988
147.000 3.340988
148.000 3.340988
149.000 2.507072
150.000 2.507072
151.000 2.507072
152.000 2.760895
153.000 2.760895
154.000 3.387589
155.000 3.431068
156.000 3.431068
157.000 3.188622
158.000 3.188622
159.000 3.188622
160.000 3.188622
161.000 3.188622
162.000 3.346958
163.000 3.388511
164.000 3.400841
165.000 3.400841
166.000 3.400841
167.000 3.324344
168.000 3.154352
169.000 3.046928
170.000 3.095326
171.000 3.202858
172.000 3.370422
173.000 3.370422
174.000 3.370422
175.000 3.059563
176.000 3.059563
177.000 3.354012
178.000 3.354012
179.000 3.354012
180.000 3.354012
181.000 3.557899
182.000 3.978284
183.000 4.250046
184.000 4.250046
185.000 3.453148
186.000 3.453148
187.000 3.440147
188.000 3.405010
189.000 3.394814
190.000 3.392412
191.000 3.391876
192.000 3.404922
193.000 3.317184
194.000 3.277855
195.000 3.281930
196.000 3.298982
197.000 3.312752
198.000 3.457230
199.000 3.391890
200.000 3.335693
201.000 3.335693
202.000 3.335693
203.000 3.529770
204.000 3.529770
205.000 3.529770
206.000 3.163406
207.000 3.163406
208.000 3.163406
209.000 3.185574
210.000 3.345050
211.000 3.349754
212.000 3.289783
213.000 3.223244
214.000 3.387512
215.000 3.288055
216.000 3.389435
217.000 3.386904
218.000 3.315613
219.000 3.319168
220.000 3.319168
221.000 3.418091
222.000 3.418091
223.000 3.418091
224.000 4.788836
225.000 4.915588
226.000 4.915588
227.000 3.343249
228.000 3.313297
229.000 3.287514
230.000 3.287514
231.000 3.246260
232.000 3.183487
233.000 3.325302
234.000 3.325302
235.000 3.325302
236.000 3.325302
237.000 3.325302
238.000 3.058856
239.000 2.974146
240.000 2.889436
241.000 2.829597
242.000 2.829597
243.000 3.381447
244.000 3.381447
245.000 3.377914
246.000 3.377914
247.000 3.377914
248.000 3.377914
249.000 3.377914
250.000 3.338370
251.000 3.339302
252.000 3.339302
253.000 3.339302
254.000 3.339302
255.000 3.339302
256.000 3.325491
257.000 3.299235
258.000 3.272978
259.000 3.246722
260.000 3.220465
261.000 3.218842
262.000 3.398514
263.000 3.398514
264.000 3.328537
265.000 3.292389
266.000 3.333801
267.000 3.333801
268.000 3.553139
269.000 3.553139
270.000 3.299789
271.000 3.299789
272.000 3.299789
273.000 3.299789
274.000 3.444308
275.000 3.624221
276.000 3.804134
277.000 3.984047
278.000 4.156807
279.000 4.156807
280.000 3.397720
281.000 3.332733
282.000 3.359940
283.000 3.212189
284.000 3.236496
285.000 3.236496
286.000 3.236496
287.000 3.236496
288.000 3.093407
289.000 3.093407
290.000 3.093407
291.000 3.404297
292.000 3.404297
293.000 3.404297
294.000 3.404297
295.000 3.404297
296.000 3.404297
297.000 3.404297
298.000 3.083731
299.000 3.029045
300.000 2.974359
301.000 2.919674
302.000 2.864988
303.000 2.810302
304.000 2.760910
305.000 2.760910
306.000 3.311287
307.000 3.244087
308.000 3.244087
309.000 3.343124
310.000 3.340996
311.000 3.340996
312.000 3.330505
313.000 3.330505
314.000 3.470665
315.000 3.470665
316.000 3.710808
317.000 3.435783
318.000 3.435783
319.000 3.242864
320.000 2.921417
321.000 2.921417
322.000 2.921417
323.000 3.408401
324.000 3.408401
325.000 3.407678
326.000 3.368515
327.000 3.368515
328.000 3.368515
329.000 3.416191
330.000 3.416191
331.000 3.403091
332.000 3.403091
333.000 3.270381
334.000 3.220657
335.000 3.346199
336.000 3.346199
337.000 3.205444
338.000 3.205444
339.000 3.267181
340.000 3.267181
341.000 3.290154
342.000 3.290154
343.000 3.277878
344.000 3.277878
345.000 3.272466
346.000 3.266922
347.000 3.266922
348.000 3.266922
349.000 3.266922
350.000 3.266922
351.000 3.266922
352.000 3.266922
353.000 3.239745
354.000 3.266598
355.000 3.293450
356.000 3.320303
357.000 3.347156
358.000 3.374009
359.000 3.474473
