0.000 0.167000
1.000 0.167000
2.000 0.167000
3.000 0.167000
4.000 0.167000
5.000 0.167000
6.000 0.167000
7.000 0.167000
8.000 0.167000
9.000 0.167000
10.000 0.283891
11.000 0.366737
12.000 0.375641
13.000 0.417694
14.000 0.463127
15.000 0.459528
16.000 0.454197
17.000 0.386436
18.000 0.664146
19.000 0.579231
20.000 0.410767
21.000 0.228014
22.000 0.427650
23.000 0.434279
24.000 0.407715
25.000 0.407804
26.000 0.407829
27.000 0.392041
28.000 0.388351
29.000 0.360077
30.000 0.360077
31.000 0.370148
32.000 0.370148
33.000 1.046432
34.000 1.304893
35.000 0.086700
36.000 0.086700
37.000 0.086700
38.000 0.086700
39.000 0.407509
40.000 0.410809
41.000 1.915557
42.000 2.376175
43.000 1.112449
44.000 0.453110
45.000 0.428649
46.000 0.368576
47.000 0.367218
48.000 0.453278
49.000 0.453272
50.000 0.453270
51.000 0.403546
52.000 0.396523
53.000 0.741397
54.000 1.007172
55.000 0.790793
56.000 0.776093
57.000 0.535136
58.000 0.454457
59.000 0.447800
60.000 0.447800
61.000 0.454193
62.000 0.454506
63.000 0.454369
64.000 0.454369
65.000 0.435349
66.000 0.435349
67.000 0.160637
68.000 0.160637
69.000 0.160637
70.000 0.160637
71.000 0.260681
72.000 0.260681
73.000 0.304642
74.000 0.304642
75.000 0.136147
76.000 0.136147
77.000 1.224698
78.000 1.862068
79.000 1.082869
80.000 0.345497
81.000 0.357345
82.000 0.413963
83.000 0.437874
84.000 0.437874
85.000 0.437874
86.000 0.437874
87.000 0.547949
88.000 0.605604
89.000 0.652611
90.000 0.739342
91.000 0.168396
92.000 0.168396
93.000 0.448479
94.000 0.464355
95.000 0.407136
96.000 0.386917
97.000 0.441434
98.000 0.459381
99.000 0.438456
100.000 0.434525
101.000 0.483932
102.000 0.483932
103.000 0.540710
104.000 0.540710
105.000 0.748512
106.000 0.748512
107.000 0.650809
108.000 0.544168
109.000 0.437527
110.000 0.431610
111.000 0.446517
112.000 0.447113
113.000 0.447113
114.000 0.683411
115.000 0.683411
116.000 0.586253
117.000 0.470339
118.000 0.395218
119.000 0.395218
120.000 0.395691
121.000 0.395691
122.000 0.454977
123.000 0.441635
124.000 0.365219
125.000 0.732346
126.000 0.613312
127.000 0.471468
128.000 0.437881
129.000 0.432220
130.000 0.432220
131.000 0.399788
132.000 0.376835
133.000 0.365257
134.000 0.547134
135.000 0.613050
136.000 0.730247
137.000 0.394226
138.000 0.394226
139.000 0.373950
140.000 0.337625
141.000 0.325981
142.000 0.325981
143.000 0.415047
144.000 0.415047
145.000 0.358480
146.000 0.322212
147.000 0.322212
148.000 0.322212
149.000 0.121918
150.000 0.121918
151.000 0.121918
152.000 0.121918
153.000 0.121918
154.000 0.121918
155.000 0.121918
156.000 0.121918
157.000 0.121918
158.000 0.479858
159.000 0.470055
160.000 0.470411
161.000 0.470528
162.000 0.470528
163.000 0.470528
164.000 0.312996
165.000 0.312996
166.000 0.312996
167.000 0.312996
168.000 0.312996
169.000 0.474838
170.000 0.474838
171.000 0.474838
172.000 0.474838
173.000 0.474838
174.000 0.401184
175.000 0.401184
176.000 0.401184
177.000 0.401184
178.000 0.401184
179.000 0.401184
180.000 0.401184
181.000 0.425339
182.000 0.449610
183.000 0.473881
184.000 0.481590
185.000 0.481590
186.000 0.481590
187.000 0.478774
188.000 0.466998
189.000 0.455223
190.000 0.452652
191.000 0.387009
192.000 0.387009
193.000 0.452652
194.000 0.374832
195.000 0.489993
196.000 0.618591
197.000 0.398834
198.000 0.398834
199.000 0.421804
200.000 0.431000
201.000 0.326180
202.000 0.439720
203.000 0.439720
204.000 0.539269
205.000 0.556992
206.000 0.791466
207.000 0.506743
208.000 0.445213
209.000 0.423561
210.000 0.391752
211.000 0.432533
212.000 0.456978
213.000 0.456977
214.000 0.456970
215.000 0.723770
216.000 0.723770
217.000 0.603810
218.000 0.477696
219.000 0.459435
220.000 0.398972
221.000 0.398972
222.000 0.445450
223.000 0.445450
224.000 0.467647
225.000 0.506897
226.000 0.407692
227.000 0.434464
228.000 0.434464
229.000 0.438558
230.000 0.441093
231.000 0.446612
232.000 0.417564
233.000 0.417564
234.000 0.638435
235.000 0.321869
236.000 0.321869
237.000 0.321869
238.000 0.392497
239.000 0.473671
240.000 0.407692
241.000 0.407692
242.000 0.407692
243.000 0.447731
244.000 0.447731
245.000 0.447731
246.000 0.483096
247.000 0.694615
248.000 0.797325
249.000 0.435242
250.000 0.435242
251.000 0.369888
252.000 0.369888
253.000 0.369888
254.000 0.263474
255.000 0.263474
256.000 0.510445
257.000 0.510445
258.000 0.510445
259.000 0.458199
260.000 0.458199
261.000 0.458199
262.000 0.458199
263.000 0.458199
264.000 0.251633
265.000 0.251633
266.000 0.251633
267.000 0.251633
268.000 0.461281
269.000 0.461281
270.000 0.429981
271.000 0.386597
272.000 0.457092
273.000 0.457092
274.000 0.415062
275.000 0.415062
276.000 0.173828
277.000 0.173828
278.000 0.173828
279.000 0.347542
280.000 0.362106
281.000 0.423252
282.000 0.431595
283.000 0.434825
284.000 0.434944
285.000 0.461617
286.000 0.386864
287.000 0.386864
288.000 0.397091
289.000 0.431152
290.000 0.431152
291.000 0.414986
292.000 0.414986
293.000 0.414986
294.000 0.332298
295.000 0.409157
296.000 0.409157
297.000 0.557450
298.000 0.608879
299.000 0.608879
300.000 0.427872
301.000 0.427872
302.000 0.438027
303.000 0.455742
304.000 0.455742
305.000 0.362015
306.000 0.362015
307.000 0.432259
308.000 0.686203
309.000 0.686203
310.000 0.391785
311.000 0.391785
312.000 0.084717
313.000 0.084717
314.000 0.084717
315.000 0.084717
316.000 0.084717
317.000 0.084717
318.000 0.084717
319.000 0.084717
320.000 0.424507
321.000 0.424507
322.000 0.324532
323.000 0.324532
324.000 0.363466
325.000 0.452117
326.000 0.462540
327.000 0.401421
328.000 0.587273
329.000 0.587273
330.000 0.458427
331.000 0.458427
332.000 0.434212
333.000 0.434212
334.000 0.420891
335.000 0.420891
336.000 0.420891
337.000 0.397746
338.000 0.386223
339.000 0.386223
340.000 0.399109
341.000 0.173958
342.000 0.173958
343.000 0.198883
344.000 0.198883
345.000 0.198883
346.000 0.198883
347.000 0.455734
348.000 0.455734
349.000 0.453425
350.000 0.450506
351.000 0.447587
352.000 0.445877
353.000 0.432106
354.000 0.441010
355.000 0.747070
356.000 0.788460
357.000 0.374002
358.000 0.345528
359.000 0.345528
