0.000 0.644310
1.000 0.644310
2.000 4.605392
3.000 4.605392
4.000 5.334480
5.000 4.876246
6.000 4.793716
7.000 5.102783
8.000 5.102783
9.000 5.263458
10.000 5.263458
11.000 2.785370
12.000 2.785370
13.000 2.785370
14.000 2.785370
15.000 4.288073
16.000 4.242996
17.000 4.242996
18.000 5.415527
19.000 5.415527
20.000 5.218285
21.000 4.294655
22.000 4.294655
23.000 4.294655
24.000 4.294655
25.000 5.180038
26.000 5.344231
27.000 5.344231
28.000 5.344231
29.000 5.252555
30.000 5.234825
31.000 5.474289
32.000 5.121574
33.000 5.121574
34.000 3.966850
35.000 3.966850
36.000 4.928383
37.000 4.724837
38.000 4.291069
39.000 4.274033
40.000 4.750443
41.000 5.468025
42.000 4.940742
43.000 4.940742
44.000 5.337921
45.000 5.224396
46.000 5.224396
47.000 5.045776
48.000 5.045776
49.000 3.839394
50.000 3.839394
51.000 5.380646
52.000 5.380646
53.000 3.972031
54.000 5.395233
55.000 5.395233
56.000 4.835419
57.000 3.388245
58.000 3.388245
59.000 4.775421
60.000 4.775421
61.000 4.628036
62.000 4.628036
63.000 4.729897
64.000 4.729897
65.000 5.214165
66.000 5.214165
67.000 5.438980
68.000 5.476974
69.000 3.919884
70.000 3.919884
71.000 4.694511
72.000 4.694511
73.000 5.191585
74.000 5.437767
75.000 5.270264
76.000 5.270264
77.000 5.382416
78.000 5.382416
79.000 5.511581
80.000 5.511581
81.000 3.578674
82.000 3.578674
83.000 4.752563
84.000 4.752563
85.000 5.131905
86.000 5.131905
87.000 5.265381
88.000 5.265381
89.000 5.315727
90.000 5.315727
91.000 5.379555
92.000 5.379555
93.000 5.063301
94.000 5.063301
95.000 5.148464
96.000 5.451538
97.000 5.451538
98.000 4.952011
99.000 4.952011
100.000 3.500458
101.000 3.500458
102.000 4.720139
103.000 4.720139
104.000 5.515358
105.000 5.515358
106.000 3.211693
107.000 3.211693
108.000 3.211693
109.000 4.502430
110.000 5.802795
111.000 5.802795
112.000 4.193314
113.000 4.400364
114.000 4.699730
115.000 5.460915
116.000 5.476952
117.000 5.476952
118.000 5.641617
119.000 5.641617
120.000 5.497108
121.000 5.283241
122.000 5.283241
123.000 3.681031
124.000 3.503784
125.000 4.546965
126.000 5.776077
127.000 3.656082
128.000 3.656082
129.000 5.525452
130.000 5.525452
131.000 4.789856
132.000 4.789856
133.000 4.916915
134.000 5.646759
135.000 5.719112
136.000 5.911026
137.000 5.705927
138.000 5.234253
139.000 4.419327
140.000 4.419327
141.000 4.790882
142.000 5.265518
143.000 3.378342
144.000 3.378342
145.000 3.701354
146.000 5.025452
147.000 4.895420
148.000 4.454269
149.000 4.926979
150.000 4.926979
151.000 5.513649
152.000 5.513649
153.000 5.504395
154.000 5.504395
155.000 5.014923
156.000 5.014923
157.000 5.014923
158.000 3.988815
159.000 3.988815
160.000 5.407425
161.000 5.407425
162.000 2.665283
163.000 2.665283
164.000 3.864685
165.000 5.489029
166.000 5.487392
167.000 5.472321
168.000 3.305931
169.000 3.305931
170.000 5.784325
171.000 5.784325
172.000 5.381012
173.000 5.381012
174.000 5.134865
175.000 5.134865
176.000 2.761162
177.000 2.761162
178.000 5.534401
179.000 5.534401
180.000 4.793877
181.000 4.793877
182.000 5.575706
183.000 5.575706
184.000 5.572211
185.000 5.497375
186.000 5.497375
187.000 5.405922
188.000 5.333130
189.000 5.333130
190.000 5.507301
191.000 5.507301
192.000 4.784986
193.000 3.946182
194.000 3.946182
195.000 4.963455
196.000 4.963455
197.000 4.209839
198.000 5.037567
199.000 5.037567
200.000 5.100168
201.000 5.388527
202.000 5.393953
203.000 5.421761
204.000 5.421761
205.000 5.409271
206.000 2.889809
207.000 2.889809
208.000 2.889809
209.000 3.800957
210.000 3.800957
211.000 4.936295
212.000 4.936295
213.000 3.913139
214.000 3.913139
215.000 5.061546
216.000 5.061546
217.000 3.190567
218.000 3.190567
219.000 3.594269
220.000 3.594269
221.000 3.594269
222.000 3.594269
223.000 5.147179
224.000 5.147179
225.000 5.147179
226.000 3.421913
227.000 3.421913
228.000 3.421913
229.000 3.421913
230.000 3.421913
231.000 5.351246
232.000 5.324425
233.000 5.324425
234.000 5.324425
235.000 5.099634
236.000 5.061745
237.000 5.320518
238.000 5.320518
239.000 4.109680
240.000 3.910378
241.000 3.910378
242.000 5.453499
243.000 5.494148
244.000 5.494148
245.000 5.402382
246.000 5.362366
247.000 5.362366
248.000 5.049731
249.000 4.895561
250.000 5.384117
251.000 5.384117
252.000 3.704720
253.000 3.919052
254.000 4.185165
255.000 4.812558
256.000 6.016151
257.000 5.135956
258.000 5.135956
259.000 5.258766
260.000 5.258766
261.000 5.258766
262.000 5.533943
263.000 5.533943
264.000 4.879539
265.000 4.879539
266.000 4.879539
267.000 5.534019
268.000 5.576820
269.000 5.576820
270.000 5.095871
271.000 5.095871
272.000 5.246975
273.000 5.452568
274.000 5.452568
275.000 4.850342
276.000 4.850342
277.000 3.290565
278.000 3.669166
279.000 5.120819
280.000 5.533699
281.000 4.987129
282.000 4.987129
283.000 5.177963
284.000 5.227989
285.000 5.236443
286.000 5.521095
287.000 3.369720
288.000 3.369720
289.000 3.431566
290.000 3.514526
291.000 4.147594
292.000 5.481003
293.000 4.847672
294.000 4.847672
295.000 5.071916
296.000 5.217987
297.000 3.505417
298.000 3.505417
299.000 3.842851
300.000 5.321007
301.000 5.300358
302.000 5.231300
303.000 5.171313
304.000 5.135620
305.000 4.778190
306.000 4.069656
307.000 3.980491
308.000 3.740646
309.000 3.930405
310.000 4.613022
311.000 4.682163
312.000 4.948288
313.000 5.086978
314.000 5.411781
315.000 5.121811
316.000 4.759056
317.000 4.987784
318.000 5.595459
319.000 5.646909
320.000 5.798096
321.000 5.608160
322.000 4.948662
323.000 4.914649
324.000 4.787727
325.000 5.413231
326.000 5.413231
327.000 5.171391
328.000 5.140244
329.000 5.140244
330.000 4.895027
331.000 4.895027
332.000 5.455531
333.000 6.267166
334.000 5.249648
335.000 4.967918
336.000 4.337227
337.000 5.047947
338.000 5.300278
339.000 5.254975
340.000 5.149040
341.000 5.174981
342.000 5.318184
343.000 5.390710
344.000 5.665781
345.000 5.648719
346.000 5.320535
347.000 5.229305
348.000 4.875992
349.000 4.870042
350.000 4.899864
351.000 5.051347
352.000 5.220657
353.000 5.141118
354.000 4.735542
355.000 4.973954
356.000 5.486771
357.000 5.426581
358.000 5.272324
359.000 5.363514
