0.000 0.213257
1.000 0.213257
2.000 0.213257
3.000 0.213257
4.000 0.213257
5.000 0.213257
6.000 0.213257
7.000 0.213257
8.000 1.081008
9.000 3.510002
10.000 3.510002
11.000 3.675468
12.000 3.335749
13.000 2.224539
14.000 2.301088
15.000 2.948636
16.000 3.540054
17.000 3.540054
18.000 3.529150
19.000 3.363234
20.000 3.317413
21.000 3.317413
22.000 3.403526
23.000 3.403526
24.000 3.403526
25.000 3.513879
26.000 3.550301
27.000 3.322067
28.000 3.389679
29.000 3.558159
30.000 3.552108
31.000 3.551552
32.000 3.514102
33.000 3.468002
34.000 3.468002
35.000 3.572105
36.000 3.572105
37.000 3.583908
38.000 3.583908
39.000 3.546875
40.000 3.546875
41.000 3.546875
42.000 3.586922
43.000 3.586922
44.000 3.582906
45.000 3.572960
46.000 3.572960
47.000 3.572960
48.000 3.572960
49.000 3.555891
50.000 3.548401
51.000 3.548401
52.000 3.548401
53.000 3.568855
54.000 3.568855
55.000 3.568855
56.000 3.497055
57.000 3.497055
58.000 3.497055
59.000 3.381692
60.000 3.119337
61.000 3.279372
62.000 3.561630
63.000 3.520325
64.000 3.520325
65.000 3.623413
66.000 3.623413
67.000 3.623413
68.000 3.202070
69.000 3.413383
70.000 3.594330
71.000 3.594330
72.000 3.583023
73.000 3.602846
74.000 3.625320
75.000 3.048645
76.000 3.048645
77.000 3.516159
78.000 3.438523
79.000 3.449806
80.000 3.418365
81.000 3.480876
82.000 3.452164
83.000 3.452164
84.000 3.578836
85.000 3.574638
86.000 3.578835
87.000 3.433525
88.000 3.509644
89.000 3.558441
90.000 3.482530
91.000 3.344147
92.000 3.556439
93.000 3.616776
94.000 3.607712
95.000 3.525238
96.000 3.475231
97.000 3.574287
98.000 3.571988
99.000 3.567903
100.000 3.614432
101.000 3.699687
102.000 3.664090
103.000 3.569269
104.000 3.503468
105.000 3.421295
106.000 3.363970
107.000 3.260628
108.000 3.310015
109.000 3.413250
110.000 3.484002
111.000 3.574501
112.000 3.574501
113.000 3.574501
114.000 3.530846
115.000 3.530846
116.000 3.530846
117.000 3.230721
118.000 3.230721
119.000 3.230721
120.000 3.563606
121.000 3.563606
122.000 3.563606
123.000 3.563606
124.000 3.521859
125.000 3.470230
126.000 3.470230
127.000 3.470230
128.000 3.356926
129.000 3.356926
130.000 3.532036
131.000 3.532036
132.000 3.532036
133.000 3.507334
134.000 3.433418
135.000 3.433418
136.000 3.433418
137.000 3.548171
138.000 3.567703
139.000 3.419830
140.000 3.419830
141.000 3.197075
142.000 3.197075
143.000 3.197075
144.000 3.561584
145.000 3.561584
146.000 3.561584
147.000 3.578582
148.000 3.596802
149.000 3.596802
150.000 3.533806
151.000 3.560104
152.000 3.557027
153.000 3.548813
154.000 3.333763
155.000 3.555397
156.000 3.555397
157.000 3.567121
158.000 3.586736
159.000 3.591904
160.000 3.591904
161.000 3.591904
162.000 3.426603
163.000 3.419586
164.000 3.419586
165.000 3.270096
166.000 3.270096
167.000 3.330338
168.000 3.330338
169.000 3.150017
170.000 3.150017
171.000 3.290344
172.000 3.290344
173.000 3.290344
174.000 3.255765
175.000 3.213580
176.000 3.618912
177.000 3.618912
178.000 3.338669
179.000 3.338669
180.000 3.338669
181.000 3.595581
182.000 3.595581
183.000 3.595581
184.000 3.605219
185.000 3.618896
186.000 3.622940
187.000 3.532394
188.000 3.532394
189.000 3.625275
190.000 3.628898
191.000 3.533890
192.000 3.370239
193.000 3.550201
194.000 3.550201
195.000 3.488480
196.000 3.488480
197.000 3.400010
198.000 3.206268
199.000 3.206268
200.000 3.592140
201.000 3.592140
202.000 3.353061
203.000 3.308140
204.000 3.263219
205.000 3.249084
206.000 3.407547
207.000 3.616974
208.000 3.616974
209.000 3.616974
210.000 3.542914
211.000 3.581032
212.000 3.581032
213.000 3.581032
214.000 3.545477
215.000 3.520744
216.000 3.520744
217.000 3.520744
218.000 3.568764
219.000 3.568764
220.000 3.568764
221.000 3.307547
222.000 3.021351
223.000 2.984962
224.000 2.984962
225.000 2.988652
226.000 3.411707
227.000 3.582649
228.000 3.582649
229.000 3.582863
230.000 3.582863
231.000 3.563751
232.000 3.563751
233.000 3.432742
234.000 3.246086
235.000 3.498108
236.000 3.498108
237.000 3.208847
238.000 3.208847
239.000 3.279602
240.000 3.279602
241.000 3.552521
242.000 3.552521
243.000 3.552521
244.000 3.287903
245.000 3.287903
246.000 3.287903
247.000 3.174934
248.000 3.174934
249.000 3.174934
250.000 3.230763
251.000 3.601175
252.000 3.614609
253.000 3.193699
254.000 3.180054
255.000 3.559753
256.000 2.575912
257.000 2.575912
258.000 3.511887
259.000 3.511887
260.000 3.511887
261.000 3.570894
262.000 3.599731
263.000 3.599731
264.000 3.599548
265.000 3.599548
266.000 3.514343
267.000 3.514343
268.000 3.459686
269.000 3.175797
270.000 3.175797
271.000 3.590179
272.000 3.184639
273.000 3.184639
274.000 3.240479
275.000 3.371730
276.000 3.615532
277.000 3.274078
278.000 3.592293
279.000 3.592293
280.000 3.532059
281.000 3.532059
282.000 3.616180
283.000 3.616180
284.000 3.534134
285.000 3.534134
286.000 3.535294
287.000 3.540367
288.000 3.540367
289.000 3.420300
290.000 3.339508
291.000 3.562576
292.000 3.225975
293.000 3.225975
294.000 3.225975
295.000 3.319916
296.000 3.319916
297.000 3.558899
298.000 3.558899
299.000 3.536262
300.000 3.488174
301.000 3.488174
302.000 3.544899
303.000 3.544899
304.000 3.544899
305.000 3.272034
306.000 3.272034
307.000 3.272034
308.000 3.299416
309.000 3.299416
310.000 3.089188
311.000 3.089188
312.000 3.570786
313.000 3.586746
314.000 3.586746
315.000 3.577705
316.000 3.574341
317.000 3.574341
318.000 3.546303
319.000 3.546303
320.000 3.501755
321.000 3.501755
322.000 3.515816
323.000 3.515816
324.000 3.262962
325.000 3.262962
326.000 3.555855
327.000 3.555855
328.000 3.555855
329.000 3.344810
330.000 3.344810
331.000 3.606415
332.000 3.606415
333.000 3.584821
334.000 3.535889
335.000 3.535889
336.000 3.328773
337.000 3.328773
338.000 3.544662
339.000 3.303375
340.000 3.303375
341.000 3.316887
342.000 3.562500
343.000 3.565148
344.000 3.579430
345.000 3.576279
346.000 3.576279
347.000 3.573570
348.000 3.573570
349.000 3.573570
350.000 3.370702
351.000 3.307295
352.000 3.243889
353.000 3.214935
354.000 3.214935
355.000 3.561554
356.000 3.561554
357.000 3.545647
358.000 3.545647
359.000 3.545647
