0.000 0.062584
1.000 0.062584
2.000 0.062584
3.000 0.062584
4.000 0.062584
5.000 0.320808
6.000 0.607162
7.000 1.617004
8.000 1.759178
9.000 1.759178
10.000 1.759178
11.000 1.759178
12.000 1.759178
13.000 1.973373
14.000 1.967255
15.000 1.967255
16.000 1.967255
17.000 1.967255
18.000 1.967255
19.000 4.916966
20.000 4.665382
21.000 3.228256
22.000 3.502156
23.000 4.470598
24.000 5.277657
25.000 4.319035
26.000 1.160400
27.000 1.160400
28.000 1.160400
29.000 1.160400
30.000 1.160400
31.000 0.238609
32.000 0.238609
33.000 0.238609
34.000 0.238609
35.000 0.238609
36.000 0.238609
37.000 0.238609
38.000 0.238609
39.000 1.157021
40.000 1.157021
41.000 1.157021
42.000 1.157021
43.000 1.157021
44.000 5.490089
45.000 5.943474
46.000 5.943474
47.000 2.727386
48.000 2.727386
49.000 2.257942
50.000 2.257942
51.000 2.257942
52.000 2.183637
53.000 2.158829
54.000 2.158829
55.000 2.158829
56.000 2.158829
57.000 3.591003
58.000 3.591003
59.000 3.591003
60.000 3.948013
61.000 3.948013
62.000 3.891803
63.000 3.639816
64.000 3.639816
65.000 2.949012
66.000 2.621147
67.000 2.621147
68.000 2.621147
69.000 2.332596
70.000 2.332596
71.000 2.230820
72.000 2.230820
73.000 2.230820
74.000 2.419474
75.000 3.105568
76.000 3.105568
77.000 3.905240
78.000 4.734066
79.000 4.581149
80.000 4.294261
81.000 4.009964
82.000 4.701058
83.000 4.889656
84.000 4.888503
85.000 4.886785
86.000 4.886513
87.000 5.122895
88.000 5.312035
89.000 5.128613
90.000 4.839859
91.000 4.839859
92.000 2.435593
93.000 2.435593
94.000 2.435593
95.000 1.891708
96.000 1.891708
97.000 1.891708
98.000 2.567676
99.000 3.177429
100.000 3.177429
101.000 4.166016
102.000 3.822548
103.000 2.263756
104.000 2.263756
105.000 2.581906
106.000 4.240453
107.000 5.609543
108.000 2.607201
109.000 2.607201
110.000 2.764171
111.000 3.582473
112.000 4.358269
113.000 4.358269
114.000 4.237840
115.000 4.183640
116.000 4.137974
117.000 4.089385
118.000 4.088257
119.000 3.303034
120.000 2.585892
121.000 2.585892
122.000 2.661926
123.000 2.661926
124.000 2.860589
125.000 2.949310
126.000 2.949310
127.000 1.789787
128.000 1.789787
129.000 3.466642
130.000 4.171112
131.000 4.171112
132.000 3.817062
133.000 3.817062
134.000 3.817062
135.000 4.396220
136.000 5.212860
137.000 4.477263
138.000 2.978567
139.000 2.009651
140.000 1.727867
141.000 1.727867
142.000 1.727867
143.000 1.727867
144.000 1.727867
145.000 5.283113
146.000 5.375161
147.000 5.411697
148.000 5.275530
149.000 4.995300
150.000 4.629131
151.000 3.750657
152.000 3.174065
153.000 3.174065
154.000 3.174065
155.000 2.919440
156.000 2.814778
157.000 2.792618
158.000 2.775030
159.000 2.734932
160.000 2.734932
161.000 4.418137
162.000 4.418137
163.000 1.288567
164.000 1.288567
165.000 1.288567
166.000 1.288567
167.000 1.288567
168.000 3.639470
169.000 3.864014
170.000 3.978935
171.000 3.513522
172.000 1.819138
173.000 1.819138
174.000 2.242097
175.000 4.302017
176.000 3.554780
177.000 2.643074
178.000 2.643074
179.000 1.566895
180.000 1.566895
181.000 1.665752
182.000 2.543488
183.000 2.543488
184.000 3.842201
185.000 3.842201
186.000 3.923811
187.000 4.340558
188.000 4.347214
189.000 4.523782
190.000 5.235367
191.000 5.235367
192.000 2.462257
193.000 2.462257
194.000 2.572652
195.000 2.986386
196.000 3.281334
197.000 4.062500
198.000 4.062500
199.000 2.783554
200.000 2.783554
201.000 2.783554
202.000 2.783554
203.000 1.964149
204.000 1.964149
205.000 1.964149
206.000 1.964149
207.000 1.964149
208.000 2.042709
209.000 2.274567
210.000 2.506424
211.000 2.564667
212.000 2.564667
213.000 2.564667
214.000 4.865112
215.000 4.865112
216.000 4.689655
217.000 2.757834
218.000 2.550606
219.000 3.209938
220.000 3.209938
221.000 3.513901
222.000 3.513901
223.000 3.513901
224.000 3.526535
225.000 3.526535
226.000 3.526535
227.000 4.957024
228.000 4.895523
229.000 4.490449
230.000 4.448837
231.000 3.087268
232.000 3.034958
233.000 3.034958
234.000 2.826085
235.000 2.594040
236.000 2.594040
237.000 3.854721
238.000 3.593350
239.000 3.026024
240.000 3.026024
241.000 3.243945
242.000 4.679289
243.000 5.112381
244.000 5.112381
245.000 5.303017
246.000 5.303017
247.000 4.458839
248.000 4.458839
249.000 4.458839
250.000 5.321266
251.000 5.321266
252.000 4.042075
253.000 3.314949
254.000 3.314949
255.000 2.697533
256.000 2.697533
257.000 4.175193
258.000 5.797524
259.000 6.313812
260.000 5.251417
261.000 4.086287
262.000 4.026848
263.000 4.104253
264.000 4.128387
265.000 4.513157
266.000 4.936062
267.000 5.181335
268.000 4.828423
269.000 4.624222
270.000 4.129583
271.000 3.587111
272.000 3.237701
273.000 3.962033
274.000 5.054828
275.000 6.015434
276.000 5.368684
277.000 4.595238
278.000 4.648633
279.000 4.729070
280.000 4.792992
281.000 4.779196
282.000 4.766762
283.000 4.988913
284.000 5.319581
285.000 5.576759
286.000 5.482549
287.000 5.342318
288.000 5.202088
289.000 4.174278
290.000 4.174278
291.000 4.027799
292.000 3.808807
293.000 3.808807
294.000 3.981569
295.000 4.369019
296.000 3.310960
297.000 3.005714
298.000 3.005714
299.000 3.224737
300.000 4.366519
301.000 4.838310
302.000 4.339187
303.000 3.276573
304.000 3.504933
305.000 4.695390
306.000 5.719460
307.000 5.472740
308.000 4.399742
309.000 4.242506
310.000 3.206864
311.000 2.397255
312.000 2.397255
313.000 2.397255
314.000 2.397255
315.000 2.397255
316.000 7.091690
317.000 7.091690
318.000 5.114037
319.000 5.114037
320.000 5.114037
321.000 4.983154
322.000 4.983154
323.000 4.929423
324.000 4.818710
325.000 4.818710
326.000 1.782074
327.000 1.782074
328.000 1.782074
329.000 1.782074
330.000 1.782074
331.000 3.824344
332.000 3.777039
333.000 3.777039
334.000 4.799690
335.000 4.799690
336.000 4.378620
337.000 3.930458
338.000 3.930458
339.000 3.700390
340.000 3.166372
341.000 3.116882
342.000 3.466099
343.000 4.274800
344.000 4.145859
345.000 3.332466
346.000 3.332466
347.000 2.660698
348.000 2.660698
349.000 2.720843
350.000 2.860773
351.000 2.889977
352.000 2.906489
353.000 2.993021
354.000 3.008049
355.000 3.058423
356.000 3.139366
357.000 3.296176
358.000 4.117925
359.000 4.863297
