0.000 0.109833
1.000 0.109833
2.000 0.109833
3.000 0.807356
4.000 1.186574
5.000 1.140160
6.000 1.108223
7.000 1.068031
8.000 1.108059
9.000 1.155793
10.000 1.262600
11.000 1.253613
12.000 1.186320
13.000 1.148398
14.000 1.097522
15.000 1.107405
16.000 1.193321
17.000 1.179977
18.000 1.106003
19.000 1.091553
20.000 1.053383
21.000 1.088305
22.000 1.187770
23.000 1.179607
24.000 1.143429
25.000 1.089736
26.000 0.953407
27.000 1.137985
28.000 1.182541
29.000 1.180092
30.000 1.173056
31.000 1.113274
32.000 1.195991
33.000 1.144522
34.000 1.178574
35.000 1.150461
36.000 1.056000
37.000 1.027390
38.000 1.130905
39.000 1.195985
40.000 1.164073
41.000 1.126641
42.000 1.119197
43.000 1.163037
44.000 1.171527
45.000 1.152125
46.000 1.143614
47.000 1.145809
48.000 1.143692
49.000 1.109811
50.000 1.089241
51.000 1.107935
52.000 0.824699
53.000 1.101709
54.000 1.131945
55.000 1.175293
56.000 1.152907
57.000 1.150137
58.000 1.150976
59.000 1.173599
60.000 1.174726
61.000 1.176575
62.000 1.149864
63.000 1.108841
64.000 1.130782
65.000 1.166805
66.000 1.174576
67.000 1.174576
68.000 1.174576
69.000 1.174576
70.000 1.171634
71.000 1.166084
72.000 1.142593
73.000 1.103315
74.000 1.076618
75.000 1.014997
76.000 1.045878
77.000 1.144112
78.000 1.169742
79.000 1.139803
80.000 1.075749
81.000 0.955749
82.000 0.944101
83.000 1.040269
84.000 1.089418
85.000 1.114877
86.000 1.142498
87.000 1.184865
88.000 1.193740
89.000 1.160735
90.000 1.129541
91.000 1.083086
92.000 1.068958
93.000 1.083271
94.000 1.109853
95.000 1.175354
96.000 1.198244
97.000 1.187494
98.000 1.165459
99.000 1.110136
100.000 0.978453
101.000 0.673279
102.000 0.797249
103.000 1.153388
104.000 1.187339
105.000 1.222906
106.000 1.196007
107.000 1.074338
108.000 1.046965
109.000 1.137455
110.000 1.152508
111.000 1.092848
112.000 1.090360
113.000 1.152883
114.000 1.169474
115.000 1.133506
116.000 1.115469
117.000 1.100082
118.000 1.111263
119.000 1.142399
120.000 1.148448
121.000 1.130970
122.000 1.093891
123.000 1.006826
124.000 0.964771
125.000 0.932829
126.000 0.966843
127.000 1.093620
128.000 1.134105
129.000 1.124118
130.000 1.119621
131.000 1.119621
132.000 0.786589
133.000 0.044136
134.000 0.044136
135.000 0.044136
136.000 0.044136
137.000 0.044136
138.000 1.169293
139.000 1.137164
140.000 1.128834
141.000 1.111791
142.000 1.112382
143.000 1.115888
144.000 1.117493
145.000 1.117493
146.000 1.112073
147.000 1.096460
148.000 1.088936
149.000 1.088936
150.000 1.090634
151.000 1.095428
152.000 1.097778
153.000 1.097778
154.000 1.109932
155.000 1.144548
156.000 1.148243
157.000 1.110392
158.000 1.071972
159.000 1.026405
160.000 1.034920
161.000 1.058633
162.000 1.069328
163.000 1.069328
164.000 1.106587
165.000 1.212406
166.000 1.203059
167.000 1.106375
168.000 1.110658
169.000 1.172521
170.000 1.174067
171.000 1.139924
172.000 1.127576
173.000 1.123290
174.000 1.130274
175.000 1.153444
176.000 1.164959
177.000 1.178192
178.000 1.173542
179.000 1.167496
180.000 1.152786
181.000 1.111128
182.000 1.078609
183.000 1.029028
184.000 1.078156
185.000 1.139893
186.000 1.125147
187.000 1.091797
188.000 1.114550
189.000 1.164253
190.000 1.192192
191.000 1.192192
192.000 1.104088
193.000 1.104088
194.000 1.173294
195.000 1.173294
196.000 1.173294
197.000 1.144935
198.000 1.126778
199.000 1.126778
200.000 0.992538
201.000 0.992538
202.000 1.166731
203.000 1.213631
204.000 1.115562
205.000 1.115562
206.000 1.190392
207.000 1.190392
208.000 1.184424
209.000 1.140251
210.000 1.096078
211.000 1.082314
212.000 1.114540
213.000 1.114540
214.000 1.129900
215.000 1.164146
216.000 1.164146
217.000 1.187897
218.000 1.180632
219.000 1.137157
220.000 1.101501
221.000 1.101501
222.000 1.225143
223.000 1.099007
224.000 1.099007
225.000 1.190887
226.000 1.190887
227.000 1.024063
228.000 1.024063
229.000 1.039639
230.000 1.089709
231.000 1.092773
232.000 1.092773
233.000 1.100891
234.000 1.100891
235.000 1.144477
236.000 1.175385
237.000 1.175385
238.000 1.113426
239.000 1.086174
240.000 1.086174
241.000 1.109134
242.000 1.207214
243.000 1.208855
244.000 1.137268
245.000 1.137268
246.000 1.137268
247.000 1.173340
248.000 1.173340
249.000 1.168678
250.000 1.168678
251.000 1.168678
252.000 1.177573
253.000 1.186958
254.000 1.186958
255.000 1.134064
256.000 1.134064
257.000 1.187859
258.000 1.187859
259.000 1.039307
260.000 1.039307
261.000 1.177734
262.000 1.084183
263.000 1.084183
264.000 1.125114
265.000 1.110291
266.000 1.110291
267.000 0.995703
268.000 0.979195
269.000 1.114830
270.000 1.114830
271.000 1.095520
272.000 1.095520
273.000 1.124604
274.000 1.157074
275.000 1.157074
276.000 1.163948
277.000 1.163948
278.000 1.191490
279.000 1.119576
280.000 1.119519
281.000 1.068287
282.000 1.066437
283.000 1.051491
284.000 1.170471
285.000 1.170471
286.000 1.157857
287.000 1.126579
288.000 1.126579
289.000 1.126274
290.000 1.123734
291.000 1.123734
292.000 0.840454
293.000 0.840454
294.000 1.196358
295.000 1.181237
296.000 1.159851
297.000 1.159851
298.000 1.144053
299.000 1.138741
300.000 1.151468
301.000 1.156807
302.000 1.106003
303.000 1.106003
304.000 1.176601
305.000 1.178108
306.000 1.108917
307.000 1.108917
308.000 1.113197
309.000 1.113197
310.000 1.165077
311.000 1.165077
312.000 1.165077
313.000 1.172517
314.000 1.186091
315.000 1.199665
316.000 1.207176
317.000 1.124573
318.000 1.124483
319.000 1.108116
320.000 1.157028
321.000 1.223305
322.000 1.223305
323.000 1.176208
324.000 0.935287
325.000 0.935287
326.000 0.935287
327.000 1.189117
328.000 1.114639
329.000 1.114639
330.000 1.122674
331.000 1.202728
332.000 1.202728
333.000 1.156654
334.000 1.156654
335.000 1.106233
336.000 1.094933
337.000 1.092750
338.000 1.087814
339.000 1.087814
340.000 1.175012
341.000 1.182297
342.000 1.182297
343.000 1.115021
344.000 1.115021
345.000 1.119054
346.000 1.141586
347.000 1.141586
348.000 1.143990
349.000 1.160744
350.000 1.160744
351.000 1.133140
352.000 1.086060
353.000 1.153877
354.000 1.203064
355.000 1.203064
356.000 1.095024
357.000 1.095024
358.000 1.052890
359.000 1.007065
