0.000 0.246422
1.000 1.455597
2.000 1.032784
3.000 0.253174
4.000 0.253174
5.000 0.253174
6.000 0.552345
7.000 0.552345
8.000 0.556760
9.000 0.600870
10.000 0.644979
11.000 0.689088
12.000 0.733198
13.000 0.760468
14.000 0.808812
15.000 0.956673
16.000 1.478302
17.000 1.456488
18.000 1.421890
19.000 1.331920
20.000 1.251083
21.000 0.371147
22.000 0.371147
23.000 0.362450
24.000 0.362450
25.000 0.461240
26.000 0.590701
27.000 0.720162
28.000 0.764252
29.000 0.105659
30.000 0.105659
31.000 0.105659
32.000 0.105659
33.000 0.755531
34.000 0.631493
35.000 0.631493
36.000 0.802782
37.000 0.793823
38.000 0.782420
39.000 0.696737
40.000 0.673386
41.000 1.098408
42.000 0.922259
43.000 0.663857
44.000 0.885073
45.000 0.922112
46.000 1.139628
47.000 1.377029
48.000 0.448952
49.000 0.448952
50.000 0.562799
51.000 1.014415
52.000 1.466031
53.000 1.696548
54.000 1.753181
55.000 1.801460
56.000 1.679150
57.000 1.067874
58.000 0.468773
59.000 0.468773
60.000 0.468773
61.000 0.465047
62.000 0.464813
63.000 0.572052
64.000 0.572032
65.000 0.571503
66.000 0.571373
67.000 0.585686
68.000 0.746349
69.000 0.743477
70.000 0.793883
71.000 0.945763
72.000 0.356354
73.000 0.356354
74.000 0.356354
75.000 0.356354
76.000 0.356354
77.000 0.928061
78.000 1.133939
79.000 1.339816
80.000 1.441467
81.000 1.202760
82.000 0.946640
83.000 1.124723
84.000 1.297485
85.000 1.982872
86.000 1.644385
87.000 1.216511
88.000 0.847404
89.000 0.823194
90.000 0.737289
91.000 0.737289
92.000 0.390427
93.000 0.390427
94.000 0.955734
95.000 0.955734
96.000 0.955734
97.000 0.687278
98.000 0.644543
99.000 0.601808
100.000 0.559073
101.000 0.553627
102.000 0.553848
103.000 0.632332
104.000 0.705407
105.000 0.945045
106.000 0.501106
107.000 0.501106
108.000 0.569252
109.000 0.569252
110.000 0.569649
111.000 0.569649
112.000 0.499542
113.000 0.464775
114.000 0.464775
115.000 0.445862
116.000 0.445862
117.000 0.445862
118.000 0.398708
119.000 0.385033
120.000 0.640694
121.000 0.237442
122.000 0.237442
123.000 0.237442
124.000 0.237442
125.000 0.237442
126.000 0.237442
127.000 0.237442
128.000 0.237442
129.000 0.237442
130.000 0.237442
131.000 0.481835
132.000 0.468679
133.000 0.455523
134.000 0.442841
135.000 0.531323
136.000 1.244377
137.000 0.621468
138.000 0.621468
139.000 0.505328
140.000 0.458374
141.000 0.458374
142.000 0.118141
143.000 0.118141
144.000 0.118141
145.000 0.118141
146.000 1.376999
147.000 1.109776
148.000 0.565483
149.000 0.528015
150.000 0.528015
151.000 0.376907
152.000 0.381921
153.000 0.431038
154.000 0.332962
155.000 0.332962
156.000 0.659958
157.000 0.527798
158.000 0.372215
159.000 0.372215
160.000 0.511093
161.000 0.511093
162.000 0.839310
163.000 0.839310
164.000 0.790779
165.000 0.781132
166.000 0.671620
167.000 0.562107
168.000 0.517769
169.000 0.517769
170.000 0.134224
171.000 0.134224
172.000 0.134224
173.000 0.134224
174.000 0.134224
175.000 0.415024
176.000 0.415024
177.000 0.877716
178.000 0.877716
179.000 0.874802
180.000 0.953013
181.000 1.598912
182.000 1.933863
183.000 0.519402
184.000 0.519402
185.000 0.550514
186.000 0.550514
187.000 0.742850
188.000 0.957314
189.000 0.957314
190.000 0.905952
191.000 0.809243
192.000 0.712533
193.000 0.615824
194.000 0.519114
195.000 0.422405
196.000 0.325695
197.000 0.316299
198.000 0.433990
199.000 1.103096
200.000 1.230345
201.000 1.286629
202.000 1.284771
203.000 1.282359
204.000 1.342986
205.000 1.555717
206.000 0.996323
207.000 1.361324
208.000 0.544830
209.000 0.544830
210.000 1.228294
211.000 1.199607
212.000 1.120813
213.000 1.045288
214.000 0.481316
215.000 0.481316
216.000 0.107414
217.000 0.107414
218.000 0.107414
219.000 0.107414
220.000 0.107414
221.000 0.107414
222.000 0.107414
223.000 0.107414
224.000 0.536453
225.000 0.330215
226.000 0.330215
227.000 0.330215
228.000 0.480400
229.000 0.480400
230.000 0.907001
231.000 0.809488
232.000 0.711974
233.000 0.614461
234.000 0.526642
235.000 0.756264
236.000 0.717992
237.000 0.625870
238.000 0.576755
239.000 0.378632
240.000 0.378632
241.000 0.477394
242.000 0.477394
243.000 0.530863
244.000 0.586159
245.000 0.768158
246.000 0.541130
247.000 0.541130
248.000 0.461113
249.000 0.461113
250.000 0.439499
251.000 0.439499
252.000 1.072089
253.000 1.517250
254.000 0.520912
255.000 0.520912
256.000 0.520912
257.000 0.520912
258.000 0.807259
259.000 0.919809
260.000 1.032359
261.000 1.144909
262.000 1.209526
263.000 1.778346
264.000 1.528656
265.000 1.295464
266.000 0.521347
267.000 0.521347
268.000 1.008092
269.000 0.828790
270.000 0.778481
271.000 0.778481
272.000 0.417969
273.000 0.417969
274.000 0.417969
275.000 0.415573
276.000 0.415573
277.000 0.392632
278.000 0.392632
279.000 0.705391
280.000 0.583580
281.000 0.583580
282.000 0.632333
283.000 1.430387
284.000 0.605127
285.000 0.342300
286.000 0.342300
287.000 0.503014
288.000 0.657145
289.000 1.080477
290.000 1.105957
291.000 0.566437
292.000 0.544479
293.000 0.544266
294.000 0.544258
295.000 0.544258
296.000 0.550980
297.000 0.567055
298.000 0.567055
299.000 0.511406
300.000 0.511406
301.000 0.543953
302.000 0.549507
303.000 0.549507
304.000 0.135521
305.000 0.135521
306.000 0.135521
307.000 0.135521
308.000 0.135521
309.000 0.135521
310.000 0.135521
311.000 1.151520
312.000 1.185135
313.000 0.329384
314.000 0.329384
315.000 0.528008
316.000 0.528015
317.000 0.528015
318.000 0.711433
319.000 0.711433
320.000 0.582968
321.000 0.413811
322.000 0.413811
323.000 0.475282
324.000 0.610260
325.000 0.399078
326.000 0.385774
327.000 0.352783
328.000 0.352783
329.000 0.643616
330.000 0.893875
331.000 0.670242
332.000 0.821269
333.000 1.172737
334.000 1.384931
335.000 1.502213
336.000 0.546066
337.000 0.546066
338.000 0.934952
339.000 0.405708
340.000 0.405708
341.000 0.405708
342.000 0.539619
343.000 0.539619
344.000 0.541811
345.000 0.560531
346.000 0.563011
347.000 0.563011
348.000 0.563011
349.000 0.563011
350.000 0.563004
351.000 0.575724
352.000 0.613617
353.000 0.613617
354.000 0.550690
355.000 0.550243
356.000 0.544884
357.000 0.544884
358.000 0.544975
359.000 0.410461
