0.000 1.146622
1.000 4.012192
2.000 5.464859
3.000 5.259627
4.000 4.522926
5.000 5.222733
6.000 3.150589
7.000 3.150589
8.000 3.150589
9.000 3.150589
10.000 5.007287
11.000 4.984474
12.000 5.212219
13.000 5.046800
14.000 3.963127
15.000 5.315842
16.000 5.311899
17.000 5.309097
18.000 4.764208
19.000 4.515686
20.000 3.481252
21.000 3.436989
22.000 3.864330
23.000 4.123924
24.000 3.302598
25.000 3.259850
26.000 4.719239
27.000 5.714935
28.000 2.451126
29.000 2.451126
30.000 2.451126
31.000 2.451126
32.000 2.451126
33.000 2.451126
34.000 2.451126
35.000 2.451126
36.000 2.451126
37.000 2.451126
38.000 5.570776
39.000 5.586942
40.000 5.600685
41.000 5.600685
42.000 5.600685
43.000 3.329498
44.000 3.329498
45.000 3.329498
46.000 3.329498
47.000 1.978279
48.000 1.978279
49.000 3.859222
50.000 3.859222
51.000 3.859222
52.000 3.041489
53.000 3.041489
54.000 5.263581
55.000 5.256218
56.000 5.256218
57.000 5.483772
58.000 5.483772
59.000 5.598900
60.000 5.598900
61.000 5.590314
62.000 5.541044
63.000 5.491774
64.000 5.442504
65.000 5.410240
66.000 5.471962
67.000 3.869019
68.000 3.869019
69.000 5.059692
70.000 5.059692
71.000 4.856641
72.000 3.671022
73.000 2.485403
74.000 2.415314
75.000 2.809838
76.000 3.751475
77.000 4.887087
78.000 5.166618
79.000 5.262688
80.000 5.402069
81.000 5.507980
82.000 4.565077
83.000 4.122940
84.000 5.170263
85.000 5.415565
86.000 4.597056
87.000 3.967392
88.000 3.991211
89.000 4.613739
90.000 5.236267
91.000 5.144574
92.000 4.247681
93.000 4.247681
94.000 5.252000
95.000 5.450325
96.000 4.306313
97.000 3.524223
98.000 4.477596
99.000 5.519623
100.000 4.365544
101.000 4.333839
102.000 3.484001
103.000 3.484001
104.000 4.375622
105.000 5.493011
106.000 5.516999
107.000 5.647270
108.000 5.647270
109.000 5.603327
110.000 5.598549
111.000 5.588733
112.000 5.586082
113.000 3.753098
114.000 3.753098
115.000 4.976786
116.000 6.000755
117.000 3.555260
118.000 3.555260
119.000 4.894201
120.000 5.515152
121.000 5.167723
122.000 3.948509
123.000 3.948509
124.000 4.681170
125.000 5.473012
126.000 5.633837
127.000 5.686393
128.000 5.692072
129.000 5.692647
130.000 3.621590
131.000 3.621590
132.000 4.404750
133.000 5.112556
134.000 4.817722
135.000 4.738884
136.000 3.204778
137.000 2.693268
138.000 2.339577
139.000 2.339577
140.000 2.286819
141.000 2.286819
142.000 3.346066
143.000 5.608360
144.000 5.571428
145.000 5.361900
146.000 5.338855
147.000 5.571657
148.000 5.689221
149.000 5.549802
150.000 5.506795
151.000 5.857945
152.000 5.830568
153.000 4.697839
154.000 3.988419
155.000 4.727702
156.000 5.225853
157.000 3.745684
158.000 2.775932
159.000 3.435407
160.000 4.291283
161.000 4.514999
162.000 4.514999
163.000 5.491585
164.000 5.491585
165.000 3.414543
166.000 3.414543
167.000 5.283039
168.000 5.550133
169.000 5.383331
170.000 5.383331
171.000 3.385193
172.000 3.385193
173.000 3.763817
174.000 3.763817
175.000 5.090134
176.000 5.090134
177.000 5.159195
178.000 5.159195
179.000 5.202589
180.000 5.325776
181.000 5.018033
182.000 3.659019
183.000 4.108986
184.000 4.108986
185.000 5.427177
186.000 5.427177
187.000 3.568100
188.000 3.568100
189.000 3.568100
190.000 5.256767
191.000 5.256767
192.000 5.256767
193.000 5.373106
194.000 5.437592
195.000 3.155212
196.000 3.155212
197.000 5.079107
198.000 4.601738
199.000 5.361753
200.000 4.832949
201.000 4.791893
202.000 5.584349
203.000 4.642145
204.000 4.665279
205.000 5.572083
206.000 5.564541
207.000 5.482727
208.000 4.969543
209.000 5.292598
210.000 5.433510
211.000 4.330975
212.000 3.942650
213.000 4.959864
214.000 5.560043
215.000 3.751144
216.000 3.751144
217.000 3.468139
218.000 3.273010
219.000 3.697194
220.000 5.579063
221.000 5.582972
222.000 5.594162
223.000 5.594162
224.000 5.594162
225.000 5.594162
226.000 5.420670
227.000 5.420670
228.000 5.420670
229.000 5.432261
230.000 5.473328
231.000 5.473328
232.000 5.473328
233.000 5.404190
234.000 5.404190
235.000 5.404190
236.000 4.979561
237.000 4.979561
238.000 4.037674
239.000 4.037674
240.000 5.361771
241.000 5.361771
242.000 5.353068
243.000 5.114563
244.000 5.114563
245.000 5.096832
246.000 4.720352
247.000 4.720352
248.000 4.720352
249.000 5.070976
250.000 5.070976
251.000 5.347916
252.000 5.347916
253.000 5.347916
254.000 5.278442
255.000 5.231987
256.000 5.231987
257.000 5.389824
258.000 5.389824
259.000 4.609787
260.000 4.609787
261.000 4.648478
262.000 5.241342
263.000 5.322067
264.000 5.430397
265.000 5.097313
266.000 5.116501
267.000 5.153778
268.000 5.288003
269.000 5.610457
270.000 5.695548
271.000 5.615930
272.000 5.544930
273.000 5.564008
274.000 5.603386
275.000 5.386669
276.000 4.887622
277.000 4.670166
278.000 3.855637
279.000 3.626892
280.000 4.406292
281.000 5.196075
282.000 1.360909
283.000 1.360909
284.000 2.606851
285.000 5.516154
286.000 4.871562
287.000 4.203697
288.000 4.203697
289.000 4.203697
290.000 5.356071
291.000 5.356071
292.000 5.356071
293.000 5.389821
294.000 5.488503
295.000 5.488503
296.000 5.488503
297.000 5.333267
298.000 5.333267
299.000 5.333267
300.000 5.527016
301.000 5.527016
302.000 5.527016
303.000 5.651825
304.000 5.651825
305.000 5.651825
306.000 5.531364
307.000 5.531364
308.000 4.103233
309.000 4.103233
310.000 5.510071
311.000 5.429543
312.000 5.429543
313.000 4.436630
314.000 4.436630
315.000 5.035500
316.000 5.053617
317.000 5.429015
318.000 5.401915
319.000 5.024469
320.000 5.059921
321.000 5.629693
322.000 5.751514
323.000 4.451290
324.000 4.196648
325.000 5.132467
326.000 5.407234
327.000 5.412487
328.000 5.415405
329.000 5.398651
330.000 5.398651
331.000 5.484444
332.000 5.484444
333.000 5.575104
334.000 5.575104
335.000 5.575104
336.000 5.561895
337.000 5.483855
338.000 5.432480
339.000 5.432480
340.000 5.686020
341.000 5.671120
342.000 5.572838
343.000 5.572838
344.000 5.055878
345.000 3.958336
346.000 3.958336
347.000 5.695938
348.000 5.695938
349.000 5.231987
350.000 5.195049
351.000 5.078957
352.000 5.078957
353.000 3.412910
354.000 3.412910
355.000 5.435310
356.000 5.435310
357.000 5.431319
358.000 4.903305
359.000 4.903305
