0.000 0.190079
1.000 0.190079
2.000 0.190079
3.000 0.190079
4.000 0.190079
5.000 2.535477
6.000 2.612595
7.000 2.430881
8.000 2.350029
9.000 2.569374
10.000 2.721345
11.000 2.735428
12.000 2.311272
13.000 2.692482
14.000 2.692482
15.000 2.527639
16.000 2.340271
17.000 2.340271
18.000 2.299759
19.000 2.299759
20.000 2.653341
21.000 2.687996
22.000 2.357255
23.000 2.326637
24.000 2.326637
25.000 2.569313
26.000 2.569313
27.000 2.345013
28.000 2.293330
29.000 2.287880
30.000 2.287880
31.000 2.276602
32.000 2.428663
33.000 2.750183
34.000 2.412308
35.000 2.733871
36.000 2.554497
37.000 2.543701
38.000 2.543701
39.000 2.243210
40.000 2.243210
41.000 2.267670
42.000 2.619026
43.000 2.499672
44.000 2.499672
45.000 2.480125
46.000 2.485520
47.000 2.578476
48.000 2.722992
49.000 2.722992
50.000 2.537025
51.000 2.537025
52.000 2.507940
53.000 2.268140
54.000 2.681381
55.000 2.606445
56.000 2.680992
57.000 2.677620
58.000 2.655704
59.000 2.632187
60.000 2.408371
61.000 2.732193
62.000 2.589592
63.000 2.763519
64.000 2.613724
65.000 2.276772
66.000 2.276772
67.000 2.276772
68.000 2.690399
69.000 2.690399
70.000 2.597603
71.000 2.597603
72.000 2.571808
73.000 2.489340
74.000 2.461716
75.000 2.414902
76.000 2.422120
77.000 2.458153
78.000 2.662003
79.000 2.480240
80.000 2.570262
81.000 2.694649
82.000 2.395576
83.000 2.501314
84.000 2.604126
85.000 2.401367
86.000 2.394173
87.000 2.394173
88.000 2.394173
89.000 2.626229
90.000 2.623978
91.000 2.621728
92.000 2.619797
93.000 2.619797
94.000 2.284271
95.000 2.343407
96.000 2.343407
97.000 2.343407
98.000 2.581230
99.000 2.581230
100.000 2.581230
101.000 2.572754
102.000 2.572754
103.000 2.572754
104.000 2.589616
105.000 2.641465
106.000 2.686371
107.000 2.684441
108.000 2.684441
109.000 2.684441
110.000 2.610682
111.000 2.696731
112.000 2.708443
113.000 2.634079
114.000 2.634079
115.000 2.634079
116.000 2.255402
117.000 2.255402
118.000 2.255402
119.000 2.526590
120.000 2.687363
121.000 2.687363
122.000 2.606430
123.000 2.606430
124.000 2.606430
125.000 2.226028
126.000 2.226028
127.000 2.619690
128.000 2.533219
129.000 2.362350
130.000 2.588806
131.000 2.588806
132.000 2.630058
133.000 2.630058
134.000 2.443535
135.000 2.443535
136.000 2.443535
137.000 2.702042
138.000 2.702042
139.000 2.671844
140.000 2.595905
141.000 2.573631
142.000 2.573631
143.000 2.370552
144.000 2.370552
145.000 2.679962
146.000 2.679962
147.000 2.587016
148.000 2.390604
149.000 2.389008
150.000 2.389008
151.000 2.389008
152.000 2.573282
153.000 2.576233
154.000 2.576233
155.000 2.458113
156.000 2.349403
157.000 2.349403
158.000 2.570671
159.000 2.570671
160.000 2.620486
161.000 2.641785
162.000 2.676994
163.000 2.268570
164.000 2.268570
165.000 2.453262
166.000 2.453262
167.000 2.453262
168.000 2.498365
169.000 2.588351
170.000 2.657028
171.000 2.657028
172.000 2.657028
173.000 2.714348
174.000 2.714348
175.000 2.714348
176.000 2.701911
177.000 2.700745
178.000 2.605858
179.000 2.605858
180.000 2.640254
181.000 2.673065
182.000 2.676316
183.000 2.682411
184.000 2.502357
185.000 2.742081
186.000 2.686111
187.000 2.419708
188.000 2.618759
189.000 2.617607
190.000 2.617607
191.000 2.617607
192.000 2.296425
193.000 2.296425
194.000 2.336494
195.000 2.336494
196.000 2.336494
197.000 2.336494
198.000 2.604043
199.000 2.651908
200.000 2.696533
201.000 2.696533
202.000 2.696533
203.000 2.701003
204.000 2.702347
205.000 2.702347
206.000 2.702347
207.000 2.359389
208.000 2.275459
209.000 2.275459
210.000 2.275459
211.000 2.637093
212.000 2.637093
213.000 2.705276
214.000 2.705276
215.000 2.605846
216.000 2.428101
217.000 2.428101
218.000 2.253853
219.000 2.253853
220.000 2.365829
221.000 2.365829
222.000 2.635941
223.000 2.635941
224.000 2.635941
225.000 2.661363
226.000 2.682930
227.000 2.682930
228.000 2.616028
229.000 2.424568
230.000 2.575829
231.000 2.575829
232.000 2.732513
233.000 2.614906
234.000 2.596710
235.000 2.684914
236.000 2.739090
237.000 2.446625
238.000 2.446625
239.000 2.575317
240.000 2.575317
241.000 2.680812
242.000 2.687065
243.000 2.694632
244.000 2.696350
245.000 2.740913
246.000 2.740913
247.000 2.718731
248.000 2.702682
249.000 2.733585
250.000 2.757088
251.000 2.712564
252.000 2.680634
253.000 2.574153
254.000 2.573402
255.000 2.687622
256.000 2.687622
257.000 2.475533
258.000 2.475533
259.000 2.699963
260.000 2.702324
261.000 2.411598
262.000 2.411598
263.000 2.684865
264.000 2.701675
265.000 2.420380
266.000 2.420380
267.000 2.427315
268.000 2.427315
269.000 2.423676
270.000 2.423676
271.000 2.696505
272.000 2.701309
273.000 2.399284
274.000 2.399284
275.000 2.400909
276.000 2.400909
277.000 2.376985
278.000 2.355942
279.000 2.741119
280.000 2.741119
281.000 2.676468
282.000 2.676468
283.000 2.454041
284.000 2.454041
285.000 2.660701
286.000 2.663719
287.000 2.451385
288.000 2.451385
289.000 2.465935
290.000 2.465935
291.000 2.322884
292.000 2.322884
293.000 2.429281
294.000 2.443520
295.000 2.634067
296.000 2.684868
297.000 2.468031
298.000 2.441284
299.000 2.663020
300.000 2.729004
301.000 2.738832
302.000 2.740952
303.000 2.755037
304.000 2.755882
305.000 2.672550
306.000 2.671677
307.000 2.670335
308.000 2.670326
309.000 2.445236
310.000 2.445236
311.000 2.708821
312.000 2.721664
313.000 2.544090
314.000 2.544090
315.000 2.551901
316.000 2.552048
317.000 2.355644
318.000 2.355644
319.000 2.412979
320.000 2.412979
321.000 2.412586
322.000 2.412544
323.000 2.261154
324.000 2.261154
325.000 2.574242
326.000 2.574242
327.000 2.729568
328.000 2.729568
329.000 2.279808
330.000 2.279808
331.000 2.387459
332.000 2.387459
333.000 2.045753
334.000 2.045753
335.000 2.602829
336.000 2.602829
337.000 2.397568
338.000 2.397568
339.000 2.499100
340.000 2.499100
341.000 2.415271
342.000 2.386383
343.000 2.590416
344.000 2.590416
345.000 2.205162
346.000 2.205162
347.000 2.159958
348.000 2.159958
349.000 2.383555
350.000 2.572697
351.000 2.597374
352.000 2.504155
353.000 2.287842
354.000 2.674583
355.000 2.626957
356.000 2.473534
357.000 2.505653
358.000 2.258537
359.000 2.558105
