0.000 0.152672
1.000 1.242195
2.000 3.446426
3.000 3.693306
4.000 3.199655
5.000 2.071503
6.000 2.008026
7.000 1.822784
8.000 1.822784
9.000 1.822784
10.000 1.822784
11.000 4.115120
12.000 2.343605
13.000 2.343605
14.000 2.343605
15.000 2.463392
16.000 2.885322
17.000 3.147926
18.000 3.147926
19.000 2.053185
20.000 2.053185
21.000 2.206467
22.000 2.206467
23.000 1.901596
24.000 1.901596
25.000 1.901596
26.000 1.901596
27.000 2.018620
28.000 2.442768
29.000 2.866916
30.000 3.001427
31.000 3.309563
32.000 3.309563
33.000 2.591843
34.000 2.591843
35.000 2.690353
36.000 2.690353
37.000 2.690353
38.000 2.690353
39.000 2.618392
40.000 2.603960
41.000 2.596794
42.000 2.596794
43.000 2.596794
44.000 1.982582
45.000 1.982582
46.000 1.982582
47.000 1.982582
48.000 1.982582
49.000 1.982582
50.000 2.675974
51.000 2.702684
52.000 2.729393
53.000 2.756103
54.000 2.782812
55.000 2.795197
56.000 2.795197
57.000 2.594498
58.000 2.519192
59.000 2.478859
60.000 3.058113
61.000 3.058113
62.000 3.058113
63.000 3.058113
64.000 3.058113
65.000 3.178696
66.000 3.178696
67.000 3.178696
68.000 3.178696
69.000 3.178696
70.000 3.178696
71.000 3.172363
72.000 3.160502
73.000 3.148641
74.000 3.136779
75.000 3.124918
76.000 3.113057
77.000 3.101196
78.000 3.093803
79.000 1.079384
80.000 1.745575
81.000 2.161629
82.000 2.161629
83.000 2.161629
84.000 2.161629
85.000 2.873545
86.000 3.050034
87.000 3.050034
88.000 2.376854
89.000 2.376854
90.000 2.376854
91.000 2.555112
92.000 3.027229
93.000 3.027229
94.000 2.316856
95.000 2.316856
96.000 2.805817
97.000 2.294304
98.000 2.552544
99.000 2.552544
100.000 2.674065
101.000 2.674065
102.000 2.680086
103.000 2.694572
104.000 2.694572
105.000 2.545425
106.000 2.545425
107.000 3.003075
108.000 3.247116
109.000 3.247116
110.000 2.830340
111.000 2.092438
112.000 1.543015
113.000 2.296793
114.000 2.921204
115.000 2.850382
116.000 2.626903
117.000 2.541725
118.000 2.124854
119.000 2.078249
120.000 1.689649
121.000 1.509468
122.000 2.382004
123.000 2.382004
124.000 2.329605
125.000 2.164258
126.000 2.205112
127.000 2.592552
128.000 2.621513
129.000 2.621513
130.000 2.621513
131.000 2.747490
132.000 2.747490
133.000 2.747490
134.000 2.617613
135.000 2.473929
136.000 2.395821
137.000 3.057384
138.000 2.866283
139.000 2.499298
140.000 1.776428
141.000 1.776428
142.000 1.819555
143.000 2.199326
144.000 2.199326
145.000 2.020279
146.000 2.020279
147.000 2.497543
148.000 2.497543
149.000 2.497543
150.000 2.153633
151.000 2.153633
152.000 2.153633
153.000 3.264221
154.000 3.264221
155.000 2.533638
156.000 2.533638
157.000 2.533638
158.000 3.019218
159.000 4.374733
160.000 4.374733
161.000 5.542724
162.000 6.646500
163.000 6.195857
164.000 5.511276
165.000 5.224880
166.000 4.321144
167.000 3.987972
168.000 3.554250
169.000 3.254318
170.000 4.257052
171.000 5.455201
172.000 6.209597
173.000 6.947453
174.000 7.213828
175.000 6.947483
176.000 6.979598
177.000 7.589447
178.000 7.468327
179.000 5.301681
180.000 4.727280
181.000 3.013161
182.000 3.013161
183.000 4.043007
184.000 5.051262
185.000 5.166437
186.000 6.210381
187.000 5.945967
188.000 4.135361
189.000 4.135361
190.000 3.367920
191.000 3.367920
192.000 3.286858
193.000 3.286858
194.000 3.242297
195.000 3.225250
196.000 3.225250
197.000 3.594254
198.000 3.594254
199.000 3.438385
200.000 3.438385
201.000 3.521161
202.000 3.911095
203.000 3.911095
204.000 2.281044
205.000 2.281044
206.000 1.803001
207.000 1.803001
208.000 1.690430
209.000 1.509262
210.000 1.509262
211.000 1.509262
212.000 1.509262
213.000 2.102585
214.000 2.102585
215.000 2.102585
216.000 2.102585
217.000 5.869402
218.000 5.857895
219.000 5.857895
220.000 3.472702
221.000 3.472702
222.000 3.168510
223.000 3.168510
224.000 3.094955
225.000 3.094955
226.000 2.761108
227.000 2.761108
228.000 2.761108
229.000 5.238173
230.000 7.354401
231.000 7.630020
232.000 8.502504
233.000 8.235982
234.000 7.070306
235.000 6.072327
236.000 6.335594
237.000 6.612823
238.000 6.644267
239.000 6.672653
240.000 6.959789
241.000 7.458373
242.000 7.506896
243.000 6.267578
244.000 6.295036
245.000 6.786206
246.000 7.144981
247.000 7.302997
248.000 7.540741
249.000 7.620050
250.000 7.762460
251.000 7.774092
252.000 7.458398
253.000 7.142704
254.000 7.209219
255.000 7.449543
256.000 7.053439
257.000 6.448016
258.000 6.092049
259.000 6.092049
260.000 6.092049
261.000 6.092049
262.000 6.092049
263.000 5.676246
264.000 5.279922
265.000 5.634516
266.000 6.006119
267.000 5.770791
268.000 5.028201
269.000 4.341377
270.000 4.405768
271.000 4.482613
272.000 4.459024
273.000 4.429386
274.000 4.398669
275.000 4.384743
276.000 5.327569
277.000 8.134418
278.000 8.165344
279.000 5.358734
280.000 5.358734
281.000 6.039607
282.000 6.662552
283.000 6.691706
284.000 6.783994
285.000 6.792526
286.000 7.091423
287.000 7.091423
288.000 6.888639
289.000 6.715683
290.000 4.715219
291.000 4.575401
292.000 5.083212
293.000 5.108574
294.000 5.169772
295.000 6.874348
296.000 7.794868
297.000 5.072526
298.000 4.933395
299.000 4.421686
300.000 4.412987
301.000 4.624767
302.000 7.164696
303.000 7.057487
304.000 5.446243
305.000 5.446243
306.000 5.337416
307.000 5.262367
308.000 4.358688
309.000 4.358688
310.000 4.381367
311.000 4.649658
312.000 4.649658
313.000 4.182175
314.000 4.182175
315.000 3.228050
316.000 3.228050
317.000 3.260647
318.000 3.588989
319.000 3.588989
320.000 3.689316
321.000 3.689316
322.000 3.155533
323.000 3.155533
324.000 4.012474
325.000 4.012474
326.000 4.012474
327.000 5.009926
328.000 5.009926
329.000 5.164978
330.000 5.164978
331.000 5.895577
332.000 6.631721
333.000 6.538523
334.000 5.310645
335.000 5.185425
336.000 2.132927
337.000 2.132927
338.000 2.132927
339.000 2.132927
340.000 5.670509
341.000 5.670509
342.000 5.670509
343.000 4.958416
344.000 4.839638
345.000 5.544706
346.000 6.446953
347.000 6.202739
348.000 5.677261
349.000 5.455172
350.000 5.079247
351.000 5.079247
352.000 4.936554
353.000 4.936554
354.000 6.064308
355.000 6.629181
356.000 4.872887
357.000 4.872887
358.000 3.723976
359.000 3.723976
