0.000 0.911713
1.000 0.911713
2.000 0.911713
3.000 0.911713
4.000 0.911713
5.000 0.945144
6.000 1.303667
7.000 1.620178
8.000 1.847801
9.000 1.778030
10.000 1.802200
11.000 1.633453
12.000 1.698562
13.000 1.723457
14.000 1.561600
15.000 0.501518
16.000 0.501518
17.000 0.501518
18.000 0.501518
19.000 1.605889
20.000 1.736586
21.000 1.820381
22.000 1.659958
23.000 1.644875
24.000 1.644875
25.000 1.659980
26.000 1.663315
27.000 1.663315
28.000 1.814545
29.000 1.814545
30.000 1.824806
31.000 1.824806
32.000 0.941452
33.000 0.941452
34.000 1.131653
35.000 1.131653
36.000 1.131653
37.000 1.804733
38.000 1.804733
39.000 1.766041
40.000 1.766174
41.000 1.757278
42.000 1.757278
43.000 1.825630
44.000 1.825630
45.000 1.824208
46.000 1.821899
47.000 1.821899
48.000 1.817688
49.000 1.817688
50.000 1.818473
51.000 1.822975
52.000 1.822975
53.000 1.635277
54.000 1.636184
55.000 1.766159
56.000 1.766159
57.000 1.877922
58.000 1.806549
59.000 1.806549
60.000 1.803368
61.000 1.803368
62.000 1.803368
63.000 1.810907
64.000 1.829603
65.000 1.836571
66.000 1.836571
67.000 1.807648
68.000 1.807648
69.000 1.807648
70.000 1.774559
71.000 1.774559
72.000 1.774559
73.000 1.689087
74.000 1.689087
75.000 1.699209
76.000 1.721106
77.000 1.743004
78.000 1.746819
79.000 1.825027
80.000 1.817078
81.000 1.756203
82.000 1.756203
83.000 1.729054
84.000 1.342582
85.000 1.322990
86.000 1.322990
87.000 1.273817
88.000 1.064788
89.000 1.026756
90.000 1.698776
91.000 1.797081
92.000 1.805779
93.000 1.805779
94.000 1.805779
95.000 1.691485
96.000 1.665970
97.000 1.833565
98.000 1.833565
99.000 1.840057
100.000 1.840057
101.000 1.812912
102.000 1.829346
103.000 1.829346
104.000 1.833420
105.000 1.833420
106.000 1.811913
107.000 1.811913
108.000 1.811913
109.000 1.787692
110.000 1.765770
111.000 1.765770
112.000 1.812187
113.000 1.877052
114.000 1.877052
115.000 1.877052
116.000 1.877052
117.000 1.800530
118.000 1.713000
119.000 1.686325
120.000 1.686325
121.000 1.727226
122.000 1.812088
123.000 1.812088
124.000 1.764914
125.000 1.763374
126.000 1.758018
127.000 1.758018
128.000 1.764999
129.000 1.764999
130.000 1.785713
131.000 1.785713
132.000 1.726173
133.000 1.726173
134.000 1.726173
135.000 1.726173
136.000 1.680813
137.000 1.647408
138.000 1.624580
139.000 1.807686
140.000 1.797578
141.000 1.763260
142.000 1.830063
143.000 1.830063
144.000 1.708092
145.000 1.708092
146.000 1.754570
147.000 1.754921
148.000 1.821870
149.000 1.827583
150.000 1.718613
151.000 1.718613
152.000 1.732750
153.000 1.732750
154.000 1.731117
155.000 1.731117
156.000 1.515907
157.000 1.515907
158.000 1.555382
159.000 1.603241
160.000 1.603241
161.000 1.769173
162.000 1.769173
163.000 1.856094
164.000 1.856094
165.000 1.796051
166.000 1.835609
167.000 1.835609
168.000 1.769783
169.000 1.769783
170.000 1.709702
171.000 1.694070
172.000 1.684532
173.000 1.044609
174.000 1.044609
175.000 1.745941
176.000 1.745941
177.000 1.354744
178.000 1.354744
179.000 1.799759
180.000 1.799759
181.000 1.838669
182.000 1.836009
183.000 1.714371
184.000 1.714371
185.000 1.821144
186.000 1.785889
187.000 1.785889
188.000 1.843880
189.000 1.649277
190.000 1.649277
191.000 1.835205
192.000 1.835205
193.000 1.835205
194.000 1.809351
195.000 1.778236
196.000 1.778236
197.000 1.713516
198.000 1.713516
199.000 1.781670
200.000 1.774544
201.000 1.774544
202.000 1.739258
203.000 1.739258
204.000 1.752232
205.000 1.768990
206.000 1.783203
207.000 1.783203
208.000 1.782509
209.000 1.820494
210.000 1.856636
211.000 1.781418
212.000 1.781418
213.000 1.814804
214.000 1.850983
215.000 1.850983
216.000 1.486061
217.000 1.486061
218.000 1.653519
219.000 1.653519
220.000 0.553345
221.000 0.553345
222.000 0.553345
223.000 0.553345
224.000 0.608830
225.000 1.308984
226.000 1.810143
227.000 1.788933
228.000 1.788933
229.000 1.785652
230.000 1.785652
231.000 1.683258
232.000 1.683258
233.000 1.768610
234.000 1.826416
235.000 1.826416
236.000 1.826416
237.000 1.836449
238.000 1.836449
239.000 1.836449
240.000 1.816063
241.000 1.810669
242.000 1.810669
243.000 1.743370
244.000 1.743370
245.000 1.807518
246.000 1.807518
247.000 1.782616
248.000 1.820938
249.000 1.820938
250.000 1.805217
251.000 1.787354
252.000 1.822433
253.000 1.822433
254.000 1.691055
255.000 1.691055
256.000 1.756432
257.000 1.826691
258.000 1.826691
259.000 1.822067
260.000 1.822067
261.000 1.802589
262.000 1.802589
263.000 1.802589
264.000 1.822953
265.000 1.833939
266.000 1.833939
267.000 1.770138
268.000 1.785019
269.000 1.785019
270.000 1.802589
271.000 1.802589
272.000 1.765381
273.000 1.765381
274.000 1.828239
275.000 1.828239
276.000 1.810791
277.000 1.810791
278.000 1.734688
279.000 1.734688
280.000 1.801657
281.000 1.842659
282.000 1.826141
283.000 1.821679
284.000 1.813843
285.000 1.813843
286.000 1.825394
287.000 1.806778
288.000 1.806778
289.000 1.806778
290.000 1.627487
291.000 1.627487
292.000 1.831215
293.000 1.782356
294.000 1.782356
295.000 1.436356
296.000 1.838463
297.000 1.838463
298.000 1.724686
299.000 1.724686
300.000 1.763542
301.000 1.827789
302.000 1.827789
303.000 1.638496
304.000 1.620590
305.000 1.620590
306.000 1.620590
307.000 1.770256
308.000 1.770256
309.000 1.770256
310.000 1.794314
311.000 1.818550
312.000 1.818550
313.000 1.739983
314.000 1.739983
315.000 1.831024
316.000 1.831024
317.000 1.837776
318.000 1.837776
319.000 1.711044
320.000 1.711044
321.000 1.748131
322.000 1.748131
323.000 1.842964
324.000 1.842964
325.000 1.821805
326.000 1.821732
327.000 1.804593
328.000 1.758263
329.000 1.806668
330.000 1.826691
331.000 1.687111
332.000 1.694983
333.000 1.827751
334.000 1.827751
335.000 1.740273
336.000 1.740273
337.000 1.660156
338.000 1.660156
339.000 1.736115
340.000 1.778603
341.000 1.778603
342.000 1.826744
343.000 1.826744
344.000 1.590271
345.000 1.590271
346.000 1.460777
347.000 1.549896
348.000 1.549896
349.000 1.838913
350.000 1.721504
351.000 1.721504
352.000 1.840431
353.000 1.840431
354.000 1.720695
355.000 1.720695
356.000 1.720695
357.000 1.766243
358.000 1.766243
359.000 1.766243
