0.000 0.013519
1.000 0.013519
2.000 0.013519
3.000 0.013519
4.000 0.013519
5.000 0.013519
6.000 0.013519
7.000 0.013519
8.000 0.013519
9.000 0.013519
10.000 0.013519
11.000 0.080404
12.000 0.214920
13.000 0.214920
14.000 0.214920
15.000 0.214920
16.000 0.214920
17.000 0.214920
18.000 0.178215
19.000 0.166414
20.000 0.154613
21.000 0.142813
22.000 0.132309
23.000 0.132309
24.000 0.132309
25.000 0.180439
26.000 0.240768
27.000 0.240768
28.000 0.240768
29.000 0.240768
30.000 0.178360
31.000 0.178360
32.000 0.178360
33.000 0.178360
34.000 0.180965
35.000 0.143317
36.000 0.112434
37.000 0.112795
38.000 0.216915
39.000 0.117722
40.000 0.128493
41.000 0.203720
42.000 0.203720
43.000 0.212776
44.000 0.252823
45.000 0.226368
46.000 0.204041
47.000 0.204041
48.000 0.199801
49.000 0.141334
50.000 0.111549
51.000 0.111549
52.000 0.070312
53.000 0.070312
54.000 0.070312
55.000 0.088526
56.000 0.091110
57.000 0.094565
58.000 0.172277
59.000 0.176323
60.000 0.184898
61.000 0.147435
62.000 0.114281
63.000 0.119096
64.000 0.154227
65.000 0.208626
66.000 0.208626
67.000 0.261497
68.000 0.254288
69.000 0.254288
70.000 0.253023
71.000 0.243951
72.000 0.240318
73.000 0.185904
74.000 0.118178
75.000 0.102356
76.000 0.292723
77.000 0.308990
78.000 0.308990
79.000 0.214920
80.000 0.220107
81.000 0.272583
82.000 0.272583
83.000 0.178978
84.000 0.319603
85.000 0.319603
86.000 0.198530
87.000 0.185349
88.000 0.185349
89.000 0.185349
90.000 0.185349
91.000 0.185349
92.000 0.205132
93.000 0.205132
94.000 0.205132
95.000 0.205132
96.000 0.209500
97.000 0.219264
98.000 0.229027
99.000 0.238113
100.000 0.238113
101.000 0.267002
102.000 0.293808
103.000 0.293808
104.000 0.293808
105.000 0.174507
106.000 0.174507
107.000 0.174507
108.000 0.212815
109.000 0.220863
110.000 0.226920
111.000 0.236885
112.000 0.270462
113.000 0.247489
114.000 0.175560
115.000 0.175560
116.000 0.231621
117.000 0.285366
118.000 0.170593
119.000 0.170593
120.000 0.170593
121.000 0.170593
122.000 0.170593
123.000 0.170593
124.000 0.313762
125.000 0.326927
126.000 0.331215
127.000 0.331215
128.000 0.331190
129.000 0.331163
130.000 0.331146
131.000 0.210556
132.000 0.210556
133.000 0.283376
134.000 0.337654
135.000 0.337654
136.000 0.219238
137.000 0.219238
138.000 0.225722
139.000 0.297391
140.000 0.325935
141.000 0.325935
142.000 0.256218
143.000 0.256218
144.000 0.292473
145.000 0.232081
146.000 0.097778
147.000 0.097778
148.000 0.097778
149.000 0.302101
150.000 0.222610
151.000 0.225510
152.000 0.277481
153.000 0.277481
154.000 0.372498
155.000 0.372498
156.000 0.317749
157.000 0.317749
158.000 0.228218
159.000 0.228218
160.000 0.228718
161.000 0.272827
162.000 0.272827
163.000 0.265257
164.000 0.178177
165.000 0.178177
166.000 0.351051
167.000 0.286692
168.000 0.139801
169.000 0.192940
170.000 0.192940
171.000 0.192940
172.000 0.308693
173.000 0.308693
174.000 0.213791
175.000 0.213791
176.000 0.078529
177.000 0.078529
178.000 0.078529
179.000 0.078529
180.000 0.078529
181.000 0.236778
182.000 0.236778
183.000 0.125587
184.000 0.125587
185.000 0.125587
186.000 0.125587
187.000 0.155357
188.000 0.155357
189.000 0.322655
190.000 0.310229
191.000 0.288101
192.000 0.199257
193.000 0.199257
194.000 0.240265
195.000 0.240265
196.000 0.240265
197.000 0.117577
198.000 0.117577
199.000 0.117577
200.000 0.117577
201.000 0.227760
202.000 0.227760
203.000 0.233645
204.000 0.264384
205.000 0.281128
206.000 0.281128
207.000 0.277939
208.000 0.149826
209.000 0.149826
210.000 0.149826
211.000 0.317963
212.000 0.317963
213.000 0.171165
214.000 0.171165
215.000 0.171165
216.000 0.199913
217.000 0.199913
218.000 0.199913
219.000 0.231056
220.000 0.231056
221.000 0.231056
222.000 0.251068
223.000 0.264503
224.000 0.264503
225.000 0.263231
226.000 0.249435
227.000 0.249435
228.000 0.249344
229.000 0.249344
230.000 0.147469
231.000 0.147469
232.000 0.232033
233.000 0.232033
234.000 0.232033
235.000 0.127762
236.000 0.127762
237.000 0.127762
238.000 0.142471
239.000 0.142471
240.000 0.142471
241.000 0.115433
242.000 0.115433
243.000 0.090782
244.000 0.090782
245.000 0.114206
246.000 0.170996
247.000 0.302879
248.000 0.272533
249.000 0.249458
250.000 0.178337
251.000 0.188501
252.000 0.283386
253.000 0.325829
254.000 0.325829
255.000 0.304487
256.000 0.247187
257.000 0.215523
258.000 0.215523
259.000 0.200971
260.000 0.179672
261.000 0.197174
262.000 0.211601
263.000 0.248650
264.000 0.205933
265.000 0.221250
266.000 0.334326
267.000 0.441330
268.000 0.441330
269.000 0.207191
270.000 0.233500
271.000 0.258919
272.000 0.262146
273.000 0.262146
274.000 0.270883
275.000 0.282432
276.000 0.293981
277.000 0.215683
278.000 0.232153
279.000 0.254616
280.000 0.254616
281.000 0.171875
282.000 0.174664
283.000 0.265038
284.000 0.196198
285.000 0.196198
286.000 0.193092
287.000 0.301765
288.000 0.301765
289.000 0.134903
290.000 0.134903
291.000 0.172262
292.000 0.287704
293.000 0.287704
294.000 0.322975
295.000 0.169319
296.000 0.169319
297.000 0.169319
298.000 0.169319
299.000 0.304382
300.000 0.304382
301.000 0.289240
302.000 0.268224
303.000 0.247207
304.000 0.239456
305.000 0.239456
306.000 0.262519
307.000 0.317627
308.000 0.288719
309.000 0.288719
310.000 0.331338
311.000 0.351173
312.000 0.360972
313.000 0.371323
314.000 0.264587
315.000 0.264587
316.000 0.090179
317.000 0.090179
318.000 0.090179
319.000 0.090179
320.000 0.142761
321.000 0.142761
322.000 0.142761
323.000 0.142761
324.000 0.196077
325.000 0.217499
326.000 0.217499
327.000 0.209240
328.000 0.175896
329.000 0.175896
330.000 0.247505
331.000 0.247505
332.000 0.247505
333.000 0.202537
334.000 0.184731
335.000 0.184731
336.000 0.211467
337.000 0.267464
338.000 0.296913
339.000 0.218872
340.000 0.299620
341.000 0.391495
342.000 0.447037
343.000 0.241531
344.000 0.241531
345.000 0.307550
346.000 0.247528
347.000 0.236008
348.000 0.228070
349.000 0.204033
350.000 0.204033
351.000 0.242638
352.000 0.213471
353.000 0.175346
354.000 0.175346
355.000 0.332878
356.000 0.332878
357.000 0.332878
358.000 0.332878
359.000 0.332878
