0.000 0.292183
1.000 2.127390
2.000 2.792877
3.000 3.784132
4.000 2.067078
5.000 2.396819
6.000 3.057269
7.000 3.200218
8.000 3.200218
9.000 3.200218
10.000 3.200218
11.000 4.033499
12.000 5.632067
13.000 6.110741
14.000 6.110741
15.000 6.701070
16.000 7.835736
17.000 8.131416
18.000 8.131416
19.000 7.250715
20.000 5.504216
21.000 4.820961
22.000 4.820961
23.000 4.820961
24.000 4.820961
25.000 4.625836
26.000 4.503120
27.000 5.156784
28.000 5.156784
29.000 3.648567
30.000 3.648567
31.000 4.025720
32.000 4.632838
33.000 3.801231
34.000 3.801231
35.000 4.695679
36.000 4.441352
37.000 3.029630
38.000 4.003967
39.000 3.963555
40.000 5.157730
41.000 3.241951
42.000 3.257294
43.000 3.798973
44.000 4.070378
45.000 2.852864
46.000 2.850295
47.000 3.854704
48.000 4.165193
49.000 4.261737
50.000 4.255285
51.000 3.901586
52.000 3.899375
53.000 4.345478
54.000 4.397044
55.000 3.776207
56.000 3.785063
57.000 4.405782
58.000 4.565221
59.000 3.610176
60.000 3.438710
61.000 3.182543
62.000 3.127609
63.000 4.152429
64.000 4.462255
65.000 5.482254
66.000 5.486035
67.000 5.654228
68.000 5.639615
69.000 4.448316
70.000 3.961349
71.000 3.679527
72.000 5.375423
73.000 5.068802
74.000 5.180634
75.000 5.117775
76.000 5.059753
77.000 4.888924
78.000 4.949547
79.000 6.416626
80.000 8.199333
81.000 8.534775
82.000 7.643734
83.000 6.402542
84.000 5.067963
85.000 5.067963
86.000 4.820213
87.000 4.820213
88.000 2.168846
89.000 2.168846
90.000 3.364751
91.000 4.774399
92.000 4.089462
93.000 3.823410
94.000 5.989517
95.000 5.989517
96.000 3.679840
97.000 3.679840
98.000 5.013631
99.000 6.690910
100.000 6.603027
101.000 6.603027
102.000 7.074586
103.000 7.242180
104.000 4.619507
105.000 4.619507
106.000 6.033393
107.000 6.823433
108.000 6.540875
109.000 6.309464
110.000 5.028465
111.000 5.028465
112.000 5.082590
113.000 5.175835
114.000 5.175835
115.000 4.402622
116.000 4.435287
117.000 5.243081
118.000 5.425301
119.000 3.635849
120.000 2.547933
121.000 4.051651
122.000 3.943509
123.000 3.839662
124.000 3.132378
125.000 4.996578
126.000 4.867805
127.000 4.230072
128.000 3.544517
129.000 5.107239
130.000 3.784668
131.000 2.376732
132.000 2.376732
133.000 3.163583
134.000 3.653564
135.000 3.573028
136.000 3.524605
137.000 3.436846
138.000 3.379677
139.000 2.412755
140.000 1.884346
141.000 1.884346
142.000 1.884346
143.000 1.884346
144.000 1.884346
145.000 3.983719
146.000 3.983719
147.000 3.983719
148.000 3.983719
149.000 5.053081
150.000 5.195267
151.000 5.195267
152.000 6.009811
153.000 4.758095
154.000 4.758095
155.000 4.367920
156.000 4.367920
157.000 5.535988
158.000 5.535988
159.000 6.197693
160.000 6.197693
161.000 5.897079
162.000 5.897079
163.000 5.598137
164.000 5.598137
165.000 6.120560
166.000 6.120560
167.000 5.877029
168.000 5.560865
169.000 5.375565
170.000 5.868942
171.000 5.925255
172.000 5.925255
173.000 4.991585
174.000 4.991585
175.000 4.991585
176.000 7.873558
177.000 4.497414
178.000 4.497414
179.000 6.116112
180.000 6.116112
181.000 6.374802
182.000 6.374802
183.000 6.374802
184.000 2.105339
185.000 2.105339
186.000 5.414818
187.000 7.042099
188.000 7.042099
189.000 2.229103
190.000 2.229103
191.000 2.229103
192.000 2.229103
193.000 2.229103
194.000 2.229103
195.000 8.155212
196.000 8.155212
197.000 6.644386
198.000 6.644386
199.000 8.692337
200.000 8.692337
201.000 6.043034
202.000 5.478127
203.000 2.304073
204.000 1.794624
205.000 6.066708
206.000 8.730286
207.000 6.475533
208.000 6.475533
209.000 11.320641
210.000 11.320641
211.000 6.976677
212.000 6.976677
213.000 10.149506
214.000 10.149506
215.000 11.239105
216.000 11.239105
217.000 9.991296
218.000 8.607323
219.000 9.286305
220.000 9.507973
221.000 6.885017
222.000 6.885017
223.000 7.524038
224.000 8.033539
225.000 8.033539
226.000 8.033539
227.000 9.721298
228.000 9.721298
229.000 7.494270
230.000 7.494270
231.000 7.202903
232.000 6.675018
233.000 5.978221
234.000 5.883865
235.000 6.395172
236.000 6.395172
237.000 6.491207
238.000 6.582367
239.000 12.894066
240.000 12.894066
241.000 10.924493
242.000 8.333859
243.000 6.263237
244.000 5.825943
245.000 5.629980
246.000 5.173073
247.000 8.528303
248.000 9.757278
249.000 3.311798
250.000 3.311798
251.000 3.311798
252.000 3.311798
253.000 3.311798
254.000 3.311798
255.000 7.061334
256.000 6.986237
257.000 6.986237
258.000 6.825486
259.000 5.803334
260.000 5.045998
261.000 4.724479
262.000 2.608604
263.000 5.312209
264.000 6.844316
265.000 6.810768
266.000 6.586755
267.000 6.908906
268.000 7.533169
269.000 7.320066
270.000 6.621819
271.000 6.416926
272.000 6.039543
273.000 7.241717
274.000 0.511345
275.000 0.511345
276.000 6.719008
277.000 5.356974
278.000 7.789204
279.000 6.488319
280.000 5.690258
281.000 4.630609
282.000 3.963326
283.000 3.963326
284.000 3.963326
285.000 5.761701
286.000 5.745311
287.000 5.978935
288.000 6.242363
289.000 6.148182
290.000 6.121734
291.000 6.068748
292.000 6.143984
293.000 9.681718
294.000 11.019849
295.000 11.638594
296.000 11.991701
297.000 8.025105
298.000 5.135695
299.000 8.954161
300.000 11.986179
301.000 5.537544
302.000 5.467539
303.000 4.166718
304.000 4.166718
305.000 4.166718
306.000 5.446709
307.000 5.446709
308.000 5.446709
309.000 5.911987
310.000 5.911987
311.000 5.344086
312.000 5.344086
313.000 7.048599
314.000 7.048599
315.000 6.873459
316.000 5.107460
317.000 5.107460
318.000 5.107460
319.000 5.565704
320.000 5.565704
321.000 5.139740
322.000 4.566338
323.000 4.566338
324.000 4.448078
325.000 4.186089
326.000 3.594660
327.000 3.956985
328.000 3.996971
329.000 5.969934
330.000 6.471078
331.000 5.307587
332.000 5.340601
333.000 6.875031
334.000 3.609406
335.000 3.609406
336.000 3.651298
337.000 6.226654
338.000 6.246185
339.000 5.388229
340.000 5.393865
341.000 5.702392
342.000 5.748330
343.000 6.589722
344.000 6.917136
345.000 5.305931
346.000 4.394342
347.000 5.465330
348.000 5.702969
349.000 5.099299
350.000 6.009010
351.000 5.724142
352.000 5.886226
353.000 4.976685
354.000 4.976685
355.000 5.463559
356.000 6.376892
357.000 6.096460
358.000 5.832870
359.000 4.977561
