0.000 4.395203
1.000 4.395203
2.000 4.395203
3.000 4.395203
4.000 4.395203
5.000 4.395203
6.000 4.395203
7.000 4.395203
8.000 4.395203
9.000 1.483156
10.000 2.141338
11.000 2.799519
12.000 3.457701
13.000 4.115882
14.000 4.774063
15.000 5.123795
16.000 5.123795
17.000 5.343870
18.000 5.616257
19.000 4.566616
20.000 4.219368
21.000 5.145638
22.000 5.145638
23.000 3.058426
24.000 3.058426
25.000 5.064758
26.000 4.262093
27.000 4.262093
28.000 4.262093
29.000 5.452232
30.000 5.452232
31.000 5.453880
32.000 5.453880
33.000 5.453880
34.000 5.445369
35.000 5.441666
36.000 5.441666
37.000 5.333450
38.000 5.333450
39.000 5.333450
40.000 3.768616
41.000 3.768616
42.000 3.768616
43.000 5.198982
44.000 5.198982
45.000 5.198982
46.000 5.180222
47.000 5.180222
48.000 5.221403
49.000 5.521194
50.000 5.521194
51.000 5.521194
52.000 5.254898
53.000 5.254898
54.000 5.028587
55.000 5.028587
56.000 4.860001
57.000 4.860001
58.000 5.063110
59.000 5.331940
60.000 5.331940
61.000 5.344963
62.000 5.344963
63.000 5.318517
64.000 5.257982
65.000 5.217285
66.000 5.217285
67.000 5.338646
68.000 5.338646
69.000 5.338646
70.000 4.236457
71.000 3.631767
72.000 3.067166
73.000 2.707916
74.000 2.707916
75.000 2.707916
76.000 2.707916
77.000 2.707916
78.000 2.707916
79.000 2.707916
80.000 2.707916
81.000 2.707916
82.000 2.707916
83.000 2.707916
84.000 2.707916
85.000 5.146489
86.000 5.106291
87.000 5.066092
88.000 5.025894
89.000 5.024773
90.000 5.024773
91.000 5.352142
92.000 5.352142
93.000 5.352142
94.000 5.312617
95.000 5.260670
96.000 5.220909
97.000 5.220909
98.000 5.333405
99.000 5.333405
100.000 5.400070
101.000 5.400070
102.000 5.232234
103.000 5.196901
104.000 5.170944
105.000 5.170944
106.000 5.342033
107.000 5.342033
108.000 5.342033
109.000 5.342033
110.000 5.342033
111.000 5.228210
112.000 4.953852
113.000 4.885056
114.000 4.885056
115.000 4.885056
116.000 4.885056
117.000 4.712990
118.000 4.712990
119.000 4.712990
120.000 4.712990
121.000 4.712990
122.000 3.157753
123.000 3.157753
124.000 3.157753
125.000 3.157753
126.000 2.823189
127.000 2.823189
128.000 2.823189
129.000 2.823189
130.000 3.485646
131.000 4.307681
132.000 5.000206
133.000 5.039787
134.000 4.743029
135.000 5.202858
136.000 5.191353
137.000 5.191353
138.000 5.467880
139.000 5.467880
140.000 5.076431
141.000 5.076431
142.000 5.076431
143.000 5.678711
144.000 5.678711
145.000 5.678711
146.000 5.256947
147.000 4.791824
148.000 4.791824
149.000 5.330079
150.000 5.460500
151.000 5.245280
152.000 4.918468
153.000 4.682114
154.000 4.011964
155.000 3.559715
156.000 4.961456
157.000 4.961456
158.000 4.484398
159.000 4.394585
160.000 4.425150
161.000 4.745872
162.000 4.745872
163.000 4.745872
164.000 4.745872
165.000 5.011011
166.000 4.963432
167.000 4.963432
168.000 4.963432
169.000 2.616119
170.000 2.616119
171.000 2.616119
172.000 2.616119
173.000 2.616119
174.000 2.616119
175.000 2.616119
176.000 5.527975
177.000 5.532372
178.000 5.536768
179.000 5.541164
180.000 5.541397
181.000 5.478966
182.000 5.400497
183.000 5.400497
184.000 5.043526
185.000 5.043526
186.000 5.133126
187.000 5.552971
188.000 5.552971
189.000 5.323898
190.000 5.252167
191.000 5.252167
192.000 5.599129
193.000 5.599129
194.000 5.599129
195.000 5.296288
196.000 5.296288
197.000 5.296288
198.000 2.902359
199.000 2.902359
200.000 2.902359
201.000 2.902359
202.000 2.902359
203.000 5.114182
204.000 5.114182
205.000 5.114182
206.000 5.114182
207.000 5.192576
208.000 5.398403
209.000 5.424728
210.000 5.424728
211.000 5.366653
212.000 5.366653
213.000 5.219957
214.000 4.960083
215.000 4.960083
216.000 5.570099
217.000 5.733864
218.000 5.733864
219.000 3.812508
220.000 3.812508
221.000 3.812508
222.000 3.812508
223.000 5.167168
224.000 5.167168
225.000 5.167168
226.000 5.167168
227.000 5.132880
228.000 5.110405
229.000 5.110405
230.000 5.110405
231.000 2.170227
232.000 2.170227
233.000 2.170227
234.000 2.170227
235.000 2.170227
236.000 2.170227
237.000 2.170227
238.000 5.671349
239.000 5.671349
240.000 5.671349
241.000 4.830566
242.000 4.830566
243.000 4.830566
244.000 4.830566
245.000 4.830566
246.000 4.830566
247.000 4.830566
248.000 5.581444
249.000 5.581444
250.000 5.581444
251.000 5.581444
252.000 5.581444
253.000 5.581444
254.000 5.581444
255.000 5.562325
256.000 5.490955
257.000 5.419585
258.000 5.348215
259.000 5.276845
260.000 5.239471
261.000 5.239471
262.000 5.239471
263.000 5.363861
264.000 5.363861
265.000 5.363861
266.000 5.463126
267.000 5.596212
268.000 5.684280
269.000 5.684280
270.000 5.684280
271.000 1.320534
272.000 1.320534
273.000 1.320534
274.000 5.039444
275.000 2.463516
276.000 2.463516
277.000 2.586655
278.000 2.586655
279.000 2.586655
280.000 3.087326
281.000 3.087326
282.000 3.087326
283.000 3.426914
284.000 3.889017
285.000 4.351120
286.000 4.813222
287.000 5.039986
288.000 5.433708
289.000 5.382416
290.000 3.503441
291.000 3.503441
292.000 3.308563
293.000 3.308563
294.000 3.308563
295.000 4.683266
296.000 4.683266
297.000 5.426949
298.000 5.426949
299.000 5.426949
300.000 5.426949
301.000 5.426949
302.000 5.148892
303.000 4.818609
304.000 4.624306
305.000 4.624306
306.000 4.624306
307.000 4.624306
308.000 4.944436
309.000 5.024063
310.000 5.024063
311.000 5.024063
312.000 3.374454
313.000 3.258598
314.000 3.258598
315.000 3.258598
316.000 3.258598
317.000 3.258598
318.000 3.258598
319.000 3.258598
320.000 3.146194
321.000 3.146194
322.000 3.146194
323.000 3.146194
324.000 3.146194
325.000 5.512459
326.000 5.512459
327.000 5.512459
328.000 5.512459
329.000 5.459955
330.000 5.398666
331.000 5.398666
332.000 5.398666
333.000 5.398666
334.000 5.444172
335.000 5.460999
336.000 5.460999
337.000 5.458606
338.000 5.421156
339.000 5.398384
340.000 3.383400
341.000 4.828239
342.000 4.828239
343.000 4.878571
344.000 4.878571
345.000 4.945949
346.000 5.264046
347.000 5.264046
348.000 5.264046
349.000 5.135956
350.000 5.135956
351.000 5.135956
352.000 5.581581
353.000 5.581581
354.000 5.581581
355.000 5.513636
356.000 5.425381
357.000 5.375832
358.000 5.375832
359.000 4.677525
