0.000 0.296204
1.000 0.296204
2.000 0.296204
3.000 0.296204
4.000 4.412430
5.000 4.412430
6.000 5.019561
7.000 4.899872
8.000 5.199224
9.000 5.401230
10.000 3.566635
11.000 3.566635
12.000 3.566635
13.000 5.570152
14.000 5.570152
15.000 5.543762
16.000 5.543762
17.000 3.717163
18.000 3.717163
19.000 3.717163
20.000 5.415932
21.000 5.415932
22.000 4.817947
23.000 4.817947
24.000 2.459297
25.000 2.459297
26.000 2.459297
27.000 5.443420
28.000 5.443420
29.000 3.802818
30.000 3.802818
31.000 4.536125
32.000 4.536125
33.000 4.599567
34.000 5.044060
35.000 5.282608
36.000 5.282608
37.000 5.668526
38.000 5.668526
39.000 5.633078
40.000 5.485211
41.000 5.438095
42.000 4.806709
43.000 5.365807
44.000 4.999588
45.000 5.384933
46.000 5.002716
47.000 5.002716
48.000 3.069679
49.000 3.069679
50.000 2.896233
51.000 2.896233
52.000 2.896233
53.000 2.896233
54.000 2.896233
55.000 3.131081
56.000 3.131081
57.000 5.516624
58.000 5.516624
59.000 5.516624
60.000 5.540863
61.000 5.540863
62.000 5.437592
63.000 5.437592
64.000 5.084556
65.000 2.790817
66.000 2.790817
67.000 2.790817
68.000 2.790817
69.000 4.706871
70.000 4.706871
71.000 1.184875
72.000 1.184875
73.000 1.184875
74.000 1.184875
75.000 3.451881
76.000 4.056885
77.000 4.056885
78.000 5.013641
79.000 5.013641
80.000 5.279907
81.000 5.279907
82.000 5.279907
83.000 5.279907
84.000 5.485954
85.000 5.485954
86.000 5.485954
87.000 5.486770
88.000 5.488367
89.000 5.489059
90.000 5.489059
91.000 5.489059
92.000 3.785606
93.000 2.856308
94.000 2.856308
95.000 2.856308
96.000 5.307716
97.000 5.307716
98.000 5.344120
99.000 5.387024
100.000 5.387024
101.000 5.387024
102.000 5.387024
103.000 5.553924
104.000 5.657478
105.000 5.657478
106.000 5.657478
107.000 5.011389
108.000 4.652840
109.000 4.516518
110.000 4.516518
111.000 5.083656
112.000 5.083656
113.000 5.083656
114.000 2.645515
115.000 2.645515
116.000 2.645515
117.000 5.333951
118.000 5.577805
119.000 5.584160
120.000 5.584160
121.000 5.077156
122.000 5.077156
123.000 3.410233
124.000 3.410233
125.000 3.221039
126.000 3.221039
127.000 5.462616
128.000 5.029488
129.000 5.029488
130.000 5.029488
131.000 4.839935
132.000 4.839935
133.000 4.839935
134.000 5.531548
135.000 5.531548
136.000 5.531548
137.000 5.194458
138.000 5.194458
139.000 5.194458
140.000 2.905002
141.000 1.848816
142.000 1.848816
143.000 1.848816
144.000 1.848816
145.000 1.848816
146.000 1.848816
147.000 5.492943
148.000 5.492943
149.000 5.174248
150.000 5.174248
151.000 5.599915
152.000 5.599915
153.000 5.599915
154.000 5.410135
155.000 4.955711
156.000 4.955711
157.000 4.955711
158.000 5.252498
159.000 5.329620
160.000 5.329620
161.000 5.342400
162.000 5.342400
163.000 5.351250
164.000 5.351250
165.000 4.898376
166.000 4.898376
167.000 5.343864
168.000 5.373758
169.000 5.541013
170.000 5.545959
171.000 5.545959
172.000 5.466702
173.000 5.546837
174.000 5.546837
175.000 5.546837
176.000 5.589320
177.000 5.636020
178.000 5.648026
179.000 5.648026
180.000 5.648026
181.000 5.553886
182.000 5.553886
183.000 5.553886
184.000 4.880409
185.000 4.880409
186.000 4.880409
187.000 3.629486
188.000 3.629486
189.000 3.629486
190.000 3.629486
191.000 5.164371
192.000 5.281883
193.000 5.281883
194.000 5.320183
195.000 5.320183
196.000 5.319799
197.000 5.318747
198.000 5.318115
199.000 5.318115
200.000 5.485474
201.000 5.485474
202.000 4.892265
203.000 4.892265
204.000 4.892265
205.000 4.892265
206.000 5.348358
207.000 5.372512
208.000 5.396666
209.000 5.410286
210.000 5.410286
211.000 3.161797
212.000 3.161797
213.000 5.333115
214.000 5.412262
215.000 5.412262
216.000 5.412262
217.000 5.461054
218.000 5.471771
219.000 5.471771
220.000 5.471771
221.000 4.022041
222.000 4.022041
223.000 4.022041
224.000 4.451767
225.000 5.196381
226.000 5.196381
227.000 5.196381
228.000 4.951645
229.000 4.951645
230.000 5.006501
231.000 5.083221
232.000 5.083221
233.000 5.190636
234.000 5.190636
235.000 5.573792
236.000 5.573792
237.000 5.618922
238.000 5.722725
239.000 5.722725
240.000 5.325562
241.000 5.325562
242.000 5.329307
243.000 5.602168
244.000 5.619919
245.000 5.619919
246.000 3.731326
247.000 3.505722
248.000 3.505722
249.000 3.505722
250.000 3.505722
251.000 3.505722
252.000 5.241920
253.000 5.241920
254.000 5.241920
255.000 5.241920
256.000 5.289063
257.000 5.356053
258.000 5.423043
259.000 5.482803
260.000 5.482803
261.000 5.482803
262.000 5.209697
263.000 4.872490
264.000 4.872490
265.000 5.076653
266.000 5.060837
267.000 3.476173
268.000 3.476173
269.000 5.103691
270.000 5.103691
271.000 5.333846
272.000 5.771454
273.000 5.771454
274.000 5.771454
275.000 5.641658
276.000 5.578117
277.000 5.578117
278.000 5.578117
279.000 5.574799
280.000 5.574799
281.000 5.274193
282.000 5.274193
283.000 5.274193
284.000 5.274193
285.000 5.377652
286.000 5.596901
287.000 5.596901
288.000 5.596901
289.000 5.596901
290.000 5.356789
291.000 5.356789
292.000 5.356789
293.000 5.344048
294.000 5.344048
295.000 5.344048
296.000 5.344048
297.000 4.974628
298.000 4.413820
299.000 3.853013
300.000 3.584267
301.000 4.463455
302.000 3.407745
303.000 5.316536
304.000 5.333778
305.000 5.359338
306.000 5.546275
307.000 5.710358
308.000 5.710358
309.000 5.265688
310.000 4.598744
311.000 4.111122
312.000 4.117162
313.000 4.151031
314.000 4.232980
315.000 4.710178
316.000 5.187377
317.000 5.610916
318.000 5.584924
319.000 5.429958
320.000 5.465894
321.000 5.735630
322.000 5.738654
323.000 5.288969
324.000 4.961578
325.000 3.810098
326.000 2.259239
327.000 2.259239
328.000 2.259239
329.000 2.259239
330.000 5.282051
331.000 5.282051
332.000 5.351909
333.000 5.517164
334.000 5.649818
335.000 5.407585
336.000 5.575941
337.000 5.778641
338.000 5.549179
339.000 5.353775
340.000 4.499031
341.000 4.499031
342.000 4.499031
343.000 4.499031
344.000 4.499031
345.000 5.037032
346.000 4.950547
347.000 4.864063
348.000 4.817268
349.000 5.279282
350.000 5.279282
351.000 5.420721
352.000 5.541214
353.000 4.982613
354.000 5.062801
355.000 5.267334
356.000 4.484127
357.000 3.041603
358.000 5.495354
359.000 5.495354
