0.000 0.195763
1.000 0.195763
2.000 0.195763
3.000 0.195763
4.000 0.195763
5.000 0.195763
6.000 0.195763
7.000 0.195763
8.000 0.195763
9.000 0.195763
10.000 0.195763
11.000 0.271009
12.000 0.443306
13.000 0.589371
14.000 0.601089
15.000 1.107170
16.000 0.699029
17.000 0.575093
18.000 0.946434
19.000 0.843684
20.000 0.572162
21.000 0.389275
22.000 0.488167
23.000 0.584305
24.000 0.741721
25.000 0.755605
26.000 0.672203
27.000 0.709298
28.000 0.925476
29.000 0.499832
30.000 0.975670
31.000 1.021820
32.000 1.076103
33.000 1.081529
34.000 1.086639
35.000 1.097722
36.000 1.108772
37.000 1.108772
38.000 1.108772
39.000 0.974897
40.000 0.876122
41.000 0.944358
42.000 1.007904
43.000 1.007904
44.000 1.007904
45.000 0.518240
46.000 0.287575
47.000 0.544152
48.000 0.840181
49.000 0.933071
50.000 1.028122
51.000 1.028122
52.000 1.028122
53.000 1.028122
54.000 1.028122
55.000 0.969935
56.000 0.829453
57.000 0.829453
58.000 0.829453
59.000 1.074137
60.000 1.318993
61.000 1.267876
62.000 1.212059
63.000 1.228123
64.000 1.246197
65.000 1.270780
66.000 1.289764
67.000 1.226092
68.000 1.175331
69.000 1.008767
70.000 0.875175
71.000 0.875175
72.000 0.875175
73.000 0.823810
74.000 0.774628
75.000 0.925032
76.000 1.080727
77.000 0.892809
78.000 0.731743
79.000 0.858899
80.000 0.967758
81.000 0.933743
82.000 0.900902
83.000 0.774494
84.000 0.664452
85.000 0.851032
86.000 1.025726
87.000 0.703774
88.000 0.333171
89.000 0.128525
90.000 0.977660
91.000 1.015366
92.000 1.015366
93.000 0.866078
94.000 0.703590
95.000 0.567496
96.000 0.455421
97.000 0.627088
98.000 0.734390
99.000 0.531292
100.000 0.367607
101.000 0.369973
102.000 0.372620
103.000 0.551810
104.000 0.789772
105.000 0.742123
106.000 0.698341
107.000 0.471621
108.000 0.300453
109.000 0.415581
110.000 0.517395
111.000 0.594870
112.000 0.681752
113.000 0.768634
114.000 0.349184
115.000 0.122496
116.000 0.406967
117.000 0.509740
118.000 0.598862
119.000 0.569585
120.000 0.545731
121.000 0.629711
122.000 0.713799
123.000 0.728697
124.000 0.743652
125.000 0.700990
126.000 0.660164
127.000 0.803481
128.000 0.958023
129.000 0.744435
130.000 0.606064
131.000 0.680840
132.000 0.750961
133.000 0.738188
134.000 0.726494
135.000 0.601424
136.000 0.515785
137.000 0.829285
138.000 1.160324
139.000 0.712000
140.000 0.401489
141.000 0.442222
142.000 0.473839
143.000 0.473839
144.000 0.473839
145.000 0.777564
146.000 1.005913
147.000 0.963034
148.000 0.921616
149.000 0.274568
150.000 0.247696
151.000 0.412334
152.000 0.785217
153.000 0.794354
154.000 0.804751
155.000 0.727897
156.000 0.607085
157.000 0.766758
158.000 1.037908
159.000 1.039584
160.000 1.000757
161.000 1.003136
162.000 1.007711
163.000 1.048042
164.000 1.086128
165.000 0.946074
166.000 0.740540
167.000 0.902488
168.000 1.016960
169.000 1.107615
170.000 1.251573
171.000 0.669116
172.000 0.329292
173.000 0.329292
174.000 0.329292
175.000 0.798511
176.000 0.643306
177.000 0.637596
178.000 0.637596
179.000 0.674721
180.000 0.732662
181.000 0.644318
182.000 0.541512
183.000 0.598333
184.000 0.686194
185.000 0.736880
186.000 0.810154
187.000 0.649469
188.000 0.474213
189.000 0.702145
190.000 1.056226
191.000 1.045761
192.000 0.935166
193.000 1.020504
194.000 1.167280
195.000 1.016006
196.000 0.752104
197.000 0.685979
198.000 0.583696
199.000 0.539397
200.000 0.596443
201.000 0.752586
202.000 0.995523
203.000 1.117573
204.000 1.271312
205.000 1.276864
206.000 1.240123
207.000 1.251940
208.000 1.278918
209.000 1.216657
210.000 1.136047
211.000 1.084839
212.000 1.018694
213.000 1.091851
214.000 1.212746
215.000 0.963073
216.000 0.585258
217.000 0.707557
218.000 0.896954
219.000 0.931811
220.000 0.961731
221.000 0.930821
222.000 0.882371
223.000 0.835337
224.000 0.766846
225.000 0.910852
226.000 1.121490
227.000 1.214788
228.000 1.359946
229.000 1.179543
230.000 0.919556
231.000 0.969682
232.000 1.039856
233.000 1.296916
234.000 1.632294
235.000 1.292587
236.000 0.874229
237.000 0.978182
238.000 1.140423
239.000 1.111411
240.000 1.069801
241.000 1.049015
242.000 1.020546
243.000 1.236125
244.000 1.569463
245.000 1.286029
246.000 0.820290
247.000 0.922195
248.000 1.095657
249.000 1.189303
250.000 1.334551
251.000 1.355687
252.000 1.379296
253.000 1.252350
254.000 1.056267
255.000 1.217658
256.000 1.467209
257.000 1.209083
258.000 0.828537
259.000 0.987762
260.000 1.229820
261.000 1.039303
262.000 0.779381
263.000 1.050235
264.000 1.229225
265.000 1.241501
266.000 1.258675
267.000 1.057939
268.000 0.865921
269.000 0.972244
270.000 1.136646
271.000 1.194441
272.000 1.267303
273.000 1.270920
274.000 1.270920
275.000 1.245762
276.000 1.206862
277.000 1.162810
278.000 1.103752
279.000 1.145048
280.000 1.208704
281.000 1.272499
282.000 1.332176
283.000 1.236657
284.000 1.088733
285.000 1.161324
286.000 1.284025
287.000 1.296280
288.000 1.296280
289.000 1.315020
290.000 1.343996
291.000 1.306492
292.000 1.240909
293.000 0.824972
294.000 0.224632
295.000 0.224632
296.000 0.580615
297.000 0.646034
298.000 0.692428
299.000 0.950114
300.000 1.338981
301.000 1.033817
302.000 0.551720
303.000 0.600354
304.000 0.699301
305.000 0.886241
306.000 1.174974
307.000 1.164818
308.000 1.054016
309.000 1.119780
310.000 1.220998
311.000 1.244919
312.000 1.244919
313.000 1.163833
314.000 1.038841
315.000 0.970365
316.000 0.874901
317.000 0.829912
318.000 0.758471
319.000 0.796384
320.000 0.942447
321.000 0.986862
322.000 1.038615
323.000 1.062636
324.000 1.099656
325.000 1.102806
326.000 1.102806
327.000 1.062312
328.000 0.998211
329.000 0.992210
330.000 0.992210
331.000 0.927173
332.000 0.827228
333.000 0.833413
334.000 0.859863
335.000 1.020758
336.000 1.267964
337.000 1.100190
338.000 0.778419
339.000 0.707350
340.000 0.619392
341.000 0.777588
342.000 1.024103
343.000 1.085836
344.000 1.067639
345.000 1.041193
346.000 1.001062
347.000 0.656532
348.000 0.396912
349.000 0.637274
350.000 1.007218
351.000 1.101465
352.000 1.128174
353.000 1.242367
354.000 1.407410
355.000 1.274202
356.000 1.068231
357.000 0.842094
358.000 0.564728
359.000 0.835614
