0.000 0.236893
1.000 0.236893
2.000 0.236893
3.000 0.236893
4.000 0.598953
5.000 1.116898
6.000 1.332130
7.000 1.332130
8.000 1.161964
9.000 1.175316
10.000 1.175316
11.000 1.268463
12.000 1.196075
13.000 1.196075
14.000 1.194290
15.000 1.279335
16.000 1.283540
17.000 1.288239
18.000 1.223930
19.000 1.223930
20.000 1.177689
21.000 1.177689
22.000 1.196869
23.000 1.196869
24.000 1.196869
25.000 1.259096
26.000 1.315773
27.000 1.315773
28.000 1.127808
29.000 1.127808
30.000 1.268700
31.000 1.268700
32.000 1.268700
33.000 1.173157
34.000 1.173157
35.000 1.157143
36.000 1.157143
37.000 1.182427
38.000 1.237694
39.000 1.240700
40.000 1.240700
41.000 1.247238
42.000 1.247238
43.000 1.147171
44.000 1.147171
45.000 1.227562
46.000 1.263214
47.000 1.303520
48.000 1.303520
49.000 1.285530
50.000 1.285530
51.000 1.288914
52.000 1.346573
53.000 1.346573
54.000 1.127495
55.000 1.127495
56.000 1.292534
57.000 1.292534
58.000 1.226440
59.000 1.122620
60.000 1.179008
61.000 1.179008
62.000 1.244453
63.000 1.244453
64.000 1.202881
65.000 1.202881
66.000 1.202881
67.000 1.210196
68.000 1.236001
69.000 1.244560
70.000 1.268433
71.000 1.268433
72.000 1.242633
73.000 1.212878
74.000 1.204781
75.000 1.255096
76.000 1.109832
77.000 1.007240
78.000 1.210633
79.000 1.255280
80.000 1.255280
81.000 1.220894
82.000 1.220894
83.000 1.168091
84.000 1.149223
85.000 1.149223
86.000 1.105301
87.000 1.105301
88.000 1.126511
89.000 1.147972
90.000 1.147972
91.000 1.147972
92.000 1.261223
93.000 1.261223
94.000 1.208334
95.000 1.111021
96.000 1.105453
97.000 1.244873
98.000 1.244873
99.000 1.100677
100.000 1.100677
101.000 1.218681
102.000 1.218681
103.000 1.188919
104.000 1.154190
105.000 1.154190
106.000 1.154190
107.000 1.186718
108.000 1.185150
109.000 1.185150
110.000 1.317940
111.000 1.317940
112.000 1.082687
113.000 1.082687
114.000 1.209248
115.000 1.249382
116.000 1.249382
117.000 1.157112
118.000 0.577049
119.000 0.577049
120.000 0.577049
121.000 0.577049
122.000 0.955719
123.000 0.925606
124.000 1.209641
125.000 1.209641
126.000 1.267944
127.000 1.182381
128.000 1.182381
129.000 1.182381
130.000 1.247108
131.000 1.247108
132.000 1.273804
133.000 1.273804
134.000 1.152603
135.000 1.194077
136.000 1.194077
137.000 1.186707
138.000 1.262314
139.000 1.168442
140.000 1.168442
141.000 1.153618
142.000 1.153618
143.000 1.251083
144.000 1.251083
145.000 1.251083
146.000 1.258560
147.000 1.272601
148.000 1.276253
149.000 1.129944
150.000 1.129944
151.000 1.153519
152.000 1.153519
153.000 1.187901
154.000 1.244606
155.000 1.185555
156.000 1.185555
157.000 1.158791
158.000 1.158791
159.000 1.185722
160.000 1.185722
161.000 1.208147
162.000 1.258823
163.000 1.264801
164.000 1.241419
165.000 1.221825
166.000 1.420357
167.000 1.259888
168.000 1.260091
169.000 1.265521
170.000 1.270950
171.000 1.089561
172.000 1.254692
173.000 1.130676
174.000 1.130676
175.000 1.130676
176.000 1.215986
177.000 1.212365
178.000 1.208870
179.000 1.208870
180.000 1.162521
181.000 1.162521
182.000 1.162521
183.000 1.150195
184.000 1.150623
185.000 1.151051
186.000 1.151352
187.000 1.151352
188.000 1.217888
189.000 1.217888
190.000 1.186974
191.000 1.186974
192.000 1.166214
193.000 1.166214
194.000 1.141037
195.000 1.141037
196.000 1.141037
197.000 1.266754
198.000 1.266754
199.000 1.266754
200.000 1.214270
201.000 1.228781
202.000 1.243292
203.000 1.244492
204.000 1.190453
205.000 1.316063
206.000 1.316063
207.000 1.212311
208.000 1.136765
209.000 1.136765
210.000 1.136765
211.000 1.268633
212.000 1.265649
213.000 1.264771
214.000 1.284279
215.000 1.284279
216.000 1.190757
217.000 1.190331
218.000 1.190331
219.000 1.190331
220.000 1.173702
221.000 1.159317
222.000 1.159317
223.000 1.236847
224.000 1.159203
225.000 1.159203
226.000 1.079376
227.000 1.310814
228.000 1.310814
229.000 1.310814
230.000 1.285975
231.000 1.264664
232.000 1.218697
233.000 1.218697
234.000 1.217140
235.000 1.290001
236.000 1.290001
237.000 1.290001
238.000 1.290001
239.000 1.156669
240.000 1.154228
241.000 1.154228
242.000 1.154228
243.000 1.154228
244.000 1.155285
245.000 1.070831
246.000 1.056519
247.000 1.056519
248.000 1.006767
249.000 0.978516
250.000 1.183769
251.000 1.183769
252.000 1.183769
253.000 1.129853
254.000 1.139114
255.000 1.113991
256.000 1.113991
257.000 1.123185
258.000 1.147934
259.000 1.292381
260.000 1.292381
261.000 1.223061
262.000 1.205823
263.000 1.126320
264.000 1.126320
265.000 1.141304
266.000 1.141304
267.000 1.061310
268.000 1.061310
269.000 1.173057
270.000 1.261139
271.000 1.214855
272.000 1.194069
273.000 1.270256
274.000 1.179092
275.000 1.179092
276.000 1.103302
277.000 1.103302
278.000 1.130339
279.000 1.203712
280.000 1.203712
281.000 1.203712
282.000 1.225166
283.000 1.225166
284.000 1.235995
285.000 1.260917
286.000 1.285839
287.000 1.289459
288.000 1.289459
289.000 1.197304
290.000 1.197304
291.000 1.078415
292.000 1.078415
293.000 1.286682
294.000 1.286682
295.000 1.232208
296.000 1.232208
297.000 1.232208
298.000 1.232208
299.000 1.218089
300.000 1.179192
301.000 1.179192
302.000 1.209991
303.000 1.209991
304.000 1.128609
305.000 1.128609
306.000 1.195114
307.000 1.195114
308.000 1.181694
309.000 1.181694
310.000 1.266479
311.000 1.266479
312.000 1.264149
313.000 1.249541
314.000 1.244293
315.000 1.250183
316.000 1.164431
317.000 1.114548
318.000 1.114548
319.000 1.171089
320.000 1.191458
321.000 1.194412
322.000 1.194412
323.000 1.194412
324.000 1.194452
325.000 1.194473
326.000 1.194473
327.000 1.161865
328.000 1.228210
329.000 1.228210
330.000 1.244698
331.000 1.244698
332.000 1.221532
333.000 1.206993
334.000 1.206993
335.000 1.116875
336.000 1.116875
337.000 1.235916
338.000 1.235916
339.000 1.297073
340.000 1.297073
341.000 1.171013
342.000 1.223145
343.000 1.223145
344.000 1.218231
345.000 1.218231
346.000 0.019203
347.000 0.019203
348.000 0.019203
349.000 0.019203
350.000 0.019203
351.000 0.019203
352.000 0.019203
353.000 0.019203
354.000 0.019203
355.000 0.019203
356.000 0.019203
357.000 0.019203
358.000 0.019203
359.000 0.019203
