0.000 0.316193
1.000 0.316193
2.000 0.316193
3.000 0.316193
4.000 4.729942
5.000 2.881554
6.000 2.881554
7.000 2.881554
8.000 2.881554
9.000 3.469748
10.000 2.452011
11.000 1.434274
12.000 0.705032
13.000 1.690315
14.000 1.690315
15.000 3.677574
16.000 2.301826
17.000 2.301826
18.000 4.227699
19.000 1.491745
20.000 1.491745
21.000 1.491745
22.000 3.473671
23.000 3.473671
24.000 3.298376
25.000 3.159355
26.000 3.159355
27.000 2.109894
28.000 2.109894
29.000 2.109894
30.000 1.970423
31.000 1.811445
32.000 1.714279
33.000 1.714279
34.000 2.860217
35.000 2.912056
36.000 4.192657
37.000 4.321070
38.000 4.354729
39.000 3.745140
40.000 2.095725
41.000 1.899719
42.000 1.429329
43.000 1.450035
44.000 1.318108
45.000 1.318108
46.000 1.318108
47.000 1.796103
48.000 1.662453
49.000 1.662453
50.000 1.662453
51.000 3.151573
52.000 3.151573
53.000 1.957573
54.000 1.957573
55.000 4.174728
56.000 5.035194
57.000 5.761851
58.000 5.929810
59.000 2.971207
60.000 2.971207
61.000 3.303806
62.000 3.575012
63.000 3.721295
64.000 4.138565
65.000 2.929482
66.000 2.929482
67.000 1.050591
68.000 1.050591
69.000 1.050591
70.000 1.050591
71.000 1.050591
72.000 1.050591
73.000 3.080406
74.000 3.080406
75.000 6.418701
76.000 6.418701
77.000 3.536934
78.000 3.536934
79.000 3.838417
80.000 3.838417
81.000 2.555891
82.000 2.048721
83.000 2.283737
84.000 2.283737
85.000 2.283737
86.000 2.283737
87.000 2.283737
88.000 2.283737
89.000 2.283737
90.000 2.283737
91.000 0.894096
92.000 0.894096
93.000 0.894096
94.000 0.894096
95.000 0.894096
96.000 0.894096
97.000 0.894096
98.000 0.894096
99.000 0.894096
100.000 2.091736
101.000 2.091736
102.000 2.091736
103.000 4.153877
104.000 4.153877
105.000 4.632915
106.000 5.391861
107.000 2.437386
108.000 2.437386
109.000 2.533707
110.000 2.533707
111.000 2.317688
112.000 3.199692
113.000 3.199692
114.000 0.894287
115.000 0.894287
116.000 0.894287
117.000 0.894287
118.000 0.894287
119.000 0.894287
120.000 0.894287
121.000 3.656914
122.000 3.742966
123.000 3.742966
124.000 5.010797
125.000 7.169167
126.000 2.815422
127.000 2.815422
128.000 4.649097
129.000 4.518745
130.000 3.024040
131.000 3.024040
132.000 7.202362
133.000 6.800972
134.000 6.800972
135.000 8.360558
136.000 8.360558
137.000 7.564221
138.000 5.747334
139.000 4.304871
140.000 4.304871
141.000 7.547997
142.000 6.800400
143.000 6.584854
144.000 6.584854
145.000 6.650757
146.000 6.650757
147.000 4.116974
148.000 4.116974
149.000 4.116974
150.000 4.150718
151.000 5.813176
152.000 6.544762
153.000 6.544762
154.000 7.300957
155.000 7.300957
156.000 4.167328
157.000 4.167328
158.000 5.025337
159.000 5.025337
160.000 8.757744
161.000 8.757744
162.000 8.315697
163.000 8.266514
164.000 8.233742
165.000 8.834015
166.000 4.893798
167.000 4.877785
168.000 4.877785
169.000 7.181877
170.000 7.181877
171.000 8.075172
172.000 7.942154
173.000 6.274706
174.000 5.805931
175.000 5.805931
176.000 5.805931
177.000 5.428620
178.000 5.177956
179.000 5.177956
180.000 5.177956
181.000 4.694061
182.000 4.053238
183.000 4.053238
184.000 4.053238
185.000 2.519241
186.000 2.519241
187.000 2.519241
188.000 2.525488
189.000 2.995263
190.000 3.284386
191.000 3.284386
192.000 3.403992
193.000 3.403992
194.000 2.833504
195.000 2.833504
196.000 3.414403
197.000 4.910599
198.000 4.910599
199.000 2.060539
200.000 2.060539
201.000 4.312088
202.000 4.312088
203.000 4.317863
204.000 5.706139
205.000 7.873795
206.000 8.671555
207.000 6.293999
208.000 6.293999
209.000 7.950897
210.000 7.950897
211.000 5.303154
212.000 5.239051
213.000 3.758510
214.000 2.885330
215.000 2.885330
216.000 2.885330
217.000 3.047759
218.000 3.427889
219.000 3.596107
220.000 3.526428
221.000 3.519493
222.000 3.670929
223.000 5.115166
224.000 5.115166
225.000 4.410774
226.000 4.410774
227.000 4.614944
228.000 5.334929
229.000 5.556168
230.000 5.834579
231.000 8.105263
232.000 8.105263
233.000 4.685883
234.000 4.685883
235.000 5.075605
236.000 5.904480
237.000 5.904480
238.000 3.014969
239.000 3.014969
240.000 2.931016
241.000 2.703686
242.000 2.476356
243.000 2.249025
244.000 2.021695
245.000 2.004570
246.000 3.136520
247.000 2.541023
248.000 3.153992
249.000 3.153992
250.000 5.449692
251.000 7.862434
252.000 8.631835
253.000 6.911988
254.000 4.948326
255.000 3.897697
256.000 3.897697
257.000 6.846867
258.000 5.269257
259.000 6.862610
260.000 5.641357
261.000 5.835604
262.000 6.855469
263.000 5.410851
264.000 4.341507
265.000 4.341507
266.000 3.335205
267.000 3.463537
268.000 6.904305
269.000 8.122122
270.000 8.456711
271.000 6.225625
272.000 5.096054
273.000 5.511664
274.000 5.872414
275.000 6.705345
276.000 7.537689
277.000 3.645483
278.000 3.492210
279.000 3.539395
280.000 3.573204
281.000 3.467114
282.000 3.434479
283.000 3.991595
284.000 4.359909
285.000 5.431887
286.000 6.394821
287.000 6.748882
288.000 7.059128
289.000 7.400338
290.000 7.792175
291.000 4.483397
292.000 4.418785
293.000 6.466164
294.000 6.466164
295.000 7.566173
296.000 7.774467
297.000 6.421829
298.000 6.421829
299.000 7.549805
300.000 7.549805
301.000 6.557030
302.000 6.557030
303.000 4.457016
304.000 4.457016
305.000 4.457016
306.000 4.372330
307.000 4.372330
308.000 4.730465
309.000 7.622597
310.000 8.125950
311.000 5.511494
312.000 4.723816
313.000 6.686957
314.000 8.258949
315.000 8.350892
316.000 8.417267
317.000 4.356369
318.000 4.356369
319.000 6.586592
320.000 8.634422
321.000 7.531964
322.000 6.734016
323.000 7.246401
324.000 7.730957
325.000 7.798659
326.000 7.875549
327.000 7.604590
328.000 7.381348
329.000 4.091438
330.000 4.091438
331.000 1.878510
332.000 1.878510
333.000 1.878510
334.000 1.878510
335.000 7.992363
336.000 8.000557
337.000 8.006230
338.000 8.009453
339.000 8.001940
340.000 7.997520
341.000 5.116997
342.000 5.116997
343.000 3.147614
344.000 3.147614
345.000 3.147614
346.000 3.147614
347.000 4.567299
348.000 4.567299
349.000 4.567299
350.000 7.792969
351.000 7.792969
352.000 7.656918
353.000 7.391510
354.000 7.391510
355.000 7.892701
356.000 8.113617
357.000 7.718543
358.000 8.051620
359.000 7.198918
