0.000 0.129799
1.000 0.129799
2.000 0.129799
3.000 0.129799
4.000 0.129799
5.000 0.129799
6.000 0.129799
7.000 0.129799
8.000 0.129799
9.000 0.129799
10.000 0.129799
11.000 0.203125
12.000 0.203125
13.000 0.203125
14.000 0.203125
15.000 1.720406
16.000 0.671280
17.000 1.020958
18.000 0.965908
19.000 0.870255
20.000 0.785233
21.000 0.785233
22.000 0.785233
23.000 0.785233
24.000 0.785233
25.000 1.323807
26.000 1.323807
27.000 1.943109
28.000 2.140877
29.000 2.140877
30.000 2.139857
31.000 2.137211
32.000 2.135910
33.000 2.135910
34.000 1.552010
35.000 1.552010
36.000 1.029617
37.000 1.029617
38.000 1.029617
39.000 1.029617
40.000 1.209950
41.000 1.555071
42.000 1.689812
43.000 1.355873
44.000 1.355873
45.000 1.422172
46.000 2.075228
47.000 1.122177
48.000 1.063858
49.000 1.063858
50.000 1.027107
51.000 1.027107
52.000 1.027107
53.000 0.626749
54.000 0.602829
55.000 0.602829
56.000 0.602829
57.000 1.284210
58.000 1.284210
59.000 2.079239
60.000 2.079239
61.000 0.579903
62.000 0.579903
63.000 1.770424
64.000 2.024445
65.000 2.024445
66.000 2.024445
67.000 1.564810
68.000 1.062379
69.000 0.846939
70.000 0.846939
71.000 0.846939
72.000 1.573663
73.000 2.073364
74.000 1.700874
75.000 1.700874
76.000 1.700874
77.000 2.121417
78.000 2.277260
79.000 2.360527
80.000 0.637283
81.000 0.637283
82.000 0.637283
83.000 0.637283
84.000 1.249245
85.000 1.249245
86.000 1.213997
87.000 1.213997
88.000 1.112448
89.000 1.002312
90.000 1.002312
91.000 0.218956
92.000 0.218956
93.000 0.218956
94.000 0.218956
95.000 0.218956
96.000 0.218956
97.000 0.218956
98.000 0.218956
99.000 0.218956
100.000 0.218956
101.000 0.218956
102.000 0.218956
103.000 0.218956
104.000 0.218956
105.000 1.109772
106.000 1.109772
107.000 1.109772
108.000 1.686110
109.000 1.448328
110.000 1.210546
111.000 1.030731
112.000 1.030731
113.000 1.401936
114.000 1.710258
115.000 1.368095
116.000 1.401709
117.000 2.007135
118.000 2.208900
119.000 1.218697
120.000 2.321404
121.000 2.321404
122.000 1.234131
123.000 1.234131
124.000 1.214310
125.000 1.079951
126.000 0.945591
127.000 0.888855
128.000 0.888855
129.000 0.888855
130.000 1.124931
131.000 1.124931
132.000 1.069632
133.000 0.852363
134.000 0.723755
135.000 0.723755
136.000 1.808685
137.000 1.877602
138.000 2.317596
139.000 0.509941
140.000 0.509941
141.000 0.509941
142.000 0.178642
143.000 0.178642
144.000 0.178642
145.000 0.178642
146.000 0.178642
147.000 0.178642
148.000 0.178642
149.000 0.178642
150.000 0.178642
151.000 0.178642
152.000 0.178642
153.000 0.178642
154.000 0.178642
155.000 0.178642
156.000 1.221443
157.000 1.221443
158.000 1.221443
159.000 1.221443
160.000 1.319010
161.000 1.438743
162.000 1.493935
163.000 1.493935
164.000 1.339467
165.000 0.412788
166.000 0.412788
167.000 0.412788
168.000 0.412788
169.000 0.412788
170.000 0.412788
171.000 0.513855
172.000 0.513855
173.000 0.513855
174.000 0.513855
175.000 0.513855
176.000 1.830920
177.000 1.837356
178.000 1.843792
179.000 1.918488
180.000 1.331581
181.000 1.331581
182.000 1.351179
183.000 1.380241
184.000 1.380241
185.000 1.333119
186.000 1.055148
187.000 0.943069
188.000 0.943069
189.000 2.475998
190.000 2.475998
191.000 0.867630
192.000 0.867630
193.000 1.617081
194.000 1.745020
195.000 1.920395
196.000 2.029617
197.000 1.036903
198.000 1.036903
199.000 1.856255
200.000 1.856255
201.000 1.856255
202.000 1.098881
203.000 1.070826
204.000 1.042771
205.000 1.038452
206.000 1.038452
207.000 1.397217
208.000 1.779625
209.000 1.779625
210.000 1.779625
211.000 1.779625
212.000 1.391600
213.000 1.300753
214.000 1.209906
215.000 1.129906
216.000 1.856667
217.000 2.459579
218.000 2.459579
219.000 2.459579
220.000 1.580076
221.000 1.442230
222.000 1.542389
223.000 1.542389
224.000 1.224641
225.000 1.142097
226.000 2.305450
227.000 1.699049
228.000 1.064384
229.000 1.064384
230.000 1.064384
231.000 1.064384
232.000 1.543053
233.000 1.543053
234.000 1.804352
235.000 2.383062
236.000 2.440285
237.000 0.932182
238.000 0.932182
239.000 2.345886
240.000 2.345886
241.000 2.345886
242.000 1.847345
243.000 1.993570
244.000 2.139794
245.000 2.286018
246.000 1.888168
247.000 1.888168
248.000 1.574844
249.000 1.574844
250.000 1.574844
251.000 1.574844
252.000 1.865198
253.000 1.686025
254.000 1.506852
255.000 1.463898
256.000 1.463898
257.000 1.565550
258.000 2.073303
259.000 2.073303
260.000 1.565865
261.000 1.970062
262.000 1.970062
263.000 1.970062
264.000 1.970062
265.000 1.970062
266.000 2.109784
267.000 2.174581
268.000 2.239377
269.000 2.304173
270.000 2.324142
271.000 1.827964
272.000 1.461250
273.000 1.757927
274.000 2.389053
275.000 2.389053
276.000 2.469896
277.000 2.496414
278.000 0.714226
279.000 0.714226
280.000 0.714226
281.000 0.714226
282.000 1.582687
283.000 1.582687
284.000 1.834282
285.000 1.834282
286.000 0.807159
287.000 0.807159
288.000 0.807159
289.000 0.807159
290.000 0.807159
291.000 0.807159
292.000 0.807159
293.000 1.298379
294.000 1.418541
295.000 1.418541
296.000 1.418541
297.000 1.418541
298.000 2.824387
299.000 2.824387
300.000 2.824387
301.000 2.744186
302.000 2.552097
303.000 2.385216
304.000 2.385216
305.000 1.915207
306.000 1.915207
307.000 1.901266
308.000 1.813873
309.000 1.726480
310.000 1.717545
311.000 1.071541
312.000 1.071541
313.000 2.143433
314.000 0.811348
315.000 0.811348
316.000 0.811348
317.000 1.520805
318.000 1.550095
319.000 1.550095
320.000 1.550095
321.000 1.109665
322.000 1.109665
323.000 1.324570
324.000 1.324570
325.000 2.410126
326.000 1.943710
327.000 1.943710
328.000 1.943710
329.000 1.828261
330.000 1.567371
331.000 1.470955
332.000 1.470955
333.000 1.470955
334.000 1.470955
335.000 1.834791
336.000 1.838577
337.000 1.776582
338.000 1.314774
339.000 1.314774
340.000 1.314774
341.000 0.571754
342.000 0.571754
343.000 0.571754
344.000 0.571754
345.000 0.571754
346.000 1.586090
347.000 1.586090
348.000 1.300018
349.000 2.188576
350.000 2.188576
351.000 2.188576
352.000 2.132110
353.000 2.099711
354.000 2.067313
355.000 2.034914
356.000 2.013100
357.000 2.013100
358.000 3.090942
359.000 0.438133
