0.000 0.227180
1.000 0.227180
2.000 1.750465
3.000 4.147194
4.000 4.147194
5.000 6.176903
6.000 5.886612
7.000 4.030022
8.000 4.030022
9.000 4.503089
10.000 4.558047
11.000 5.021194
12.000 2.736359
13.000 4.284462
14.000 4.386124
15.000 4.665773
16.000 5.768448
17.000 5.936136
18.000 6.208649
19.000 6.107884
20.000 5.897728
21.000 4.772341
22.000 3.380981
23.000 4.180388
24.000 5.829346
25.000 6.519598
26.000 7.231720
27.000 4.269012
28.000 4.076630
29.000 3.510056
30.000 3.510056
31.000 5.313071
32.000 6.364578
33.000 3.246696
34.000 3.246696
35.000 5.518275
36.000 8.635544
37.000 6.895988
38.000 5.062126
39.000 6.040763
40.000 6.844673
41.000 4.808495
42.000 4.808495
43.000 2.588600
44.000 2.588600
45.000 2.757227
46.000 3.284359
47.000 3.660011
48.000 3.660011
49.000 4.211624
50.000 3.740936
51.000 3.477974
52.000 3.477974
53.000 3.477974
54.000 7.137611
55.000 7.286445
56.000 7.613441
57.000 5.433880
58.000 4.612579
59.000 4.622164
60.000 4.627029
61.000 4.395617
62.000 4.296906
63.000 4.910083
64.000 5.569084
65.000 6.551258
66.000 7.677109
67.000 7.700888
68.000 7.738831
69.000 6.829026
70.000 5.649162
71.000 4.771015
72.000 3.983688
73.000 4.592095
74.000 5.264648
75.000 4.065338
76.000 4.065338
77.000 6.036943
78.000 8.986557
79.000 5.790432
80.000 4.940849
81.000 3.284241
82.000 3.284241
83.000 3.525162
84.000 3.585312
85.000 4.084930
86.000 4.084930
87.000 3.308105
88.000 3.308105
89.000 4.839643
90.000 6.609772
91.000 7.403935
92.000 8.730965
93.000 6.371859
94.000 5.281433
95.000 6.428510
96.000 8.393936
97.000 9.084442
98.000 10.527306
99.000 8.684929
100.000 6.709229
101.000 4.531349
102.000 4.531349
103.000 5.323151
104.000 5.558777
105.000 4.308975
106.000 4.308975
107.000 5.144045
108.000 5.761734
109.000 6.688626
110.000 8.421036
111.000 7.719702
112.000 6.667931
113.000 7.315615
114.000 8.595451
115.000 8.119715
116.000 7.052788
117.000 4.545060
118.000 2.429642
119.000 3.093253
120.000 4.438805
121.000 4.914414
122.000 5.946343
123.000 6.518511
124.000 7.495022
125.000 7.769600
126.000 7.912764
127.000 8.059115
128.000 8.313199
129.000 7.143952
130.000 5.715996
131.000 5.982154
132.000 6.337143
133.000 6.460785
134.000 6.522278
135.000 5.951420
136.000 5.594627
137.000 6.037477
138.000 6.734528
139.000 5.159149
140.000 5.159149
141.000 4.761636
142.000 4.071526
143.000 4.043268
144.000 3.904808
145.000 2.722496
146.000 2.722496
147.000 3.310397
148.000 3.850937
149.000 3.275809
150.000 3.097679
151.000 3.602295
152.000 4.046417
153.000 1.979675
154.000 1.979675
155.000 2.959612
156.000 3.966858
157.000 3.226952
158.000 3.226952
159.000 4.811007
160.000 5.867912
161.000 4.167976
162.000 4.167976
163.000 5.121212
164.000 6.093239
165.000 7.033936
166.000 7.033936
167.000 6.967549
168.000 6.941933
169.000 6.809432
170.000 6.621452
171.000 6.019584
172.000 5.174904
173.000 4.749192
174.000 4.413231
175.000 4.975132
176.000 5.422722
177.000 5.988579
178.000 6.385902
179.000 2.200089
180.000 2.200089
181.000 2.200089
182.000 2.560875
183.000 2.560875
184.000 2.560875
185.000 2.880318
186.000 2.880318
187.000 2.896408
188.000 2.912094
189.000 2.912094
190.000 3.672234
191.000 3.825142
192.000 3.825142
193.000 2.909851
194.000 2.909851
195.000 4.563820
196.000 4.563820
197.000 3.067482
198.000 3.067482
199.000 3.931046
200.000 2.860863
201.000 2.860863
202.000 2.581230
203.000 2.581230
204.000 2.199142
205.000 2.199142
206.000 3.117683
207.000 3.117683
208.000 2.513199
209.000 2.536800
210.000 2.548958
211.000 2.516998
212.000 2.516998
213.000 2.581314
214.000 2.581314
215.000 2.163109
216.000 2.163109
217.000 2.163109
218.000 4.086792
219.000 4.086792
220.000 2.513481
221.000 2.513481
222.000 2.159028
223.000 1.546982
224.000 1.546982
225.000 1.400230
226.000 1.743294
227.000 1.743294
228.000 2.933502
229.000 2.933502
230.000 2.505913
231.000 2.505913
232.000 3.698029
233.000 3.467421
234.000 3.400253
235.000 3.338150
236.000 3.282654
237.000 3.282654
238.000 3.018074
239.000 3.018074
240.000 2.911690
241.000 2.911690
242.000 3.285515
243.000 3.285515
244.000 2.906584
245.000 2.194893
246.000 2.194893
247.000 2.370720
248.000 2.370720
249.000 3.189072
250.000 3.189072
251.000 3.189072
252.000 1.849121
253.000 1.849121
254.000 1.849121
255.000 2.785187
256.000 4.233078
257.000 4.233078
258.000 4.233078
259.000 2.497055
260.000 2.497055
261.000 2.497055
262.000 2.497055
263.000 2.753924
264.000 2.401887
265.000 2.049849
266.000 1.697812
267.000 1.429344
268.000 1.429344
269.000 1.429344
270.000 2.950668
271.000 3.864220
272.000 3.115265
273.000 2.364708
274.000 2.589120
275.000 2.832306
276.000 2.832306
277.000 3.844871
278.000 4.021706
279.000 3.450443
280.000 2.694786
281.000 2.694786
282.000 2.694786
283.000 1.766617
284.000 1.766617
285.000 1.766617
286.000 2.085487
287.000 2.085487
288.000 1.664299
289.000 1.664299
290.000 2.960724
291.000 2.960724
292.000 3.054497
293.000 4.308365
294.000 4.308365
295.000 3.236015
296.000 3.236015
297.000 3.210230
298.000 3.208153
299.000 2.138413
300.000 2.086342
301.000 2.086342
302.000 3.554382
303.000 3.415018
304.000 2.937568
305.000 2.533943
306.000 4.977711
307.000 6.193237
308.000 4.735234
309.000 4.277962
310.000 4.750797
311.000 4.838120
312.000 4.587294
313.000 4.464256
314.000 4.036036
315.000 3.894449
316.000 2.918533
317.000 2.918533
318.000 2.086937
319.000 2.086937
320.000 2.989105
321.000 2.989105
322.000 2.336121
323.000 2.336121
324.000 3.861458
325.000 3.861458
326.000 3.282043
327.000 3.282043
328.000 0.779495
329.000 0.779495
330.000 0.779495
331.000 0.779495
332.000 0.779495
333.000 0.779495
334.000 0.779495
335.000 4.685207
336.000 4.842880
337.000 3.976158
338.000 4.987129
339.000 4.987129
340.000 4.033569
341.000 4.033569
342.000 4.513750
343.000 4.753036
344.000 5.250951
345.000 5.257156
346.000 3.200279
347.000 3.200279
348.000 3.503967
349.000 3.503967
350.000 3.092102
351.000 3.092102
352.000 3.092102
353.000 4.244654
354.000 4.257980
355.000 4.067604
356.000 5.168320
357.000 5.518623
358.000 3.772827
359.000 3.772827
