0.000 0.132790
1.000 0.132790
2.000 0.132790
3.000 0.133486
4.000 0.136032
5.000 0.136032
6.000 0.136032
7.000 0.206520
8.000 0.206520
9.000 0.157537
10.000 0.105705
11.000 0.105705
12.000 0.105705
13.000 0.105705
14.000 0.105705
15.000 0.105792
16.000 0.106136
17.000 0.106480
18.000 0.106825
19.000 0.107169
20.000 0.107513
21.000 0.107857
22.000 0.108201
23.000 0.108545
24.000 0.108890
25.000 0.109234
26.000 0.109578
27.000 0.109922
28.000 0.110266
29.000 0.110611
30.000 0.110955
31.000 0.111299
32.000 0.111643
33.000 0.111987
34.000 0.112331
35.000 0.112656
36.000 0.112656
37.000 0.112656
38.000 1.139847
39.000 2.080849
40.000 2.080849
41.000 4.643364
42.000 6.103432
43.000 8.060997
44.000 8.299543
45.000 8.227284
46.000 7.737148
47.000 7.600430
48.000 7.370903
49.000 7.919894
50.000 9.732266
51.000 9.617685
52.000 8.617482
53.000 8.765180
54.000 9.493482
55.000 6.897608
56.000 4.664055
57.000 3.298798
58.000 3.298798
59.000 4.716646
60.000 8.343662
61.000 7.834571
62.000 5.766739
63.000 6.358465
64.000 8.280198
65.000 8.571594
66.000 8.715404
67.000 8.798601
68.000 9.020800
69.000 4.395896
70.000 0.557678
71.000 0.557678
72.000 0.557678
73.000 0.557678
74.000 0.533721
75.000 0.480707
76.000 0.427694
77.000 0.374680
78.000 0.321667
79.000 0.268653
80.000 0.215640
81.000 0.213173
82.000 0.213173
83.000 0.213173
84.000 0.213173
85.000 0.213173
86.000 0.213173
87.000 0.213173
88.000 0.247307
89.000 0.332659
90.000 0.418012
91.000 0.503364
92.000 0.542419
93.000 2.540390
94.000 6.121613
95.000 7.642944
96.000 8.406299
97.000 9.138771
98.000 9.481442
99.000 8.693656
100.000 8.412493
101.000 8.792292
102.000 8.833945
103.000 5.707854
104.000 5.222083
105.000 7.656349
106.000 9.393080
107.000 8.913879
108.000 8.593340
109.000 8.071342
110.000 7.949979
111.000 8.354517
112.000 8.457102
113.000 8.170663
114.000 8.133812
115.000 8.578713
116.000 8.683054
117.000 9.614965
118.000 9.709717
119.000 5.650612
120.000 5.600382
121.000 4.542618
122.000 4.683332
123.000 7.199985
124.000 7.987254
125.000 8.357565
126.000 8.422013
127.000 7.375208
128.000 7.194017
129.000 7.898739
130.000 7.845793
131.000 3.204781
132.000 3.269267
133.000 4.561252
134.000 4.506597
135.000 2.678780
136.000 2.508650
137.000 1.493362
138.000 1.493362
139.000 3.943070
140.000 6.826848
141.000 7.629635
142.000 7.989702
143.000 7.992828
144.000 8.003167
145.000 8.176710
146.000 8.223381
147.000 7.721550
148.000 7.525153
149.000 7.307146
150.000 7.249858
151.000 7.813799
152.000 8.030623
153.000 8.042144
154.000 8.013271
155.000 7.444592
156.000 7.423332
157.000 7.154926
158.000 7.152309
159.000 8.036587
160.000 8.369194
161.000 6.598541
162.000 6.431686
163.000 2.543491
164.000 2.228958
165.000 2.228958
166.000 4.664073
167.000 4.239197
168.000 4.439581
169.000 7.840921
170.000 8.433591
171.000 8.479830
172.000 8.551460
173.000 9.672165
174.000 9.970701
175.000 8.651805
176.000 8.277114
177.000 8.439581
178.000 8.457861
179.000 7.592059
180.000 7.407829
181.000 8.142508
182.000 8.214942
183.000 4.910915
184.000 4.892136
185.000 8.040542
186.000 9.226931
187.000 8.584641
188.000 8.337635
189.000 8.135578
190.000 7.717801
191.000 3.440109
192.000 3.645146
193.000 8.015714
194.000 9.431489
195.000 8.556256
196.000 8.397079
197.000 8.175600
198.000 8.077347
199.000 7.824457
200.000 7.715722
201.000 7.471193
202.000 7.312201
203.000 6.098069
204.000 5.925852
205.000 5.144943
206.000 5.223477
207.000 6.897494
208.000 7.235067
209.000 8.478350
210.000 8.915765
211.000 4.809959
212.000 4.917441
213.000 6.711392
214.000 7.019135
215.000 8.038567
216.000 8.455215
217.000 8.103765
218.000 7.733004
219.000 7.362242
220.000 6.991480
221.000 6.620718
222.000 6.249956
223.000 5.879194
224.000 5.508433
225.000 5.137671
226.000 4.766909
227.000 4.396147
228.000 4.025385
229.000 3.654623
230.000 3.283862
231.000 2.913100
232.000 2.542338
233.000 2.171576
234.000 1.800814
235.000 1.430052
236.000 1.059291
237.000 0.223930
238.000 0.223930
239.000 0.223930
240.000 0.223930
241.000 0.223930
242.000 0.223930
243.000 0.223930
244.000 0.223930
245.000 0.223930
246.000 0.223930
247.000 0.223930
248.000 0.223930
249.000 0.223930
250.000 0.223930
251.000 0.677101
252.000 0.677101
253.000 3.402992
254.000 4.700920
255.000 3.512093
256.000 1.159721
257.000 1.159721
258.000 1.159721
259.000 5.371979
260.000 2.601326
261.000 6.109804
262.000 6.921906
263.000 6.650980
264.000 6.473633
265.000 7.727665
266.000 8.117493
267.000 7.583758
268.000 7.105347
269.000 7.641382
270.000 8.097183
271.000 7.959433
272.000 7.782555
273.000 7.782555
274.000 8.434715
275.000 8.434715
276.000 7.760735
277.000 6.467644
278.000 6.467644
279.000 8.336825
280.000 10.066841
281.000 9.439118
282.000 8.680527
283.000 7.131747
284.000 6.134781
285.000 4.169986
286.000 1.084763
287.000 1.229444
288.000 2.406547
289.000 2.763176
290.000 2.763176
291.000 2.714009
292.000 2.369975
293.000 2.025942
294.000 1.681908
295.000 1.337875
296.000 0.993841
297.000 0.924782
298.000 0.924782
299.000 0.924782
300.000 0.924782
301.000 0.924782
302.000 0.770660
303.000 0.617748
304.000 0.499809
305.000 0.499809
306.000 0.499809
307.000 3.331688
308.000 4.084610
309.000 5.548912
310.000 6.401535
311.000 6.401535
312.000 8.625961
313.000 8.625961
314.000 8.580345
315.000 8.350852
316.000 7.990311
317.000 8.019503
318.000 8.603508
319.000 8.614981
320.000 8.632317
321.000 8.220954
322.000 7.712639
323.000 8.585710
324.000 9.260590
325.000 0.726463
326.000 0.726463
327.000 0.726463
328.000 0.726463
329.000 0.726463
330.000 0.726463
331.000 0.726463
332.000 7.523376
333.000 7.840082
334.000 8.356468
335.000 8.828176
336.000 9.401199
337.000 9.116897
338.000 8.596113
339.000 8.006890
340.000 7.173221
341.000 6.979340
342.000 6.979340
343.000 6.376993
344.000 2.650749
345.000 2.062252
346.000 1.726242
347.000 4.020947
348.000 6.548752
349.000 6.965246
350.000 7.719882
351.000 5.930017
352.000 2.461021
353.000 2.375626
354.000 2.375626
355.000 2.454586
356.000 2.547440
357.000 3.733009
358.000 5.945249
359.000 1.869711
