0.000 0.241829
1.000 0.241829
2.000 0.948960
3.000 0.476678
4.000 0.447884
5.000 0.504273
6.000 0.565547
7.000 0.573013
8.000 0.573013
9.000 0.573013
10.000 0.566717
11.000 0.496967
12.000 0.427218
13.000 0.357469
14.000 0.287719
15.000 0.217970
16.000 0.148221
17.000 0.078471
18.000 0.058922
19.000 0.058922
20.000 0.058922
21.000 0.058922
22.000 1.448837
23.000 2.704056
24.000 2.967644
25.000 2.527550
26.000 3.016302
27.000 2.613152
28.000 4.143356
29.000 3.693018
30.000 2.535210
31.000 3.723366
32.000 2.990288
33.000 2.990288
34.000 2.990288
35.000 2.088814
36.000 2.088814
37.000 2.092705
38.000 2.466270
39.000 2.466270
40.000 2.965630
41.000 2.943796
42.000 2.653740
43.000 2.554001
44.000 2.249939
45.000 2.249939
46.000 2.319855
47.000 1.998177
48.000 1.998177
49.000 1.998177
50.000 1.998177
51.000 3.079895
52.000 3.079895
53.000 3.079895
54.000 2.919810
55.000 2.588560
56.000 2.257310
57.000 2.172592
58.000 3.006653
59.000 3.006653
60.000 2.680794
61.000 2.674308
62.000 2.630852
63.000 2.630852
64.000 2.861160
65.000 3.474319
66.000 3.798690
67.000 3.840240
68.000 3.740356
69.000 3.740356
70.000 3.400795
71.000 3.400795
72.000 2.591843
73.000 2.591843
74.000 3.203087
75.000 3.212296
76.000 3.212296
77.000 3.212296
78.000 3.060977
79.000 2.813027
80.000 2.707756
81.000 2.707756
82.000 3.142067
83.000 3.142067
84.000 2.954124
85.000 2.954124
86.000 2.408287
87.000 2.408287
88.000 3.266518
89.000 3.266518
90.000 2.878647
91.000 2.878647
92.000 3.589439
93.000 3.589439
94.000 2.895767
95.000 2.895767
96.000 2.868800
97.000 2.632815
98.000 2.501160
99.000 2.501160
100.000 2.501160
101.000 2.784489
102.000 3.198883
103.000 3.430000
104.000 3.430000
105.000 3.968766
106.000 3.370995
107.000 3.113861
108.000 3.113861
109.000 2.499290
110.000 2.499290
111.000 3.036391
112.000 3.793068
113.000 2.465202
114.000 2.465202
115.000 3.328140
116.000 3.328140
117.000 3.117935
118.000 3.117935
119.000 3.144715
120.000 3.510180
121.000 3.630913
122.000 3.244339
123.000 3.847755
124.000 3.665631
125.000 3.591103
126.000 2.930962
127.000 2.930962
128.000 3.138698
129.000 3.416496
130.000 3.432727
131.000 3.496109
132.000 2.514015
133.000 2.324844
134.000 2.916330
135.000 3.101486
136.000 3.530509
137.000 3.640709
138.000 3.268228
139.000 3.111282
140.000 3.210501
141.000 3.323547
142.000 2.609993
143.000 2.609993
144.000 3.264037
145.000 3.412064
146.000 2.748123
147.000 2.748123
148.000 3.248611
149.000 3.248611
150.000 3.000992
151.000 3.000992
152.000 2.068573
153.000 2.068573
154.000 2.068573
155.000 3.092590
156.000 3.092590
157.000 2.736808
158.000 2.238006
159.000 3.403183
160.000 3.234711
161.000 3.234711
162.000 2.988205
163.000 2.988205
164.000 3.489944
165.000 3.489944
166.000 3.342338
167.000 3.342117
168.000 3.604635
169.000 3.745865
170.000 3.782135
171.000 3.782135
172.000 3.485703
173.000 3.485703
174.000 4.188309
175.000 4.188309
176.000 2.749931
177.000 2.749931
178.000 3.145161
179.000 3.332695
180.000 3.332695
181.000 2.938454
182.000 2.938454
183.000 2.578568
184.000 2.578568
185.000 2.869736
186.000 2.869736
187.000 2.819681
188.000 2.563499
189.000 2.563499
190.000 2.860855
191.000 3.109091
192.000 3.966461
193.000 3.420532
194.000 3.420532
195.000 4.119316
196.000 3.348143
197.000 3.154488
198.000 2.433128
199.000 2.433128
200.000 2.965141
201.000 2.965141
202.000 2.965141
203.000 3.203667
204.000 3.203667
205.000 3.441292
206.000 3.441292
207.000 1.893158
208.000 1.893158
209.000 2.986572
210.000 2.784111
211.000 2.784111
212.000 2.842140
213.000 2.842140
214.000 2.888062
215.000 2.888062
216.000 1.614738
217.000 1.614738
218.000 1.614738
219.000 2.051114
220.000 2.122635
221.000 2.122635
222.000 2.657608
223.000 2.657608
224.000 2.006401
225.000 2.006401
226.000 2.040855
227.000 2.040855
228.000 2.194460
229.000 2.908745
230.000 2.908745
231.000 2.273781
232.000 2.901898
233.000 3.638664
234.000 3.405007
235.000 3.264763
236.000 2.349636
237.000 2.271111
238.000 2.707558
239.000 2.707558
240.000 1.691101
241.000 1.691101
242.000 2.134359
243.000 3.104805
244.000 2.929607
245.000 2.807343
246.000 2.540938
247.000 2.163055
248.000 2.163055
249.000 2.163055
250.000 3.099937
251.000 3.099937
252.000 3.099937
253.000 2.431206
254.000 2.431206
255.000 2.431206
256.000 2.460006
257.000 2.533052
258.000 2.569817
259.000 2.569817
260.000 2.553688
261.000 2.545639
262.000 3.327530
263.000 2.440834
264.000 2.440834
265.000 2.621887
266.000 2.621887
267.000 2.621887
268.000 2.621887
269.000 2.684784
270.000 2.684784
271.000 2.684784
272.000 2.684784
273.000 2.874088
274.000 3.220446
275.000 3.566804
276.000 3.576813
277.000 3.576813
278.000 3.576813
279.000 3.258669
280.000 3.030723
281.000 2.857666
282.000 2.857666
283.000 2.815041
284.000 2.750282
285.000 3.012703
286.000 2.832802
287.000 2.832802
288.000 2.753412
289.000 2.572021
290.000 2.572021
291.000 2.572021
292.000 3.314323
293.000 3.325913
294.000 3.576035
295.000 3.576035
296.000 3.576035
297.000 3.225354
298.000 3.204163
299.000 2.967369
300.000 2.967369
301.000 2.681312
302.000 2.645271
303.000 2.645271
304.000 3.347946
305.000 3.373455
306.000 3.475788
307.000 3.557083
308.000 3.973862
309.000 3.973862
310.000 2.762184
311.000 2.762184
312.000 2.762184
313.000 3.461685
314.000 3.461685
315.000 3.461685
316.000 4.063187
317.000 4.063187
318.000 4.063187
319.000 4.063187
320.000 4.063187
321.000 4.063187
322.000 4.074074
323.000 4.060104
324.000 4.046133
325.000 4.032163
326.000 4.018192
327.000 4.004222
328.000 3.990252
329.000 3.976281
330.000 3.973587
331.000 3.973587
332.000 3.573890
333.000 3.831902
334.000 3.896225
335.000 3.057800
336.000 3.057800
337.000 3.587555
338.000 3.289619
339.000 3.289619
340.000 3.133415
341.000 3.133415
342.000 3.873066
343.000 2.887032
344.000 2.629929
345.000 2.771075
346.000 2.547311
347.000 3.444511
348.000 3.938538
349.000 3.560349
350.000 3.354522
351.000 3.260948
352.000 2.638893
353.000 2.638893
354.000 2.684039
355.000 2.797737
356.000 2.604393
357.000 2.807465
358.000 3.309723
359.000 2.832176
