0.000 0.221703
1.000 2.439980
2.000 2.439980
3.000 2.439980
4.000 2.439980
5.000 1.700750
6.000 1.774328
7.000 1.794228
8.000 1.794228
9.000 1.975919
10.000 2.329375
11.000 1.864937
12.000 1.864937
13.000 1.864937
14.000 2.035532
15.000 1.843506
16.000 1.843506
17.000 1.625679
18.000 1.625679
19.000 2.393837
20.000 1.621826
21.000 1.621826
22.000 1.621826
23.000 1.649940
24.000 1.682630
25.000 1.715319
26.000 1.737663
27.000 1.975456
28.000 2.023906
29.000 2.349396
30.000 2.349396
31.000 2.334333
32.000 2.086651
33.000 1.838970
34.000 2.380437
35.000 2.584557
36.000 2.728477
37.000 1.560516
38.000 1.560516
39.000 2.574463
40.000 1.785431
41.000 1.785431
42.000 1.785431
43.000 1.910507
44.000 1.910507
45.000 1.910507
46.000 1.910507
47.000 2.241878
48.000 2.073172
49.000 1.904467
50.000 1.735761
51.000 1.599579
52.000 1.599579
53.000 1.778725
54.000 1.330017
55.000 1.330017
56.000 1.330017
57.000 2.250413
58.000 1.908028
59.000 1.858452
60.000 2.503532
61.000 1.772240
62.000 1.772240
63.000 1.802136
64.000 1.831940
65.000 1.831940
66.000 1.831940
67.000 2.309034
68.000 2.480069
69.000 2.651105
70.000 2.661621
71.000 1.714653
72.000 1.714653
73.000 1.836524
74.000 2.316116
75.000 2.555550
76.000 2.555550
77.000 2.704414
78.000 2.704414
79.000 2.704414
80.000 2.704414
81.000 2.040440
82.000 2.080148
83.000 2.119856
84.000 2.159565
85.000 2.199273
86.000 2.216934
87.000 1.873230
88.000 1.873230
89.000 1.873230
90.000 2.613808
91.000 2.613808
92.000 2.613808
93.000 2.613808
94.000 2.613808
95.000 2.613808
96.000 2.613808
97.000 2.613808
98.000 2.613808
99.000 2.613808
100.000 2.613808
101.000 2.613808
102.000 2.633835
103.000 2.611230
104.000 2.588626
105.000 2.566021
106.000 2.543417
107.000 2.520812
108.000 2.498207
109.000 2.475603
110.000 2.452998
111.000 2.430394
112.000 2.407789
113.000 2.385184
114.000 2.362580
115.000 2.339975
116.000 2.317371
117.000 2.294766
118.000 2.272161
119.000 2.249557
120.000 2.064504
121.000 1.973656
122.000 2.127234
123.000 1.760483
124.000 1.840199
125.000 1.754288
126.000 1.754288
127.000 2.221167
128.000 2.104057
129.000 2.104057
130.000 1.529808
131.000 1.529808
132.000 1.913139
133.000 1.913139
134.000 1.582054
135.000 2.140430
136.000 2.434044
137.000 1.874354
138.000 1.693893
139.000 1.884226
140.000 2.676514
141.000 2.006384
142.000 1.919357
143.000 1.919357
144.000 1.919357
145.000 1.437798
146.000 1.437798
147.000 1.437798
148.000 1.437798
149.000 1.704947
150.000 2.167912
151.000 2.630876
152.000 2.643639
153.000 2.440632
154.000 2.425262
155.000 2.425262
156.000 2.425262
157.000 2.425262
158.000 2.425262
159.000 2.664958
160.000 2.636301
161.000 2.607645
162.000 2.600838
163.000 2.600838
164.000 2.600838
165.000 2.526917
166.000 2.526917
167.000 2.526917
168.000 2.508307
169.000 2.488822
170.000 2.469336
171.000 2.425735
172.000 2.543182
173.000 2.543182
174.000 2.603424
175.000 2.607025
176.000 2.649086
177.000 2.407927
178.000 1.968338
179.000 2.709198
180.000 2.709198
181.000 2.491966
182.000 2.491966
183.000 2.517723
184.000 2.517723
185.000 2.517723
186.000 2.517723
187.000 2.508985
188.000 2.493629
189.000 2.478273
190.000 2.462918
191.000 2.447562
192.000 2.442322
193.000 2.570732
194.000 2.422882
195.000 2.422882
196.000 2.439720
197.000 2.439720
198.000 2.439720
199.000 2.466545
200.000 2.466545
201.000 2.466545
202.000 2.466545
203.000 2.466545
204.000 2.466545
205.000 2.466545
206.000 2.466545
207.000 2.441293
208.000 2.442765
209.000 2.444237
210.000 2.445709
211.000 2.447182
212.000 2.448654
213.000 2.450126
214.000 2.451598
215.000 2.453070
216.000 2.454542
217.000 2.455879
218.000 0.493355
219.000 0.493355
220.000 2.418785
221.000 2.585274
222.000 2.391098
223.000 2.612740
224.000 2.612740
225.000 2.703629
226.000 2.703629
227.000 2.710236
228.000 2.684807
229.000 2.684807
230.000 2.583305
231.000 2.583305
232.000 2.523295
233.000 2.510818
234.000 2.568405
235.000 2.573919
236.000 2.646429
237.000 2.651190
238.000 2.688122
239.000 2.698509
240.000 2.634535
241.000 2.592257
242.000 2.449657
243.000 2.416725
244.000 2.416725
245.000 2.416725
246.000 2.416725
247.000 2.416725
248.000 2.542664
249.000 2.511477
250.000 2.480291
251.000 2.449104
252.000 2.429504
253.000 2.429504
254.000 2.429504
255.000 1.782850
256.000 1.372360
257.000 1.372360
258.000 1.054672
259.000 1.054672
260.000 2.314888
261.000 2.314888
262.000 1.176949
263.000 1.176949
264.000 1.176949
265.000 1.703163
266.000 1.703163
267.000 1.637650
268.000 1.633238
269.000 1.423570
270.000 1.399010
271.000 1.211868
272.000 1.211868
273.000 1.791687
274.000 2.594193
275.000 2.502396
276.000 2.410570
277.000 1.418510
278.000 1.418510
279.000 1.418510
280.000 2.690834
281.000 2.690834
282.000 2.636412
283.000 2.634326
284.000 2.632240
285.000 2.630154
286.000 2.628868
287.000 2.628868
288.000 2.673309
289.000 2.687019
290.000 2.687019
291.000 2.657800
292.000 2.460427
293.000 2.329041
294.000 2.329041
295.000 2.329041
296.000 2.108353
297.000 1.882710
298.000 1.824791
299.000 1.904678
300.000 1.648727
301.000 1.648727
302.000 1.758308
303.000 1.758308
304.000 1.758308
305.000 1.773974
306.000 1.776154
307.000 1.776154
308.000 1.776154
309.000 1.901611
310.000 1.901611
311.000 1.901611
312.000 1.865117
313.000 1.722582
314.000 1.580047
315.000 1.576454
316.000 1.557198
317.000 1.776555
318.000 1.873070
319.000 1.949791
320.000 1.949791
321.000 1.886962
322.000 2.156695
323.000 2.426428
324.000 2.505165
325.000 1.784874
326.000 1.784874
327.000 1.784874
328.000 1.784874
329.000 1.784874
330.000 1.818170
331.000 1.647474
332.000 1.476778
333.000 1.399597
334.000 1.399597
335.000 1.399597
336.000 1.399597
337.000 1.399597
338.000 1.399597
339.000 1.399597
340.000 1.399597
341.000 1.399597
342.000 1.786854
343.000 1.906235
344.000 1.906235
345.000 1.906235
346.000 1.906235
347.000 1.901261
348.000 1.815577
349.000 1.729893
350.000 1.644208
351.000 1.610405
352.000 1.645111
353.000 1.520821
354.000 1.520821
355.000 1.520821
356.000 2.722420
357.000 2.722420
358.000 2.487457
359.000 2.418495
