0.000 0.234123
1.000 0.276519
2.000 2.444833
3.000 3.779305
4.000 3.779305
5.000 5.241154
6.000 5.588768
7.000 5.289421
8.000 5.289421
9.000 5.793999
10.000 5.793999
11.000 7.491074
12.000 7.164874
13.000 1.447662
14.000 1.447662
15.000 1.447662
16.000 1.586136
17.000 1.586136
18.000 1.586136
19.000 3.753845
20.000 3.753845
21.000 6.493164
22.000 6.493164
23.000 2.278046
24.000 2.278046
25.000 2.278046
26.000 2.278046
27.000 1.703949
28.000 1.703949
29.000 1.703949
30.000 1.653823
31.000 1.582271
32.000 1.510719
33.000 1.439167
34.000 1.415604
35.000 1.415604
36.000 2.917473
37.000 2.917473
38.000 5.511574
39.000 5.511574
40.000 5.849304
41.000 7.583726
42.000 9.098503
43.000 8.877159
44.000 6.726021
45.000 1.023758
46.000 1.023758
47.000 1.023758
48.000 1.023758
49.000 1.023758
50.000 1.023758
51.000 1.023758
52.000 1.261624
53.000 1.462662
54.000 1.462662
55.000 1.462662
56.000 1.665573
57.000 1.665573
58.000 1.378334
59.000 1.378334
60.000 1.378334
61.000 1.378334
62.000 1.378334
63.000 1.378334
64.000 1.378334
65.000 1.378334
66.000 1.378334
67.000 5.668027
68.000 4.951522
69.000 4.235017
70.000 3.518512
71.000 2.802007
72.000 2.085502
73.000 1.368997
74.000 0.652492
75.000 0.600739
76.000 0.600739
77.000 0.600739
78.000 4.314903
79.000 2.776360
80.000 3.234680
81.000 4.617813
82.000 3.556137
83.000 4.487509
84.000 6.889320
85.000 8.406693
86.000 9.898560
87.000 8.208404
88.000 7.765045
89.000 7.745560
90.000 7.745560
91.000 6.063431
92.000 6.063431
93.000 7.150818
94.000 7.150818
95.000 5.852091
96.000 4.142233
97.000 2.432375
98.000 1.033310
99.000 1.033310
100.000 1.041016
101.000 1.041016
102.000 1.133957
103.000 1.133957
104.000 1.884720
105.000 1.884720
106.000 2.469864
107.000 2.469864
108.000 2.469864
109.000 3.789162
110.000 3.789162
111.000 2.708733
112.000 2.708733
113.000 5.746109
114.000 5.746109
115.000 4.335854
116.000 4.335854
117.000 7.646904
118.000 8.937126
119.000 7.728568
120.000 7.142670
121.000 6.981510
122.000 6.872261
123.000 2.102844
124.000 2.102844
125.000 1.313644
126.000 1.313644
127.000 1.313644
128.000 1.313644
129.000 1.350883
130.000 1.350883
131.000 1.350883
132.000 1.855025
133.000 2.554685
134.000 3.254344
135.000 3.954004
136.000 2.981926
137.000 3.741013
138.000 3.741013
139.000 6.355927
140.000 6.355927
141.000 7.161522
142.000 7.161522
143.000 5.842666
144.000 5.348755
145.000 4.688010
146.000 4.277161
147.000 4.561956
148.000 4.756111
149.000 1.576149
150.000 1.576149
151.000 1.576149
152.000 1.576149
153.000 1.576149
154.000 1.576149
155.000 1.576149
156.000 6.324020
157.000 6.518982
158.000 6.841576
159.000 1.206345
160.000 1.206345
161.000 1.206345
162.000 1.206345
163.000 1.206345
164.000 1.206345
165.000 6.609721
166.000 4.598575
167.000 2.897629
168.000 2.897629
169.000 6.749817
170.000 5.316704
171.000 2.142677
172.000 2.142677
173.000 2.142677
174.000 2.142677
175.000 4.185427
176.000 3.126927
177.000 2.068427
178.000 1.011841
179.000 1.011841
180.000 1.011841
181.000 1.196007
182.000 1.196007
183.000 2.899941
184.000 4.917877
185.000 2.714897
186.000 2.714897
187.000 3.614469
188.000 4.699028
189.000 4.687166
190.000 4.682526
191.000 5.223238
192.000 5.759964
193.000 5.165350
194.000 4.823502
195.000 5.157554
196.000 5.296104
197.000 5.171686
198.000 5.139526
199.000 7.338097
200.000 7.633163
201.000 4.838654
202.000 4.838654
203.000 7.399479
204.000 9.808495
205.000 7.122812
206.000 4.948189
207.000 7.254475
208.000 9.989532
209.000 8.827152
210.000 7.684837
211.000 7.363411
212.000 7.002029
213.000 7.940978
214.000 9.014977
215.000 8.636246
216.000 8.223869
217.000 4.741699
218.000 1.144958
219.000 1.144958
220.000 1.144958
221.000 1.144958
222.000 1.144958
223.000 2.028290
224.000 2.028290
225.000 2.028290
226.000 2.272853
227.000 2.540265
228.000 2.807678
229.000 3.035149
230.000 3.035149
231.000 4.356628
232.000 5.672287
233.000 5.599612
234.000 5.522850
235.000 2.844238
236.000 2.844238
237.000 4.474987
238.000 6.659241
239.000 6.502207
240.000 6.279556
241.000 5.831216
242.000 5.449814
243.000 5.602482
244.000 5.729927
245.000 5.058195
246.000 4.579361
247.000 6.585106
248.000 9.585327
249.000 8.350151
250.000 7.546936
251.000 8.235812
252.000 8.690926
253.000 5.733406
254.000 5.733406
255.000 4.600032
256.000 2.499450
257.000 1.275574
258.000 1.275574
259.000 1.082573
260.000 1.082573
261.000 1.082573
262.000 1.082573
263.000 1.951149
264.000 1.951149
265.000 1.951149
266.000 1.951149
267.000 1.338753
268.000 1.338753
269.000 1.338753
270.000 1.770730
271.000 4.318485
272.000 2.057487
273.000 3.927956
274.000 2.659737
275.000 3.441586
276.000 4.008263
277.000 4.393265
278.000 4.393265
279.000 4.495918
280.000 4.495918
281.000 2.576859
282.000 2.576859
283.000 3.608451
284.000 4.909851
285.000 4.885939
286.000 4.872536
287.000 3.961164
288.000 3.573402
289.000 5.297106
290.000 7.816513
291.000 4.233244
292.000 3.872383
293.000 4.654150
294.000 5.514381
295.000 5.121832
296.000 4.772743
297.000 5.155436
298.000 5.451996
299.000 7.128964
300.000 7.982735
301.000 6.562227
302.000 6.127220
303.000 6.546368
304.000 6.770805
305.000 4.324596
306.000 1.419563
307.000 1.419563
308.000 1.419563
309.000 1.419563
310.000 1.357836
311.000 1.231748
312.000 1.105660
313.000 1.028259
314.000 1.028259
315.000 1.028259
316.000 2.154251
317.000 2.570419
318.000 2.570419
319.000 3.933212
320.000 4.709419
321.000 5.081078
322.000 3.063187
323.000 3.063187
324.000 5.368332
325.000 5.833182
326.000 6.760201
327.000 7.234244
328.000 8.095276
329.000 8.173277
330.000 8.086270
331.000 7.246014
332.000 5.735626
333.000 6.694316
334.000 8.125587
335.000 6.633019
336.000 5.854691
337.000 5.854691
338.000 5.854691
339.000 6.808804
340.000 6.130768
341.000 5.452732
342.000 4.774696
343.000 4.096660
344.000 3.418624
345.000 2.740588
346.000 2.062552
347.000 1.384516
348.000 1.179779
349.000 1.179779
350.000 1.179779
351.000 1.396059
352.000 1.539927
353.000 1.569717
354.000 3.079895
355.000 2.671272
356.000 2.600220
357.000 4.402702
358.000 4.206497
359.000 3.842415
