0.000 0.089172
1.000 0.089172
2.000 0.494643
3.000 1.593781
4.000 1.753151
5.000 2.411171
6.000 1.601814
7.000 1.600098
8.000 1.600098
9.000 1.490280
10.000 1.845451
11.000 1.798067
12.000 1.621201
13.000 1.689499
14.000 1.689499
15.000 1.703186
16.000 1.465950
17.000 1.465950
18.000 1.165428
19.000 1.165428
20.000 1.193926
21.000 1.406292
22.000 1.436829
23.000 1.628799
24.000 1.628799
25.000 1.426064
26.000 1.523216
27.000 1.523216
28.000 1.407036
29.000 1.407036
30.000 1.458778
31.000 1.458778
32.000 1.526924
33.000 1.526924
34.000 1.644821
35.000 1.665161
36.000 1.680046
37.000 1.680046
38.000 1.374855
39.000 1.374855
40.000 1.358879
41.000 1.358879
42.000 1.541107
43.000 1.541107
44.000 1.364326
45.000 1.364326
46.000 1.364326
47.000 1.364326
48.000 1.364326
49.000 1.450912
50.000 1.486353
51.000 1.521795
52.000 1.543098
53.000 1.543098
54.000 1.528978
55.000 1.447739
56.000 1.447739
57.000 1.619453
58.000 1.619453
59.000 1.887657
60.000 1.728065
61.000 1.728065
62.000 1.709615
63.000 1.637598
64.000 1.565581
65.000 1.631599
66.000 1.631599
67.000 1.653862
68.000 1.375053
69.000 1.668098
70.000 1.609799
71.000 1.444138
72.000 1.366592
73.000 1.464386
74.000 1.469520
75.000 1.506752
76.000 1.480576
77.000 1.480576
78.000 1.351494
79.000 1.351494
80.000 1.347259
81.000 1.346764
82.000 1.337928
83.000 1.334366
84.000 1.334366
85.000 1.405342
86.000 1.410181
87.000 1.449928
88.000 1.449928
89.000 1.340952
90.000 1.287682
91.000 1.641068
92.000 1.622117
93.000 1.597443
94.000 1.597443
95.000 1.464882
96.000 1.464882
97.000 1.479073
98.000 1.479073
99.000 1.535759
100.000 1.526796
101.000 1.455206
102.000 1.453598
103.000 1.325409
104.000 1.439133
105.000 1.439133
106.000 1.568871
107.000 1.568871
108.000 1.587621
109.000 1.725297
110.000 1.747353
111.000 1.412888
112.000 1.610222
113.000 1.610222
114.000 1.425621
115.000 1.425621
116.000 1.628883
117.000 1.617378
118.000 1.479034
119.000 1.454244
120.000 1.419403
121.000 1.419403
122.000 1.570839
123.000 1.570839
124.000 1.400513
125.000 1.219963
126.000 1.219963
127.000 1.219691
128.000 1.216225
129.000 1.216225
130.000 1.454971
131.000 1.454971
132.000 1.437212
133.000 1.432411
134.000 1.347824
135.000 1.347824
136.000 1.347824
137.000 1.265373
138.000 1.265373
139.000 1.545685
140.000 1.545685
141.000 1.463745
142.000 1.447250
143.000 1.303810
144.000 1.303810
145.000 1.303169
146.000 1.303169
147.000 1.861191
148.000 1.541161
149.000 1.541161
150.000 1.541161
151.000 1.015793
152.000 1.015793
153.000 1.015793
154.000 1.015793
155.000 1.015793
156.000 1.015793
157.000 1.015793
158.000 1.015793
159.000 1.015793
160.000 1.015793
161.000 1.015793
162.000 1.476817
163.000 1.501845
164.000 1.518227
165.000 1.518227
166.000 1.518227
167.000 1.518227
168.000 1.518227
169.000 1.518227
170.000 1.518227
171.000 1.499422
172.000 1.477068
173.000 1.454714
174.000 1.432360
175.000 1.410006
176.000 1.387787
177.000 0.986740
178.000 0.986740
179.000 1.197731
180.000 1.197731
181.000 1.197731
182.000 1.592387
183.000 1.620341
184.000 1.648296
185.000 1.661964
186.000 1.507004
187.000 1.388880
188.000 1.173625
189.000 1.226677
190.000 1.226677
191.000 1.606247
192.000 1.566004
193.000 1.424652
194.000 1.404221
195.000 1.454361
196.000 1.443476
197.000 1.418655
198.000 1.454704
199.000 1.454704
200.000 2.086197
201.000 1.559303
202.000 1.559303
203.000 1.556675
204.000 1.554153
205.000 1.446647
206.000 1.375511
207.000 1.487328
208.000 1.487328
209.000 1.732140
210.000 1.732140
211.000 1.679283
212.000 1.679283
213.000 1.599089
214.000 1.446973
215.000 1.294858
216.000 1.288119
217.000 1.529358
218.000 1.731804
219.000 1.388023
220.000 0.945175
221.000 1.161537
222.000 1.330803
223.000 1.328705
224.000 1.156982
225.000 1.140762
226.000 1.252419
227.000 1.252419
228.000 1.261780
229.000 1.261780
230.000 1.261780
231.000 1.327531
232.000 1.393800
233.000 1.421593
234.000 1.429871
235.000 1.429871
236.000 1.441168
237.000 1.445572
238.000 1.456810
239.000 1.456810
240.000 1.018387
241.000 1.018387
242.000 1.018387
243.000 1.551257
244.000 1.545830
245.000 1.545830
246.000 1.687378
247.000 1.613349
248.000 1.435928
249.000 1.435928
250.000 1.546951
251.000 1.550105
252.000 1.563385
253.000 1.533142
254.000 1.533142
255.000 1.767929
256.000 1.768005
257.000 1.535338
258.000 1.403603
259.000 1.403603
260.000 0.931488
261.000 0.931488
262.000 0.931488
263.000 0.931488
264.000 1.434341
265.000 1.434341
266.000 1.687538
267.000 1.888519
268.000 1.645096
269.000 1.645096
270.000 1.596657
271.000 1.596657
272.000 1.613235
273.000 1.613235
274.000 1.672447
275.000 1.672447
276.000 1.672447
277.000 1.731111
278.000 1.788383
279.000 1.788383
280.000 1.651123
281.000 1.651123
282.000 1.633255
283.000 1.647895
284.000 1.707733
285.000 1.791260
286.000 1.791260
287.000 1.887848
288.000 1.756401
289.000 1.756401
290.000 1.666710
291.000 1.666710
292.000 1.817543
293.000 1.817543
294.000 1.863094
295.000 2.075760
296.000 2.119003
297.000 1.587746
298.000 1.531654
299.000 1.531654
300.000 1.721016
301.000 1.721016
302.000 1.705456
303.000 1.678169
304.000 1.678169
305.000 1.548248
306.000 1.548248
307.000 1.548248
308.000 1.574755
309.000 1.483086
310.000 1.483086
311.000 1.504572
312.000 1.571465
313.000 1.571465
314.000 1.639390
315.000 1.723267
316.000 1.791110
317.000 2.019409
318.000 1.759689
319.000 1.729729
320.000 1.729729
321.000 1.721105
322.000 1.712158
323.000 1.712158
324.000 1.567261
325.000 1.567261
326.000 1.868385
327.000 1.378853
328.000 1.378853
329.000 1.666183
330.000 1.666183
331.000 1.561943
332.000 1.561943
333.000 1.474701
334.000 1.474701
335.000 1.637817
336.000 1.637817
337.000 1.656947
338.000 1.704147
339.000 1.704147
340.000 1.743629
341.000 1.901398
342.000 1.901398
343.000 1.804466
344.000 1.804466
345.000 1.790732
346.000 1.736701
347.000 1.712677
348.000 1.639427
349.000 1.639427
350.000 1.827156
351.000 1.827156
352.000 1.772023
353.000 1.740303
354.000 1.946548
355.000 1.946548
356.000 1.696991
357.000 1.696991
358.000 1.987663
359.000 1.986338
