0.000 0.099838
1.000 0.099838
2.000 0.099838
3.000 0.099838
4.000 0.840828
5.000 0.942108
6.000 0.933334
7.000 0.953697
8.000 0.871971
9.000 0.871971
10.000 0.940704
11.000 0.904495
12.000 0.904495
13.000 0.904495
14.000 0.904495
15.000 0.904495
16.000 0.904495
17.000 0.872093
18.000 0.841769
19.000 0.811446
20.000 0.792511
21.000 0.792511
22.000 0.792511
23.000 0.792511
24.000 0.801690
25.000 0.820685
26.000 0.839680
27.000 0.842743
28.000 0.914093
29.000 0.919701
30.000 0.899560
31.000 0.871681
32.000 0.833122
33.000 0.833122
34.000 0.874023
35.000 0.874023
36.000 0.872954
37.000 0.872833
38.000 0.915688
39.000 0.940010
40.000 0.836960
41.000 0.898216
42.000 0.898216
43.000 0.936516
44.000 0.936516
45.000 0.936516
46.000 0.850548
47.000 0.850548
48.000 0.923965
49.000 0.923965
50.000 0.923376
51.000 0.915099
52.000 0.906823
53.000 0.905327
54.000 0.938393
55.000 0.913971
56.000 0.911606
57.000 0.911606
58.000 0.897026
59.000 0.897026
60.000 0.885158
61.000 0.864128
62.000 0.864128
63.000 0.864128
64.000 0.916294
65.000 0.922901
66.000 0.927933
67.000 0.927933
68.000 0.945778
69.000 0.945778
70.000 0.914078
71.000 0.880989
72.000 0.880989
73.000 0.880989
74.000 0.904816
75.000 0.904816
76.000 0.904816
77.000 0.904816
78.000 0.907920
79.000 0.918121
80.000 0.918121
81.000 0.918121
82.000 0.917886
83.000 0.916025
84.000 0.914164
85.000 0.913437
86.000 0.933800
87.000 0.861969
88.000 0.861969
89.000 0.930766
90.000 0.953949
91.000 0.881378
92.000 0.880505
93.000 0.875465
94.000 0.898125
95.000 0.898125
96.000 0.917656
97.000 0.917656
98.000 0.917656
99.000 0.917681
100.000 0.918052
101.000 0.918423
102.000 0.918770
103.000 0.918770
104.000 0.899155
105.000 0.900796
106.000 0.903343
107.000 0.909858
108.000 0.914688
109.000 0.917015
110.000 0.917015
111.000 0.918213
112.000 0.918213
113.000 0.915260
114.000 0.915260
115.000 0.908005
116.000 0.908005
117.000 0.884758
118.000 0.884758
119.000 0.862335
120.000 0.862335
121.000 0.885831
122.000 0.938602
123.000 0.956413
124.000 0.834846
125.000 0.834846
126.000 0.834846
127.000 0.929690
128.000 0.935048
129.000 0.936470
130.000 0.936470
131.000 0.938484
132.000 0.938484
133.000 0.938484
134.000 0.931653
135.000 0.924896
136.000 0.924896
137.000 0.893478
138.000 0.893478
139.000 0.909720
140.000 0.955700
141.000 0.956886
142.000 0.914322
143.000 0.941132
144.000 0.941132
145.000 0.939720
146.000 0.914520
147.000 0.914520
148.000 0.845428
149.000 0.845428
150.000 0.845428
151.000 0.973930
152.000 0.973930
153.000 0.885480
154.000 0.787933
155.000 0.787933
156.000 0.866440
157.000 0.866440
158.000 0.882744
159.000 0.882744
160.000 0.894867
161.000 0.894867
162.000 0.953657
163.000 0.957588
164.000 0.950670
165.000 0.914558
166.000 0.914558
167.000 0.865379
168.000 0.865379
169.000 0.868546
170.000 0.883663
171.000 0.937508
172.000 0.937508
173.000 0.846970
174.000 0.846970
175.000 0.856231
176.000 0.885799
177.000 0.887924
178.000 0.953491
179.000 0.953491
180.000 0.968124
181.000 0.936831
182.000 0.858025
183.000 0.860009
184.000 0.864723
185.000 0.904236
186.000 0.862558
187.000 0.849556
188.000 0.852059
189.000 0.861771
190.000 0.861771
191.000 0.830781
192.000 0.830284
193.000 0.830284
194.000 0.926819
195.000 0.904404
196.000 0.904404
197.000 0.904404
198.000 0.906671
199.000 0.908257
200.000 0.908257
201.000 0.955360
202.000 0.937584
203.000 0.936061
204.000 0.931053
205.000 0.874710
206.000 0.888892
207.000 0.903473
208.000 0.941551
209.000 0.941551
210.000 0.933159
211.000 0.933159
212.000 0.880058
213.000 0.880058
214.000 0.880058
215.000 0.883405
216.000 0.897334
217.000 0.911263
218.000 0.925192
219.000 0.935066
220.000 0.874298
221.000 0.876221
222.000 0.948738
223.000 0.948738
224.000 0.931892
225.000 0.931892
226.000 0.896523
227.000 0.896523
228.000 0.831596
229.000 0.877853
230.000 0.953117
231.000 0.953117
232.000 0.953117
233.000 0.897575
234.000 0.897575
235.000 0.905815
236.000 0.905815
237.000 0.893936
238.000 0.893936
239.000 0.893936
240.000 0.906570
241.000 0.912971
242.000 0.912971
243.000 0.941841
244.000 0.941841
245.000 0.891220
246.000 0.891220
247.000 0.935593
248.000 0.935593
249.000 0.896927
250.000 0.870567
251.000 0.880768
252.000 0.880768
253.000 0.907942
254.000 0.942154
255.000 0.942154
256.000 0.937594
257.000 0.924231
258.000 0.917725
259.000 0.916245
260.000 0.940545
261.000 0.951981
262.000 0.934524
263.000 0.922050
264.000 0.900787
265.000 0.928146
266.000 0.871414
267.000 0.871414
268.000 0.916840
269.000 0.916840
270.000 0.917855
271.000 0.918106
272.000 0.918106
273.000 0.943497
274.000 0.947151
275.000 0.938808
276.000 0.908188
277.000 0.908188
278.000 0.898216
279.000 0.898216
280.000 0.946938
281.000 0.946938
282.000 0.948144
283.000 0.948227
284.000 0.904503
285.000 0.904503
286.000 0.880974
287.000 0.880974
288.000 0.844650
289.000 0.844650
290.000 0.844650
291.000 0.924232
292.000 0.924232
293.000 0.882607
294.000 0.882607
295.000 0.884033
296.000 0.884033
297.000 0.870461
298.000 0.870461
299.000 0.890395
300.000 0.921679
301.000 0.940674
302.000 0.940674
303.000 0.862709
304.000 0.862709
305.000 0.899013
306.000 0.911102
307.000 0.858459
308.000 0.886429
309.000 0.915733
310.000 0.915733
311.000 0.915733
312.000 0.915733
313.000 0.915733
314.000 0.915733
315.000 0.823334
316.000 0.842085
317.000 0.860835
318.000 0.879585
319.000 0.898335
320.000 0.917086
321.000 0.918793
322.000 0.909496
323.000 0.893265
324.000 0.845436
325.000 0.910652
326.000 0.910652
327.000 0.861130
328.000 0.944435
329.000 0.944435
330.000 0.923454
331.000 0.913965
332.000 0.894196
333.000 0.905891
334.000 0.905891
335.000 0.939377
336.000 0.939377
337.000 0.939377
338.000 0.850864
339.000 0.824203
340.000 0.834697
341.000 0.846909
342.000 0.849716
343.000 0.849716
344.000 0.860802
345.000 0.860802
346.000 0.875916
347.000 0.875916
348.000 0.901741
349.000 0.900029
350.000 0.890533
351.000 0.832520
352.000 0.941551
353.000 0.941551
354.000 0.882721
355.000 0.882721
356.000 0.923122
357.000 0.935783
358.000 0.899462
359.000 0.858437
