0.000 4.015572
1.000 4.015572
2.000 0.727075
3.000 0.445040
4.000 0.458901
5.000 0.469566
6.000 0.469727
7.000 0.133446
8.000 0.133446
9.000 0.918518
10.000 0.560926
11.000 0.539207
12.000 0.480128
13.000 0.431526
14.000 0.400803
15.000 0.450297
16.000 0.416603
17.000 0.416603
18.000 0.554558
19.000 0.500243
20.000 0.462677
21.000 0.548866
22.000 0.528938
23.000 0.388809
24.000 0.425625
25.000 0.509636
26.000 0.509636
27.000 0.208885
28.000 0.208885
29.000 0.494858
30.000 0.535301
31.000 0.535301
32.000 0.535301
33.000 0.535301
34.000 0.427523
35.000 0.421996
36.000 0.416470
37.000 0.410943
38.000 0.405416
39.000 0.399889
40.000 0.394363
41.000 0.342308
42.000 0.342308
43.000 0.481689
44.000 0.481689
45.000 0.481689
46.000 0.481689
47.000 0.481689
48.000 0.529353
49.000 0.523252
50.000 0.517152
51.000 0.511052
52.000 0.509453
53.000 0.509453
54.000 0.400650
55.000 0.400650
56.000 0.401314
57.000 0.401314
58.000 0.508224
59.000 0.508224
60.000 0.127495
61.000 0.127495
62.000 0.127495
63.000 0.127495
64.000 0.127495
65.000 0.127495
66.000 0.127495
67.000 0.127495
68.000 0.477028
69.000 0.477028
70.000 0.409088
71.000 0.409088
72.000 0.479713
73.000 0.482415
74.000 0.499666
75.000 0.511032
76.000 0.511032
77.000 0.535309
78.000 0.535309
79.000 0.365417
80.000 0.562439
81.000 0.562439
82.000 0.436394
83.000 0.436394
84.000 0.436394
85.000 0.436394
86.000 0.451144
87.000 0.413881
88.000 0.376618
89.000 0.361298
90.000 0.361298
91.000 0.429802
92.000 0.429802
93.000 0.429802
94.000 0.429802
95.000 0.429802
96.000 0.085167
97.000 0.085167
98.000 0.085167
99.000 0.085167
100.000 0.085167
101.000 0.469131
102.000 0.469131
103.000 0.347168
104.000 0.347168
105.000 0.927498
106.000 0.585327
107.000 0.553940
108.000 0.499321
109.000 0.499321
110.000 0.400772
111.000 0.400772
112.000 0.400772
113.000 0.427248
114.000 0.475853
115.000 0.475853
116.000 0.475258
117.000 0.413536
118.000 0.413536
119.000 0.504272
120.000 0.504272
121.000 0.540055
122.000 0.675277
123.000 0.720131
124.000 0.419075
125.000 0.401436
126.000 0.401436
127.000 0.401436
128.000 0.485023
129.000 0.548401
130.000 0.548401
131.000 0.434677
132.000 0.434677
133.000 0.534698
134.000 0.528231
135.000 0.451800
136.000 0.437294
137.000 0.437294
138.000 0.437294
139.000 0.842560
140.000 0.994679
141.000 1.048798
142.000 0.424980
143.000 0.424980
144.000 0.381912
145.000 0.508990
146.000 0.913467
147.000 0.913467
148.000 0.431668
149.000 0.400887
150.000 0.400887
151.000 0.406403
152.000 0.511879
153.000 0.476448
154.000 0.476448
155.000 0.535309
156.000 0.535309
157.000 0.535309
158.000 0.496464
159.000 0.531453
160.000 0.546318
161.000 0.545517
162.000 0.545517
163.000 0.381660
164.000 0.381660
165.000 0.381660
166.000 0.484995
167.000 0.477448
168.000 0.477448
169.000 0.422928
170.000 0.422928
171.000 0.420311
172.000 0.420311
173.000 0.477013
174.000 0.551544
175.000 0.551544
176.000 0.632688
177.000 0.642319
178.000 0.609626
179.000 0.265297
180.000 0.265297
181.000 0.265297
182.000 0.265297
183.000 0.265297
184.000 0.525021
185.000 0.524406
186.000 0.524406
187.000 0.473531
188.000 0.401588
189.000 0.401588
190.000 0.436127
191.000 0.519066
192.000 0.519066
193.000 0.519066
194.000 0.528832
195.000 0.540347
196.000 0.543427
197.000 0.543427
198.000 0.517017
199.000 0.463585
200.000 0.463585
201.000 0.541733
202.000 0.515785
203.000 0.515785
204.000 0.434410
205.000 0.434410
206.000 0.420985
207.000 0.407822
208.000 0.580086
209.000 0.580086
210.000 0.594416
211.000 0.508016
212.000 0.436401
213.000 0.436401
214.000 0.436401
215.000 0.481567
216.000 0.481567
217.000 0.401436
218.000 0.401436
219.000 0.403173
220.000 0.508720
221.000 0.508720
222.000 0.509663
223.000 0.510109
224.000 0.539299
225.000 0.538210
226.000 0.533783
227.000 0.476929
228.000 0.476929
229.000 0.546496
230.000 0.541916
231.000 0.541916
232.000 0.538925
233.000 0.538925
234.000 0.538925
235.000 0.538925
236.000 0.105019
237.000 0.105019
238.000 0.105019
239.000 0.105019
240.000 0.526871
241.000 0.526871
242.000 0.526871
243.000 0.509872
244.000 0.509872
245.000 0.584496
246.000 0.416985
247.000 0.510368
248.000 0.510368
249.000 0.436081
250.000 0.436081
251.000 0.586662
252.000 0.586662
253.000 0.547436
254.000 0.521553
255.000 0.521553
256.000 0.521553
257.000 0.525372
258.000 0.525902
259.000 0.509598
260.000 0.509598
261.000 0.346634
262.000 0.346634
263.000 0.443062
264.000 0.381920
265.000 0.381920
266.000 0.477684
267.000 0.477684
268.000 0.144859
269.000 0.144859
270.000 0.144859
271.000 0.510857
272.000 0.510857
273.000 0.514587
274.000 0.519539
275.000 0.519539
276.000 0.860443
277.000 0.825718
278.000 0.537682
279.000 0.537682
280.000 0.537682
281.000 0.525951
282.000 0.531775
283.000 0.535896
284.000 0.535896
285.000 0.434753
286.000 0.475204
287.000 0.475204
288.000 0.481128
289.000 0.519943
290.000 0.519943
291.000 0.475517
292.000 0.124092
293.000 0.124092
294.000 0.124092
295.000 0.124092
296.000 0.508347
297.000 0.496832
298.000 0.481136
299.000 0.475922
300.000 0.475922
301.000 0.566457
302.000 0.575272
303.000 0.435722
304.000 0.435722
305.000 0.510628
306.000 0.555161
307.000 0.555161
308.000 0.555161
309.000 0.483337
310.000 0.475105
311.000 0.475105
312.000 0.482093
313.000 0.509979
314.000 0.509979
315.000 0.509979
316.000 0.410728
317.000 0.402168
318.000 0.402168
319.000 0.402168
320.000 0.382271
321.000 0.382271
322.000 0.084152
323.000 0.084152
324.000 0.084152
325.000 0.084152
326.000 0.084152
327.000 0.084152
328.000 0.084152
329.000 0.024460
330.000 0.024460
331.000 0.024460
332.000 0.024460
333.000 0.024460
334.000 0.024460
335.000 0.024460
336.000 0.024460
337.000 0.024460
338.000 0.024460
339.000 0.024460
340.000 0.024460
341.000 0.024460
342.000 0.024460
343.000 0.520866
344.000 0.520866
345.000 0.516680
346.000 0.508949
347.000 0.508949
348.000 0.545403
349.000 0.545403
350.000 0.541710
351.000 0.541710
352.000 0.541710
353.000 0.462021
354.000 0.462021
355.000 0.440351
356.000 0.431580
357.000 0.431580
358.000 0.326660
359.000 0.326660
