0.000 0.249161
1.000 0.249161
2.000 1.427293
3.000 0.513222
4.000 0.513222
5.000 0.513222
6.000 0.453798
7.000 0.479965
8.000 0.480515
9.000 0.480515
10.000 0.480515
11.000 0.491910
12.000 0.500332
13.000 0.508755
14.000 0.517178
15.000 0.520683
16.000 0.476654
17.000 0.492294
18.000 0.492294
19.000 0.492294
20.000 0.522138
21.000 0.519444
22.000 0.516750
23.000 0.514915
24.000 0.514915
25.000 0.514626
26.000 0.514626
27.000 0.523163
28.000 0.523163
29.000 0.446198
30.000 0.446198
31.000 0.446198
32.000 0.427002
33.000 0.427002
34.000 0.427002
35.000 0.663341
36.000 0.939369
37.000 0.939369
38.000 0.402718
39.000 0.402718
40.000 0.402718
41.000 0.402718
42.000 0.417172
43.000 0.421684
44.000 0.421684
45.000 0.428075
46.000 0.472099
47.000 0.472099
48.000 0.449285
49.000 0.439751
50.000 0.512131
51.000 0.512131
52.000 0.512131
53.000 0.512131
54.000 0.512131
55.000 0.582595
56.000 0.470302
57.000 0.419106
58.000 0.419106
59.000 0.419106
60.000 0.385780
61.000 0.385780
62.000 0.385780
63.000 0.480217
64.000 0.480217
65.000 0.558571
66.000 0.558571
67.000 0.534264
68.000 0.534264
69.000 0.371178
70.000 0.371178
71.000 0.371178
72.000 0.479515
73.000 0.479515
74.000 0.428471
75.000 0.404419
76.000 0.404419
77.000 0.410820
78.000 0.479233
79.000 0.479233
80.000 0.492500
81.000 0.565994
82.000 0.512886
83.000 0.512886
84.000 0.540916
85.000 0.417801
86.000 0.417801
87.000 0.560989
88.000 0.560989
89.000 0.548790
90.000 0.548790
91.000 0.548790
92.000 0.541334
93.000 0.524994
94.000 0.524994
95.000 0.219795
96.000 0.219795
97.000 0.523987
98.000 0.523987
99.000 0.495653
100.000 0.448683
101.000 0.447823
102.000 0.482635
103.000 0.522774
104.000 0.522774
105.000 0.522774
106.000 0.522774
107.000 0.522774
108.000 0.522774
109.000 0.522774
110.000 0.522774
111.000 0.516720
112.000 0.521551
113.000 0.526382
114.000 0.531212
115.000 0.536043
116.000 0.540874
117.000 0.541924
118.000 0.541924
119.000 0.520637
120.000 0.513283
121.000 0.523499
122.000 0.480820
123.000 0.480820
124.000 0.691489
125.000 1.000778
126.000 1.000778
127.000 0.575852
128.000 0.431885
129.000 0.431885
130.000 0.555450
131.000 0.555450
132.000 0.555450
133.000 0.558975
134.000 0.558975
135.000 0.429825
136.000 0.376938
137.000 0.376938
138.000 0.376938
139.000 0.376938
140.000 0.376938
141.000 0.376938
142.000 0.376938
143.000 0.593675
144.000 0.480059
145.000 0.468712
146.000 0.468712
147.000 0.468712
148.000 0.468712
149.000 0.468712
150.000 0.451389
151.000 0.447204
152.000 0.443019
153.000 0.438833
154.000 0.437210
155.000 0.437210
156.000 0.595856
157.000 1.054417
158.000 0.569321
159.000 0.437492
160.000 0.399811
161.000 0.399811
162.000 0.532455
163.000 0.532455
164.000 0.478983
165.000 0.455864
166.000 0.455864
167.000 0.471298
168.000 0.471298
169.000 0.471298
170.000 0.520907
171.000 0.534775
172.000 0.534775
173.000 0.534075
174.000 0.530632
175.000 0.530632
176.000 0.438972
177.000 0.488129
178.000 0.488129
179.000 0.488129
180.000 0.488129
181.000 0.438330
182.000 0.438548
183.000 0.438644
184.000 0.475494
185.000 0.482841
186.000 0.522034
187.000 0.513969
188.000 0.513969
189.000 0.513969
190.000 0.513969
191.000 0.513969
192.000 0.779120
193.000 0.637489
194.000 0.637489
195.000 0.637489
196.000 0.637489
197.000 0.616010
198.000 0.583673
199.000 0.551336
200.000 0.521561
201.000 0.521561
202.000 0.408600
203.000 1.007561
204.000 0.954433
205.000 0.557747
206.000 0.557747
207.000 0.557747
208.000 0.313843
209.000 0.313843
210.000 0.313843
211.000 0.525230
212.000 0.525230
213.000 0.448898
214.000 0.448898
215.000 0.438988
216.000 0.438988
217.000 0.415236
218.000 0.394753
219.000 0.536690
220.000 0.536690
221.000 0.536690
222.000 0.536690
223.000 0.536690
224.000 0.536690
225.000 0.358505
226.000 0.358505
227.000 0.358505
228.000 0.523216
229.000 0.523216
230.000 0.503787
231.000 0.479210
232.000 0.479210
233.000 0.479210
234.000 0.467018
235.000 0.467018
236.000 0.467018
237.000 0.589934
238.000 0.737936
239.000 0.885939
240.000 1.033942
241.000 1.119408
242.000 0.446297
243.000 0.403587
244.000 0.403587
245.000 0.338379
246.000 0.338379
247.000 0.338379
248.000 0.338379
249.000 0.338379
250.000 0.466660
251.000 0.466660
252.000 0.466660
253.000 0.466660
254.000 0.466660
255.000 0.466660
256.000 0.516596
257.000 0.518332
258.000 0.520068
259.000 0.520660
260.000 0.520998
261.000 0.534874
262.000 0.448151
263.000 0.448151
264.000 0.448151
265.000 0.448151
266.000 0.547635
267.000 0.536772
268.000 0.526802
269.000 0.526802
270.000 0.533051
271.000 0.533051
272.000 0.525752
273.000 0.448807
274.000 0.448807
275.000 0.404800
276.000 0.404800
277.000 0.524269
278.000 0.524269
279.000 0.426140
280.000 0.426140
281.000 0.440430
282.000 0.494718
283.000 0.526070
284.000 0.526070
285.000 0.341362
286.000 0.341362
287.000 0.473610
288.000 0.473610
289.000 0.578461
290.000 0.578461
291.000 0.578461
292.000 0.578461
293.000 0.451921
294.000 0.458384
295.000 0.464846
296.000 0.467392
297.000 0.467392
298.000 0.467392
299.000 0.467392
300.000 0.467392
301.000 0.465990
302.000 0.470519
303.000 0.475048
304.000 0.477341
305.000 0.523659
306.000 0.853981
307.000 0.818424
308.000 0.665971
309.000 0.516861
310.000 0.516861
311.000 0.534874
312.000 0.533428
313.000 0.529434
314.000 0.544144
315.000 0.544144
316.000 0.511879
317.000 0.511879
318.000 0.546364
319.000 0.546364
320.000 0.358574
321.000 0.358574
322.000 0.358574
323.000 0.358574
324.000 0.358574
325.000 0.358574
326.000 0.358574
327.000 0.358574
328.000 0.358574
329.000 0.471356
330.000 0.453572
331.000 0.437904
332.000 0.437904
333.000 0.437904
334.000 0.437904
335.000 0.437904
336.000 0.437904
337.000 0.404457
338.000 0.404457
339.000 0.404457
340.000 0.404457
341.000 0.227989
342.000 0.227989
343.000 0.227989
344.000 0.227989
345.000 0.227989
346.000 0.227989
347.000 0.227989
348.000 0.227989
349.000 0.227989
350.000 0.227989
351.000 0.227989
352.000 0.538086
353.000 0.538727
354.000 0.539108
355.000 0.539108
356.000 0.539108
357.000 0.341896
358.000 0.341896
359.000 0.341896
