0.000 3.702942
1.000 7.817688
2.000 5.706528
3.000 9.272444
4.000 10.229881
5.000 6.085419
6.000 5.652336
7.000 5.300293
8.000 5.300293
9.000 5.300293
10.000 4.358276
11.000 4.358276
12.000 10.578224
13.000 4.638359
14.000 7.918060
15.000 7.842842
16.000 4.353958
17.000 7.456590
18.000 6.617844
19.000 6.839368
20.000 7.969048
21.000 7.343607
22.000 5.324097
23.000 5.883229
24.000 9.529485
25.000 10.242035
26.000 8.117603
27.000 8.051069
28.000 8.569172
29.000 8.780892
30.000 9.708368
31.000 9.420605
32.000 6.983663
33.000 4.546722
34.000 3.653306
35.000 3.168503
36.000 3.168503
37.000 3.396169
38.000 5.170048
39.000 6.742512
40.000 8.620644
41.000 9.866079
42.000 7.813151
43.000 6.065620
44.000 3.315834
45.000 6.876495
46.000 6.087471
47.000 5.609164
48.000 4.062325
49.000 5.809967
50.000 6.196598
51.000 5.977074
52.000 5.886354
53.000 4.109695
54.000 4.903722
55.000 6.992950
56.000 6.929558
57.000 6.002018
58.000 5.901760
59.000 4.951263
60.000 5.190936
61.000 8.503905
62.000 9.491742
63.000 10.283961
64.000 10.480771
65.000 7.515935
66.000 5.856236
67.000 5.694578
68.000 4.919541
69.000 1.546646
70.000 1.546646
71.000 1.546646
72.000 1.546646
73.000 1.546646
74.000 5.780961
75.000 4.914352
76.000 5.590280
77.000 10.372425
78.000 12.097702
79.000 3.465843
80.000 3.403763
81.000 2.688881
82.000 2.790667
83.000 4.535254
84.000 5.805732
85.000 5.556671
86.000 5.556671
87.000 4.749707
88.000 3.908545
89.000 3.244019
90.000 3.244736
91.000 5.332649
92.000 6.860909
93.000 6.319909
94.000 5.831451
95.000 4.460023
96.000 3.283234
97.000 3.283234
98.000 3.283234
99.000 4.186117
100.000 4.652809
101.000 4.081925
102.000 3.731506
103.000 3.366801
104.000 3.276123
105.000 3.190455
106.000 3.131889
107.000 2.478445
108.000 2.114845
109.000 3.341408
110.000 3.341408
111.000 2.224373
112.000 2.224373
113.000 5.284187
114.000 5.284187
115.000 1.372673
116.000 1.372673
117.000 1.372673
118.000 1.372673
119.000 1.372673
120.000 1.372673
121.000 1.372673
122.000 1.372673
123.000 5.978635
124.000 6.087418
125.000 7.747093
126.000 7.874045
127.000 8.591873
128.000 8.591873
129.000 7.565935
130.000 0.334633
131.000 0.334633
132.000 0.334633
133.000 0.334633
134.000 0.334633
135.000 0.334633
136.000 0.334633
137.000 2.676734
138.000 0.636813
139.000 0.380882
140.000 0.151245
141.000 0.151245
142.000 0.151245
143.000 3.085476
144.000 3.042346
145.000 3.380986
146.000 4.002377
147.000 3.666043
148.000 2.705705
149.000 3.828491
150.000 6.076965
151.000 6.654996
152.000 6.346185
153.000 5.358963
154.000 3.590356
155.000 2.222311
156.000 1.143021
157.000 1.207760
158.000 1.319389
159.000 1.410205
160.000 1.578274
161.000 1.534080
162.000 1.433592
163.000 1.300657
164.000 1.086839
165.000 1.227480
166.000 1.661301
167.000 1.278824
168.000 0.454422
169.000 0.908630
170.000 1.818238
171.000 2.071098
172.000 1.890456
173.000 2.031158
174.000 2.405110
175.000 2.580322
176.000 2.704463
177.000 2.700828
178.000 2.655539
179.000 2.604592
180.000 2.516929
181.000 2.531240
182.000 2.579292
183.000 2.637860
184.000 2.706322
185.000 3.307274
186.000 4.442802
187.000 5.112953
188.000 5.112953
189.000 6.426292
190.000 6.426292
191.000 4.794639
192.000 2.780281
193.000 4.417897
194.000 6.842759
195.000 6.867258
196.000 6.212200
197.000 5.343172
198.000 4.587875
199.000 6.053155
200.000 7.771828
201.000 5.235511
202.000 3.597565
203.000 3.524701
204.000 3.477264
205.000 8.802193
206.000 8.802193
207.000 3.817886
208.000 3.817886
209.000 7.906546
210.000 8.916931
211.000 8.496971
212.000 8.405365
213.000 6.736696
214.000 6.110596
215.000 8.203269
216.000 9.929092
217.000 9.744982
218.000 9.545364
219.000 6.635473
220.000 2.127434
221.000 2.119856
222.000 2.106911
223.000 1.831479
224.000 1.415543
225.000 1.253074
226.000 1.040802
227.000 1.635724
228.000 2.669752
229.000 2.972655
230.000 3.202682
231.000 3.771750
232.000 4.709625
233.000 4.280570
234.000 3.515068
235.000 2.383978
236.000 1.663139
237.000 2.122560
238.000 2.957348
239.000 3.064571
240.000 3.237874
241.000 3.145264
242.000 2.965538
243.000 3.494418
244.000 4.260948
245.000 3.330438
246.000 2.226494
247.000 2.075332
248.000 1.829918
249.000 1.873684
250.000 1.932930
251.000 1.284637
252.000 1.284637
253.000 1.410319
254.000 1.654198
255.000 2.529849
256.000 4.106269
257.000 2.402841
258.000 1.527702
259.000 1.498241
260.000 1.439123
261.000 1.400866
262.000 1.335274
263.000 1.274016
264.000 1.152315
265.000 1.094577
266.000 1.059645
267.000 1.109651
268.000 1.233327
269.000 1.350038
270.000 1.521365
271.000 1.814234
272.000 2.328070
273.000 2.534709
274.000 2.595192
275.000 2.720662
276.000 2.953750
277.000 2.676632
278.000 1.918065
279.000 2.339971
280.000 3.524984
281.000 2.129152
282.000 1.669334
283.000 2.112024
284.000 3.133591
285.000 2.796388
286.000 2.237015
287.000 2.639666
288.000 3.575316
289.000 3.613061
290.000 3.567691
291.000 3.372345
292.000 3.372345
293.000 3.372345
294.000 3.372345
295.000 7.657410
296.000 9.363461
297.000 9.454420
298.000 9.431000
299.000 7.010422
300.000 7.010422
301.000 6.058723
302.000 6.058723
303.000 6.058723
304.000 6.975711
305.000 7.107559
306.000 5.370235
307.000 4.061569
308.000 5.099770
309.000 6.300474
310.000 9.651176
311.000 8.479176
312.000 5.162224
313.000 4.185817
314.000 2.564125
315.000 3.677966
316.000 3.978897
317.000 9.467903
318.000 10.012642
319.000 7.290604
320.000 7.290604
321.000 5.421646
322.000 5.421646
323.000 4.221016
324.000 4.069397
325.000 5.232277
326.000 5.232277
327.000 4.538925
328.000 3.216602
329.000 2.193527
330.000 2.780106
331.000 2.524408
332.000 2.317986
333.000 2.841904
334.000 3.524361
335.000 4.149044
336.000 5.311584
337.000 4.968912
338.000 4.228241
339.000 2.924390
340.000 0.497490
341.000 0.497490
342.000 0.497490
343.000 1.750880
344.000 1.521118
345.000 1.541258
346.000 1.585006
347.000 2.246182
348.000 3.575730
349.000 1.025083
350.000 1.023605
351.000 1.892746
352.000 3.573212
353.000 3.370057
354.000 2.954900
355.000 2.415574
356.000 1.907181
357.000 1.992154
358.000 2.163292
359.000 2.793420
