0.000 0.175095
1.000 0.175095
2.000 0.175095
3.000 0.175095
4.000 0.175095
5.000 0.175095
6.000 0.175095
7.000 2.429039
8.000 2.429039
9.000 2.361915
10.000 2.304446
11.000 2.246978
12.000 2.366409
13.000 2.511658
14.000 2.511658
15.000 2.509964
16.000 2.509964
17.000 2.352127
18.000 2.352127
19.000 1.985245
20.000 1.985245
21.000 1.985245
22.000 2.100314
23.000 2.275726
24.000 2.497757
25.000 2.497757
26.000 2.386291
27.000 2.452599
28.000 2.452599
29.000 2.415344
30.000 2.415344
31.000 2.366676
32.000 2.392945
33.000 2.410263
34.000 2.501122
35.000 2.417248
36.000 2.374840
37.000 2.596732
38.000 2.713417
39.000 2.294449
40.000 2.294449
41.000 2.503647
42.000 2.503647
43.000 2.457787
44.000 2.457787
45.000 2.507050
46.000 2.507050
47.000 2.501045
48.000 2.501045
49.000 2.430527
50.000 2.430527
51.000 2.452682
52.000 2.452682
53.000 2.345238
54.000 2.345238
55.000 2.510735
56.000 2.510735
57.000 2.464227
58.000 2.461006
59.000 2.323662
60.000 2.323662
61.000 2.460442
62.000 2.460442
63.000 2.460527
64.000 2.466631
65.000 2.470238
66.000 2.388977
67.000 2.495476
68.000 2.495476
69.000 2.247344
70.000 2.243729
71.000 2.508232
72.000 2.508232
73.000 2.516189
74.000 2.530655
75.000 2.530655
76.000 2.482628
77.000 2.482628
78.000 2.485039
79.000 2.485039
80.000 2.485039
81.000 2.381322
82.000 2.447797
83.000 2.469719
84.000 2.501907
85.000 2.501907
86.000 2.476067
87.000 2.073517
88.000 2.073517
89.000 2.094381
90.000 2.437912
91.000 2.437912
92.000 2.437912
93.000 2.437912
94.000 2.484261
95.000 2.484261
96.000 2.484261
97.000 2.484261
98.000 2.511237
99.000 2.545213
100.000 2.571823
101.000 2.571823
102.000 2.435478
103.000 2.373306
104.000 2.373306
105.000 2.513882
106.000 2.489906
107.000 2.489906
108.000 2.353958
109.000 2.353958
110.000 2.238655
111.000 2.238655
112.000 2.392006
113.000 2.392006
114.000 2.129822
115.000 2.129822
116.000 2.129822
117.000 2.335162
118.000 2.514168
119.000 2.367622
120.000 2.510910
121.000 2.443177
122.000 2.166595
123.000 2.226234
124.000 2.340484
125.000 2.441817
126.000 2.539028
127.000 2.582520
128.000 2.582520
129.000 2.476901
130.000 2.422615
131.000 2.409515
132.000 2.408676
133.000 2.461063
134.000 2.561420
135.000 2.610335
136.000 2.643570
137.000 2.559091
138.000 2.411819
139.000 2.460163
140.000 2.507614
141.000 2.448246
142.000 2.360107
143.000 2.508830
144.000 2.583977
145.000 2.545161
146.000 2.513496
147.000 2.363792
148.000 2.363792
149.000 2.441621
150.000 2.485695
151.000 2.500705
152.000 2.513847
153.000 2.445620
154.000 2.407394
155.000 2.412958
156.000 2.419922
157.000 2.607956
158.000 2.607956
159.000 2.413914
160.000 2.317535
161.000 2.464643
162.000 2.466888
163.000 2.487437
164.000 2.526208
165.000 2.528503
166.000 2.529282
167.000 2.375217
168.000 2.334190
169.000 2.378734
170.000 2.463257
171.000 2.454627
172.000 2.419639
173.000 2.476622
174.000 2.606073
175.000 2.658905
176.000 2.658905
177.000 2.604876
178.000 2.510506
179.000 2.501602
180.000 2.501602
181.000 2.444649
182.000 2.444649
183.000 2.444649
184.000 2.322411
185.000 2.305115
186.000 2.305115
187.000 2.436264
188.000 2.436264
189.000 2.439953
190.000 2.457517
191.000 2.471649
192.000 2.471649
193.000 2.468147
194.000 2.472160
195.000 2.318291
196.000 2.318291
197.000 2.318291
198.000 2.171059
199.000 2.171059
200.000 2.171059
201.000 2.422411
202.000 2.523735
203.000 2.523735
204.000 2.495959
205.000 2.482605
206.000 2.453499
207.000 2.374557
208.000 2.374557
209.000 2.513443
210.000 2.513443
211.000 2.483318
212.000 2.454048
213.000 2.123055
214.000 2.123055
215.000 2.483368
216.000 2.483368
217.000 2.498868
218.000 2.505638
219.000 2.505638
220.000 2.388694
221.000 2.071281
222.000 2.071281
223.000 2.322405
224.000 2.475334
225.000 2.464958
226.000 2.438443
227.000 2.348740
228.000 2.348740
229.000 2.564453
230.000 2.591476
231.000 2.411842
232.000 2.411842
233.000 2.379101
234.000 2.352646
235.000 2.275764
236.000 2.275764
237.000 2.433167
238.000 2.433167
239.000 2.497065
240.000 2.516312
241.000 2.417572
242.000 2.417572
243.000 2.429146
244.000 2.451024
245.000 2.471061
246.000 2.506703
247.000 2.449364
248.000 2.449364
249.000 2.513130
250.000 2.513130
251.000 2.302208
252.000 2.302208
253.000 2.485672
254.000 2.485672
255.000 2.485672
256.000 2.389457
257.000 2.328621
258.000 2.328621
259.000 2.379616
260.000 2.491707
261.000 2.473735
262.000 2.436526
263.000 2.447786
264.000 2.477822
265.000 2.481979
266.000 2.481979
267.000 2.488503
268.000 2.488503
269.000 2.475795
270.000 2.256701
271.000 2.253395
272.000 2.253395
273.000 2.456551
274.000 2.456551
275.000 2.495726
276.000 2.489108
277.000 2.401216
278.000 2.428003
279.000 2.490827
280.000 2.564850
281.000 2.470284
282.000 2.470284
283.000 2.471069
284.000 2.471069
285.000 2.425742
286.000 2.406303
287.000 2.453674
288.000 2.453674
289.000 2.503876
290.000 2.503876
291.000 2.473816
292.000 2.473816
293.000 2.378868
294.000 2.378868
295.000 2.325439
296.000 2.325439
297.000 2.325439
298.000 2.325439
299.000 2.413800
300.000 2.510933
301.000 2.510933
302.000 2.510933
303.000 2.510933
304.000 2.510933
305.000 2.510933
306.000 2.510933
307.000 2.510933
308.000 2.282072
309.000 2.357896
310.000 2.433720
311.000 2.509544
312.000 2.545311
313.000 2.545311
314.000 2.545311
315.000 2.545311
316.000 2.545311
317.000 2.533854
318.000 2.522269
319.000 2.519783
320.000 2.519783
321.000 2.519783
322.000 2.462005
323.000 2.394660
324.000 2.327315
325.000 2.259971
326.000 2.611622
327.000 2.263100
328.000 2.450180
329.000 2.450180
330.000 2.450180
331.000 2.325005
332.000 2.325005
333.000 2.325005
334.000 2.507980
335.000 2.507980
336.000 2.494331
337.000 2.494331
338.000 2.492008
339.000 2.398170
340.000 2.398170
341.000 2.347400
342.000 2.225940
343.000 2.458534
344.000 2.353691
345.000 2.420216
346.000 2.504074
347.000 2.517454
348.000 2.537292
349.000 2.517211
350.000 2.505173
351.000 2.440530
352.000 2.371582
353.000 2.365948
354.000 2.362015
355.000 2.467764
356.000 2.505371
357.000 2.538734
358.000 2.538734
359.000 2.523319
