0.000 0.462326
1.000 0.462326
2.000 0.462326
3.000 0.462326
4.000 0.504757
5.000 0.549260
6.000 0.593762
7.000 0.610725
8.000 0.610725
9.000 0.514061
10.000 0.514061
11.000 0.502084
12.000 0.491661
13.000 0.491150
14.000 0.479117
15.000 0.467084
16.000 0.455050
17.000 0.443017
18.000 0.439812
19.000 0.439812
20.000 0.285210
21.000 0.285210
22.000 0.285210
23.000 0.485777
24.000 0.492770
25.000 0.499764
26.000 0.506758
27.000 0.508102
28.000 0.508102
29.000 0.508102
30.000 0.885857
31.000 0.885857
32.000 0.600670
33.000 0.600670
34.000 0.608157
35.000 0.618146
36.000 0.626717
37.000 0.626717
38.000 0.389999
39.000 0.389999
40.000 0.389999
41.000 0.854052
42.000 0.865700
43.000 0.820851
44.000 0.627907
45.000 0.467896
46.000 0.467896
47.000 0.467896
48.000 0.535512
49.000 0.780182
50.000 0.780182
51.000 0.490120
52.000 0.490120
53.000 0.710304
54.000 0.736829
55.000 0.858809
56.000 0.980790
57.000 1.102771
58.000 1.117508
59.000 0.575722
60.000 0.673386
61.000 0.673386
62.000 0.870049
63.000 0.867499
64.000 0.677866
65.000 0.488234
66.000 0.434479
67.000 0.434479
68.000 0.434479
69.000 0.566658
70.000 0.566658
71.000 0.566658
72.000 0.588045
73.000 0.665132
74.000 0.742218
75.000 0.816154
76.000 0.816154
77.000 0.816154
78.000 0.816154
79.000 0.937129
80.000 1.089211
81.000 1.089211
82.000 1.089411
83.000 1.103270
84.000 1.117130
85.000 1.130990
86.000 1.144849
87.000 1.158709
88.000 1.158829
89.000 0.712822
90.000 0.712822
91.000 0.712822
92.000 0.470993
93.000 0.470993
94.000 0.481167
95.000 0.543032
96.000 0.604898
97.000 0.662445
98.000 0.662445
99.000 0.662445
100.000 0.416039
101.000 0.416039
102.000 0.510511
103.000 0.838432
104.000 0.838432
105.000 0.696976
106.000 0.526020
107.000 0.355065
108.000 0.329178
109.000 0.329178
110.000 0.329178
111.000 0.329178
112.000 0.394836
113.000 0.411351
114.000 0.492126
115.000 0.572901
116.000 0.653676
117.000 0.673340
118.000 0.386177
119.000 0.386177
120.000 0.733803
121.000 0.733803
122.000 0.744041
123.000 0.744041
124.000 0.241422
125.000 0.164963
126.000 0.164963
127.000 0.164963
128.000 0.164963
129.000 0.164963
130.000 0.164963
131.000 0.164963
132.000 0.164963
133.000 0.164963
134.000 0.650383
135.000 0.712217
136.000 0.772675
137.000 0.772675
138.000 0.772675
139.000 0.772675
140.000 0.757217
141.000 0.752907
142.000 0.752907
143.000 0.752907
144.000 0.283897
145.000 0.283897
146.000 0.283897
147.000 0.283897
148.000 0.283897
149.000 0.283897
150.000 0.283897
151.000 0.939888
152.000 0.939888
153.000 0.939888
154.000 0.873976
155.000 0.711411
156.000 0.548845
157.000 0.504616
158.000 0.504616
159.000 0.504616
160.000 0.504616
161.000 0.688553
162.000 0.688553
163.000 0.688553
164.000 0.690500
165.000 0.694461
166.000 0.698423
167.000 0.702385
168.000 0.706347
169.000 0.706841
170.000 0.706841
171.000 0.706841
172.000 0.706841
173.000 0.649211
174.000 0.551774
175.000 0.473740
176.000 0.473740
177.000 0.473740
178.000 0.473740
179.000 0.473740
180.000 0.751511
181.000 0.751511
182.000 0.751511
183.000 0.761550
184.000 0.777550
185.000 0.793550
186.000 0.809549
187.000 0.815521
188.000 0.815521
189.000 0.646095
190.000 0.646095
191.000 0.646095
192.000 0.537956
193.000 0.537956
194.000 0.537956
195.000 0.437452
196.000 0.365349
197.000 0.365349
198.000 0.365349
199.000 0.365349
200.000 0.365349
201.000 0.823499
202.000 1.073853
203.000 0.790664
204.000 0.333313
205.000 0.333313
206.000 0.333313
207.000 0.333313
208.000 0.333313
209.000 1.067109
210.000 1.163651
211.000 0.546295
212.000 0.546295
213.000 0.571961
214.000 0.633741
215.000 0.695520
216.000 0.757299
217.000 0.794456
218.000 0.794456
219.000 0.794456
220.000 1.182182
221.000 1.182182
222.000 1.117668
223.000 1.117668
224.000 1.127201
225.000 1.161683
226.000 1.196166
227.000 1.230649
228.000 1.265131
229.000 1.266197
230.000 0.608788
231.000 0.608788
232.000 0.608788
233.000 0.608788
234.000 0.615743
235.000 0.628857
236.000 0.640030
237.000 0.640030
238.000 0.640030
239.000 0.640030
240.000 0.640030
241.000 0.647184
242.000 0.726279
243.000 0.805375
244.000 0.884470
245.000 0.912422
246.000 0.912422
247.000 0.912422
248.000 0.920899
249.000 1.035416
250.000 1.035416
251.000 1.035416
252.000 1.045011
253.000 1.091489
254.000 1.137967
255.000 1.184445
256.000 1.230923
257.000 1.277401
258.000 1.323878
259.000 0.611336
260.000 0.500946
261.000 0.500946
262.000 0.500946
263.000 0.573929
264.000 0.573929
265.000 0.697721
266.000 0.868128
267.000 1.038535
268.000 1.208942
269.000 1.379349
270.000 1.559792
271.000 1.220451
272.000 0.967163
273.000 0.958455
274.000 0.843031
275.000 0.727608
276.000 0.612184
277.000 0.525055
278.000 0.525055
279.000 0.525055
280.000 0.669876
281.000 0.669876
282.000 0.669876
283.000 0.971985
284.000 0.886133
285.000 0.800280
286.000 0.714428
287.000 0.628576
288.000 0.575188
289.000 0.575188
290.000 0.585747
291.000 0.585747
292.000 0.662880
293.000 0.662880
294.000 0.717311
295.000 0.800736
296.000 0.884161
297.000 0.967586
298.000 1.046448
299.000 1.046448
300.000 0.878174
301.000 1.200218
302.000 1.200218
303.000 1.961205
304.000 1.895758
305.000 1.698303
306.000 1.500847
307.000 1.303391
308.000 1.105936
309.000 0.909920
310.000 0.585663
311.000 0.828613
312.000 0.636688
313.000 0.636688
314.000 0.767264
315.000 0.898043
316.000 1.028822
317.000 1.159601
318.000 1.269691
319.000 0.847031
320.000 0.847031
321.000 1.419212
322.000 1.404816
323.000 1.398351
324.000 1.294830
325.000 1.191310
326.000 1.103226
327.000 1.103226
328.000 0.704765
329.000 0.704765
330.000 0.599274
331.000 0.599274
332.000 0.599274
333.000 0.599274
334.000 0.633977
335.000 0.714040
336.000 0.794104
337.000 0.874167
338.000 0.954231
339.000 1.034294
340.000 1.114358
341.000 1.114746
342.000 1.114746
343.000 1.111501
344.000 1.098846
345.000 1.086190
346.000 1.073535
347.000 1.060880
348.000 1.048225
349.000 1.035570
350.000 1.023293
351.000 1.023293
352.000 1.023293
353.000 1.023294
354.000 1.023324
355.000 1.023355
356.000 1.023385
357.000 1.023416
358.000 1.023446
359.000 1.023468
