0.000 1.062027
1.000 1.062027
2.000 2.022591
3.000 3.023453
4.000 2.454391
5.000 2.163589
6.000 2.747865
7.000 3.500238
8.000 4.109818
9.000 2.023552
10.000 2.822832
11.000 3.792170
12.000 4.171822
13.000 4.007710
14.000 3.791935
15.000 3.779007
16.000 4.083845
17.000 4.100624
18.000 4.035089
19.000 3.969459
20.000 3.903829
21.000 3.852272
22.000 3.852309
23.000 3.917766
24.000 3.983223
25.000 4.048680
26.000 4.055862
27.000 3.282860
28.000 3.284158
29.000 3.387512
30.000 3.490867
31.000 3.594221
32.000 3.692642
33.000 3.692642
34.000 3.583303
35.000 3.439730
36.000 3.296158
37.000 3.152585
38.000 3.009012
39.000 2.970787
40.000 2.954506
41.000 2.948601
42.000 2.996110
43.000 3.058823
44.000 3.121535
45.000 3.128851
46.000 3.497470
47.000 3.507169
48.000 3.729808
49.000 3.952447
50.000 4.132011
51.000 4.119488
52.000 4.070096
53.000 4.020705
54.000 4.004333
55.000 3.772993
56.000 3.668282
57.000 3.631778
58.000 3.583079
59.000 3.538269
60.000 3.647621
61.000 4.087556
62.000 4.087498
63.000 4.056059
64.000 4.024621
65.000 4.016198
66.000 3.949653
67.000 3.889862
68.000 3.885466
69.000 3.871910
70.000 3.917826
71.000 4.093371
72.000 4.198647
73.000 3.956132
74.000 3.713280
75.000 3.829827
76.000 4.058546
77.000 4.212563
78.000 4.126647
79.000 4.028282
80.000 3.986453
81.000 3.931456
82.000 3.820194
83.000 3.612701
84.000 3.559609
85.000 3.488915
86.000 3.446976
87.000 3.627526
88.000 3.739428
89.000 3.586341
90.000 3.454346
91.000 3.474141
92.000 3.500306
93.000 3.521095
94.000 3.794553
95.000 4.137177
96.000 4.044006
97.000 3.919871
98.000 3.833257
99.000 3.746939
100.000 3.690315
101.000 3.675534
102.000 3.667230
103.000 4.043795
104.000 4.253838
105.000 3.952314
106.000 3.837715
107.000 3.902677
108.000 3.989343
109.000 4.035334
110.000 3.631098
111.000 3.404228
112.000 2.649632
113.000 2.466370
114.000 2.906502
115.000 3.297569
116.000 3.543263
117.000 3.759552
118.000 3.902657
119.000 4.060272
120.000 3.768926
121.000 3.531342
122.000 3.630554
123.000 3.825638
124.000 4.020722
125.000 3.853951
126.000 3.229492
127.000 3.274180
128.000 3.451118
129.000 3.585259
130.000 4.039223
131.000 4.006824
132.000 3.881035
133.000 3.853240
134.000 3.933911
135.000 4.014581
136.000 4.095252
137.000 4.175923
138.000 4.169316
139.000 4.136650
140.000 4.103984
141.000 4.071317
142.000 4.038651
143.000 4.005984
144.000 3.973318
145.000 3.940651
146.000 3.921581
147.000 3.872697
148.000 3.851852
149.000 3.852660
150.000 3.853469
151.000 3.854278
152.000 3.855087
153.000 3.855896
154.000 3.856125
155.000 3.879004
156.000 3.909126
157.000 3.939247
158.000 3.969369
159.000 3.999491
160.000 4.003547
161.000 3.997818
162.000 3.975490
163.000 3.890817
164.000 3.806144
165.000 3.721471
166.000 3.512669
167.000 2.823737
168.000 2.798570
169.000 3.266067
170.000 3.733564
171.000 4.152679
172.000 4.161157
173.000 4.171249
174.000 4.062572
175.000 3.919304
176.000 3.877082
177.000 3.850302
178.000 3.901448
179.000 4.005146
180.000 4.059879
181.000 3.889565
182.000 3.802859
183.000 3.887263
184.000 3.931679
185.000 3.485024
186.000 3.457641
187.000 3.936663
188.000 3.993049
189.000 4.083809
190.000 4.084231
191.000 4.303871
192.000 4.303871
193.000 3.570747
194.000 3.570747
195.000 4.053042
196.000 4.087715
197.000 2.772827
198.000 2.772827
199.000 3.269626
200.000 3.810364
201.000 3.744792
202.000 3.636826
203.000 3.773562
204.000 4.050600
205.000 4.111471
206.000 4.156052
207.000 4.126854
208.000 3.997938
209.000 3.876404
210.000 3.867589
211.000 3.856483
212.000 3.956892
213.000 4.154329
214.000 4.155847
215.000 4.086627
216.000 4.075401
217.000 3.616317
218.000 3.599350
219.000 3.921723
220.000 4.186111
221.000 4.016353
222.000 3.824043
223.000 3.834669
224.000 3.851280
225.000 3.864855
226.000 3.896683
227.000 3.912817
228.000 3.974737
229.000 3.976960
230.000 3.855629
231.000 3.855127
232.000 3.533892
233.000 3.282166
234.000 3.314309
235.000 3.882589
236.000 4.006844
237.000 3.493981
238.000 2.980381
239.000 2.466782
240.000 2.009460
241.000 2.009460
242.000 3.057939
243.000 3.834602
244.000 3.040404
245.000 1.983675
246.000 0.926946
247.000 0.430435
248.000 0.430435
249.000 0.430435
250.000 0.430435
251.000 0.430435
252.000 0.430435
253.000 0.430435
254.000 3.756832
255.000 3.768514
256.000 3.774178
257.000 3.669561
258.000 3.601997
259.000 3.608423
260.000 3.621082
261.000 3.633741
262.000 3.646401
263.000 3.658813
264.000 3.659249
265.000 3.716899
266.000 3.723435
267.000 3.800324
268.000 3.877213
269.000 3.918541
270.000 3.755795
271.000 3.492599
272.000 3.627146
273.000 4.056183
274.000 4.056430
275.000 4.057417
276.000 4.057991
277.000 4.221777
278.000 4.351784
279.000 4.312967
280.000 4.278343
281.000 4.132113
282.000 3.938319
283.000 3.880264
284.000 3.791007
285.000 3.780273
286.000 3.950053
287.000 4.077728
288.000 3.889899
289.000 3.769890
290.000 3.814824
291.000 3.871574
292.000 3.868326
293.000 3.723053
294.000 3.724375
295.000 3.961941
296.000 4.024231
297.000 4.092682
298.000 4.092682
299.000 3.856036
300.000 3.752777
301.000 3.797732
302.000 3.840263
303.000 3.730052
304.000 3.513767
305.000 3.508865
306.000 4.019932
307.000 3.554512
308.000 4.145523
309.000 3.781670
310.000 4.326790
311.000 4.209373
312.000 3.718887
313.000 4.092216
314.000 4.097906
315.000 3.681232
316.000 4.037064
317.000 3.879097
318.000 3.879097
319.000 1.726929
320.000 1.726929
321.000 1.879013
322.000 1.879013
323.000 3.933266
324.000 3.994208
325.000 4.096880
326.000 2.756142
327.000 3.980942
328.000 3.697517
329.000 4.031647
330.000 3.718025
331.000 3.965790
332.000 3.794922
333.000 4.135498
334.000 3.253265
335.000 0.661591
336.000 0.661591
337.000 0.661591
338.000 0.661591
339.000 0.661591
340.000 0.661591
341.000 1.989784
342.000 2.725704
343.000 4.060669
344.000 4.109451
345.000 4.147965
346.000 4.036072
347.000 3.932752
348.000 3.785480
349.000 3.676501
350.000 3.460106
351.000 3.534764
352.000 3.826897
353.000 4.093918
354.000 3.551682
355.000 3.551682
356.000 3.554975
357.000 3.561478
358.000 3.567981
359.000 3.574483
