0.000 0.140732
1.000 0.140732
2.000 0.140732
3.000 0.140732
4.000 0.140732
5.000 0.140732
6.000 0.140732
7.000 0.915718
8.000 0.903069
9.000 0.328522
10.000 0.328522
11.000 0.328522
12.000 0.114891
13.000 0.114891
14.000 0.114891
15.000 0.635696
16.000 0.704774
17.000 0.718445
18.000 0.732117
19.000 0.741882
20.000 0.617294
21.000 0.617294
22.000 0.826683
23.000 0.861771
24.000 0.861771
25.000 0.861771
26.000 0.861771
27.000 0.510059
28.000 0.505923
29.000 0.501787
30.000 0.498032
31.000 0.498156
32.000 0.498399
33.000 0.498543
34.000 0.400978
35.000 0.520012
36.000 0.443604
37.000 0.664749
38.000 0.668356
39.000 0.674927
40.000 0.217804
41.000 0.217804
42.000 0.217804
43.000 0.710342
44.000 0.710342
45.000 0.710342
46.000 0.480957
47.000 0.480957
48.000 0.480957
49.000 0.486594
50.000 0.846832
51.000 0.245392
52.000 0.245392
53.000 0.245392
54.000 0.245392
55.000 0.245392
56.000 0.245392
57.000 0.776009
58.000 0.776009
59.000 0.811729
60.000 0.811729
61.000 0.811729
62.000 0.857368
63.000 0.857368
64.000 0.809380
65.000 0.809380
66.000 0.845634
67.000 0.884949
68.000 0.900536
69.000 0.900536
70.000 0.866829
71.000 0.974907
72.000 0.974907
73.000 0.726509
74.000 0.726509
75.000 0.726509
76.000 0.726509
77.000 0.745110
78.000 0.745110
79.000 0.745110
80.000 0.745110
81.000 0.534378
82.000 0.534378
83.000 0.534378
84.000 0.534378
85.000 0.545503
86.000 0.567001
87.000 0.567001
88.000 0.567001
89.000 0.567001
90.000 0.611828
91.000 0.613152
92.000 0.613152
93.000 0.811493
94.000 0.811493
95.000 1.335373
96.000 1.335373
97.000 1.148414
98.000 0.808304
99.000 0.808304
100.000 0.561104
101.000 0.561104
102.000 0.676888
103.000 0.558502
104.000 0.558502
105.000 0.653915
106.000 0.653915
107.000 0.484962
108.000 0.484962
109.000 0.484962
110.000 0.461647
111.000 0.461647
112.000 0.461647
113.000 0.492834
114.000 0.521301
115.000 0.521301
116.000 0.521301
117.000 0.694786
118.000 0.694786
119.000 0.694786
120.000 0.488533
121.000 0.488533
122.000 0.495605
123.000 0.495605
124.000 0.495605
125.000 0.754585
126.000 0.754585
127.000 0.744186
128.000 0.687706
129.000 0.687706
130.000 0.687706
131.000 0.809669
132.000 0.809669
133.000 0.934189
134.000 0.934189
135.000 0.673892
136.000 0.632057
137.000 0.632057
138.000 0.632057
139.000 0.559021
140.000 0.458436
141.000 0.448608
142.000 0.448608
143.000 0.437279
144.000 0.420746
145.000 0.420746
146.000 0.420746
147.000 0.509010
148.000 0.509010
149.000 0.880432
150.000 0.880432
151.000 0.473671
152.000 0.473671
153.000 0.473671
154.000 0.486084
155.000 0.486084
156.000 0.486084
157.000 0.173485
158.000 0.173485
159.000 0.173485
160.000 0.173485
161.000 0.603096
162.000 0.619191
163.000 1.064989
164.000 1.077896
165.000 0.466034
166.000 0.466034
167.000 0.466034
168.000 0.466034
169.000 0.715127
170.000 0.696228
171.000 0.696228
172.000 0.696228
173.000 0.703514
174.000 0.703514
175.000 0.709992
176.000 0.905674
177.000 0.907310
178.000 0.907310
179.000 0.573509
180.000 0.573509
181.000 0.573509
182.000 0.531647
183.000 0.531647
184.000 0.531647
185.000 0.432137
186.000 0.432137
187.000 0.432137
188.000 0.432137
189.000 0.472273
190.000 0.597267
191.000 0.722261
192.000 0.788605
193.000 0.788605
194.000 0.660500
195.000 0.660500
196.000 0.839516
197.000 0.839516
198.000 0.537148
199.000 0.537148
200.000 0.551243
201.000 0.588921
202.000 0.626599
203.000 0.642296
204.000 0.642296
205.000 0.634132
206.000 0.634132
207.000 0.663239
208.000 0.663239
209.000 0.474518
210.000 0.474518
211.000 0.474518
212.000 0.782417
213.000 0.782417
214.000 1.825111
215.000 1.825111
216.000 0.793777
217.000 0.793777
218.000 0.793777
219.000 0.793777
220.000 0.793777
221.000 0.849564
222.000 0.732787
223.000 0.731026
224.000 0.731026
225.000 0.731026
226.000 0.731026
227.000 0.859492
228.000 0.975586
229.000 0.975586
230.000 0.975586
231.000 0.831029
232.000 0.399284
233.000 0.399284
234.000 0.399284
235.000 0.399284
236.000 0.857292
237.000 0.857292
238.000 0.832589
239.000 0.791916
240.000 0.791916
241.000 0.766846
242.000 0.560181
243.000 0.560181
244.000 0.560181
245.000 0.405502
246.000 0.405502
247.000 0.405502
248.000 0.786934
249.000 0.786934
250.000 1.140770
251.000 1.140770
252.000 1.438927
253.000 1.438927
254.000 1.438927
255.000 0.819578
256.000 0.580879
257.000 0.580879
258.000 0.580879
259.000 0.545903
260.000 0.487228
261.000 0.458702
262.000 0.458702
263.000 0.466492
264.000 0.486176
265.000 0.486176
266.000 0.533382
267.000 0.538132
268.000 0.332108
269.000 0.332108
270.000 0.332108
271.000 0.421753
272.000 0.421753
273.000 0.430781
274.000 0.476127
275.000 0.516136
276.000 0.516136
277.000 0.649818
278.000 0.535260
279.000 0.387184
280.000 0.387184
281.000 0.382881
282.000 0.382881
283.000 0.468758
284.000 0.790939
285.000 0.790939
286.000 0.651673
287.000 0.584885
288.000 0.584885
289.000 0.460098
290.000 0.460098
291.000 0.460098
292.000 0.460098
293.000 0.346008
294.000 0.346008
295.000 0.346008
296.000 0.346008
297.000 0.346008
298.000 0.335694
299.000 0.323853
300.000 0.312011
301.000 0.300170
302.000 0.297249
303.000 0.297249
304.000 0.297249
305.000 0.593002
306.000 0.713142
307.000 0.590187
308.000 0.590187
309.000 0.838936
310.000 0.838936
311.000 0.921501
312.000 1.045135
313.000 1.045135
314.000 0.655357
315.000 0.474998
316.000 0.474998
317.000 0.474998
318.000 0.508080
319.000 0.564064
320.000 0.564064
321.000 0.564064
322.000 0.564064
323.000 0.405121
324.000 0.405121
325.000 0.405121
326.000 0.405121
327.000 0.416954
328.000 0.416954
329.000 0.416954
330.000 0.416954
331.000 0.483723
332.000 0.630936
333.000 0.630936
334.000 0.630936
335.000 0.729202
336.000 0.729202
337.000 0.729202
338.000 0.458672
339.000 0.458672
340.000 0.458672
341.000 0.523193
342.000 0.523193
343.000 0.528768
344.000 0.594604
345.000 0.594604
346.000 0.641975
347.000 0.641975
348.000 0.570061
349.000 0.570061
350.000 0.513878
351.000 0.513878
352.000 0.571526
353.000 0.571526
354.000 0.571526
355.000 0.532981
356.000 0.424187
357.000 0.424187
358.000 0.424187
359.000 0.424187
