0.000 0.177078
1.000 0.177078
2.000 0.177078
3.000 0.177078
4.000 0.177078
5.000 0.177078
6.000 2.451385
7.000 2.282485
8.000 2.385385
9.000 2.482079
10.000 2.402435
11.000 2.403984
12.000 2.401962
13.000 2.448946
14.000 2.288493
15.000 2.427620
16.000 2.386344
17.000 2.420807
18.000 2.354713
19.000 2.435684
20.000 2.232002
21.000 2.232002
22.000 2.232002
23.000 2.126688
24.000 2.053055
25.000 2.053055
26.000 2.459236
27.000 2.459236
28.000 2.445760
29.000 2.441566
30.000 2.441566
31.000 2.237488
32.000 2.237488
33.000 2.237488
34.000 2.230272
35.000 2.204894
36.000 2.201653
37.000 2.258469
38.000 2.258469
39.000 2.320733
40.000 2.464897
41.000 2.420380
42.000 2.420380
43.000 2.420380
44.000 2.499950
45.000 2.501325
46.000 2.502700
47.000 2.503105
48.000 2.272247
49.000 2.261080
50.000 2.256294
51.000 2.418007
52.000 2.408684
53.000 2.369194
54.000 2.369194
55.000 2.382060
56.000 2.427956
57.000 2.456711
58.000 2.476395
59.000 2.476395
60.000 2.232895
61.000 2.232895
62.000 2.232895
63.000 2.256305
64.000 2.292751
65.000 2.307350
66.000 2.470749
67.000 2.470749
68.000 2.478516
69.000 2.478516
70.000 2.454333
71.000 2.135704
72.000 2.135704
73.000 2.227951
74.000 2.488678
75.000 2.273232
76.000 2.457268
77.000 2.457268
78.000 2.457268
79.000 2.399356
80.000 2.374710
81.000 2.438957
82.000 2.438957
83.000 2.321644
84.000 2.290833
85.000 2.403954
86.000 2.322617
87.000 2.322617
88.000 2.398560
89.000 2.398560
90.000 2.366881
91.000 2.303520
92.000 2.303520
93.000 2.303520
94.000 2.303520
95.000 2.248884
96.000 2.203262
97.000 2.203262
98.000 2.401566
99.000 2.401566
100.000 2.401566
101.000 2.292697
102.000 2.152643
103.000 2.151733
104.000 2.151733
105.000 2.108047
106.000 2.108047
107.000 2.108047
108.000 2.185571
109.000 2.389399
110.000 2.403145
111.000 2.003799
112.000 2.227119
113.000 2.227119
114.000 2.323013
115.000 2.392242
116.000 2.392242
117.000 2.135536
118.000 2.135536
119.000 2.135536
120.000 2.235481
121.000 2.235481
122.000 2.235481
123.000 2.319196
124.000 2.413902
125.000 2.188110
126.000 2.188110
127.000 2.281906
128.000 2.281906
129.000 2.333328
130.000 2.333328
131.000 2.333328
132.000 2.291013
133.000 2.214668
134.000 2.214668
135.000 2.250694
136.000 2.250694
137.000 2.275185
138.000 2.275185
139.000 2.348934
140.000 2.366425
141.000 2.366425
142.000 2.106117
143.000 2.106117
144.000 2.106117
145.000 2.349782
146.000 2.364345
147.000 2.371925
148.000 2.371925
149.000 2.346107
150.000 2.346107
151.000 2.333794
152.000 2.409348
153.000 2.394180
154.000 2.341156
155.000 2.341156
156.000 2.427490
157.000 2.427490
158.000 2.427490
159.000 2.132590
160.000 2.132271
161.000 2.402237
162.000 2.402237
163.000 2.408768
164.000 2.408768
165.000 2.390371
166.000 2.314522
167.000 2.314522
168.000 2.446533
169.000 2.360664
170.000 2.237267
171.000 2.237267
172.000 2.237267
173.000 2.313130
174.000 2.253830
175.000 2.253830
176.000 2.253830
177.000 2.205383
178.000 2.205383
179.000 2.441422
180.000 2.396959
181.000 2.328911
182.000 2.328911
183.000 2.514305
184.000 2.514305
185.000 2.514305
186.000 2.380310
187.000 2.380310
188.000 2.380310
189.000 2.448269
190.000 2.473717
191.000 2.504036
192.000 1.997620
193.000 1.997620
194.000 2.193940
195.000 2.516144
196.000 2.516144
197.000 2.467461
198.000 2.467461
199.000 2.476067
200.000 2.204163
201.000 2.204163
202.000 2.282471
203.000 2.284271
204.000 2.488724
205.000 2.488724
206.000 2.488724
207.000 2.488724
208.000 2.042887
209.000 2.247529
210.000 2.432312
211.000 2.432312
212.000 2.437190
213.000 2.476227
214.000 2.476227
215.000 2.169266
216.000 2.169266
217.000 2.467339
218.000 2.467339
219.000 2.342300
220.000 2.342300
221.000 2.456215
222.000 2.456215
223.000 2.387398
224.000 2.387398
225.000 2.387398
226.000 2.351791
227.000 2.304526
228.000 2.257261
229.000 2.397041
230.000 2.333076
231.000 2.333076
232.000 2.536224
233.000 2.536224
234.000 2.536224
235.000 2.517377
236.000 2.476701
237.000 2.456123
238.000 2.404144
239.000 2.478073
240.000 2.469579
241.000 2.452675
242.000 2.452675
243.000 2.465766
244.000 2.501251
245.000 2.501251
246.000 2.476189
247.000 2.476189
248.000 2.358070
249.000 2.358070
250.000 2.384449
251.000 2.448853
252.000 2.448853
253.000 2.529015
254.000 2.174179
255.000 2.174179
256.000 2.148708
257.000 2.092865
258.000 2.463112
259.000 2.463112
260.000 2.257706
261.000 2.257706
262.000 2.414856
263.000 2.414856
264.000 2.414856
265.000 2.427631
266.000 2.435623
267.000 2.435623
268.000 2.284058
269.000 2.276401
270.000 2.263657
271.000 2.263657
272.000 2.282327
273.000 2.294754
274.000 2.172859
275.000 2.322144
276.000 2.322144
277.000 2.182732
278.000 2.182732
279.000 2.182732
280.000 2.182732
281.000 2.349938
282.000 2.347748
283.000 2.347748
284.000 2.347748
285.000 2.293022
286.000 2.237114
287.000 2.297523
288.000 2.250687
289.000 2.250687
290.000 2.328117
291.000 2.328117
292.000 2.343305
293.000 2.406237
294.000 2.421181
295.000 2.240486
296.000 2.240486
297.000 2.240486
298.000 2.415886
299.000 2.415886
300.000 2.415886
301.000 2.396736
302.000 2.342691
303.000 2.288646
304.000 2.274460
305.000 2.292114
306.000 2.294068
307.000 2.463173
308.000 2.254143
309.000 2.254143
310.000 2.366896
311.000 2.453377
312.000 2.453377
313.000 2.333806
314.000 2.358574
315.000 2.136902
316.000 2.136902
317.000 2.136902
318.000 2.136902
319.000 2.378474
320.000 2.369568
321.000 2.360662
322.000 2.353363
323.000 2.374954
324.000 2.374954
325.000 2.242065
326.000 2.242065
327.000 2.424717
328.000 2.432457
329.000 2.432457
330.000 2.418648
331.000 2.270493
332.000 2.270493
333.000 2.493009
334.000 2.503876
335.000 2.353645
336.000 2.608574
337.000 2.608574
338.000 2.608574
339.000 2.608574
340.000 2.479486
341.000 2.467575
342.000 2.467575
343.000 2.467575
344.000 2.467575
345.000 2.467575
346.000 2.405255
347.000 2.326996
348.000 2.292534
349.000 2.292534
350.000 2.292534
351.000 2.396912
352.000 2.530838
353.000 2.530838
354.000 2.491665
355.000 2.517204
356.000 2.517204
357.000 2.416113
358.000 2.288940
359.000 2.461494
