0.000 7.199677
1.000 7.199677
2.000 4.282547
3.000 4.282547
4.000 5.127283
5.000 5.672249
6.000 3.471390
7.000 3.471390
8.000 4.612024
9.000 5.753510
10.000 5.633215
11.000 5.485375
12.000 4.816197
13.000 4.406410
14.000 5.075813
15.000 5.075813
16.000 5.308290
17.000 5.388550
18.000 6.173255
19.000 6.792534
20.000 6.843631
21.000 6.936340
22.000 6.564790
23.000 6.100162
24.000 5.624459
25.000 4.983551
26.000 6.179229
27.000 7.681951
28.000 6.841569
29.000 4.613231
30.000 3.679378
31.000 2.570091
32.000 3.744340
33.000 5.821625
34.000 5.053243
35.000 4.706062
36.000 4.636772
37.000 4.621078
38.000 5.473723
39.000 6.180168
40.000 4.569883
41.000 4.229904
42.000 4.755107
43.000 5.210884
44.000 5.369503
45.000 5.475281
46.000 5.437351
47.000 5.409637
48.000 5.548519
49.000 5.622871
50.000 3.490601
51.000 3.490601
52.000 4.474662
53.000 5.616272
54.000 5.394425
55.000 5.336639
56.000 4.826516
57.000 4.660072
58.000 4.525219
59.000 4.478584
60.000 4.949394
61.000 5.111313
62.000 4.902616
63.000 4.793480
64.000 5.582965
65.000 6.624039
66.000 4.957861
67.000 3.886986
68.000 4.621551
69.000 5.380051
70.000 5.417915
71.000 5.459282
72.000 5.229116
73.000 5.039001
74.000 4.719662
75.000 4.555618
76.000 4.085763
77.000 3.813995
78.000 4.237259
79.000 4.595398
80.000 3.105804
81.000 3.105804
82.000 5.329606
83.000 5.526802
84.000 6.360274
85.000 6.437981
86.000 6.060476
87.000 5.795540
88.000 7.241318
89.000 7.241318
90.000 3.320374
91.000 3.320374
92.000 3.320374
93.000 4.682941
94.000 6.036812
95.000 5.092941
96.000 4.880659
97.000 4.550087
98.000 5.976126
99.000 6.308586
100.000 4.618248
101.000 4.618248
102.000 5.722023
103.000 5.722023
104.000 3.970408
105.000 3.655212
106.000 3.775333
107.000 3.840820
108.000 4.976872
109.000 6.509033
110.000 6.264659
111.000 5.901047
112.000 5.174801
113.000 4.274933
114.000 4.634133
115.000 5.008415
116.000 5.699052
117.000 6.735886
118.000 4.547112
119.000 4.547112
120.000 4.889911
121.000 5.060928
122.000 5.520699
123.000 5.899132
124.000 4.835011
125.000 4.597740
126.000 4.342002
127.000 4.302109
128.000 4.552727
129.000 4.673981
130.000 3.170883
131.000 3.170883
132.000 4.391056
133.000 5.649612
134.000 3.367645
135.000 3.367645
136.000 4.862072
137.000 6.741722
138.000 5.574788
139.000 3.695328
140.000 3.576066
141.000 3.370415
142.000 1.582825
143.000 1.582825
144.000 1.582825
145.000 1.582825
146.000 3.665798
147.000 4.404022
148.000 4.404022
149.000 3.075836
150.000 2.357666
151.000 2.357666
152.000 1.884063
153.000 1.575737
154.000 1.575737
155.000 1.575737
156.000 3.799806
157.000 3.903655
158.000 3.949127
159.000 3.461861
160.000 2.409550
161.000 1.716309
162.000 2.013856
163.000 2.474800
164.000 1.879593
165.000 1.879593
166.000 1.735374
167.000 1.735374
168.000 2.401581
169.000 3.126732
170.000 4.370691
171.000 6.637901
172.000 6.628271
173.000 6.539610
174.000 5.822033
175.000 4.547074
176.000 4.167039
177.000 4.180824
178.000 4.152077
179.000 4.113304
180.000 4.199493
181.000 4.240891
182.000 5.347299
183.000 6.880257
184.000 6.063953
185.000 5.283638
186.000 4.952597
187.000 4.698784
188.000 6.111795
189.000 8.349594
190.000 8.349529
191.000 8.349408
192.000 8.000181
193.000 7.492989
194.000 6.425748
195.000 5.312607
196.000 5.095113
197.000 4.931358
198.000 5.122499
199.000 5.288971
200.000 5.376386
201.000 5.471741
202.000 5.559953
203.000 5.662003
204.000 4.478640
205.000 4.104431
206.000 4.728607
207.000 5.529465
208.000 5.289078
209.000 5.071770
210.000 5.282392
211.000 5.497437
212.000 5.630596
213.000 5.718735
214.000 6.573045
215.000 6.969704
216.000 6.983783
217.000 6.984161
218.000 5.063324
219.000 5.063324
220.000 4.678886
221.000 4.678886
222.000 4.799300
223.000 5.147514
224.000 5.271060
225.000 5.365028
226.000 3.532074
227.000 3.532074
228.000 4.623901
229.000 4.623901
230.000 3.532280
231.000 3.532280
232.000 4.273282
233.000 5.688287
234.000 5.792221
235.000 4.382355
236.000 4.814190
237.000 5.337898
238.000 5.278023
239.000 5.218018
240.000 5.433867
241.000 5.684326
242.000 5.197543
243.000 4.468834
244.000 4.826586
245.000 5.186111
246.000 3.166664
247.000 3.166664
248.000 4.435248
249.000 5.445648
250.000 5.304782
251.000 5.182220
252.000 5.395469
253.000 5.644852
254.000 5.607776
255.000 5.548920
256.000 3.602615
257.000 3.602615
258.000 4.202237
259.000 4.848343
260.000 4.903679
261.000 4.979820
262.000 5.267928
263.000 5.553268
264.000 5.130005
265.000 4.857864
266.000 4.009529
267.000 4.009529
268.000 5.518745
269.000 5.518745
270.000 5.865351
271.000 6.398125
272.000 3.116516
273.000 3.116516
274.000 2.945770
275.000 2.945770
276.000 3.468010
277.000 3.818260
278.000 4.451810
279.000 6.491524
280.000 2.947372
281.000 2.947372
282.000 3.554641
283.000 4.823776
284.000 4.299763
285.000 3.741776
286.000 3.755499
287.000 3.771530
288.000 3.943698
289.000 4.407822
290.000 3.662987
291.000 3.170715
292.000 3.755297
293.000 5.752680
294.000 2.785400
295.000 2.785400
296.000 3.528812
297.000 3.989532
298.000 4.245423
299.000 4.664886
300.000 3.494853
301.000 3.345886
302.000 4.032571
303.000 5.907845
304.000 5.802361
305.000 5.557930
306.000 4.047838
307.000 3.917801
308.000 4.752166
309.000 5.953323
310.000 5.791249
311.000 5.384239
312.000 5.558941
313.000 6.128754
314.000 5.364379
315.000 4.182541
316.000 2.757233
317.000 2.757233
318.000 3.341736
319.000 5.610119
320.000 6.119821
321.000 5.933272
322.000 5.258828
323.000 3.842255
324.000 4.127887
325.000 5.049545
326.000 5.288933
327.000 6.112494
328.000 5.529202
329.000 4.483246
330.000 4.662264
331.000 5.187439
332.000 4.429397
333.000 3.464485
334.000 3.621423
335.000 3.789391
336.000 4.243404
337.000 5.535095
338.000 5.001119
339.000 4.074280
340.000 4.423252
341.000 5.157089
342.000 5.371173
343.000 6.110226
344.000 6.186014
345.000 5.527786
346.000 5.554558
347.000 5.630035
348.000 5.566707
349.000 5.341316
350.000 5.324699
351.000 5.263534
352.000 5.119924
353.000 4.694788
354.000 4.964641
355.000 5.868591
356.000 4.565914
357.000 3.520256
358.000 4.052091
359.000 5.490768
