0.000 0.240486
1.000 0.240486
2.000 0.240486
3.000 2.556244
4.000 1.701149
5.000 3.174538
6.000 3.174538
7.000 2.561339
8.000 2.093697
9.000 1.492152
10.000 0.580711
11.000 0.580711
12.000 0.580711
13.000 2.143822
14.000 1.932435
15.000 1.761805
16.000 1.355492
17.000 1.578594
18.000 1.632331
19.000 1.297954
20.000 1.208498
21.000 1.073007
22.000 0.982971
23.000 0.982971
24.000 1.213749
25.000 2.166946
26.000 2.339965
27.000 2.145311
28.000 2.121978
29.000 2.184456
30.000 2.294321
31.000 2.748106
32.000 2.993690
33.000 2.993690
34.000 3.001557
35.000 3.044751
36.000 3.053180
37.000 3.002517
38.000 2.974403
39.000 2.974403
40.000 1.671093
41.000 0.246353
42.000 0.540777
43.000 1.727450
44.000 2.416428
45.000 2.558340
46.000 2.579849
47.000 2.395514
48.000 2.379081
49.000 2.602262
50.000 2.686231
51.000 2.891901
52.000 2.946376
53.000 3.069401
54.000 3.052512
55.000 2.923986
56.000 3.008150
57.000 3.455767
58.000 3.752524
59.000 4.808716
60.000 4.808716
61.000 3.041152
62.000 1.255931
63.000 0.629641
64.000 1.098911
65.000 1.890983
66.000 2.447571
67.000 2.447571
68.000 2.447571
69.000 2.447571
70.000 2.447571
71.000 2.447571
72.000 2.447571
73.000 2.447571
74.000 2.447571
75.000 2.447571
76.000 2.447429
77.000 1.143423
78.000 0.081215
79.000 0.081215
80.000 0.081215
81.000 0.965823
82.000 0.440215
83.000 0.179716
84.000 0.249573
85.000 0.422578
86.000 0.568733
87.000 0.609996
88.000 0.618195
89.000 0.898203
90.000 1.001709
91.000 1.001416
92.000 1.001305
93.000 2.278671
94.000 2.160361
95.000 1.675701
96.000 1.581821
97.000 2.708770
98.000 3.488304
99.000 3.488304
100.000 3.520706
101.000 3.659113
102.000 3.682146
103.000 3.597134
104.000 3.647477
105.000 4.000570
106.000 4.155703
107.000 4.092701
108.000 4.049728
109.000 3.983728
110.000 3.959028
111.000 3.920675
112.000 3.382270
113.000 1.125321
114.000 0.610152
115.000 0.703063
116.000 1.188317
117.000 3.165852
118.000 4.219315
119.000 4.219315
120.000 4.219315
121.000 4.219315
122.000 4.219315
123.000 4.219315
124.000 4.219315
125.000 4.367170
126.000 4.569405
127.000 2.536709
128.000 0.133507
129.000 0.133507
130.000 0.133507
131.000 0.133507
132.000 0.133507
133.000 0.133507
134.000 0.306572
135.000 0.306572
136.000 1.163614
137.000 1.547238
138.000 0.384895
139.000 0.384895
140.000 0.384895
141.000 1.936189
142.000 0.208450
143.000 0.208450
144.000 0.208450
145.000 1.480072
146.000 0.623016
147.000 0.353073
148.000 0.353073
149.000 0.215866
150.000 0.604868
151.000 0.432335
152.000 0.241394
153.000 0.241394
154.000 0.241394
155.000 1.654982
156.000 2.485055
157.000 2.354052
158.000 1.143331
159.000 0.516594
160.000 0.623877
161.000 0.722778
162.000 0.904837
163.000 1.090402
164.000 1.104272
165.000 1.115814
166.000 0.367752
167.000 0.572318
168.000 1.203481
169.000 1.462685
170.000 1.462685
171.000 1.501619
172.000 1.584261
173.000 1.620621
174.000 1.620621
175.000 1.414930
176.000 0.992663
177.000 0.848671
178.000 0.848671
179.000 0.829129
180.000 0.787823
181.000 0.784737
182.000 0.784737
183.000 0.863311
184.000 1.054905
185.000 1.037781
186.000 0.531666
187.000 0.407333
188.000 0.407333
189.000 0.581942
190.000 0.994623
191.000 1.131622
192.000 1.131622
193.000 1.111990
194.000 1.104813
195.000 1.344023
196.000 1.720215
197.000 1.371299
198.000 0.740585
199.000 0.581421
200.000 0.316368
201.000 0.316368
202.000 0.316368
203.000 0.337845
204.000 0.337845
205.000 0.417000
206.000 0.417000
207.000 0.868419
208.000 1.988264
209.000 2.054203
210.000 2.119698
211.000 2.220490
212.000 2.422434
213.000 2.235252
214.000 1.794474
215.000 1.700500
216.000 1.700500
217.000 1.895156
218.000 2.289109
219.000 2.443123
220.000 2.443123
221.000 2.443123
222.000 2.443123
223.000 1.955360
224.000 0.890630
225.000 1.253417
226.000 2.150222
227.000 2.147693
228.000 1.438953
229.000 1.712956
230.000 2.380037
231.000 2.581474
232.000 2.581474
233.000 2.578588
234.000 2.572614
235.000 2.582116
236.000 2.603645
237.000 2.668200
238.000 2.800999
239.000 3.015045
240.000 3.425119
241.000 2.839168
242.000 1.927155
243.000 1.832744
244.000 1.695396
245.000 2.926089
246.000 3.054283
247.000 2.766738
248.000 2.262543
249.000 2.262543
250.000 2.262543
251.000 2.684293
252.000 2.268195
253.000 2.068611
254.000 3.880577
255.000 3.315153
256.000 2.487854
257.000 2.157387
258.000 1.399623
259.000 1.048791
260.000 0.903716
261.000 0.891590
262.000 0.930959
263.000 0.960187
264.000 1.061906
265.000 1.093322
266.000 1.132546
267.000 0.943366
268.000 0.254845
269.000 0.254845
270.000 0.361644
271.000 0.839835
272.000 0.686582
273.000 0.709183
274.000 0.989906
275.000 1.116341
276.000 1.116341
277.000 1.116341
278.000 1.116341
279.000 1.035599
280.000 0.661985
281.000 0.538886
282.000 0.625031
283.000 0.745796
284.000 1.177069
285.000 1.377046
286.000 0.023109
287.000 0.023109
288.000 0.023109
289.000 0.023109
290.000 0.023109
291.000 0.023109
292.000 0.804327
293.000 0.453570
294.000 0.513725
295.000 0.642319
296.000 0.642319
297.000 0.950806
298.000 1.382518
299.000 1.568331
300.000 1.671435
301.000 1.616232
302.000 1.441784
303.000 1.313126
304.000 1.313126
305.000 1.455785
306.000 2.045018
307.000 2.185008
308.000 2.022119
309.000 1.904991
310.000 1.904991
311.000 1.918842
312.000 1.973348
313.000 1.982351
314.000 1.877900
315.000 1.800246
316.000 1.617463
317.000 1.626196
318.000 1.750128
319.000 1.764285
320.000 1.636373
321.000 1.645706
322.000 1.744972
323.000 1.543712
324.000 0.896683
325.000 1.366341
326.000 2.888321
327.000 2.768469
328.000 2.277494
329.000 1.786518
330.000 1.295543
331.000 2.858597
332.000 2.858546
333.000 2.858513
334.000 2.858513
335.000 2.854605
336.000 2.838663
337.000 2.596988
338.000 1.652356
339.000 1.273754
340.000 1.534398
341.000 1.712463
342.000 1.712463
343.000 1.712463
344.000 1.712463
345.000 1.712463
346.000 1.712463
347.000 1.712463
348.000 1.712463
349.000 1.820039
350.000 2.257144
351.000 2.327935
352.000 1.654708
353.000 1.397286
354.000 1.638615
355.000 1.778954
356.000 1.778954
357.000 1.446640
358.000 0.795021
359.000 0.999141
