0.000 0.070702
1.000 0.070702
2.000 0.070702
3.000 0.070702
4.000 0.070702
5.000 2.889153
6.000 3.193214
7.000 3.731545
8.000 3.944916
9.000 3.022835
10.000 3.022835
11.000 3.156334
12.000 3.156334
13.000 3.156334
14.000 4.696622
15.000 5.687325
16.000 5.687325
17.000 0.605392
18.000 0.605392
19.000 0.605392
20.000 0.605392
21.000 0.605392
22.000 0.718155
23.000 0.718155
24.000 4.399109
25.000 3.213715
26.000 3.213715
27.000 3.213715
28.000 3.284058
29.000 3.284058
30.000 2.934395
31.000 2.934395
32.000 3.275414
33.000 3.275414
34.000 3.275414
35.000 3.275414
36.000 3.275414
37.000 3.634276
38.000 3.729843
39.000 3.825411
40.000 3.916702
41.000 3.916702
42.000 3.884796
43.000 3.822533
44.000 3.702225
45.000 5.469215
46.000 4.120461
47.000 4.060463
48.000 4.060463
49.000 4.438614
50.000 4.438614
51.000 7.830055
52.000 4.764885
53.000 4.764885
54.000 4.764885
55.000 5.334652
56.000 5.681671
57.000 5.681671
58.000 4.386681
59.000 4.386681
60.000 4.394992
61.000 4.427708
62.000 4.434547
63.000 7.248674
64.000 5.693398
65.000 5.166473
66.000 5.166473
67.000 4.856789
68.000 4.856789
69.000 4.801062
70.000 4.629654
71.000 4.725708
72.000 4.865044
73.000 4.844213
74.000 4.827873
75.000 7.661766
76.000 4.420059
77.000 4.276749
78.000 6.040634
79.000 6.040634
80.000 4.913353
81.000 4.913353
82.000 4.758629
83.000 5.079933
84.000 5.079933
85.000 5.318938
86.000 5.609337
87.000 5.610374
88.000 5.610374
89.000 5.432524
90.000 5.161009
91.000 4.889494
92.000 4.079836
93.000 4.530434
94.000 4.530434
95.000 4.216713
96.000 4.216713
97.000 4.216713
98.000 4.737328
99.000 4.737328
100.000 4.737328
101.000 4.737328
102.000 5.563217
103.000 5.563217
104.000 5.563217
105.000 5.563217
106.000 5.563217
107.000 4.031875
108.000 2.180256
109.000 0.534065
110.000 0.534065
111.000 0.534065
112.000 0.534065
113.000 0.534065
114.000 0.534065
115.000 0.534065
116.000 0.534065
117.000 0.534065
118.000 0.534065
119.000 0.534065
120.000 0.534065
121.000 0.534065
122.000 0.534065
123.000 1.490463
124.000 1.490463
125.000 4.389252
126.000 4.484791
127.000 4.508797
128.000 4.396759
129.000 3.468491
130.000 3.468491
131.000 4.080269
132.000 4.080269
133.000 3.560371
134.000 3.560371
135.000 3.437119
136.000 3.437119
137.000 1.838623
138.000 1.838623
139.000 2.220303
140.000 4.476601
141.000 4.370018
142.000 3.948891
143.000 5.280151
144.000 3.172769
145.000 2.901222
146.000 2.901222
147.000 2.901222
148.000 2.901222
149.000 4.635353
150.000 4.635353
151.000 4.354050
152.000 4.354050
153.000 4.354050
154.000 4.275085
155.000 4.275085
156.000 4.275085
157.000 3.125755
158.000 3.125755
159.000 3.125755
160.000 3.818950
161.000 4.028008
162.000 4.028008
163.000 4.250754
164.000 4.784035
165.000 4.784035
166.000 4.317940
167.000 4.317940
168.000 3.821365
169.000 3.821365
170.000 4.176216
171.000 4.176216
172.000 4.263547
173.000 4.664513
174.000 4.664513
175.000 4.558029
176.000 5.377029
177.000 4.450569
178.000 4.636696
179.000 4.636696
180.000 4.453575
181.000 4.453575
182.000 4.891479
183.000 4.830893
184.000 4.533943
185.000 3.565895
186.000 3.565895
187.000 3.274544
188.000 3.274544
189.000 3.925346
190.000 3.950806
191.000 3.950806
192.000 1.433510
193.000 1.433510
194.000 1.433510
195.000 1.433510
196.000 1.433510
197.000 1.433510
198.000 1.433510
199.000 4.506024
200.000 4.381683
201.000 4.381683
202.000 4.381683
203.000 4.563576
204.000 4.563576
205.000 1.592079
206.000 1.592079
207.000 1.592079
208.000 4.673111
209.000 3.061859
210.000 3.061859
211.000 4.251694
212.000 4.251694
213.000 4.292030
214.000 4.292030
215.000 3.560654
216.000 3.560654
217.000 3.302422
218.000 3.302422
219.000 4.283905
220.000 4.087161
221.000 3.781876
222.000 4.372749
223.000 4.771767
224.000 4.771767
225.000 4.277906
226.000 4.181435
227.000 4.181435
228.000 3.453806
229.000 3.424919
230.000 3.424919
231.000 5.396942
232.000 5.389847
233.000 5.146721
234.000 5.146721
235.000 4.820328
236.000 4.297234
237.000 4.297234
238.000 4.054688
239.000 4.121727
240.000 4.501152
241.000 4.501152
242.000 3.967102
243.000 3.967102
244.000 4.324265
245.000 4.324265
246.000 4.588939
247.000 5.042198
248.000 5.042198
249.000 5.011925
250.000 4.632529
251.000 4.350983
252.000 4.350983
253.000 3.601776
254.000 3.601776
255.000 3.772774
256.000 3.985970
257.000 3.985970
258.000 3.984337
259.000 3.984337
260.000 4.163145
261.000 4.168091
262.000 0.927773
263.000 0.927773
264.000 0.927773
265.000 0.927773
266.000 0.927773
267.000 0.927773
268.000 0.927773
269.000 0.927773
270.000 0.927773
271.000 0.927773
272.000 4.687767
273.000 4.687767
274.000 4.736754
275.000 5.072213
276.000 5.153633
277.000 5.153633
278.000 5.153633
279.000 5.098247
280.000 4.754297
281.000 4.659546
282.000 4.659546
283.000 4.659546
284.000 4.720776
285.000 4.783381
286.000 4.751901
287.000 3.711296
288.000 3.607666
289.000 4.751251
290.000 4.751251
291.000 4.043282
292.000 4.043282
293.000 4.043282
294.000 4.523598
295.000 4.523598
296.000 4.523598
297.000 5.677872
298.000 5.677872
299.000 4.596260
300.000 4.596260
301.000 4.169769
302.000 4.169769
303.000 4.169769
304.000 4.372568
305.000 4.546349
306.000 4.546349
307.000 3.657654
308.000 3.657654
309.000 3.982384
310.000 3.982384
311.000 4.164215
312.000 4.053040
313.000 4.053040
314.000 4.730290
315.000 5.924980
316.000 4.084846
317.000 2.604057
318.000 2.604057
319.000 3.346314
320.000 3.422920
321.000 3.976898
322.000 3.248276
323.000 3.703384
324.000 4.248848
325.000 4.248848
326.000 4.040230
327.000 4.040230
328.000 4.040230
329.000 3.806381
330.000 3.806381
331.000 4.148826
332.000 4.457390
333.000 4.457390
334.000 4.858200
335.000 4.858200
336.000 3.291176
337.000 3.291176
338.000 3.373513
339.000 3.571472
340.000 3.571472
341.000 4.694936
342.000 5.263641
343.000 4.235847
344.000 4.235847
345.000 3.914665
346.000 3.914665
347.000 4.035006
348.000 4.612152
349.000 4.612152
350.000 4.686783
351.000 4.686783
352.000 3.000801
353.000 3.000801
354.000 3.000801
355.000 3.000801
356.000 4.530760
357.000 4.643582
358.000 4.756404
359.000 4.781799
