0.000 0.127892
1.000 0.127892
2.000 0.127892
3.000 0.127892
4.000 0.629537
5.000 2.910645
6.000 2.910645
7.000 4.632385
8.000 4.305801
9.000 4.862320
10.000 4.862320
11.000 4.318008
12.000 4.318008
13.000 4.865082
14.000 4.847727
15.000 4.792091
16.000 4.792091
17.000 4.737862
18.000 4.737862
19.000 4.835518
20.000 4.835518
21.000 4.846006
22.000 4.861862
23.000 4.861862
24.000 4.536018
25.000 4.536018
26.000 4.928085
27.000 4.928085
28.000 4.427403
29.000 4.408371
30.000 4.635368
31.000 4.635368
32.000 4.615176
33.000 4.612030
34.000 4.871529
35.000 4.380637
36.000 4.735151
37.000 4.637650
38.000 4.245518
39.000 4.358380
40.000 4.861221
41.000 4.783041
42.000 4.600535
43.000 4.625256
44.000 4.698415
45.000 4.767427
46.000 4.933510
47.000 4.793775
48.000 4.620544
49.000 4.669557
50.000 4.740952
51.000 4.578369
52.000 4.578369
53.000 4.511237
54.000 4.484329
55.000 4.639222
56.000 4.838379
57.000 4.858720
58.000 4.877304
59.000 4.708992
60.000 4.708992
61.000 4.559425
62.000 4.559425
63.000 4.557661
64.000 4.555000
65.000 4.555000
66.000 4.461510
67.000 4.510448
68.000 4.724640
69.000 4.724640
70.000 4.669730
71.000 4.448669
72.000 4.448669
73.000 4.878212
74.000 4.878212
75.000 4.825333
76.000 4.825333
77.000 4.801268
78.000 4.602997
79.000 4.543869
80.000 4.727755
81.000 4.857635
82.000 4.850624
83.000 4.533173
84.000 4.533173
85.000 4.684280
86.000 4.684280
87.000 4.684280
88.000 4.852289
89.000 4.907516
90.000 4.907516
91.000 4.907516
92.000 4.642136
93.000 4.642136
94.000 4.585823
95.000 4.585823
96.000 4.585823
97.000 4.687666
98.000 4.802322
99.000 4.802322
100.000 4.802322
101.000 4.896156
102.000 4.896156
103.000 4.894534
104.000 4.814884
105.000 4.813614
106.000 4.784488
107.000 4.765144
108.000 4.850975
109.000 4.850975
110.000 4.857132
111.000 4.857132
112.000 4.719080
113.000 4.482658
114.000 4.482658
115.000 4.747726
116.000 4.747726
117.000 4.774260
118.000 4.875648
119.000 4.875648
120.000 4.026337
121.000 4.868813
122.000 4.868813
123.000 4.868813
124.000 4.846413
125.000 4.846413
126.000 4.831004
127.000 4.530083
128.000 4.530083
129.000 4.378417
130.000 3.421814
131.000 3.421814
132.000 4.867645
133.000 4.573178
134.000 4.566902
135.000 4.480316
136.000 4.981125
137.000 4.815018
138.000 4.666451
139.000 4.868004
140.000 4.823174
141.000 4.816925
142.000 4.872787
143.000 4.714630
144.000 4.561882
145.000 4.767823
146.000 4.860588
147.000 4.452728
148.000 4.452728
149.000 4.809360
150.000 4.826973
151.000 4.895492
152.000 4.976822
153.000 4.952594
154.000 4.939865
155.000 4.922479
156.000 4.893616
157.000 4.888526
158.000 4.867086
159.000 4.854022
160.000 4.807356
161.000 4.705000
162.000 4.413681
163.000 4.447110
164.000 4.664844
165.000 4.720420
166.000 4.755424
167.000 4.736741
168.000 4.684607
169.000 4.719636
170.000 4.861416
171.000 4.841239
172.000 4.601051
173.000 4.525100
174.000 4.324158
175.000 4.368345
176.000 4.516442
177.000 4.563100
178.000 4.680421
179.000 4.693818
180.000 4.662791
181.000 4.710933
182.000 4.877229
183.000 4.853622
184.000 4.685539
185.000 4.670790
186.000 4.605164
187.000 4.640737
188.000 4.699852
189.000 4.709978
190.000 4.749170
191.000 4.785819
192.000 4.924408
193.000 4.886623
194.000 4.801781
195.000 4.820026
196.000 4.883298
197.000 4.861019
198.000 4.741798
199.000 4.717530
200.000 4.718531
201.000 4.774373
202.000 4.895576
203.000 4.886729
204.000 4.849701
205.000 4.815881
206.000 4.607361
207.000 4.612634
208.000 4.625450
209.000 4.593750
210.000 4.476761
211.000 4.531828
212.000 4.866841
213.000 4.939483
214.000 4.791159
215.000 4.770118
216.000 4.732788
217.000 4.733636
218.000 4.777381
219.000 4.782495
220.000 4.714958
221.000 4.757823
222.000 4.924552
223.000 4.889107
224.000 4.642167
225.000 4.605372
226.000 4.818167
227.000 4.874066
228.000 4.978296
229.000 4.979830
230.000 4.906258
231.000 4.860328
232.000 4.693069
233.000 4.727826
234.000 4.825035
235.000 4.795756
236.000 4.686658
237.000 4.710204
238.000 4.883503
239.000 4.913116
240.000 4.928512
241.000 4.919961
242.000 4.889256
243.000 4.893853
244.000 4.930888
245.000 4.918124
246.000 4.744682
247.000 4.703063
248.000 4.922209
249.000 4.916530
250.000 4.709245
251.000 4.683525
252.000 4.624466
253.000 4.674248
254.000 4.825852
255.000 4.867976
256.000 4.945456
257.000 4.948731
258.000 4.855129
259.000 4.821300
260.000 4.736709
261.000 4.763271
262.000 4.897961
263.000 4.921108
264.000 4.997199
265.000 5.004301
266.000 4.777732
267.000 4.675940
268.000 4.588812
269.000 4.616832
270.000 4.810722
271.000 4.837164
272.000 4.828572
273.000 4.797767
274.000 4.579308
275.000 4.552555
276.000 4.480179
277.000 4.563657
278.000 4.924461
279.000 4.919338
280.000 4.885406
281.000 4.862741
282.000 4.532585
283.000 4.531796
284.000 4.528743
285.000 4.487702
286.000 4.258277
287.000 4.288798
288.000 4.765149
289.000 4.897766
290.000 4.892512
291.000 4.836315
292.000 4.557863
293.000 4.451177
294.000 4.701489
295.000 4.848170
296.000 4.668798
297.000 4.670793
298.000 4.997396
299.000 5.023285
300.000 5.023285
301.000 4.871126
302.000 4.908386
303.000 4.908386
304.000 4.789085
305.000 4.789085
306.000 4.789085
307.000 4.831291
308.000 4.831291
309.000 4.831291
310.000 4.859634
311.000 4.859634
312.000 4.859634
313.000 4.462454
314.000 4.320595
315.000 4.320595
316.000 4.865932
317.000 4.866413
318.000 4.866470
319.000 4.883522
320.000 4.881203
321.000 4.881203
322.000 4.332664
323.000 4.848228
324.000 4.848228
325.000 4.908768
326.000 4.908768
327.000 4.511299
328.000 4.511299
329.000 4.846329
330.000 4.846329
331.000 4.841704
332.000 4.833496
333.000 4.872749
334.000 4.872749
335.000 4.678085
336.000 4.810249
337.000 4.810249
338.000 4.863503
339.000 4.863503
340.000 4.577415
341.000 4.577415
342.000 4.577415
343.000 4.715533
344.000 4.819122
345.000 4.819122
346.000 4.701141
347.000 4.688140
348.000 4.596176
349.000 4.556908
350.000 4.595067
351.000 4.763115
352.000 4.858879
353.000 4.874268
354.000 4.943665
355.000 4.877390
356.000 4.664261
357.000 4.966118
358.000 4.966118
359.000 4.817273
