0.000 0.467255
1.000 1.183077
2.000 2.364533
3.000 2.057831
4.000 2.183006
5.000 2.183006
6.000 2.325957
7.000 2.443626
8.000 2.186607
9.000 2.227006
10.000 2.833138
11.000 2.771458
12.000 2.730133
13.000 2.212944
14.000 2.212944
15.000 2.359005
16.000 2.712281
17.000 2.679474
18.000 2.691536
19.000 2.460831
20.000 2.293884
21.000 2.692993
22.000 2.894653
23.000 2.734871
24.000 1.838043
25.000 1.446426
26.000 2.637314
27.000 2.297578
28.000 2.261597
29.000 2.261597
30.000 2.523827
31.000 2.523827
32.000 2.455624
33.000 2.320457
34.000 2.320457
35.000 2.320457
36.000 2.112679
37.000 2.411713
38.000 2.411713
39.000 2.411713
40.000 2.411713
41.000 2.411713
42.000 2.411713
43.000 2.411713
44.000 2.411713
45.000 2.615105
46.000 2.568155
47.000 2.521205
48.000 2.474255
49.000 2.427305
50.000 2.380355
51.000 2.341270
52.000 2.341270
53.000 2.669617
54.000 2.328682
55.000 2.638084
56.000 2.638084
57.000 2.600384
58.000 2.560844
59.000 2.560844
60.000 2.144096
61.000 2.387710
62.000 2.434723
63.000 2.434723
64.000 2.771927
65.000 2.771927
66.000 2.695740
67.000 2.669580
68.000 2.663277
69.000 2.663277
70.000 1.951653
71.000 1.951653
72.000 1.717461
73.000 1.717461
74.000 1.717461
75.000 1.717461
76.000 1.717461
77.000 2.732070
78.000 2.727974
79.000 2.727974
80.000 2.727974
81.000 2.294312
82.000 2.294312
83.000 2.294312
84.000 2.263731
85.000 2.218968
86.000 2.174206
87.000 2.139038
88.000 2.139038
89.000 2.505325
90.000 2.737915
91.000 2.299606
92.000 2.618376
93.000 2.765335
94.000 2.681587
95.000 2.681587
96.000 2.143593
97.000 2.143593
98.000 2.388588
99.000 2.388588
100.000 2.292465
101.000 2.292465
102.000 1.890961
103.000 1.239838
104.000 1.239838
105.000 1.239838
106.000 1.345169
107.000 2.035080
108.000 2.035080
109.000 2.672478
110.000 2.672478
111.000 2.672478
112.000 2.672478
113.000 1.722481
114.000 1.722481
115.000 1.722481
116.000 1.822518
117.000 2.308914
118.000 2.308914
119.000 2.308914
120.000 2.074661
121.000 2.457458
122.000 2.457458
123.000 2.457458
124.000 1.605370
125.000 1.605370
126.000 1.605370
127.000 1.605370
128.000 2.374006
129.000 2.419678
130.000 2.419678
131.000 2.278053
132.000 2.278053
133.000 2.023270
134.000 2.023270
135.000 2.227653
136.000 2.717636
137.000 2.717636
138.000 2.717636
139.000 2.495404
140.000 2.596252
141.000 2.596252
142.000 2.596252
143.000 0.932510
144.000 0.932510
145.000 0.932510
146.000 0.932510
147.000 0.932510
148.000 0.932510
149.000 2.489339
150.000 2.439888
151.000 2.439888
152.000 2.439888
153.000 2.782280
154.000 2.782280
155.000 2.692850
156.000 2.188477
157.000 2.188477
158.000 2.188477
159.000 2.293411
160.000 2.293411
161.000 2.431584
162.000 2.597359
163.000 2.597359
164.000 2.597359
165.000 2.597359
166.000 2.590543
167.000 2.715836
168.000 2.715836
169.000 2.460388
170.000 2.435398
171.000 1.980385
172.000 1.980385
173.000 2.721146
174.000 2.721146
175.000 2.721146
176.000 2.096333
177.000 1.482862
178.000 0.881157
179.000 0.881157
180.000 0.881157
181.000 1.141518
182.000 1.180099
183.000 1.078484
184.000 1.078484
185.000 1.063805
186.000 1.030457
187.000 0.997110
188.000 0.963762
189.000 0.930414
190.000 0.920563
191.000 0.920563
192.000 0.987556
193.000 0.866272
194.000 1.251762
195.000 1.251762
196.000 1.234695
197.000 1.354141
198.000 1.354141
199.000 1.354141
200.000 1.503700
201.000 1.503700
202.000 1.503700
203.000 1.230255
204.000 1.230255
205.000 1.269859
206.000 1.544113
207.000 1.544113
208.000 0.629929
209.000 0.629929
210.000 0.629929
211.000 0.629929
212.000 0.987371
213.000 0.813630
214.000 0.639888
215.000 0.466146
216.000 0.387383
217.000 0.387383
218.000 0.447884
219.000 0.447884
220.000 1.456696
221.000 1.221916
222.000 1.224715
223.000 1.239815
224.000 0.637650
225.000 0.637650
226.000 1.024602
227.000 1.110082
228.000 1.195563
229.000 1.206245
230.000 0.926430
231.000 1.166202
232.000 1.273857
233.000 1.300804
234.000 1.342477
235.000 1.407387
236.000 1.312195
237.000 1.397575
238.000 1.397575
239.000 1.611351
240.000 1.727974
241.000 2.554634
242.000 2.381683
243.000 2.381683
244.000 2.307594
245.000 2.307594
246.000 2.629465
247.000 2.656639
248.000 2.656639
249.000 2.656639
250.000 2.380159
251.000 2.184822
252.000 2.184822
253.000 2.184822
254.000 2.636455
255.000 2.722122
256.000 2.521095
257.000 2.521095
258.000 2.077911
259.000 2.077911
260.000 2.077911
261.000 2.077911
262.000 2.412031
263.000 2.709282
264.000 2.709282
265.000 2.647720
266.000 2.647720
267.000 2.346214
268.000 2.346214
269.000 2.346214
270.000 2.346214
271.000 2.339951
272.000 2.319969
273.000 2.299987
274.000 2.280005
275.000 2.260024
276.000 2.240042
277.000 2.220060
278.000 2.200078
279.000 2.180096
280.000 2.160114
281.000 2.675774
282.000 2.730392
283.000 2.410355
284.000 2.370796
285.000 2.370796
286.000 2.742012
287.000 2.742012
288.000 2.551006
289.000 1.888130
290.000 1.888130
291.000 1.888130
292.000 2.300865
293.000 2.534391
294.000 2.603104
295.000 2.603104
296.000 2.603104
297.000 2.603104
298.000 2.603104
299.000 2.488136
300.000 2.653677
301.000 2.798470
302.000 2.798470
303.000 2.798470
304.000 2.798470
305.000 2.774168
306.000 2.737245
307.000 2.710320
308.000 2.710320
309.000 2.715057
310.000 2.615379
311.000 2.615379
312.000 2.289597
313.000 2.441483
314.000 2.441483
315.000 2.566452
316.000 2.566452
317.000 2.272720
318.000 2.272720
319.000 2.777008
320.000 2.724876
321.000 2.724876
322.000 2.283615
323.000 2.283615
324.000 2.476584
325.000 2.729309
326.000 2.729309
327.000 2.629776
328.000 2.660065
329.000 2.679428
330.000 2.287636
331.000 1.953590
332.000 1.953590
333.000 2.090103
334.000 2.090103
335.000 2.090103
336.000 2.464344
337.000 2.453484
338.000 2.453484
339.000 2.278381
340.000 2.278381
341.000 2.278381
342.000 2.665421
343.000 2.665421
344.000 2.742630
345.000 2.762024
346.000 2.762024
347.000 2.750413
348.000 2.749962
349.000 2.749962
350.000 2.653534
351.000 2.653534
352.000 2.643272
353.000 2.272659
354.000 2.272659
355.000 2.700523
356.000 2.301231
357.000 2.301231
358.000 2.640182
359.000 2.640182
