0.000 0.226540
1.000 0.226540
2.000 4.311760
3.000 6.108093
4.000 2.171738
5.000 5.426804
6.000 2.699318
7.000 1.157204
8.000 1.157204
9.000 1.809069
10.000 2.703617
11.000 2.033195
12.000 2.242874
13.000 3.928642
14.000 1.913033
15.000 1.913033
16.000 1.913033
17.000 2.994011
18.000 2.994011
19.000 2.994011
20.000 3.365868
21.000 3.365868
22.000 3.195320
23.000 5.174171
24.000 5.174171
25.000 6.260452
26.000 4.350317
27.000 2.635086
28.000 2.635086
29.000 4.665031
30.000 4.665031
31.000 3.467758
32.000 2.791353
33.000 1.611443
34.000 1.611443
35.000 1.611443
36.000 1.611443
37.000 2.576065
38.000 2.576065
39.000 2.714066
40.000 2.714066
41.000 3.938972
42.000 3.981003
43.000 3.291306
44.000 3.393649
45.000 3.785683
46.000 3.796438
47.000 3.861374
48.000 3.661769
49.000 2.406516
50.000 2.200676
51.000 2.200676
52.000 3.250377
53.000 3.142792
54.000 3.633232
55.000 3.633232
56.000 3.511658
57.000 2.523382
58.000 2.127304
59.000 2.127304
60.000 2.726074
61.000 7.637245
62.000 7.555057
63.000 6.992668
64.000 6.269996
65.000 4.707809
66.000 1.918388
67.000 1.918388
68.000 1.918388
69.000 3.927971
70.000 3.927971
71.000 3.399185
72.000 3.032555
73.000 3.032555
74.000 3.016639
75.000 2.976074
76.000 2.200630
77.000 2.200630
78.000 2.540802
79.000 3.530998
80.000 3.811704
81.000 8.412245
82.000 9.120615
83.000 10.142911
84.000 10.528716
85.000 9.629430
86.000 9.591631
87.000 11.757923
88.000 11.757471
89.000 5.410370
90.000 5.422661
91.000 5.422661
92.000 4.560151
93.000 1.002357
94.000 1.002357
95.000 1.002357
96.000 1.002357
97.000 1.002357
98.000 7.050158
99.000 7.046732
100.000 6.833591
101.000 4.773269
102.000 5.042405
103.000 7.001251
104.000 7.670998
105.000 8.533965
106.000 8.451354
107.000 5.861914
108.000 1.554207
109.000 1.554207
110.000 1.554207
111.000 1.554207
112.000 3.503197
113.000 3.265167
114.000 3.265167
115.000 2.649963
116.000 1.608337
117.000 1.608337
118.000 1.608337
119.000 1.904312
120.000 2.546567
121.000 7.683957
122.000 6.713924
123.000 3.757317
124.000 3.938019
125.000 4.736542
126.000 5.063001
127.000 7.116000
128.000 7.409585
129.000 9.221556
130.000 1.679695
131.000 1.679695
132.000 1.679695
133.000 1.679695
134.000 1.679695
135.000 1.679695
136.000 1.679695
137.000 1.679695
138.000 1.679695
139.000 1.679695
140.000 1.679695
141.000 1.679695
142.000 1.679695
143.000 2.700492
144.000 2.393331
145.000 2.086169
146.000 1.779007
147.000 1.511742
148.000 2.271093
149.000 3.172918
150.000 3.270752
151.000 3.270752
152.000 3.270752
153.000 3.920036
154.000 4.232005
155.000 4.488815
156.000 2.606087
157.000 2.606087
158.000 2.592117
159.000 4.177414
160.000 4.177414
161.000 2.019714
162.000 2.019714
163.000 3.026276
164.000 3.026276
165.000 3.015373
166.000 3.015373
167.000 4.131554
168.000 4.131554
169.000 6.171364
170.000 6.171364
171.000 3.551470
172.000 1.880898
173.000 1.880898
174.000 1.880898
175.000 1.880898
176.000 1.880898
177.000 1.880898
178.000 1.880898
179.000 3.192017
180.000 3.192017
181.000 3.192017
182.000 5.405310
183.000 4.767624
184.000 4.129938
185.000 3.492252
186.000 3.310791
187.000 3.310791
188.000 1.313805
189.000 1.313805
190.000 1.313805
191.000 1.204689
192.000 1.204689
193.000 1.204689
194.000 2.273735
195.000 2.273735
196.000 5.997086
197.000 4.635651
198.000 3.419838
199.000 3.108688
200.000 3.108688
201.000 3.686913
202.000 2.820236
203.000 2.820236
204.000 2.820236
205.000 2.842979
206.000 3.027854
207.000 3.034904
208.000 3.034904
209.000 7.863380
210.000 5.131668
211.000 7.863472
212.000 4.875145
213.000 3.520703
214.000 3.324753
215.000 2.184998
216.000 2.184998
217.000 2.184998
218.000 2.433144
219.000 2.805612
220.000 6.809975
221.000 3.154778
222.000 3.154778
223.000 3.714142
224.000 3.714142
225.000 4.444440
226.000 5.069237
227.000 3.598053
228.000 3.598053
229.000 3.598053
230.000 4.067108
231.000 4.067108
232.000 3.920311
233.000 3.200774
234.000 2.968483
235.000 4.070816
236.000 1.684731
237.000 1.684731
238.000 1.684731
239.000 2.413345
240.000 2.413345
241.000 2.152756
242.000 2.152756
243.000 3.364471
244.000 3.364471
245.000 5.758116
246.000 6.546303
247.000 6.085270
248.000 3.540113
249.000 2.732849
250.000 3.758774
251.000 5.190224
252.000 3.421906
253.000 3.054479
254.000 4.379631
255.000 2.689476
256.000 2.689476
257.000 2.689476
258.000 3.422112
259.000 3.422112
260.000 1.667793
261.000 1.667793
262.000 1.733948
263.000 1.733948
264.000 1.733948
265.000 2.542885
266.000 2.542885
267.000 2.053886
268.000 2.053886
269.000 2.053886
270.000 3.007565
271.000 3.024712
272.000 1.967957
273.000 3.198517
274.000 5.047676
275.000 5.047676
276.000 2.671432
277.000 2.159500
278.000 2.159500
279.000 2.159500
280.000 2.905609
281.000 4.397194
282.000 4.489464
283.000 4.606567
284.000 4.061821
285.000 4.061821
286.000 4.061821
287.000 4.070740
288.000 4.070740
289.000 4.583282
290.000 6.159134
291.000 4.536034
292.000 4.264626
293.000 5.724312
294.000 4.258624
295.000 3.891045
296.000 4.237404
297.000 4.379234
298.000 5.231680
299.000 6.601288
300.000 6.118604
301.000 5.610443
302.000 5.928303
303.000 6.243896
304.000 6.482882
305.000 6.722656
306.000 3.886520
307.000 3.886520
308.000 5.298569
309.000 5.298569
310.000 2.664734
311.000 2.664734
312.000 2.664734
313.000 2.664734
314.000 2.664734
315.000 2.664734
316.000 4.915535
317.000 4.725744
318.000 4.535953
319.000 4.346162
320.000 4.343559
321.000 4.343559
322.000 2.589272
323.000 2.589272
324.000 2.866447
325.000 2.866447
326.000 2.866447
327.000 4.209641
328.000 4.209641
329.000 2.992996
330.000 7.447624
331.000 4.786774
332.000 7.626175
333.000 9.736404
334.000 8.739844
335.000 7.128998
336.000 5.896616
337.000 4.582481
338.000 1.968636
339.000 1.968636
340.000 1.728271
341.000 1.728271
342.000 2.981216
343.000 2.981216
344.000 4.054359
345.000 4.054359
346.000 2.541298
347.000 2.541298
348.000 2.100609
349.000 2.100609
350.000 2.100609
351.000 3.393753
352.000 3.393753
353.000 3.420566
354.000 4.238594
355.000 3.952789
356.000 2.805969
357.000 2.800971
358.000 2.177473
359.000 1.683182
