0.000 1.333359
1.000 5.358253
2.000 4.573581
3.000 5.347649
4.000 5.451164
5.000 4.610954
6.000 5.476555
7.000 4.314835
8.000 3.817169
9.000 4.108694
10.000 4.706595
11.000 4.567757
12.000 4.900702
13.000 5.352959
14.000 5.520195
15.000 4.876930
16.000 4.876930
17.000 4.991464
18.000 5.734024
19.000 5.102135
20.000 5.057884
21.000 5.057884
22.000 4.613274
23.000 4.972015
24.000 5.576721
25.000 4.736794
26.000 5.106092
27.000 5.334281
28.000 4.668240
29.000 4.730438
30.000 5.358374
31.000 5.444447
32.000 5.417846
33.000 5.335236
34.000 4.381744
35.000 4.206284
36.000 4.786049
37.000 5.386505
38.000 5.093933
39.000 5.498848
40.000 4.641983
41.000 4.641983
42.000 5.540863
43.000 5.540863
44.000 5.404175
45.000 5.404175
46.000 4.135139
47.000 4.135139
48.000 4.135139
49.000 4.917274
50.000 4.917274
51.000 5.375053
52.000 5.375053
53.000 5.165871
54.000 5.165871
55.000 5.165871
56.000 2.347221
57.000 2.347221
58.000 2.347221
59.000 5.290985
60.000 5.290985
61.000 5.503311
62.000 5.503311
63.000 4.998611
64.000 4.998611
65.000 5.145373
66.000 5.188705
67.000 5.188705
68.000 4.031349
69.000 4.039830
70.000 5.408501
71.000 5.199425
72.000 5.199425
73.000 5.444405
74.000 3.428917
75.000 5.292793
76.000 5.292793
77.000 5.134712
78.000 5.134712
79.000 5.412491
80.000 5.412491
81.000 5.311179
82.000 4.631102
83.000 5.230568
84.000 5.230568
85.000 4.206970
86.000 5.161224
87.000 5.344177
88.000 3.300079
89.000 5.173668
90.000 5.190918
91.000 5.124390
92.000 5.124390
93.000 4.628098
94.000 4.628098
95.000 5.330894
96.000 5.330894
97.000 5.395340
98.000 4.862740
99.000 5.257339
100.000 5.257339
101.000 4.265701
102.000 4.265701
103.000 5.126119
104.000 5.395775
105.000 5.395775
106.000 5.466537
107.000 5.466537
108.000 5.411926
109.000 5.411926
110.000 5.352866
111.000 5.245114
112.000 5.293404
113.000 5.541634
114.000 5.554276
115.000 5.554276
116.000 5.158829
117.000 5.158829
118.000 5.161200
119.000 5.213760
120.000 5.266320
121.000 5.318880
122.000 4.705788
123.000 5.432465
124.000 4.690063
125.000 5.317192
126.000 5.200605
127.000 5.137051
128.000 5.262840
129.000 4.328476
130.000 5.233170
131.000 5.242249
132.000 4.593475
133.000 5.270744
134.000 4.005501
135.000 4.005501
136.000 4.725960
137.000 4.725960
138.000 5.000229
139.000 4.782501
140.000 5.397438
141.000 5.397438
142.000 5.310890
143.000 3.005669
144.000 3.005669
145.000 4.585236
146.000 5.424530
147.000 5.373650
148.000 5.373650
149.000 5.429466
150.000 5.342148
151.000 5.342148
152.000 5.308472
153.000 5.275261
154.000 4.358772
155.000 4.358772
156.000 5.434372
157.000 5.434372
158.000 5.499046
159.000 5.306915
160.000 5.306915
161.000 4.251060
162.000 4.251060
163.000 4.278992
164.000 5.156723
165.000 5.156723
166.000 5.156723
167.000 5.364761
168.000 5.364761
169.000 4.509003
170.000 5.006363
171.000 4.814316
172.000 5.519669
173.000 5.519669
174.000 4.650360
175.000 4.650360
176.000 5.139214
177.000 5.139214
178.000 5.139214
179.000 5.159720
180.000 5.165672
181.000 5.399666
182.000 5.399666
183.000 5.554611
184.000 5.385483
185.000 3.911591
186.000 5.544609
187.000 5.544609
188.000 5.213928
189.000 5.213928
190.000 5.250165
191.000 5.387887
192.000 5.486526
193.000 5.486526
194.000 5.522665
195.000 5.567894
196.000 5.416443
197.000 4.952827
198.000 5.248871
199.000 5.248871
200.000 5.397364
201.000 5.440247
202.000 5.440247
203.000 4.104660
204.000 4.104660
205.000 4.615578
206.000 5.519569
207.000 5.519569
208.000 5.024231
209.000 5.024231
210.000 4.895416
211.000 4.895416
212.000 3.077179
213.000 4.931877
214.000 4.181458
215.000 4.181458
216.000 4.181458
217.000 5.123077
218.000 5.123077
219.000 5.123077
220.000 3.679893
221.000 3.679893
222.000 4.692871
223.000 5.623177
224.000 5.623177
225.000 4.896408
226.000 4.896408
227.000 4.896408
228.000 5.577263
229.000 5.577263
230.000 5.577263
231.000 4.786972
232.000 4.786972
233.000 4.918213
234.000 5.373978
235.000 5.473564
236.000 5.473564
237.000 4.339921
238.000 3.853271
239.000 3.853271
240.000 3.853271
241.000 3.357964
242.000 3.357964
243.000 5.218719
244.000 5.218719
245.000 5.291409
246.000 5.310516
247.000 4.442978
248.000 4.442978
249.000 5.284416
250.000 5.284416
251.000 5.318275
252.000 5.107330
253.000 3.352219
254.000 5.496674
255.000 5.329430
256.000 5.329430
257.000 5.449265
258.000 5.449265
259.000 5.449265
260.000 5.448595
261.000 5.444748
262.000 5.444748
263.000 5.444748
264.000 5.312476
265.000 5.277977
266.000 5.277977
267.000 5.277977
268.000 5.304745
269.000 5.331627
270.000 5.331627
271.000 5.381050
272.000 5.403648
273.000 5.566147
274.000 4.203362
275.000 5.144707
276.000 5.144707
277.000 3.374405
278.000 3.374405
279.000 3.650489
280.000 5.096313
281.000 5.096313
282.000 5.336946
283.000 5.355247
284.000 5.355247
285.000 5.558913
286.000 5.567268
287.000 5.386223
288.000 5.386223
289.000 5.538185
290.000 4.131887
291.000 2.266609
292.000 2.266609
293.000 2.266609
294.000 2.266609
295.000 2.266609
296.000 2.266609
297.000 2.266609
298.000 5.387032
299.000 5.387032
300.000 5.387032
301.000 3.578484
302.000 3.578484
303.000 3.578484
304.000 3.578484
305.000 4.370772
306.000 5.120522
307.000 5.120522
308.000 5.254021
309.000 5.284980
310.000 5.407234
311.000 5.407234
312.000 5.346542
313.000 5.346542
314.000 4.859703
315.000 4.859703
316.000 5.009036
317.000 5.233574
318.000 3.781624
319.000 3.781624
320.000 3.781624
321.000 5.023410
322.000 5.230850
323.000 5.230850
324.000 5.449265
325.000 5.399981
326.000 5.179405
327.000 5.179405
328.000 5.088852
329.000 5.103229
330.000 5.305400
331.000 5.507571
332.000 5.395561
333.000 5.395561
334.000 5.395561
335.000 5.188034
336.000 5.188034
337.000 5.189133
338.000 5.189133
339.000 5.189133
340.000 5.358776
341.000 5.392136
342.000 5.392136
343.000 3.473918
344.000 3.244377
345.000 5.319351
346.000 5.319351
347.000 5.319351
348.000 5.502731
349.000 5.502731
350.000 5.287560
351.000 5.287560
352.000 5.287560
353.000 5.434372
354.000 5.434372
355.000 5.434372
356.000 5.190360
357.000 5.108688
358.000 5.108688
359.000 5.425407
