0.000 0.076912
1.000 0.076912
2.000 0.076912
3.000 0.076912
4.000 0.076912
5.000 0.076912
6.000 0.076912
7.000 0.076912
8.000 0.076912
9.000 0.076912
10.000 0.076912
11.000 0.076912
12.000 3.344902
13.000 3.397552
14.000 3.397552
15.000 3.071266
16.000 3.071266
17.000 3.428177
18.000 3.395999
19.000 3.257607
20.000 3.257607
21.000 3.214622
22.000 3.211708
23.000 3.211708
24.000 3.386810
25.000 3.386107
26.000 3.385536
27.000 3.227730
28.000 3.227730
29.000 3.242096
30.000 3.400902
31.000 3.266150
32.000 2.575248
33.000 5.106384
34.000 3.266228
35.000 3.373154
36.000 3.412155
37.000 3.412155
38.000 2.756271
39.000 2.756271
40.000 2.756271
41.000 3.060594
42.000 3.332489
43.000 3.332489
44.000 3.345741
45.000 3.356330
46.000 3.372192
47.000 2.870575
48.000 2.870575
49.000 3.156990
50.000 3.390137
51.000 3.127037
52.000 3.127037
53.000 3.353233
54.000 3.283737
55.000 3.304077
56.000 3.269890
57.000 3.269890
58.000 3.394591
59.000 3.471909
60.000 3.471909
61.000 3.302917
62.000 3.103844
63.000 3.103844
64.000 3.103844
65.000 3.223436
66.000 3.344566
67.000 3.344566
68.000 3.349253
69.000 3.370712
70.000 3.370712
71.000 3.349243
72.000 3.349243
73.000 3.045769
74.000 2.995773
75.000 2.995773
76.000 2.995773
77.000 3.007704
78.000 3.317345
79.000 3.317345
80.000 3.271084
81.000 3.175369
82.000 3.384895
83.000 3.392548
84.000 3.112198
85.000 3.241456
86.000 3.349541
87.000 3.328705
88.000 3.383392
89.000 3.262390
90.000 3.262390
91.000 3.407692
92.000 3.407692
93.000 3.329582
94.000 3.329582
95.000 3.427505
96.000 3.427505
97.000 3.418091
98.000 3.418091
99.000 3.480431
100.000 3.480431
101.000 3.403702
102.000 3.403702
103.000 3.403702
104.000 3.386507
105.000 3.376038
106.000 3.376038
107.000 3.413208
108.000 3.413208
109.000 3.291046
110.000 3.291046
111.000 3.291046
112.000 2.973640
113.000 2.973640
114.000 2.973640
115.000 3.366478
116.000 3.366478
117.000 3.354443
118.000 3.350601
119.000 3.350601
120.000 3.196399
121.000 3.462379
122.000 3.222005
123.000 3.162598
124.000 3.325302
125.000 3.325302
126.000 3.321812
127.000 3.316383
128.000 3.316383
129.000 3.389992
130.000 3.389992
131.000 3.240138
132.000 3.236313
133.000 3.324028
134.000 3.324028
135.000 3.393456
136.000 3.393456
137.000 3.392242
138.000 3.392242
139.000 3.392242
140.000 3.069626
141.000 3.069626
142.000 3.069626
143.000 3.249771
144.000 3.249771
145.000 3.552345
146.000 3.628983
147.000 3.628983
148.000 3.234489
149.000 3.234489
150.000 3.234489
151.000 3.358365
152.000 3.417000
153.000 3.083809
154.000 3.083809
155.000 3.311531
156.000 3.444092
157.000 3.444092
158.000 3.315834
159.000 3.315834
160.000 3.383156
161.000 3.383156
162.000 3.163246
163.000 3.163246
164.000 2.398666
165.000 2.398666
166.000 2.398666
167.000 3.277237
168.000 3.277237
169.000 3.304611
170.000 3.345779
171.000 3.345779
172.000 3.380684
173.000 4.737877
174.000 4.737877
175.000 3.326019
176.000 3.326019
177.000 3.322880
178.000 3.202302
179.000 3.128082
180.000 3.128082
181.000 3.492043
182.000 3.363274
183.000 3.363274
184.000 3.363274
185.000 3.363274
186.000 3.419769
187.000 3.396180
188.000 3.387901
189.000 3.387901
190.000 3.369681
191.000 3.323442
192.000 3.271309
193.000 3.356895
194.000 3.058365
195.000 3.058365
196.000 3.407776
197.000 2.024391
198.000 2.024391
199.000 3.165642
200.000 3.165642
201.000 3.332137
202.000 3.381210
203.000 3.254478
204.000 3.254478
205.000 3.355888
206.000 3.355888
207.000 3.104935
208.000 3.104935
209.000 3.284904
210.000 3.284904
211.000 3.284904
212.000 3.051514
213.000 3.051514
214.000 3.051514
215.000 3.325002
216.000 3.399429
217.000 3.415710
218.000 3.281265
219.000 3.281265
220.000 3.359695
221.000 3.377594
222.000 3.377594
223.000 3.376100
224.000 3.206116
225.000 3.206116
226.000 2.254425
227.000 2.254425
228.000 2.254425
229.000 3.387810
230.000 3.387810
231.000 3.349520
232.000 3.293463
233.000 3.241554
234.000 3.241554
235.000 3.339851
236.000 3.024017
237.000 3.024017
238.000 3.024017
239.000 3.118754
240.000 3.146675
241.000 3.146675
242.000 3.217981
243.000 3.348122
244.000 3.348122
245.000 3.432365
246.000 3.432365
247.000 3.315071
248.000 3.177223
249.000 3.177223
250.000 3.210865
251.000 3.292213
252.000 3.340523
253.000 3.340523
254.000 3.326721
255.000 3.322624
256.000 3.322624
257.000 3.307574
258.000 3.304718
259.000 3.058899
260.000 3.418259
261.000 3.418259
262.000 3.140915
263.000 3.140915
264.000 3.229591
265.000 3.229591
266.000 3.380699
267.000 3.439400
268.000 3.439400
269.000 2.908592
270.000 2.908592
271.000 3.414261
272.000 3.414261
273.000 3.307610
274.000 3.399307
275.000 3.399307
276.000 3.232388
277.000 3.083717
278.000 3.083717
279.000 3.359406
280.000 3.359406
281.000 3.454414
282.000 3.454414
283.000 3.347168
284.000 3.347168
285.000 3.275041
286.000 3.238541
287.000 3.276199
288.000 3.348602
289.000 2.297195
290.000 2.297195
291.000 3.412300
292.000 3.175323
293.000 3.175323
294.000 3.175323
295.000 3.390099
296.000 3.390099
297.000 3.400296
298.000 3.453064
299.000 3.453064
300.000 3.198402
301.000 3.198402
302.000 3.198402
303.000 3.399185
304.000 3.399185
305.000 3.326308
306.000 3.095383
307.000 3.095383
308.000 3.136368
309.000 3.210205
310.000 3.210205
311.000 3.226807
312.000 3.306135
313.000 3.360725
314.000 3.230804
315.000 3.230804
316.000 3.312706
317.000 3.312706
318.000 3.367387
319.000 3.438583
320.000 3.438583
321.000 3.438583
322.000 3.404808
323.000 3.404808
324.000 3.413508
325.000 3.455734
326.000 3.494698
327.000 3.401253
328.000 3.401253
329.000 3.401253
330.000 2.900307
331.000 2.900307
332.000 2.900307
333.000 3.330101
334.000 3.330101
335.000 3.193855
336.000 3.193855
337.000 3.222672
338.000 3.222672
339.000 3.332726
340.000 3.332726
341.000 3.339344
342.000 3.453389
343.000 3.480026
344.000 3.359494
345.000 3.330452
346.000 3.340683
347.000 3.203117
348.000 3.779327
349.000 3.779327
350.000 3.340111
351.000 3.340111
352.000 3.382477
353.000 3.382477
354.000 3.382477
355.000 3.337875
356.000 3.337875
357.000 3.337875
358.000 3.342122
359.000 3.368996
