0.000 0.932121
1.000 1.464577
2.000 1.782402
3.000 1.802597
4.000 1.802597
5.000 1.802597
6.000 1.750119
7.000 1.688485
8.000 1.626850
9.000 1.588409
10.000 1.588409
11.000 1.820412
12.000 1.603821
13.000 1.756737
14.000 1.759188
15.000 1.782249
16.000 1.782249
17.000 1.621338
18.000 1.715508
19.000 1.715508
20.000 1.526123
21.000 1.526123
22.000 1.618310
23.000 1.779072
24.000 1.798523
25.000 1.798523
26.000 1.790726
27.000 1.797512
28.000 1.831451
29.000 1.831451
30.000 1.791206
31.000 1.812714
32.000 1.812714
33.000 1.809817
34.000 1.808502
35.000 1.835625
36.000 1.835625
37.000 1.914322
38.000 1.914322
39.000 1.858401
40.000 1.740067
41.000 1.647301
42.000 1.647301
43.000 1.685039
44.000 1.700928
45.000 1.662766
46.000 1.769463
47.000 1.822166
48.000 1.822166
49.000 1.790108
50.000 1.790108
51.000 1.790108
52.000 1.790108
53.000 1.790108
54.000 1.790108
55.000 1.790108
56.000 1.847932
57.000 1.849617
58.000 1.851302
59.000 1.852470
60.000 1.852470
61.000 1.852470
62.000 1.852470
63.000 1.850329
64.000 1.842954
65.000 1.835579
66.000 1.828204
67.000 1.826797
68.000 1.746208
69.000 1.827110
70.000 1.829628
71.000 1.828239
72.000 1.807121
73.000 1.807121
74.000 1.822533
75.000 1.811883
76.000 1.728554
77.000 1.728554
78.000 1.770981
79.000 1.567184
80.000 1.797302
81.000 1.797302
82.000 1.797302
83.000 1.822087
84.000 1.814499
85.000 1.814499
86.000 1.817349
87.000 1.838364
88.000 1.838364
89.000 1.744347
90.000 1.744347
91.000 1.772945
92.000 1.819321
93.000 1.819321
94.000 1.826366
95.000 1.841370
96.000 1.841370
97.000 1.605423
98.000 1.679703
99.000 1.773926
100.000 1.773926
101.000 1.824437
102.000 1.824745
103.000 1.784897
104.000 1.784897
105.000 1.733715
106.000 1.667641
107.000 1.667641
108.000 1.667641
109.000 1.834281
110.000 1.834948
111.000 1.835075
112.000 1.803339
113.000 1.712624
114.000 1.824257
115.000 1.824257
116.000 1.803711
117.000 1.833672
118.000 1.833672
119.000 1.819832
120.000 1.822197
121.000 1.822197
122.000 1.822197
123.000 1.790817
124.000 1.790817
125.000 1.829651
126.000 1.829651
127.000 1.774101
128.000 1.743889
129.000 1.743889
130.000 1.677979
131.000 1.832794
132.000 1.832794
133.000 1.832794
134.000 1.808610
135.000 1.797201
136.000 1.796761
137.000 1.696808
138.000 1.696808
139.000 1.815552
140.000 1.834198
141.000 1.834198
142.000 1.817978
143.000 1.817978
144.000 1.823059
145.000 1.823059
146.000 1.821098
147.000 1.821098
148.000 1.821098
149.000 1.847351
150.000 1.847351
151.000 1.835052
152.000 1.835052
153.000 1.835052
154.000 1.802018
155.000 1.754654
156.000 1.707289
157.000 1.667496
158.000 1.835327
159.000 1.820929
160.000 1.775787
161.000 1.842255
162.000 1.751198
163.000 1.781776
164.000 1.824341
165.000 1.824341
166.000 1.777245
167.000 1.781450
168.000 1.794106
169.000 1.794106
170.000 1.825066
171.000 1.825066
172.000 1.808354
173.000 1.791740
174.000 1.785843
175.000 1.785843
176.000 1.799278
177.000 1.799278
178.000 1.809731
179.000 1.809731
180.000 1.822760
181.000 1.826843
182.000 1.476837
183.000 1.476837
184.000 1.824471
185.000 1.786049
186.000 1.786049
187.000 1.786049
188.000 1.825096
189.000 1.839211
190.000 1.707848
191.000 1.708424
192.000 1.736847
193.000 1.736847
194.000 1.814270
195.000 1.536575
196.000 1.536575
197.000 1.768143
198.000 1.768143
199.000 1.768143
200.000 1.768143
201.000 1.783411
202.000 1.767419
203.000 1.766396
204.000 1.766396
205.000 1.690254
206.000 1.690254
207.000 1.726440
208.000 1.737134
209.000 1.773895
210.000 1.773895
211.000 1.696693
212.000 1.696693
213.000 1.786209
214.000 1.786209
215.000 1.802460
216.000 1.802460
217.000 1.817925
218.000 1.822090
219.000 1.822090
220.000 1.822090
221.000 1.822090
222.000 1.822090
223.000 1.822090
224.000 1.822090
225.000 1.822090
226.000 1.822090
227.000 1.795701
228.000 1.788604
229.000 1.781506
230.000 1.774409
231.000 1.773567
232.000 1.773567
233.000 1.773567
234.000 1.773567
235.000 1.773567
236.000 1.721259
237.000 1.668015
238.000 1.620987
239.000 1.620987
240.000 1.620987
241.000 1.803978
242.000 1.803978
243.000 1.747437
244.000 1.734406
245.000 1.734406
246.000 1.796272
247.000 1.796272
248.000 0.527397
249.000 0.527397
250.000 0.527397
251.000 0.527397
252.000 1.835861
253.000 1.835861
254.000 1.835648
255.000 1.830668
256.000 1.791161
257.000 1.809097
258.000 1.809097
259.000 1.809097
260.000 1.715261
261.000 1.685204
262.000 1.685204
263.000 1.641235
264.000 1.641235
265.000 1.641235
266.000 1.821007
267.000 1.821007
268.000 1.810471
269.000 1.759979
270.000 1.759979
271.000 1.764639
272.000 1.835732
273.000 1.835732
274.000 1.825746
275.000 1.818840
276.000 1.848938
277.000 1.848938
278.000 1.848938
279.000 1.725258
280.000 1.725258
281.000 1.725258
282.000 1.725258
283.000 1.778724
284.000 1.786057
285.000 1.786057
286.000 1.786511
287.000 1.788127
288.000 1.789108
289.000 1.687035
290.000 1.769279
291.000 1.835663
292.000 1.835663
293.000 1.805283
294.000 1.805283
295.000 1.701187
296.000 1.844543
297.000 1.844543
298.000 1.841101
299.000 1.784137
300.000 1.770874
301.000 1.826111
302.000 1.837143
303.000 1.837143
304.000 1.714217
305.000 1.705925
306.000 1.815567
307.000 1.815567
308.000 1.805807
309.000 1.804932
310.000 1.804932
311.000 1.823547
312.000 1.823547
313.000 1.825808
314.000 1.833090
315.000 1.835007
316.000 1.739510
317.000 1.783112
318.000 1.783112
319.000 1.783112
320.000 1.725488
321.000 1.722900
322.000 1.722900
323.000 1.739024
324.000 1.825546
325.000 1.825546
326.000 1.730143
327.000 1.661964
328.000 1.661964
329.000 1.761452
330.000 1.816963
331.000 1.816963
332.000 1.826332
333.000 1.826332
334.000 1.831970
335.000 1.860672
336.000 1.866524
337.000 1.782280
338.000 1.350319
339.000 1.350319
340.000 1.630042
341.000 1.748543
342.000 1.499626
343.000 1.212090
344.000 1.212090
345.000 1.605194
346.000 1.686142
347.000 1.686142
348.000 1.824280
349.000 1.829575
350.000 1.829575
351.000 1.831819
352.000 1.832474
353.000 1.823242
354.000 1.782936
355.000 1.782936
356.000 1.807709
357.000 1.807709
358.000 1.840279
359.000 1.840279
