0.000 0.762413
1.000 0.762413
2.000 0.762413
3.000 0.762413
4.000 0.762413
5.000 3.659447
6.000 2.393990
7.000 1.715622
8.000 1.715622
9.000 1.584592
10.000 1.408479
11.000 1.232365
12.000 1.056251
13.000 1.016586
14.000 0.611450
15.000 1.946328
16.000 1.840256
17.000 2.309570
18.000 2.952789
19.000 2.315981
20.000 1.851097
21.000 1.371193
22.000 0.258568
23.000 0.452133
24.000 0.452133
25.000 0.908012
26.000 2.166771
27.000 2.205605
28.000 3.690269
29.000 3.500870
30.000 3.574333
31.000 5.174339
32.000 5.174339
33.000 5.174339
34.000 4.028070
35.000 4.048500
36.000 4.048500
37.000 4.025932
38.000 3.475582
39.000 2.925232
40.000 2.374881
41.000 1.824531
42.000 1.274180
43.000 0.723830
44.000 0.566238
45.000 0.566238
46.000 0.566238
47.000 0.566238
48.000 0.566238
49.000 0.566238
50.000 2.047104
51.000 2.794350
52.000 2.356598
53.000 2.356598
54.000 3.122139
55.000 3.427032
56.000 1.552121
57.000 1.175713
58.000 1.175713
59.000 1.175713
60.000 2.847680
61.000 2.738373
62.000 2.025467
63.000 2.004837
64.000 1.376259
65.000 1.376259
66.000 1.376259
67.000 1.376259
68.000 1.376259
69.000 1.376259
70.000 2.708321
71.000 2.312767
72.000 1.917212
73.000 1.521658
74.000 1.126104
75.000 0.849106
76.000 0.849106
77.000 0.849106
78.000 0.849106
79.000 1.055791
80.000 1.182737
81.000 1.257866
82.000 2.544223
83.000 3.315857
84.000 1.143974
85.000 1.143974
86.000 1.143974
87.000 3.077789
88.000 3.862343
89.000 2.088173
90.000 2.088173
91.000 3.157593
92.000 3.157593
93.000 3.149254
94.000 3.218020
95.000 3.330200
96.000 3.138928
97.000 2.854722
98.000 2.733602
99.000 2.692505
100.000 1.227371
101.000 1.227371
102.000 1.830933
103.000 1.830933
104.000 1.678345
105.000 1.678345
106.000 1.947723
107.000 2.044342
108.000 2.267517
109.000 2.486916
110.000 2.867573
111.000 3.424900
112.000 3.513449
113.000 3.563744
114.000 3.829414
115.000 4.051987
116.000 3.930007
117.000 3.819366
118.000 4.108629
119.000 4.449272
120.000 4.187053
121.000 4.002808
122.000 3.449739
123.000 2.971764
124.000 3.722543
125.000 4.833154
126.000 4.382553
127.000 3.742706
128.000 1.143616
129.000 1.143616
130.000 1.599174
131.000 1.599174
132.000 1.198120
133.000 1.198120
134.000 1.262619
135.000 1.262619
136.000 1.575267
137.000 2.540733
138.000 2.079033
139.000 2.079033
140.000 1.748970
141.000 1.748970
142.000 2.164230
143.000 2.306610
144.000 2.296644
145.000 2.292526
146.000 2.747993
147.000 2.973953
148.000 3.425215
149.000 3.849159
150.000 2.614493
151.000 2.230545
152.000 3.036601
153.000 3.780975
154.000 3.241106
155.000 2.767220
156.000 1.622200
157.000 1.622200
158.000 1.622200
159.000 1.622200
160.000 2.306138
161.000 1.865838
162.000 1.523247
163.000 1.523247
164.000 1.523247
165.000 1.809959
166.000 1.809959
167.000 3.851418
168.000 3.851418
169.000 2.282394
170.000 2.282394
171.000 3.235016
172.000 3.235016
173.000 3.491684
174.000 3.491684
175.000 3.491684
176.000 3.612946
177.000 3.612946
178.000 3.612946
179.000 2.937027
180.000 2.937027
181.000 2.937027
182.000 2.937027
183.000 3.202262
184.000 3.310440
185.000 3.310440
186.000 3.115341
187.000 3.115341
188.000 2.662572
189.000 2.030219
190.000 1.397866
191.000 1.118530
192.000 1.118530
193.000 0.745209
194.000 0.745209
195.000 0.745209
196.000 1.981407
197.000 1.981407
198.000 2.176170
199.000 2.742256
200.000 2.433350
201.000 2.433350
202.000 2.433350
203.000 1.958565
204.000 1.958565
205.000 3.436607
206.000 3.436607
207.000 3.384115
208.000 3.251894
209.000 3.233711
210.000 2.746773
211.000 2.746773
212.000 2.652772
213.000 2.606277
214.000 1.307533
215.000 1.307533
216.000 1.588264
217.000 1.588264
218.000 1.216911
219.000 1.216911
220.000 1.216911
221.000 1.216911
222.000 1.216911
223.000 1.391342
224.000 1.391342
225.000 1.391342
226.000 1.391342
227.000 1.468503
228.000 2.445144
229.000 2.985573
230.000 2.985573
231.000 2.383530
232.000 2.907349
233.000 2.840935
234.000 1.574959
235.000 1.574959
236.000 1.574959
237.000 3.306114
238.000 3.306114
239.000 3.306114
240.000 3.076401
241.000 3.076401
242.000 3.076401
243.000 4.032295
244.000 4.032295
245.000 3.097916
246.000 3.097916
247.000 3.097916
248.000 3.093969
249.000 3.082396
250.000 3.070823
251.000 3.059250
252.000 3.047677
253.000 3.036104
254.000 2.961789
255.000 2.206123
256.000 1.570702
257.000 3.077544
258.000 3.246513
259.000 4.243301
260.000 2.917336
261.000 3.162727
262.000 3.162727
263.000 3.162727
264.000 3.162727
265.000 3.162727
266.000 3.885142
267.000 3.894127
268.000 3.894127
269.000 3.894127
270.000 3.888275
271.000 3.888275
272.000 3.888275
273.000 3.888275
274.000 3.377037
275.000 3.377037
276.000 3.372941
277.000 2.963593
278.000 2.554244
279.000 2.144896
280.000 1.735548
281.000 1.377266
282.000 1.377266
283.000 2.213135
284.000 2.307365
285.000 1.637642
286.000 2.314575
287.000 2.684608
288.000 2.684608
289.000 2.175430
290.000 3.498268
291.000 4.840210
292.000 4.840210
293.000 3.347740
294.000 3.347740
295.000 3.347740
296.000 3.845421
297.000 3.845421
298.000 4.059540
299.000 4.059540
300.000 4.024940
301.000 3.739504
302.000 3.663414
303.000 3.663414
304.000 3.827872
305.000 2.878084
306.000 2.248032
307.000 2.248032
308.000 3.517474
309.000 2.818604
310.000 2.119734
311.000 1.700470
312.000 2.123550
313.000 2.123550
314.000 2.039795
315.000 2.908447
316.000 2.908447
317.000 2.658134
318.000 2.658134
319.000 2.658134
320.000 2.866287
321.000 3.062172
322.000 3.062172
323.000 3.840935
324.000 3.850861
325.000 3.070541
326.000 3.070541
327.000 3.070541
328.000 3.070541
329.000 2.945786
330.000 2.945786
331.000 2.945786
332.000 2.881920
333.000 2.663952
334.000 2.561104
335.000 2.561104
336.000 2.651983
337.000 3.467308
338.000 2.837224
339.000 1.466858
340.000 0.437614
341.000 0.437614
342.000 0.437614
343.000 0.437614
344.000 0.437614
345.000 0.437614
346.000 0.437614
347.000 0.437614
348.000 0.437614
349.000 3.768547
350.000 3.768547
351.000 3.429245
352.000 3.429245
353.000 3.139732
354.000 2.918091
355.000 2.875995
356.000 2.646660
357.000 2.882584
358.000 2.882584
359.000 2.882584
