0.000 0.229561
1.000 0.229561
2.000 0.728085
3.000 1.584499
4.000 2.419144
5.000 3.848495
6.000 3.884107
7.000 3.826593
8.000 3.784882
9.000 3.809192
10.000 3.834995
11.000 3.860799
12.000 3.886603
13.000 3.912407
14.000 3.938211
15.000 3.964015
16.000 3.989819
17.000 4.015623
18.000 4.041427
19.000 4.067230
20.000 4.093034
21.000 4.118838
22.000 4.144642
23.000 4.170446
24.000 4.159644
25.000 3.969235
26.000 3.856114
27.000 4.035826
28.000 4.121574
29.000 3.095749
30.000 3.095749
31.000 4.032524
32.000 4.032524
33.000 3.921318
34.000 3.921318
35.000 3.802200
36.000 3.802200
37.000 4.092896
38.000 4.092896
39.000 4.080750
40.000 4.080750
41.000 3.708313
42.000 3.708313
43.000 4.038635
44.000 4.038635
45.000 3.864334
46.000 3.864334
47.000 3.773860
48.000 3.769096
49.000 3.769096
50.000 3.713498
51.000 3.632582
52.000 3.616112
53.000 3.616112
54.000 3.927254
55.000 3.927254
56.000 3.782267
57.000 3.570641
58.000 3.359015
59.000 3.229172
60.000 3.229172
61.000 3.290769
62.000 3.627168
63.000 3.963568
64.000 4.008736
65.000 4.008736
66.000 4.038292
67.000 4.038292
68.000 3.991303
69.000 3.883061
70.000 3.774818
71.000 3.730797
72.000 3.730797
73.000 3.592206
74.000 3.283612
75.000 3.080696
76.000 3.080696
77.000 3.080696
78.000 4.042778
79.000 4.042778
80.000 4.045913
81.000 4.050984
82.000 4.056056
83.000 4.061128
84.000 4.063042
85.000 4.063042
86.000 4.093811
87.000 4.093811
88.000 4.064851
89.000 4.018374
90.000 3.971898
91.000 3.928902
92.000 3.928902
93.000 3.928902
94.000 4.007177
95.000 4.090439
96.000 4.173701
97.000 4.188263
98.000 3.953862
99.000 3.501457
100.000 3.530763
101.000 3.631432
102.000 3.732102
103.000 3.832772
104.000 3.928398
105.000 3.928398
106.000 3.943835
107.000 3.960290
108.000 3.976744
109.000 3.981361
110.000 3.774442
111.000 3.487595
112.000 3.519688
113.000 3.695923
114.000 3.872158
115.000 4.048392
116.000 4.165009
117.000 4.165009
118.000 3.842049
119.000 3.842049
120.000 3.782885
121.000 3.719752
122.000 3.656618
123.000 3.593484
124.000 3.556107
125.000 3.556107
126.000 3.667244
127.000 3.827590
128.000 3.987936
129.000 4.047348
130.000 4.047348
131.000 3.917618
132.000 3.917618
133.000 3.838972
134.000 3.724514
135.000 3.610055
136.000 3.522614
137.000 3.522614
138.000 3.592832
139.000 3.694730
140.000 3.796627
141.000 3.822647
142.000 3.749498
143.000 3.716446
144.000 3.645655
145.000 3.488028
146.000 3.353073
147.000 3.353073
148.000 3.353073
149.000 3.422026
150.000 3.492307
151.000 3.562587
152.000 3.566032
153.000 4.145997
154.000 4.146660
155.000 4.116852
156.000 4.049581
157.000 3.982311
158.000 3.918037
159.000 3.918037
160.000 3.936895
161.000 3.940979
162.000 3.853057
163.000 3.726204
164.000 3.599351
165.000 3.532265
166.000 3.532265
167.000 3.614006
168.000 3.703624
169.000 3.751617
170.000 3.751617
171.000 4.152748
172.000 4.152748
173.000 4.013020
174.000 3.864547
175.000 3.716075
176.000 3.626640
177.000 3.724252
178.000 3.864678
179.000 4.000961
180.000 4.000961
181.000 3.925346
182.000 3.925346
183.000 3.939475
184.000 3.959800
185.000 3.980125
186.000 3.989700
187.000 3.666355
188.000 3.154091
189.000 3.208004
190.000 3.433483
191.000 3.658961
192.000 3.884439
193.000 3.956192
194.000 3.948780
195.000 3.938039
196.000 3.927910
197.000 3.927910
198.000 3.738907
199.000 3.738907
200.000 3.781339
201.000 3.826910
202.000 3.869247
203.000 3.869247
204.000 3.415855
205.000 3.415855
206.000 3.630623
207.000 3.630623
208.000 3.583577
209.000 3.533267
210.000 3.482957
211.000 3.467209
212.000 3.502555
213.000 3.684653
214.000 3.866750
215.000 4.048848
216.000 4.116776
217.000 4.107622
218.000 4.096313
219.000 4.068676
220.000 3.985708
221.000 3.902740
222.000 3.819772
223.000 3.736804
224.000 3.653836
225.000 3.570868
226.000 3.487900
227.000 3.404932
228.000 3.321964
229.000 3.238996
230.000 3.156028
231.000 3.073060
232.000 3.011978
233.000 3.027505
234.000 3.152614
235.000 3.277723
236.000 3.402833
237.000 3.527942
238.000 3.653051
239.000 3.778160
240.000 3.903270
241.000 3.904007
242.000 3.843029
243.000 3.779747
244.000 4.146965
245.000 4.146965
246.000 4.146965
247.000 4.146965
248.000 4.146965
249.000 4.146965
250.000 4.146965
251.000 4.083627
252.000 3.987239
253.000 3.890850
254.000 3.794461
255.000 3.698072
256.000 3.601683
257.000 3.505295
258.000 3.493408
259.000 3.601399
260.000 3.867974
261.000 4.022949
262.000 4.022949
263.000 4.022949
264.000 4.022949
265.000 4.022949
266.000 4.022949
267.000 3.968224
268.000 3.636185
269.000 3.639954
270.000 3.659472
271.000 3.678991
272.000 3.698510
273.000 3.718028
274.000 3.728554
275.000 3.735135
276.000 3.768354
277.000 3.801574
278.000 3.834794
279.000 3.868013
280.000 3.880211
281.000 4.172302
282.000 4.172302
283.000 4.092225
284.000 3.961190
285.000 3.830154
286.000 3.732857
287.000 3.719459
288.000 3.630204
289.000 3.540949
290.000 3.451694
291.000 3.362439
292.000 3.273184
293.000 3.257111
294.000 3.415043
295.000 3.903519
296.000 3.815117
297.000 3.405144
298.000 3.529651
299.000 3.939606
300.000 3.829361
301.000 3.733887
302.000 3.767785
303.000 3.943326
304.000 4.049911
305.000 4.049911
306.000 4.049240
307.000 4.045726
308.000 4.042213
309.000 4.040916
310.000 4.040916
311.000 4.009575
312.000 4.009575
313.000 4.021050
314.000 4.033180
315.000 4.045309
316.000 4.048485
317.000 4.048316
318.000 4.047412
319.000 4.046509
320.000 4.046135
321.000 4.055229
322.000 4.095047
323.000 3.978811
324.000 3.364151
325.000 3.357262
326.000 3.560964
327.000 3.889191
328.000 3.927341
329.000 4.015223
330.000 4.100517
331.000 4.100517
332.000 4.105612
333.000 4.113016
334.000 4.120420
335.000 4.127824
336.000 4.129852
337.000 3.765976
338.000 3.765976
339.000 3.792950
340.000 3.832208
341.000 3.871465
342.000 3.910723
343.000 3.944618
344.000 3.944618
345.000 3.971784
346.000 4.000619
347.000 4.029454
348.000 4.033394
349.000 3.836906
350.000 3.766785
351.000 3.641998
352.000 3.461175
353.000 3.311371
354.000 3.311371
355.000 3.870323
356.000 4.077202
357.000 4.065363
358.000 4.048157
359.000 4.030952
