0.000 0.202057
1.000 1.477142
2.000 2.700768
3.000 2.700768
4.000 2.679306
5.000 2.679306
6.000 2.679306
7.000 2.610489
8.000 2.610489
9.000 2.610489
10.000 2.611789
11.000 2.617533
12.000 2.623277
13.000 2.627045
14.000 2.627045
15.000 2.777946
16.000 2.777946
17.000 2.752575
18.000 2.717651
19.000 2.717651
20.000 2.476990
21.000 2.631905
22.000 2.631905
23.000 2.679619
24.000 2.679619
25.000 2.679619
26.000 2.633858
27.000 2.633858
28.000 2.740540
29.000 2.635002
30.000 2.635002
31.000 2.590111
32.000 2.597450
33.000 2.597450
34.000 2.735367
35.000 2.733612
36.000 2.730181
37.000 2.718628
38.000 2.448273
39.000 2.631119
40.000 2.744232
41.000 2.745449
42.000 2.749344
43.000 2.721226
44.000 2.621849
45.000 2.622755
46.000 2.624741
47.000 2.632278
48.000 2.653679
49.000 2.574355
50.000 2.396317
51.000 2.476515
52.000 2.763496
53.000 2.756896
54.000 2.733505
55.000 2.623588
56.000 2.308563
57.000 2.395369
58.000 2.610886
59.000 2.625866
60.000 2.671768
61.000 2.632924
62.000 2.504303
63.000 2.528921
64.000 2.606232
65.000 2.633185
66.000 2.706497
67.000 2.699433
68.000 2.683472
69.000 2.677171
70.000 2.657455
71.000 2.651540
72.000 2.632462
73.000 2.634934
74.000 2.642525
75.000 2.657710
76.000 2.708183
77.000 2.669418
78.000 2.669418
79.000 2.595627
80.000 2.595627
81.000 2.595627
82.000 2.726837
83.000 2.726837
84.000 2.688097
85.000 2.668594
86.000 2.668594
87.000 2.668594
88.000 2.703552
89.000 2.724365
90.000 2.724365
91.000 2.725438
92.000 2.726555
93.000 2.726555
94.000 2.343239
95.000 2.343239
96.000 2.422048
97.000 2.590218
98.000 2.590218
99.000 2.755972
100.000 2.759804
101.000 2.729568
102.000 2.755867
103.000 2.755867
104.000 2.703857
105.000 2.703857
106.000 2.705406
107.000 2.705406
108.000 2.608124
109.000 2.608124
110.000 2.654427
111.000 2.681169
112.000 2.743080
113.000 2.743055
114.000 2.731895
115.000 2.731895
116.000 2.480972
117.000 2.635208
118.000 2.635208
119.000 2.425835
120.000 2.663208
121.000 2.663208
122.000 2.786621
123.000 2.786621
124.000 2.718887
125.000 2.718887
126.000 2.669472
127.000 2.669472
128.000 2.704559
129.000 2.704559
130.000 2.600212
131.000 2.650330
132.000 2.751518
133.000 2.754350
134.000 2.764618
135.000 2.759847
136.000 2.745964
137.000 2.724549
138.000 2.669678
139.000 2.683356
140.000 2.715027
141.000 2.711378
142.000 2.705399
143.000 2.743085
144.000 2.754616
145.000 2.695946
146.000 2.695946
147.000 2.709415
148.000 2.716003
149.000 2.701775
150.000 2.628922
151.000 2.639095
152.000 2.671692
153.000 2.678820
154.000 2.718132
155.000 2.718340
156.000 2.726236
157.000 2.722652
158.000 2.608101
159.000 2.602630
160.000 2.394646
161.000 2.428968
162.000 2.534485
163.000 2.391327
164.000 2.391327
165.000 2.444359
166.000 2.643028
167.000 2.643028
168.000 2.715277
169.000 2.756744
170.000 2.725310
171.000 2.712608
172.000 2.718727
173.000 2.716670
174.000 2.635389
175.000 2.628848
176.000 2.616440
177.000 2.620198
178.000 2.768715
179.000 2.776530
180.000 2.718163
181.000 2.721693
182.000 2.806908
183.000 2.803077
184.000 2.656563
185.000 2.655475
186.000 2.618263
187.000 2.624497
188.000 2.742508
189.000 2.731167
190.000 2.389091
191.000 2.397867
192.000 2.689056
193.000 2.688089
194.000 2.630501
195.000 2.633991
196.000 2.748726
197.000 2.745280
198.000 2.636795
199.000 2.639473
200.000 2.734077
201.000 2.733921
202.000 2.727739
203.000 2.727471
204.000 2.733704
205.000 2.733265
206.000 2.715637
207.000 2.716377
208.000 2.745604
209.000 2.744777
210.000 2.644981
211.000 2.647911
212.000 2.763679
213.000 2.781606
214.000 2.667435
215.000 2.669113
216.000 2.733101
217.000 2.719106
218.000 2.429367
219.000 2.435319
220.000 2.666237
221.000 2.668411
222.000 2.757854
223.000 2.764125
224.000 2.748850
225.000 2.745161
226.000 2.665022
227.000 2.661172
228.000 2.619016
229.000 2.614419
230.000 2.639678
231.000 2.647258
232.000 2.727582
233.000 2.740414
234.000 2.654041
235.000 2.653887
236.000 2.723043
237.000 2.728284
238.000 2.701210
239.000 2.701360
240.000 2.704254
241.000 2.375969
242.000 2.375969
243.000 2.392852
244.000 2.668831
245.000 2.668831
246.000 2.666519
247.000 2.666519
248.000 2.666519
249.000 2.701273
250.000 2.705856
251.000 2.705856
252.000 2.705856
253.000 2.699003
254.000 2.661817
255.000 2.624631
256.000 2.636169
257.000 2.636169
258.000 2.727280
259.000 2.728084
260.000 2.737762
261.000 2.775604
262.000 2.775604
263.000 2.757892
264.000 2.736794
265.000 2.736794
266.000 2.725933
267.000 2.655551
268.000 2.627129
269.000 2.627129
270.000 2.692705
271.000 2.697823
272.000 2.697823
273.000 2.544258
274.000 2.544258
275.000 2.614922
276.000 2.641836
277.000 2.753441
278.000 2.753441
279.000 2.498993
280.000 2.498993
281.000 2.392731
282.000 2.392731
283.000 2.650717
284.000 2.739082
285.000 2.626038
286.000 2.626038
287.000 2.596950
288.000 2.581337
289.000 2.626770
290.000 2.395439
291.000 2.523902
292.000 2.641304
293.000 2.657374
294.000 2.700188
295.000 2.625183
296.000 2.625183
297.000 2.625079
298.000 2.623596
299.000 2.623596
300.000 2.604111
301.000 2.604111
302.000 2.747810
303.000 2.747810
304.000 2.415756
305.000 2.452213
306.000 2.750893
307.000 2.749715
308.000 2.706146
309.000 2.710843
310.000 2.757492
311.000 2.756575
312.000 2.742897
313.000 2.734306
314.000 2.734306
315.000 2.649202
316.000 2.549698
317.000 2.549698
318.000 2.599475
319.000 2.601112
320.000 2.436073
321.000 2.635746
322.000 2.742569
323.000 2.739265
324.000 2.652870
325.000 2.652870
326.000 2.290504
327.000 2.324903
328.000 2.601341
329.000 2.602863
330.000 2.619156
331.000 2.620878
332.000 2.679390
333.000 2.685757
334.000 2.810913
335.000 2.780608
336.000 2.631233
337.000 2.633939
338.000 2.719208
339.000 2.719208
340.000 2.452637
341.000 2.476412
342.000 2.687210
343.000 2.688237
344.000 2.700294
345.000 2.698216
346.000 2.642258
347.000 2.642540
348.000 2.651840
349.000 2.646674
350.000 2.452652
351.000 2.458281
352.000 2.633667
353.000 2.633866
354.000 2.639656
355.000 2.644552
356.000 2.791840
357.000 2.789391
358.000 2.697411
359.000 2.695266
