0.000 0.290314
1.000 1.955872
2.000 2.476311
3.000 2.152001
4.000 1.942894
5.000 2.142667
6.000 2.447445
7.000 2.504727
8.000 2.506884
9.000 2.834768
10.000 3.324173
11.000 2.918719
12.000 2.383881
13.000 2.783245
14.000 3.082443
15.000 2.592085
16.000 2.489548
17.000 2.363136
18.000 1.606098
19.000 1.872910
20.000 1.623718
21.000 2.326084
22.000 2.405479
23.000 2.394684
24.000 2.556629
25.000 2.888847
26.000 2.678463
27.000 2.422241
28.000 2.474297
29.000 2.608299
30.000 2.533871
31.000 2.336639
32.000 2.725966
33.000 3.040283
34.000 2.017067
35.000 2.017067
36.000 2.204712
37.000 2.225609
38.000 2.225609
39.000 2.359726
40.000 1.747543
41.000 1.747543
42.000 1.747543
43.000 1.978493
44.000 1.978493
45.000 1.620384
46.000 1.620384
47.000 1.785568
48.000 1.785568
49.000 1.785568
50.000 2.408569
51.000 2.408569
52.000 2.408569
53.000 1.815041
54.000 1.815041
55.000 1.815041
56.000 1.815041
57.000 2.270456
58.000 2.061694
59.000 1.852931
60.000 1.644168
61.000 1.435405
62.000 1.226642
63.000 1.127632
64.000 1.075577
65.000 1.269302
66.000 1.220642
67.000 0.941654
68.000 0.829661
69.000 1.333611
70.000 1.335616
71.000 1.339378
72.000 1.520988
73.000 1.525955
74.000 1.281342
75.000 1.281342
76.000 0.995705
77.000 0.995705
78.000 1.169094
79.000 2.525673
80.000 2.583699
81.000 2.723793
82.000 2.749574
83.000 2.814926
84.000 2.759948
85.000 2.620929
86.000 2.944640
87.000 3.760903
88.000 2.651470
89.000 1.660332
90.000 1.951781
91.000 1.991173
92.000 2.424315
93.000 2.806030
94.000 2.380211
95.000 2.380211
96.000 1.993477
97.000 1.993477
98.000 2.498352
99.000 2.498352
100.000 2.498352
101.000 2.498352
102.000 2.498352
103.000 2.498352
104.000 2.498352
105.000 2.498352
106.000 2.498352
107.000 2.498352
108.000 3.091953
109.000 2.975002
110.000 2.858051
111.000 2.741100
112.000 2.624149
113.000 2.507198
114.000 2.390247
115.000 2.273296
116.000 2.156345
117.000 2.116440
118.000 2.796005
119.000 2.796005
120.000 3.131706
121.000 3.391922
122.000 2.675667
123.000 2.675667
124.000 3.598030
125.000 3.598030
126.000 2.811066
127.000 2.811066
128.000 3.210518
129.000 3.210518
130.000 3.691306
131.000 3.721161
132.000 3.721161
133.000 2.675499
134.000 2.675499
135.000 2.675499
136.000 2.675499
137.000 2.675499
138.000 3.450357
139.000 3.569044
140.000 3.687730
141.000 3.727867
142.000 3.727867
143.000 3.063911
144.000 3.063911
145.000 2.307701
146.000 2.363805
147.000 2.558293
148.000 2.680389
149.000 2.790823
150.000 3.801201
151.000 3.801201
152.000 2.052315
153.000 2.052315
154.000 3.212677
155.000 3.212677
156.000 3.213633
157.000 3.307114
158.000 3.307114
159.000 2.267807
160.000 2.267807
161.000 3.117287
162.000 3.117287
163.000 2.950760
164.000 2.923836
165.000 2.923836
166.000 3.599373
167.000 3.599262
168.000 3.598438
169.000 3.598236
170.000 3.625900
171.000 3.123894
172.000 4.026505
173.000 3.886642
174.000 3.886642
175.000 3.037567
176.000 3.037567
177.000 4.064667
178.000 4.527189
179.000 4.241135
180.000 2.318031
181.000 2.318031
182.000 2.564384
183.000 2.564384
184.000 2.564384
185.000 2.999574
186.000 3.539619
187.000 3.539619
188.000 4.165100
189.000 4.165100
190.000 3.056701
191.000 2.914611
192.000 2.877220
193.000 2.877220
194.000 2.693077
195.000 2.693077
196.000 2.693077
197.000 2.693077
198.000 2.693077
199.000 2.976055
200.000 3.041860
201.000 3.107666
202.000 3.173472
203.000 3.239277
204.000 3.272125
205.000 2.863251
206.000 2.950233
207.000 2.816963
208.000 2.816963
209.000 3.483505
210.000 3.483505
211.000 2.713066
212.000 2.713066
213.000 1.620003
214.000 1.620003
215.000 1.620003
216.000 1.508877
217.000 1.341385
218.000 1.173893
219.000 1.006401
220.000 0.838909
221.000 0.559708
222.000 0.559708
223.000 0.559708
224.000 1.322819
225.000 1.972153
226.000 2.060620
227.000 2.626019
228.000 2.725555
229.000 2.681691
230.000 2.631314
231.000 2.483604
232.000 2.405519
233.000 2.459307
234.000 2.507707
235.000 2.623224
236.000 2.672580
237.000 2.550251
238.000 2.480703
239.000 2.477527
240.000 2.497994
241.000 2.649420
242.000 2.704587
243.000 2.621484
244.000 0.748756
245.000 0.748756
246.000 0.923101
247.000 2.089528
248.000 2.966805
249.000 2.966805
250.000 3.042584
251.000 3.559960
252.000 3.778617
253.000 3.138629
254.000 2.849702
255.000 2.494204
256.000 2.501757
257.000 3.287945
258.000 3.463752
259.000 2.998199
260.000 3.006276
261.000 3.039497
262.000 2.921898
263.000 2.604340
264.000 2.697929
265.000 2.982620
266.000 2.867938
267.000 2.850365
268.000 2.874866
269.000 3.042144
270.000 3.061554
271.000 2.608025
272.000 2.608025
273.000 2.608025
274.000 3.150513
275.000 3.159595
276.000 3.168676
277.000 3.177758
278.000 3.184715
279.000 3.021713
280.000 3.021713
281.000 2.504516
282.000 1.958424
283.000 1.740463
284.000 1.740463
285.000 1.478317
286.000 1.478317
287.000 1.257508
288.000 1.043320
289.000 1.043320
290.000 0.921326
291.000 0.921326
292.000 2.373913
293.000 2.533737
294.000 2.934402
295.000 2.573128
296.000 0.761032
297.000 0.761032
298.000 0.761032
299.000 0.836661
300.000 0.964961
301.000 1.093261
302.000 1.187912
303.000 1.187912
304.000 1.146898
305.000 0.889706
306.000 0.793387
307.000 0.972907
308.000 1.064977
309.000 1.118001
310.000 1.149673
311.000 1.149673
312.000 1.128974
313.000 0.990489
314.000 0.983886
315.000 1.103830
316.000 1.160183
317.000 1.137237
318.000 1.123543
319.000 1.123543
320.000 1.106229
321.000 0.982088
322.000 1.000970
323.000 1.367872
324.000 1.580498
325.000 1.893551
326.000 2.111630
327.000 2.300060
328.000 2.342262
329.000 1.699117
330.000 1.349001
331.000 1.668575
332.000 1.821842
333.000 1.521835
334.000 1.516949
335.000 2.263830
336.000 2.788866
337.000 3.123394
338.000 3.330765
339.000 3.339260
340.000 3.294053
341.000 2.957735
342.000 2.540871
343.000 1.003789
344.000 0.939180
345.000 2.172579
346.000 3.130188
347.000 0.278603
348.000 0.278603
349.000 1.832234
350.000 3.410973
351.000 3.492525
352.000 3.565125
353.000 3.596462
354.000 3.628006
355.000 0.197510
356.000 0.197510
357.000 0.197510
358.000 0.197510
359.000 2.894734
