0.000 0.176781
1.000 0.938704
2.000 2.353790
3.000 2.465715
4.000 2.569237
5.000 2.549782
6.000 2.518402
7.000 2.518402
8.000 2.554504
9.000 2.494014
10.000 2.440742
11.000 2.432465
12.000 2.432465
13.000 2.304604
14.000 2.304604
15.000 2.332592
16.000 2.494728
17.000 2.494728
18.000 2.487968
19.000 2.485115
20.000 2.485115
21.000 2.462344
22.000 2.448235
23.000 2.344368
24.000 2.344368
25.000 2.507210
26.000 2.507210
27.000 2.359118
28.000 2.035582
29.000 2.030930
30.000 2.265320
31.000 2.495750
32.000 2.495750
33.000 2.377068
34.000 2.377068
35.000 2.480232
36.000 2.480232
37.000 2.429774
38.000 2.285081
39.000 2.190742
40.000 2.211344
41.000 2.300728
42.000 2.206490
43.000 2.520599
44.000 2.520599
45.000 2.330101
46.000 2.330101
47.000 2.330101
48.000 2.330101
49.000 2.506876
50.000 2.502725
51.000 2.502548
52.000 2.502548
53.000 2.502548
54.000 2.298241
55.000 2.298241
56.000 2.298241
57.000 2.298241
58.000 2.225716
59.000 2.225716
60.000 2.225716
61.000 2.225716
62.000 2.326128
63.000 2.454576
64.000 2.507492
65.000 2.507492
66.000 2.481407
67.000 2.481407
68.000 2.506897
69.000 2.322990
70.000 2.322990
71.000 2.471051
72.000 2.497368
73.000 2.523407
74.000 2.523407
75.000 2.491425
76.000 2.491425
77.000 2.195198
78.000 2.312910
79.000 2.405418
80.000 2.317329
81.000 2.317329
82.000 2.458145
83.000 2.458145
84.000 2.249481
85.000 2.249481
86.000 2.306510
87.000 2.365509
88.000 2.365509
89.000 2.503807
90.000 2.503807
91.000 2.507108
92.000 2.510117
93.000 2.509997
94.000 2.507362
95.000 2.507523
96.000 2.507523
97.000 2.462543
98.000 2.447823
99.000 2.448313
100.000 2.500671
101.000 2.510689
102.000 2.452248
103.000 2.452248
104.000 2.529053
105.000 2.507111
106.000 2.507111
107.000 2.427460
108.000 2.427460
109.000 2.389480
110.000 2.349701
111.000 2.349701
112.000 2.143913
113.000 2.143913
114.000 2.509224
115.000 2.509224
116.000 2.451706
117.000 2.451706
118.000 2.380023
119.000 2.231308
120.000 2.231308
121.000 2.514893
122.000 2.514893
123.000 2.462769
124.000 2.469958
125.000 2.511566
126.000 2.448738
127.000 2.448738
128.000 2.506844
129.000 2.506844
130.000 2.213402
131.000 2.213402
132.000 2.504501
133.000 2.406021
134.000 2.406021
135.000 2.389932
136.000 2.378456
137.000 2.378456
138.000 2.458521
139.000 2.511032
140.000 2.511032
141.000 2.280159
142.000 2.280159
143.000 2.519989
144.000 2.519989
145.000 2.485598
146.000 2.470345
147.000 2.514961
148.000 2.514961
149.000 2.400688
150.000 2.511505
151.000 2.511505
152.000 2.401497
153.000 2.401497
154.000 2.488289
155.000 2.272026
156.000 2.272026
157.000 2.516006
158.000 2.516006
159.000 2.507477
160.000 2.507477
161.000 2.479599
162.000 2.486224
163.000 2.506973
164.000 2.506973
165.000 2.510330
166.000 2.312141
167.000 2.312141
168.000 2.296189
169.000 2.182838
170.000 2.165794
171.000 2.519341
172.000 2.454781
173.000 2.333169
174.000 2.308784
175.000 2.564003
176.000 2.564003
177.000 2.534332
178.000 2.534332
179.000 2.511991
180.000 2.384127
181.000 2.334778
182.000 2.411934
183.000 2.411934
184.000 2.504013
185.000 2.504013
186.000 2.409413
187.000 2.359680
188.000 2.423836
189.000 2.486252
190.000 2.375463
191.000 2.353305
192.000 2.344070
193.000 2.431633
194.000 2.431633
195.000 2.399611
196.000 2.310841
197.000 2.521286
198.000 2.521286
199.000 2.386040
200.000 2.210442
201.000 2.371498
202.000 2.371498
203.000 2.366191
204.000 2.359749
205.000 2.384428
206.000 2.497776
207.000 2.518351
208.000 2.597595
209.000 2.548710
210.000 2.510536
211.000 2.478264
212.000 2.409500
213.000 2.410690
214.000 2.414391
215.000 2.380234
216.000 2.380234
217.000 2.497849
218.000 2.497849
219.000 2.420101
220.000 2.176170
221.000 2.063965
222.000 2.436194
223.000 2.492941
224.000 2.516029
225.000 2.491194
226.000 2.461235
227.000 2.442283
228.000 2.431984
229.000 2.471421
230.000 2.473412
231.000 2.507050
232.000 2.507050
233.000 2.468531
234.000 2.360249
235.000 2.288513
236.000 2.516098
237.000 2.514469
238.000 2.507111
239.000 2.504616
240.000 2.504616
241.000 2.479616
242.000 2.433464
243.000 2.430757
244.000 2.288116
245.000 2.288116
246.000 2.431206
247.000 2.404574
248.000 2.366692
249.000 2.363190
250.000 2.363190
251.000 2.392456
252.000 2.506493
253.000 2.506493
254.000 2.328621
255.000 2.485355
256.000 2.520248
257.000 2.520248
258.000 2.508095
259.000 2.508095
260.000 2.375160
261.000 2.375160
262.000 2.347466
263.000 2.347466
264.000 2.426773
265.000 2.515160
266.000 2.515160
267.000 2.492386
268.000 2.487787
269.000 2.386703
270.000 2.386703
271.000 2.577164
272.000 2.577164
273.000 2.500732
274.000 2.453621
275.000 2.453621
276.000 2.356178
277.000 2.356178
278.000 2.207119
279.000 2.186195
280.000 2.186195
281.000 2.513824
282.000 2.513824
283.000 2.514009
284.000 2.514053
285.000 2.504799
286.000 2.511581
287.000 2.511581
288.000 2.523216
289.000 2.523216
290.000 2.460831
291.000 2.460831
292.000 2.436764
293.000 2.422768
294.000 2.422768
295.000 2.404114
296.000 2.404114
297.000 2.404114
298.000 2.394867
299.000 2.393227
300.000 2.393227
301.000 2.516235
302.000 2.516235
303.000 2.371834
304.000 2.371834
305.000 2.425781
306.000 2.501251
307.000 2.382820
308.000 2.518463
309.000 2.518463
310.000 2.502845
311.000 2.468292
312.000 2.468292
313.000 2.507385
314.000 2.507385
315.000 2.492788
316.000 2.431640
317.000 2.400635
318.000 2.498474
319.000 2.522331
320.000 2.522331
321.000 2.522187
322.000 2.521782
323.000 2.363426
324.000 2.363426
325.000 2.413620
326.000 2.503685
327.000 2.486382
328.000 2.394585
329.000 2.419967
330.000 2.510742
331.000 2.518517
332.000 2.518517
333.000 2.510687
334.000 2.489204
335.000 2.491647
336.000 2.517197
337.000 2.501558
338.000 2.457680
339.000 2.483428
340.000 2.503586
341.000 2.286034
342.000 2.286034
343.000 2.172401
344.000 2.172401
345.000 2.172401
346.000 2.519562
347.000 2.519562
348.000 2.519562
349.000 2.519562
350.000 2.516564
351.000 2.509389
352.000 2.503815
353.000 2.503815
354.000 2.428566
355.000 2.428566
356.000 2.503136
357.000 2.503136
358.000 2.503136
359.000 2.526253
