0.000 0.475441
1.000 5.272110
2.000 3.161530
3.000 4.411835
4.000 3.668388
5.000 3.668388
6.000 3.481830
7.000 2.889664
8.000 3.076253
9.000 2.920639
10.000 2.847428
11.000 2.783386
12.000 5.072124
13.000 5.241737
14.000 5.260801
15.000 5.276543
16.000 5.084346
17.000 4.915222
18.000 4.395503
19.000 3.027479
20.000 2.801441
21.000 4.574186
22.000 4.804017
23.000 4.340614
24.000 4.814004
25.000 5.330444
26.000 3.073837
27.000 3.073837
28.000 3.004211
29.000 3.004211
30.000 3.155792
31.000 3.155792
32.000 3.042200
33.000 2.881981
34.000 2.881981
35.000 2.881981
36.000 2.881981
37.000 2.881981
38.000 5.014751
39.000 5.004784
40.000 5.004784
41.000 4.892130
42.000 3.897659
43.000 3.897659
44.000 3.897659
45.000 3.705490
46.000 3.705490
47.000 3.705490
48.000 3.705490
49.000 4.659866
50.000 4.659866
51.000 4.659866
52.000 4.636014
53.000 4.614326
54.000 4.614326
55.000 3.920715
56.000 3.920715
57.000 4.272408
58.000 4.272408
59.000 3.086327
60.000 3.086327
61.000 3.086327
62.000 5.637558
63.000 5.637558
64.000 3.548721
65.000 3.548721
66.000 5.908966
67.000 4.871513
68.000 4.871513
69.000 3.981415
70.000 3.981415
71.000 4.168572
72.000 5.749779
73.000 5.749779
74.000 5.120482
75.000 4.652107
76.000 4.652107
77.000 4.232964
78.000 4.232964
79.000 2.920197
80.000 2.938817
81.000 2.999329
82.000 2.999329
83.000 3.427185
84.000 3.427185
85.000 2.249352
86.000 2.249352
87.000 3.758598
88.000 5.664928
89.000 5.859482
90.000 4.579231
91.000 2.838722
92.000 2.838722
93.000 2.838722
94.000 4.977844
95.000 4.977844
96.000 3.652634
97.000 3.652634
98.000 5.023148
99.000 5.023148
100.000 5.124321
101.000 5.104916
102.000 4.974598
103.000 4.907143
104.000 4.349907
105.000 4.349907
106.000 3.417465
107.000 3.211525
108.000 3.211525
109.000 3.211525
110.000 3.677450
111.000 4.091675
112.000 4.091675
113.000 2.903763
114.000 2.903763
115.000 1.930580
116.000 1.930580
117.000 3.480820
118.000 3.480820
119.000 5.594116
120.000 2.789841
121.000 2.789841
122.000 2.976593
123.000 2.976593
124.000 2.976593
125.000 3.350365
126.000 3.350365
127.000 3.565323
128.000 3.565323
129.000 2.454453
130.000 2.454453
131.000 4.677345
132.000 4.138172
133.000 3.730843
134.000 3.706009
135.000 3.706009
136.000 2.530243
137.000 2.016251
138.000 2.016251
139.000 2.413119
140.000 3.791591
141.000 3.972870
142.000 4.173798
143.000 4.173798
144.000 3.497131
145.000 3.497131
146.000 4.353409
147.000 4.353409
148.000 5.741135
149.000 4.972984
150.000 2.649902
151.000 2.649902
152.000 2.649902
153.000 3.422234
154.000 3.422234
155.000 3.422234
156.000 5.171165
157.000 2.920914
158.000 2.920914
159.000 3.993599
160.000 3.993599
161.000 3.993599
162.000 4.176170
163.000 4.176170
164.000 2.649391
165.000 2.649391
166.000 2.649391
167.000 4.081177
168.000 4.081177
169.000 2.893349
170.000 2.893349
171.000 2.931464
172.000 3.379120
173.000 3.379120
174.000 3.379120
175.000 3.865364
176.000 3.865364
177.000 3.646959
178.000 3.002515
179.000 2.923775
180.000 4.568245
181.000 3.686119
182.000 3.686119
183.000 3.903725
184.000 3.903725
185.000 6.665306
186.000 4.188560
187.000 4.491234
188.000 4.491234
189.000 6.263260
190.000 6.263260
191.000 6.511536
192.000 6.511536
193.000 8.440193
194.000 5.787313
195.000 5.432930
196.000 5.009315
197.000 6.336746
198.000 6.336746
199.000 4.012077
200.000 4.012077
201.000 4.026297
202.000 4.037170
203.000 4.037170
204.000 4.037170
205.000 3.996216
206.000 3.996216
207.000 3.996216
208.000 5.229965
209.000 5.229965
210.000 8.632072
211.000 8.632072
212.000 3.605988
213.000 3.605988
214.000 7.695923
215.000 7.695923
216.000 6.804649
217.000 3.437775
218.000 3.437775
219.000 5.123361
220.000 6.251091
221.000 7.294106
222.000 7.294106
223.000 5.861099
224.000 6.036566
225.000 6.258675
226.000 6.258675
227.000 9.417252
228.000 5.887527
229.000 5.351372
230.000 5.969666
231.000 5.969666
232.000 3.391899
233.000 3.391899
234.000 3.391899
235.000 3.391899
236.000 3.391899
237.000 5.680447
238.000 5.478405
239.000 5.410332
240.000 5.410332
241.000 5.298798
242.000 5.151566
243.000 6.723434
244.000 6.723434
245.000 6.275169
246.000 12.653984
247.000 6.095078
248.000 7.075307
249.000 10.207581
250.000 10.601235
251.000 11.407379
252.000 9.988077
253.000 5.979813
254.000 5.979813
255.000 5.979813
256.000 10.444687
257.000 5.864296
258.000 5.864296
259.000 2.997673
260.000 2.997673
261.000 2.997673
262.000 5.012642
263.000 4.338219
264.000 4.338219
265.000 4.338219
266.000 3.259483
267.000 3.259483
268.000 3.259483
269.000 5.808198
270.000 5.849640
271.000 5.849640
272.000 3.212128
273.000 3.212128
274.000 3.852420
275.000 7.431370
276.000 8.157951
277.000 5.921097
278.000 7.145370
279.000 8.039131
280.000 10.736633
281.000 9.779037
282.000 5.260117
283.000 5.260117
284.000 6.064250
285.000 11.981125
286.000 10.737323
287.000 5.478554
288.000 5.673080
289.000 5.673080
290.000 5.682029
291.000 5.718399
292.000 5.718399
293.000 7.457066
294.000 8.112792
295.000 9.684023
296.000 9.138769
297.000 4.634811
298.000 3.708679
299.000 3.708679
300.000 4.334215
301.000 7.935143
302.000 7.880539
303.000 7.492729
304.000 7.950874
305.000 11.297320
306.000 11.781659
307.000 9.473297
308.000 9.321830
309.000 8.207323
310.000 7.858827
311.000 7.058075
312.000 3.953438
313.000 3.953438
314.000 2.018471
315.000 2.018471
316.000 2.018471
317.000 3.779510
318.000 3.779510
319.000 2.330727
320.000 2.330727
321.000 3.660913
322.000 4.368553
323.000 4.603310
324.000 4.972740
325.000 4.972740
326.000 5.780548
327.000 5.780548
328.000 5.150528
329.000 5.150528
330.000 5.150528
331.000 4.041429
332.000 3.340599
333.000 3.340599
334.000 5.449615
335.000 4.796799
336.000 4.796799
337.000 8.090836
338.000 4.696503
339.000 4.696503
340.000 6.545311
341.000 6.545311
342.000 6.938964
343.000 8.006371
344.000 2.861244
345.000 2.861244
346.000 2.931352
347.000 6.639767
348.000 7.622056
349.000 9.398193
350.000 8.955694
351.000 7.437241
352.000 7.094975
353.000 4.688759
354.000 4.688759
355.000 3.687645
356.000 3.699015
357.000 3.737244
358.000 4.239568
359.000 5.120316
