0.000 0.631104
1.000 0.631104
2.000 3.059036
3.000 3.059036
4.000 3.059036
5.000 5.202751
6.000 5.202751
7.000 4.220486
8.000 4.163719
9.000 4.163719
10.000 5.075500
11.000 5.075500
12.000 4.422325
13.000 5.093018
14.000 5.516975
15.000 5.505287
16.000 5.505287
17.000 5.505287
18.000 4.244728
19.000 4.244728
20.000 4.244728
21.000 5.183678
22.000 5.129924
23.000 5.103722
24.000 5.103722
25.000 5.103722
26.000 5.466553
27.000 5.466553
28.000 5.466553
29.000 4.225914
30.000 4.225914
31.000 4.854980
32.000 4.854980
33.000 4.976959
34.000 3.813087
35.000 3.813087
36.000 3.813087
37.000 4.474399
38.000 4.342484
39.000 4.342484
40.000 4.342484
41.000 1.981407
42.000 1.981407
43.000 1.981407
44.000 1.981407
45.000 2.023186
46.000 2.023186
47.000 2.023186
48.000 2.531654
49.000 2.531654
50.000 2.531654
51.000 3.331344
52.000 3.029366
53.000 3.029366
54.000 3.852615
55.000 3.852615
56.000 4.140068
57.000 4.140068
58.000 4.140068
59.000 4.140068
60.000 4.280058
61.000 4.803004
62.000 5.325951
63.000 5.590988
64.000 2.738739
65.000 2.738739
66.000 6.047043
67.000 6.047043
68.000 3.337570
69.000 3.975139
70.000 4.216194
71.000 4.216194
72.000 3.889905
73.000 2.965424
74.000 2.965424
75.000 2.965424
76.000 5.131592
77.000 5.131592
78.000 5.307528
79.000 5.432442
80.000 5.432442
81.000 4.822746
82.000 4.822746
83.000 3.398956
84.000 3.398956
85.000 5.488602
86.000 5.488602
87.000 2.193863
88.000 2.193863
89.000 5.583527
90.000 5.583527
91.000 3.162285
92.000 1.960831
93.000 1.960831
94.000 1.960831
95.000 1.592239
96.000 1.592239
97.000 2.818024
98.000 4.221710
99.000 4.221710
100.000 4.705284
101.000 4.501665
102.000 3.901246
103.000 3.312653
104.000 3.312653
105.000 4.536293
106.000 5.330170
107.000 0.711983
108.000 0.711983
109.000 0.711983
110.000 0.711983
111.000 0.711983
112.000 2.182724
113.000 2.182724
114.000 5.468842
115.000 5.027309
116.000 5.922173
117.000 5.397797
118.000 5.229210
119.000 5.229210
120.000 5.372963
121.000 2.524391
122.000 2.524391
123.000 5.186188
124.000 5.186188
125.000 1.455353
126.000 1.455353
127.000 1.455353
128.000 5.429337
129.000 3.773155
130.000 3.773155
131.000 3.773155
132.000 3.773155
133.000 3.773155
134.000 4.020874
135.000 4.392751
136.000 4.764628
137.000 4.888199
138.000 4.888199
139.000 4.692971
140.000 4.558372
141.000 4.558372
142.000 4.436691
143.000 4.436691
144.000 5.536453
145.000 5.536453
146.000 5.536453
147.000 2.026169
148.000 2.026169
149.000 2.026169
150.000 2.282873
151.000 3.828078
152.000 3.848885
153.000 3.848885
154.000 2.299385
155.000 2.299385
156.000 5.481377
157.000 4.907120
158.000 4.907120
159.000 6.125099
160.000 6.125099
161.000 1.999596
162.000 1.999596
163.000 1.999596
164.000 3.605786
165.000 3.245338
166.000 3.039551
167.000 3.039551
168.000 1.774712
169.000 1.774712
170.000 1.241943
171.000 1.241943
172.000 1.241943
173.000 2.768494
174.000 2.768494
175.000 2.999458
176.000 3.010971
177.000 2.495941
178.000 3.006963
179.000 3.666145
180.000 4.415819
181.000 5.504410
182.000 3.129707
183.000 4.366705
184.000 5.850418
185.000 2.633759
186.000 1.227524
187.000 1.227524
188.000 1.227524
189.000 1.227524
190.000 1.227524
191.000 5.476990
192.000 5.476990
193.000 5.476990
194.000 5.476990
195.000 5.157155
196.000 5.355774
197.000 5.355774
198.000 5.355774
199.000 5.355774
200.000 4.385236
201.000 3.638939
202.000 3.638939
203.000 3.638939
204.000 4.066345
205.000 4.066345
206.000 4.800537
207.000 4.800537
208.000 5.442924
209.000 5.442924
210.000 2.334101
211.000 1.437683
212.000 1.437683
213.000 1.437683
214.000 1.437683
215.000 1.437683
216.000 1.437683
217.000 1.437683
218.000 1.437683
219.000 1.437683
220.000 3.487028
221.000 3.187775
222.000 3.187775
223.000 5.569244
224.000 5.569244
225.000 5.236687
226.000 3.764923
227.000 3.764923
228.000 3.764923
229.000 4.838896
230.000 5.339493
231.000 5.324142
232.000 5.255953
233.000 4.375137
234.000 5.887352
235.000 5.448380
236.000 5.448380
237.000 7.057510
238.000 7.057510
239.000 5.011978
240.000 5.011978
241.000 3.896164
242.000 3.896164
243.000 3.896164
244.000 4.518298
245.000 5.966751
246.000 5.966751
247.000 4.592484
248.000 2.146957
249.000 2.146957
250.000 2.146957
251.000 2.146957
252.000 2.146957
253.000 5.326704
254.000 5.261787
255.000 5.261787
256.000 5.404167
257.000 5.404167
258.000 5.328036
259.000 5.213918
260.000 5.197113
261.000 5.414642
262.000 5.414253
263.000 5.414253
264.000 5.414253
265.000 5.044403
266.000 5.044403
267.000 5.049768
268.000 5.475838
269.000 5.475838
270.000 5.303447
271.000 4.290153
272.000 4.027351
273.000 5.429306
274.000 5.429306
275.000 5.429306
276.000 5.437282
277.000 5.445585
278.000 5.453888
279.000 5.453972
280.000 5.361211
281.000 3.546509
282.000 3.546509
283.000 5.475510
284.000 5.475510
285.000 1.955734
286.000 1.955734
287.000 1.955734
288.000 2.018402
289.000 2.018402
290.000 5.085762
291.000 5.085762
292.000 5.410527
293.000 5.528008
294.000 5.528008
295.000 1.978920
296.000 1.978920
297.000 1.978920
298.000 1.978920
299.000 1.978920
300.000 1.978920
301.000 1.978920
302.000 1.978920
303.000 1.978920
304.000 1.978920
305.000 1.978920
306.000 3.502936
307.000 3.006832
308.000 2.766068
309.000 2.766068
310.000 2.766068
311.000 2.766068
312.000 2.575113
313.000 2.200786
314.000 1.826459
315.000 1.452133
316.000 1.398605
317.000 5.302559
318.000 2.603622
319.000 2.603622
320.000 5.531181
321.000 5.435700
322.000 5.240982
323.000 5.240982
324.000 2.648155
325.000 2.648155
326.000 3.016481
327.000 5.363960
328.000 5.363960
329.000 4.745010
330.000 5.747818
331.000 5.747818
332.000 2.018394
333.000 2.018394
334.000 2.018394
335.000 5.389656
336.000 5.389656
337.000 2.613697
338.000 2.175346
339.000 2.175346
340.000 2.175346
341.000 2.175346
342.000 2.175346
343.000 2.935619
344.000 2.238082
345.000 2.034256
346.000 2.034256
347.000 2.034256
348.000 2.470215
349.000 3.506836
350.000 3.506836
351.000 3.542366
352.000 3.542366
353.000 3.351212
354.000 3.351212
355.000 5.025520
356.000 4.614014
357.000 4.614014
358.000 2.822739
359.000 2.822739
