0.000 0.173759
1.000 0.879229
2.000 1.594353
3.000 2.468686
4.000 2.391708
5.000 2.166504
6.000 2.599304
7.000 2.461525
8.000 2.454536
9.000 2.490159
10.000 2.527742
11.000 2.504662
12.000 2.631195
13.000 2.432892
14.000 2.433512
15.000 2.513542
16.000 2.513542
17.000 2.460800
18.000 2.460800
19.000 2.406425
20.000 2.406425
21.000 2.404010
22.000 2.403969
23.000 2.494003
24.000 2.494003
25.000 2.383324
26.000 2.383324
27.000 2.507690
28.000 2.507690
29.000 2.160316
30.000 2.160316
31.000 2.351814
32.000 2.532188
33.000 2.532188
34.000 2.209747
35.000 2.209747
36.000 2.209747
37.000 2.482628
38.000 2.482628
39.000 2.382561
40.000 2.382561
41.000 2.372383
42.000 2.372383
43.000 2.372383
44.000 2.501053
45.000 2.501053
46.000 2.501053
47.000 2.283623
48.000 2.283623
49.000 2.283623
50.000 2.495712
51.000 2.495712
52.000 2.495712
53.000 2.490221
54.000 2.486923
55.000 2.486923
56.000 2.478355
57.000 2.445669
58.000 2.438393
59.000 2.485710
60.000 2.485710
61.000 2.476807
62.000 2.164589
63.000 2.164589
64.000 2.491440
65.000 2.491440
66.000 2.208672
67.000 2.208672
68.000 2.208672
69.000 2.208672
70.000 2.249436
71.000 2.258987
72.000 2.258987
73.000 2.258987
74.000 2.173569
75.000 2.173569
76.000 2.026718
77.000 2.026718
78.000 2.026718
79.000 2.157593
80.000 2.157593
81.000 2.447365
82.000 2.447365
83.000 2.447365
84.000 2.481224
85.000 2.481224
86.000 2.484442
87.000 2.509033
88.000 2.509033
89.000 2.493802
90.000 2.360878
91.000 2.360878
92.000 2.458633
93.000 2.458633
94.000 2.505348
95.000 2.505348
96.000 2.463188
97.000 2.463188
98.000 2.468493
99.000 2.490570
100.000 2.490570
101.000 2.312294
102.000 2.312294
103.000 2.508018
104.000 2.508018
105.000 2.397125
106.000 2.397125
107.000 2.497979
108.000 2.509773
109.000 2.440651
110.000 2.440651
111.000 2.418777
112.000 2.418777
113.000 2.418777
114.000 2.465691
115.000 2.465691
116.000 2.465691
117.000 2.464449
118.000 2.461250
119.000 2.459679
120.000 2.459679
121.000 1.985535
122.000 1.985535
123.000 2.510124
124.000 2.510124
125.000 2.510124
126.000 2.340580
127.000 2.410871
128.000 2.481161
129.000 2.526909
130.000 2.526909
131.000 2.491409
132.000 2.491409
133.000 2.491409
134.000 1.957535
135.000 1.957535
136.000 1.957535
137.000 1.957535
138.000 2.002403
139.000 2.129813
140.000 2.257222
141.000 2.268120
142.000 1.953064
143.000 2.272530
144.000 2.272530
145.000 2.477216
146.000 2.520317
147.000 2.520317
148.000 2.339783
149.000 2.339783
150.000 2.374986
151.000 2.411674
152.000 2.411674
153.000 2.442345
154.000 2.442345
155.000 2.442345
156.000 2.491638
157.000 2.491638
158.000 2.451036
159.000 2.427116
160.000 2.311340
161.000 2.311340
162.000 2.312844
163.000 2.314209
164.000 2.504539
165.000 2.504684
166.000 2.504684
167.000 2.399452
168.000 1.766975
169.000 1.766975
170.000 2.337761
171.000 2.186074
172.000 2.425402
173.000 2.476097
174.000 2.510391
175.000 2.510391
176.000 2.510391
177.000 2.372063
178.000 2.372063
179.000 2.253951
180.000 2.235611
181.000 2.235611
182.000 2.239063
183.000 2.346434
184.000 2.431290
185.000 2.504616
186.000 2.519493
187.000 2.519493
188.000 1.827202
189.000 1.827202
190.000 1.827202
191.000 2.428970
192.000 2.428970
193.000 2.215702
194.000 2.178947
195.000 2.237198
196.000 2.237198
197.000 2.237198
198.000 2.167877
199.000 2.167877
200.000 2.167877
201.000 2.414581
202.000 2.501404
203.000 2.501404
204.000 2.498355
205.000 2.498276
206.000 2.513596
207.000 2.514641
208.000 2.274101
209.000 2.438644
210.000 2.438644
211.000 2.473395
212.000 2.482750
213.000 2.497063
214.000 2.497063
215.000 2.404144
216.000 2.421036
217.000 2.421036
218.000 2.484810
219.000 2.484810
220.000 2.463966
221.000 2.223228
222.000 2.223228
223.000 2.223228
224.000 2.510941
225.000 2.510941
226.000 2.240059
227.000 2.240059
228.000 2.252188
229.000 2.301414
230.000 2.301414
231.000 2.301414
232.000 2.519699
233.000 2.519699
234.000 2.426842
235.000 2.426842
236.000 2.426842
237.000 2.451645
238.000 2.451645
239.000 2.450783
240.000 2.450783
241.000 2.450783
242.000 2.497101
243.000 2.497101
244.000 2.497101
245.000 2.496004
246.000 2.482813
247.000 2.474701
248.000 2.474701
249.000 2.501740
250.000 2.501740
251.000 2.410217
252.000 2.410217
253.000 2.421142
254.000 2.452793
255.000 2.463638
256.000 2.463638
257.000 2.479393
258.000 2.473679
259.000 2.473679
260.000 2.447960
261.000 2.447960
262.000 2.454141
263.000 2.477022
264.000 2.491020
265.000 2.491020
266.000 2.355110
267.000 2.355110
268.000 1.134506
269.000 1.134506
270.000 1.134506
271.000 2.344215
272.000 2.344215
273.000 2.479874
274.000 2.479874
275.000 2.353450
276.000 2.331093
277.000 2.466334
278.000 2.524406
279.000 2.524406
280.000 2.460403
281.000 2.460403
282.000 2.460403
283.000 2.460403
284.000 2.460403
285.000 2.460403
286.000 2.460403
287.000 2.301911
288.000 2.268258
289.000 2.234605
290.000 2.200951
291.000 2.167298
292.000 2.133645
293.000 2.099991
294.000 2.066338
295.000 2.437042
296.000 2.463837
297.000 2.463837
298.000 2.463837
299.000 2.528870
300.000 2.528870
301.000 2.360054
302.000 2.360054
303.000 2.407379
304.000 2.407379
305.000 2.412241
306.000 2.416122
307.000 2.520523
308.000 2.520523
309.000 2.491730
310.000 2.481956
311.000 2.418266
312.000 2.418266
313.000 2.488525
314.000 2.281975
315.000 2.281975
316.000 2.307144
317.000 2.307144
318.000 2.513885
319.000 2.214009
320.000 1.940254
321.000 2.166402
322.000 2.524521
323.000 2.447552
324.000 2.419289
325.000 2.289436
326.000 2.289436
327.000 2.426544
328.000 2.501724
329.000 2.281566
330.000 2.239479
331.000 2.299268
332.000 2.363449
333.000 2.321848
334.000 2.310089
335.000 2.409721
336.000 2.409721
337.000 2.462069
338.000 2.463829
339.000 2.507500
340.000 2.507500
341.000 2.507500
342.000 2.507500
343.000 2.464634
344.000 2.487679
345.000 2.487679
346.000 2.317535
347.000 2.317535
348.000 2.317535
349.000 2.510074
350.000 2.551018
351.000 2.551018
352.000 2.551018
353.000 2.551018
354.000 2.236176
355.000 2.236176
356.000 2.236176
357.000 2.236176
358.000 2.253930
359.000 2.328209
