0.000 0.115005
1.000 0.115005
2.000 0.259838
3.000 1.508514
4.000 3.007385
5.000 2.362163
6.000 1.963205
7.000 4.386589
8.000 4.386589
9.000 3.064034
10.000 3.064034
11.000 2.483702
12.000 3.677187
13.000 3.487313
14.000 3.352188
15.000 3.516499
16.000 3.419723
17.000 4.243600
18.000 4.746315
19.000 4.660263
20.000 4.699577
21.000 4.699577
22.000 4.699577
23.000 4.699577
24.000 4.699577
25.000 4.699577
26.000 4.699577
27.000 4.699577
28.000 4.699577
29.000 4.697360
30.000 4.687321
31.000 4.680992
32.000 4.680992
33.000 4.680992
34.000 4.680992
35.000 4.680992
36.000 4.680992
37.000 4.747198
38.000 5.044257
39.000 5.031926
40.000 4.572760
41.000 4.563411
42.000 5.010101
43.000 5.003912
44.000 4.992798
45.000 4.561384
46.000 4.332474
47.000 4.379316
48.000 4.585785
49.000 4.716545
50.000 4.870220
51.000 4.941755
52.000 5.020117
53.000 1.193558
54.000 1.193558
55.000 1.470349
56.000 3.169809
57.000 3.610589
58.000 4.590714
59.000 4.902712
60.000 4.879883
61.000 4.900175
62.000 5.010738
63.000 5.034753
64.000 5.015047
65.000 5.022585
66.000 5.076749
67.000 4.982303
68.000 4.883759
69.000 4.890829
70.000 4.923281
71.000 4.834500
72.000 4.414586
73.000 3.860887
74.000 1.427933
75.000 0.882889
76.000 0.882889
77.000 4.976451
78.000 4.941506
79.000 4.925696
80.000 4.907566
81.000 4.920983
82.000 5.011302
83.000 5.036689
84.000 5.047003
85.000 5.049591
86.000 5.055587
87.000 4.978981
88.000 4.638121
89.000 4.674452
90.000 4.918792
91.000 4.890567
92.000 4.603626
93.000 4.783873
94.000 4.926208
95.000 4.910562
96.000 4.895699
97.000 4.877201
98.000 4.852150
99.000 4.831558
100.000 4.792374
101.000 4.776545
102.000 4.772972
103.000 4.776362
104.000 4.782173
105.000 4.808077
106.000 4.855904
107.000 4.902542
108.000 4.902542
109.000 4.882386
110.000 4.826736
111.000 4.849594
112.000 4.992567
113.000 4.977993
114.000 4.819023
115.000 4.876573
116.000 5.045898
117.000 5.041673
118.000 5.023371
119.000 5.010712
120.000 4.965637
121.000 4.753034
122.000 4.259933
123.000 4.417824
124.000 4.968651
125.000 4.924463
126.000 4.727083
127.000 4.753463
128.000 4.887188
129.000 4.773589
130.000 4.257057
131.000 3.793986
132.000 2.356300
133.000 2.548063
134.000 4.134583
135.000 4.665679
136.000 5.078537
137.000 5.071306
138.000 5.040387
139.000 5.021851
140.000 5.021851
141.000 4.301799
142.000 1.127951
143.000 0.707390
144.000 0.707390
145.000 0.767033
146.000 1.028773
147.000 1.288383
148.000 1.616154
149.000 1.071495
150.000 1.071495
151.000 0.407883
152.000 0.407883
153.000 0.537703
154.000 1.405289
155.000 0.360245
156.000 0.360245
157.000 0.360245
158.000 0.360245
159.000 1.838692
160.000 2.120890
161.000 2.108288
162.000 1.922872
163.000 2.026965
164.000 2.535883
165.000 2.641854
166.000 2.448372
167.000 2.475511
168.000 3.041210
169.000 3.469704
170.000 3.706685
171.000 3.852931
172.000 3.939860
173.000 4.007912
174.000 4.382929
175.000 4.672829
176.000 4.657388
177.000 4.646019
178.000 4.780837
179.000 4.860268
180.000 4.964097
181.000 5.021935
182.000 4.974387
183.000 4.946838
184.000 5.029973
185.000 5.063782
186.000 4.393288
187.000 4.231995
188.000 4.817824
189.000 4.998833
190.000 4.357074
191.000 4.235481
192.000 4.657897
193.000 4.898514
194.000 4.936062
195.000 4.955101
196.000 4.932991
197.000 4.925201
198.000 5.028999
199.000 5.106400
200.000 4.883943
201.000 4.844749
202.000 4.913505
203.000 4.935829
204.000 4.902466
205.000 4.902466
206.000 5.075172
207.000 5.075172
208.000 4.848198
209.000 4.848198
210.000 4.170250
211.000 4.170250
212.000 4.498425
213.000 4.562172
214.000 4.783698
215.000 4.830330
216.000 3.865799
217.000 3.865799
218.000 2.575775
219.000 2.575775
220.000 2.496513
221.000 2.496513
222.000 3.289528
223.000 3.289528
224.000 2.075073
225.000 2.075073
226.000 2.843712
227.000 3.100464
228.000 3.290273
229.000 3.356209
230.000 3.732343
231.000 3.891747
232.000 3.972028
233.000 4.013657
234.000 4.199854
235.000 4.299805
236.000 4.704613
237.000 4.929764
238.000 4.906440
239.000 4.897354
240.000 4.465101
241.000 4.344971
242.000 4.932675
243.000 5.107307
244.000 4.761001
245.000 4.641388
246.000 4.916265
247.000 5.026428
248.000 4.381020
249.000 4.381020
250.000 5.059822
251.000 5.059822
252.000 4.945511
253.000 4.945511
254.000 4.947067
255.000 4.947067
256.000 5.060486
257.000 5.060486
258.000 4.779930
259.000 4.779930
260.000 5.050331
261.000 5.050331
262.000 5.023743
263.000 5.023743
264.000 4.201920
265.000 4.201920
266.000 1.122917
267.000 1.122917
268.000 1.122917
269.000 1.122917
270.000 1.122917
271.000 1.122917
272.000 4.903195
273.000 4.828778
274.000 4.798561
275.000 0.912018
276.000 0.912018
277.000 0.912018
278.000 0.713776
279.000 0.713776
280.000 0.713776
281.000 0.713776
282.000 0.636650
283.000 0.636650
284.000 4.643639
285.000 4.643639
286.000 4.770653
287.000 4.770653
288.000 2.115764
289.000 1.836403
290.000 1.836403
291.000 1.961462
292.000 2.035042
293.000 4.901306
294.000 5.004441
295.000 5.049568
296.000 5.108978
297.000 5.108978
298.000 0.189301
299.000 0.189301
300.000 0.189301
301.000 0.189301
302.000 0.189301
303.000 0.189301
304.000 0.189301
305.000 0.189301
306.000 0.189301
307.000 0.189301
308.000 0.189301
309.000 0.189301
310.000 4.912904
311.000 4.910629
312.000 4.989783
313.000 5.025414
314.000 0.132607
315.000 0.132607
316.000 0.132607
317.000 0.132607
318.000 0.132607
319.000 0.132607
320.000 0.132607
321.000 0.132607
322.000 0.132607
323.000 0.132607
324.000 0.683479
325.000 3.122488
326.000 0.303482
327.000 0.303482
328.000 0.303482
329.000 0.303482
330.000 0.303482
331.000 0.303482
332.000 0.303482
333.000 0.303482
334.000 0.303482
335.000 0.303482
336.000 0.303482
337.000 0.303482
338.000 0.303482
339.000 0.303482
340.000 4.369578
341.000 3.131607
342.000 3.131607
343.000 3.834854
344.000 3.834854
345.000 4.916405
346.000 4.780243
347.000 4.780243
348.000 4.919108
349.000 5.085716
350.000 4.990921
351.000 4.990921
352.000 4.933487
353.000 4.933487
354.000 4.880409
355.000 4.860672
356.000 4.959541
357.000 4.959541
358.000 4.503860
359.000 4.503860
