0.000 2.507523
1.000 2.507523
2.000 2.507523
3.000 2.507523
4.000 2.529857
5.000 3.846443
6.000 3.846443
7.000 4.083512
8.000 4.108971
9.000 4.108971
10.000 4.108971
11.000 4.108971
12.000 4.108971
13.000 4.236308
14.000 4.278625
15.000 4.278625
16.000 4.278625
17.000 4.278625
18.000 4.181083
19.000 4.020706
20.000 3.860328
21.000 3.699950
22.000 3.696884
23.000 1.336774
24.000 1.681702
25.000 1.681702
26.000 1.681702
27.000 1.681702
28.000 1.681702
29.000 1.681702
30.000 2.461044
31.000 2.461044
32.000 2.461044
33.000 3.749185
34.000 4.744003
35.000 5.182678
36.000 4.764709
37.000 4.764709
38.000 3.982468
39.000 3.982468
40.000 5.240265
41.000 5.240265
42.000 5.979515
43.000 5.979515
44.000 5.979515
45.000 5.801125
46.000 5.349091
47.000 5.349091
48.000 5.277361
49.000 4.464116
50.000 4.056374
51.000 5.088672
52.000 4.843666
53.000 4.959831
54.000 4.959831
55.000 5.042496
56.000 5.042496
57.000 5.479683
58.000 5.479683
59.000 5.479683
60.000 5.346054
61.000 5.346054
62.000 5.346054
63.000 5.346054
64.000 5.026129
65.000 4.088486
66.000 3.984032
67.000 3.984032
68.000 3.057297
69.000 3.057297
70.000 3.088973
71.000 4.515680
72.000 4.893173
73.000 4.893173
74.000 4.268816
75.000 3.742287
76.000 4.313438
77.000 2.409561
78.000 2.409561
79.000 2.409561
80.000 5.135124
81.000 5.310707
82.000 5.310707
83.000 4.909988
84.000 4.909988
85.000 4.909988
86.000 4.983773
87.000 5.736290
88.000 5.736290
89.000 5.736290
90.000 4.414217
91.000 2.493163
92.000 2.274315
93.000 2.274315
94.000 2.274315
95.000 2.274315
96.000 3.357643
97.000 3.357643
98.000 2.525795
99.000 2.525795
100.000 2.525795
101.000 2.525795
102.000 2.525795
103.000 3.685356
104.000 3.685356
105.000 3.685356
106.000 4.725301
107.000 5.095116
108.000 5.095116
109.000 3.245369
110.000 3.245369
111.000 3.774132
112.000 3.774132
113.000 5.453590
114.000 3.583855
115.000 3.583855
116.000 5.103157
117.000 5.242744
118.000 5.242744
119.000 5.689125
120.000 5.689125
121.000 5.689125
122.000 5.689125
123.000 3.912712
124.000 2.087385
125.000 2.049843
126.000 2.049843
127.000 4.920380
128.000 1.603409
129.000 1.603409
130.000 1.603409
131.000 1.603409
132.000 1.603409
133.000 4.492485
134.000 4.492485
135.000 4.178205
136.000 3.400520
137.000 3.400520
138.000 1.960854
139.000 1.960854
140.000 1.960854
141.000 1.960854
142.000 1.960854
143.000 1.960854
144.000 1.960854
145.000 1.960854
146.000 1.960854
147.000 1.960854
148.000 4.129289
149.000 4.043969
150.000 3.958649
151.000 3.873330
152.000 3.853294
153.000 3.853294
154.000 3.853294
155.000 3.853294
156.000 3.853294
157.000 3.853294
158.000 3.853294
159.000 3.853294
160.000 3.365213
161.000 3.342737
162.000 3.320261
163.000 3.297785
164.000 3.275309
165.000 3.252832
166.000 3.233841
167.000 3.853432
168.000 3.699593
169.000 4.214561
170.000 5.113106
171.000 4.255898
172.000 4.255898
173.000 2.959145
174.000 2.959145
175.000 4.595200
176.000 4.595200
177.000 4.212318
178.000 4.212318
179.000 4.397478
180.000 4.912952
181.000 5.266617
182.000 5.751694
183.000 5.751694
184.000 4.468681
185.000 4.468681
186.000 4.174927
187.000 3.413834
188.000 3.413834
189.000 3.413834
190.000 4.299214
191.000 5.594009
192.000 4.600128
193.000 4.600128
194.000 4.600128
195.000 5.126884
196.000 5.126884
197.000 3.410721
198.000 3.410721
199.000 3.410721
200.000 4.646950
201.000 2.816475
202.000 2.816475
203.000 2.963307
204.000 4.184846
205.000 4.233711
206.000 3.447586
207.000 3.447586
208.000 3.447586
209.000 5.055298
210.000 5.055298
211.000 5.177066
212.000 5.212036
213.000 5.274947
214.000 5.526387
215.000 5.644104
216.000 4.979641
217.000 4.684937
218.000 5.054932
219.000 5.777295
220.000 5.699419
221.000 4.108177
222.000 4.107587
223.000 4.043421
224.000 3.984055
225.000 4.198708
226.000 5.315519
227.000 5.518612
228.000 5.352986
229.000 5.207542
230.000 4.945749
231.000 4.434634
232.000 4.289218
233.000 3.713928
234.000 2.199181
235.000 2.199181
236.000 2.199181
237.000 2.968546
238.000 5.312912
239.000 5.074717
240.000 4.130254
241.000 3.947662
242.000 2.845991
243.000 2.425735
244.000 2.425735
245.000 2.251541
246.000 2.251541
247.000 3.208869
248.000 4.201569
249.000 2.573105
250.000 2.051628
251.000 2.051628
252.000 2.051628
253.000 2.051628
254.000 4.947876
255.000 5.432915
256.000 5.432915
257.000 5.225807
258.000 5.225807
259.000 2.630104
260.000 2.630104
261.000 2.630104
262.000 2.630104
263.000 2.630104
264.000 2.630104
265.000 2.630104
266.000 2.630104
267.000 2.630104
268.000 2.630104
269.000 2.630104
270.000 2.630104
271.000 2.638478
272.000 2.606980
273.000 2.575482
274.000 2.543984
275.000 2.512486
276.000 2.480988
277.000 2.463257
278.000 2.463257
279.000 2.463257
280.000 2.463257
281.000 2.463257
282.000 1.186821
283.000 1.186821
284.000 1.186821
285.000 2.305267
286.000 2.171181
287.000 2.171181
288.000 2.171181
289.000 3.204201
290.000 3.204201
291.000 3.204201
292.000 2.103645
293.000 2.103645
294.000 2.103645
295.000 3.311501
296.000 3.311501
297.000 3.311501
298.000 3.314507
299.000 3.314507
300.000 3.813508
301.000 4.043137
302.000 2.449165
303.000 2.449165
304.000 4.482872
305.000 4.491528
306.000 4.378848
307.000 3.126946
308.000 2.081718
309.000 3.267528
310.000 5.582648
311.000 5.521422
312.000 4.963364
313.000 4.405306
314.000 4.130333
315.000 4.186885
316.000 4.847070
317.000 4.915364
318.000 4.366583
319.000 4.468634
320.000 5.484296
321.000 5.462115
322.000 3.841368
323.000 2.953866
324.000 1.547493
325.000 2.243191
326.000 4.403030
327.000 1.909904
328.000 1.909904
329.000 2.400049
330.000 5.775566
331.000 4.983597
332.000 3.666100
333.000 3.926802
334.000 4.419395
335.000 4.591570
336.000 5.359516
337.000 5.585458
338.000 5.554769
339.000 5.343000
340.000 4.461874
341.000 4.298095
342.000 4.999364
343.000 5.308762
344.000 5.258949
345.000 4.834083
346.000 3.403252
347.000 3.520496
348.000 4.015549
349.000 3.998330
350.000 3.933156
351.000 4.181194
352.000 5.293790
353.000 5.591722
354.000 5.758231
355.000 2.013664
356.000 2.013664
357.000 2.645422
358.000 4.634407
359.000 4.739549
