0.000 1.370094
1.000 4.373528
2.000 4.830472
3.000 4.953194
4.000 4.790661
5.000 5.496750
6.000 5.496750
7.000 4.440269
8.000 4.440269
9.000 4.120621
10.000 4.120621
11.000 5.226547
12.000 5.226547
13.000 5.226547
14.000 5.192705
15.000 5.118933
16.000 5.113434
17.000 3.187927
18.000 3.187927
19.000 3.187927
20.000 5.827095
21.000 5.698090
22.000 5.525352
23.000 5.525352
24.000 5.525352
25.000 5.259300
26.000 5.259300
27.000 5.259300
28.000 5.241508
29.000 5.241508
30.000 5.241508
31.000 5.497299
32.000 5.497299
33.000 5.497299
34.000 5.497299
35.000 3.494766
36.000 2.646370
37.000 2.646370
38.000 2.646370
39.000 5.407867
40.000 5.285172
41.000 4.932213
42.000 5.444031
43.000 5.444031
44.000 5.566032
45.000 5.566032
46.000 4.031984
47.000 3.461937
48.000 3.461937
49.000 5.457016
50.000 5.457016
51.000 5.405146
52.000 5.393333
53.000 5.393333
54.000 5.444542
55.000 5.444542
56.000 5.108841
57.000 5.108841
58.000 5.126406
59.000 5.301918
60.000 5.301918
61.000 5.328893
62.000 5.459366
63.000 5.489647
64.000 5.489647
65.000 5.489647
66.000 5.019678
67.000 4.874535
68.000 4.874535
69.000 4.874535
70.000 4.874535
71.000 5.522820
72.000 5.522820
73.000 5.522820
74.000 5.365654
75.000 5.365654
76.000 5.404175
77.000 4.644501
78.000 4.644501
79.000 5.329247
80.000 5.329247
81.000 5.308998
82.000 5.308998
83.000 5.308998
84.000 4.972900
85.000 4.972900
86.000 4.972900
87.000 1.807220
88.000 1.807220
89.000 1.807220
90.000 1.807220
91.000 5.440453
92.000 5.440453
93.000 3.021278
94.000 3.021278
95.000 3.021278
96.000 3.021278
97.000 3.021278
98.000 3.021278
99.000 4.518692
100.000 4.518692
101.000 4.518692
102.000 4.518692
103.000 4.585558
104.000 5.347617
105.000 5.537613
106.000 5.537613
107.000 2.724113
108.000 2.724113
109.000 4.920975
110.000 4.920975
111.000 4.168755
112.000 4.168755
113.000 5.322834
114.000 5.302727
115.000 3.616028
116.000 3.657013
117.000 3.657013
118.000 4.921783
119.000 4.921783
120.000 4.921783
121.000 5.432289
122.000 5.432289
123.000 5.521194
124.000 5.521194
125.000 5.521194
126.000 5.470528
127.000 5.470528
128.000 5.478322
129.000 5.584021
130.000 5.610542
131.000 5.610542
132.000 5.373329
133.000 5.373329
134.000 1.225632
135.000 1.225632
136.000 1.225632
137.000 1.225632
138.000 1.225632
139.000 1.225632
140.000 1.225632
141.000 1.225632
142.000 1.225632
143.000 1.225632
144.000 5.117851
145.000 5.117851
146.000 5.173451
147.000 5.218307
148.000 5.218307
149.000 5.209303
150.000 4.364273
151.000 4.364273
152.000 5.210060
153.000 5.210060
154.000 4.138725
155.000 4.138725
156.000 4.107910
157.000 5.650681
158.000 5.451458
159.000 4.992371
160.000 3.065407
161.000 3.065407
162.000 3.065407
163.000 3.065407
164.000 5.359449
165.000 5.344673
166.000 5.344673
167.000 5.106593
168.000 5.060074
169.000 5.060074
170.000 5.600777
171.000 5.600777
172.000 5.433776
173.000 5.428978
174.000 5.428978
175.000 3.466911
176.000 3.466911
177.000 4.260460
178.000 4.260460
179.000 4.852842
180.000 4.933174
181.000 4.933174
182.000 4.259880
183.000 4.357824
184.000 5.457260
185.000 5.339943
186.000 4.077698
187.000 4.077698
188.000 4.077698
189.000 5.317981
190.000 5.471762
191.000 5.538528
192.000 5.062764
193.000 5.055290
194.000 5.055290
195.000 5.485291
196.000 5.485291
197.000 5.479805
198.000 5.171843
199.000 4.982956
200.000 5.022121
201.000 5.156708
202.000 5.700951
203.000 4.646182
204.000 4.800833
205.000 4.670822
206.000 4.983321
207.000 5.369011
208.000 5.374278
209.000 5.385483
210.000 5.099366
211.000 4.435129
212.000 4.377753
213.000 4.498563
214.000 4.740070
215.000 5.258937
216.000 5.459313
217.000 5.572601
218.000 5.563951
219.000 5.426434
220.000 4.955160
221.000 3.945007
222.000 4.372002
223.000 5.363298
224.000 5.076039
225.000 4.984085
226.000 4.385578
227.000 4.381348
228.000 4.381348
229.000 5.384315
230.000 5.381042
231.000 4.958389
232.000 2.078400
233.000 4.200066
234.000 4.200066
235.000 4.716927
236.000 4.716927
237.000 4.729225
238.000 5.550293
239.000 5.550293
240.000 5.412186
241.000 5.412186
242.000 4.669228
243.000 4.753681
244.000 4.828606
245.000 4.887774
246.000 4.907265
247.000 4.935632
248.000 4.973282
249.000 5.063181
250.000 5.171265
251.000 5.246037
252.000 5.443687
253.000 5.367762
254.000 5.049553
255.000 5.052606
256.000 5.067360
257.000 4.960248
258.000 4.438889
259.000 4.438889
260.000 5.079330
261.000 5.644348
262.000 4.560631
263.000 4.362366
264.000 4.134598
265.000 4.134598
266.000 4.260597
267.000 4.260597
268.000 4.455055
269.000 4.455055
270.000 5.371134
271.000 5.387619
272.000 5.535500
273.000 5.535500
274.000 4.996223
275.000 4.996223
276.000 5.598007
277.000 5.598007
278.000 5.132851
279.000 5.132851
280.000 4.910988
281.000 4.910988
282.000 3.924141
283.000 3.924141
284.000 4.305122
285.000 4.305122
286.000 3.984123
287.000 3.979790
288.000 3.586304
289.000 3.586304
290.000 5.227646
291.000 5.227646
292.000 5.382038
293.000 5.519249
294.000 4.865502
295.000 3.892293
296.000 3.601776
297.000 3.601776
298.000 4.293325
299.000 5.312189
300.000 5.554547
301.000 5.551085
302.000 5.205462
303.000 4.696771
304.000 4.985951
305.000 5.546009
306.000 5.289412
307.000 4.747413
308.000 5.311303
309.000 5.535622
310.000 5.522747
311.000 5.504967
312.000 5.505813
313.000 5.507781
314.000 5.194803
315.000 4.698074
316.000 5.160591
317.000 5.291847
318.000 5.270714
319.000 5.251633
320.000 5.231583
321.000 5.190887
322.000 4.983571
323.000 4.535141
324.000 4.535141
325.000 4.535141
326.000 5.185516
327.000 5.185516
328.000 5.112491
329.000 4.930550
330.000 4.930550
331.000 5.502640
332.000 4.972992
333.000 4.972992
334.000 5.468498
335.000 5.468498
336.000 5.031021
337.000 5.031021
338.000 4.254517
339.000 4.254517
340.000 4.254517
341.000 4.254517
342.000 4.838097
343.000 4.838097
344.000 4.838097
345.000 4.838097
346.000 5.352097
347.000 5.352097
348.000 5.352097
349.000 5.352097
350.000 5.292527
351.000 5.225949
352.000 5.195839
353.000 3.611031
354.000 3.611031
355.000 3.611031
356.000 3.611031
357.000 3.611031
358.000 3.611031
359.000 5.283910
