0.000 0.240929
1.000 1.792221
2.000 3.015839
3.000 4.046780
4.000 4.123276
5.000 3.642456
6.000 3.190579
7.000 3.427848
8.000 4.021889
9.000 2.097748
10.000 2.097748
11.000 2.464197
12.000 3.537819
13.000 3.537819
14.000 4.574532
15.000 4.574532
16.000 4.338066
17.000 2.647652
18.000 2.647652
19.000 1.146027
20.000 1.146027
21.000 1.146027
22.000 1.146027
23.000 1.648999
24.000 1.711220
25.000 1.711220
26.000 3.304924
27.000 2.932467
28.000 2.492317
29.000 2.123489
30.000 3.871073
31.000 4.299423
32.000 4.255121
33.000 4.316671
34.000 4.715717
35.000 4.792407
36.000 4.213390
37.000 3.262924
38.000 3.262924
39.000 4.536804
40.000 4.536804
41.000 4.182954
42.000 4.015594
43.000 4.015594
44.000 3.646777
45.000 3.422852
46.000 3.452004
47.000 3.974726
48.000 4.491142
49.000 4.491142
50.000 4.491142
51.000 4.491142
52.000 4.462837
53.000 4.462837
54.000 4.462837
55.000 4.833110
56.000 5.131325
57.000 3.794548
58.000 4.213844
59.000 4.490236
60.000 4.485365
61.000 4.376287
62.000 3.765085
63.000 3.826351
64.000 4.828241
65.000 5.278721
66.000 4.610931
67.000 4.293259
68.000 3.571411
69.000 2.470962
70.000 2.339424
71.000 2.515972
72.000 2.863022
73.000 2.550552
74.000 2.550552
75.000 2.550552
76.000 3.070175
77.000 3.070175
78.000 4.097131
79.000 4.764580
80.000 4.738549
81.000 4.521034
82.000 3.135704
83.000 3.184289
84.000 3.412125
85.000 3.207369
86.000 2.654076
87.000 2.675404
88.000 2.726524
89.000 1.778198
90.000 1.778198
91.000 1.929981
92.000 3.570221
93.000 3.474671
94.000 3.294571
95.000 1.962502
96.000 1.962502
97.000 2.416275
98.000 2.416275
99.000 3.947517
100.000 3.947517
101.000 4.048572
102.000 4.541618
103.000 4.541618
104.000 5.173347
105.000 2.080643
106.000 2.080643
107.000 3.894175
108.000 4.323059
109.000 4.567294
110.000 4.823135
111.000 4.464428
112.000 4.192421
113.000 3.260780
114.000 3.260780
115.000 3.260780
116.000 2.119888
117.000 2.119888
118.000 2.119888
119.000 2.246391
120.000 2.246391
121.000 2.246391
122.000 1.997074
123.000 1.643356
124.000 1.643356
125.000 2.106903
126.000 2.978762
127.000 3.251437
128.000 3.490092
129.000 3.626740
130.000 3.713506
131.000 3.779610
132.000 2.991331
133.000 2.759735
134.000 4.193077
135.000 4.193077
136.000 1.649811
137.000 1.649811
138.000 4.819275
139.000 4.819275
140.000 3.711426
141.000 3.711426
142.000 4.580163
143.000 5.087654
144.000 2.850311
145.000 2.850311
146.000 4.302637
147.000 4.367378
148.000 4.153920
149.000 4.097229
150.000 3.551694
151.000 3.508730
152.000 4.676552
153.000 4.993874
154.000 3.685944
155.000 3.685944
156.000 3.966089
157.000 4.053345
158.000 4.262092
159.000 4.275734
160.000 3.748215
161.000 3.748215
162.000 5.808465
163.000 6.251305
164.000 2.958923
165.000 4.005119
166.000 4.005119
167.000 4.005119
168.000 3.711800
169.000 3.711800
170.000 3.905495
171.000 3.905495
172.000 2.498077
173.000 2.498077
174.000 2.742172
175.000 2.951523
176.000 3.063530
177.000 3.063530
178.000 4.216484
179.000 4.132847
180.000 3.956406
181.000 3.950081
182.000 3.762786
183.000 3.709885
184.000 1.739731
185.000 1.739731
186.000 2.458298
187.000 2.458298
188.000 2.600983
189.000 2.600983
190.000 2.544151
191.000 2.544151
192.000 3.812620
193.000 4.252151
194.000 1.133476
195.000 1.133476
196.000 1.133476
197.000 1.133476
198.000 1.133476
199.000 1.133476
200.000 1.133476
201.000 1.133476
202.000 1.133476
203.000 1.133476
204.000 2.425171
205.000 2.425171
206.000 2.425171
207.000 2.425171
208.000 2.675941
209.000 2.675941
210.000 2.675941
211.000 3.975945
212.000 3.975945
213.000 3.975945
214.000 3.351532
215.000 2.679232
216.000 2.450241
217.000 2.450241
218.000 1.522675
219.000 1.522675
220.000 1.522675
221.000 2.175583
222.000 2.175583
223.000 1.887785
224.000 1.746605
225.000 1.746605
226.000 4.081383
227.000 4.081383
228.000 2.011563
229.000 1.200302
230.000 1.200302
231.000 1.017914
232.000 1.017914
233.000 2.984497
234.000 2.595345
235.000 0.799622
236.000 0.799622
237.000 0.799622
238.000 0.799622
239.000 0.799622
240.000 1.821373
241.000 1.614071
242.000 1.462044
243.000 1.462044
244.000 1.657227
245.000 1.657227
246.000 1.103370
247.000 1.069809
248.000 0.836449
249.000 0.836449
250.000 0.816821
251.000 0.658058
252.000 0.658058
253.000 0.928535
254.000 0.928535
255.000 0.705833
256.000 0.705833
257.000 1.208092
258.000 1.208092
259.000 1.537926
260.000 1.668924
261.000 1.891876
262.000 0.706154
263.000 0.706154
264.000 0.706154
265.000 0.706154
266.000 0.706154
267.000 1.930368
268.000 2.029593
269.000 2.128818
270.000 2.171532
271.000 2.171532
272.000 2.171532
273.000 3.536120
274.000 3.575409
275.000 3.575409
276.000 1.818512
277.000 1.818512
278.000 1.818512
279.000 3.355410
280.000 3.405380
281.000 4.037085
282.000 4.038277
283.000 2.807037
284.000 3.091400
285.000 3.932546
286.000 4.842377
287.000 5.483841
288.000 4.193260
289.000 3.909988
290.000 3.909988
291.000 4.532867
292.000 4.532867
293.000 4.508926
294.000 3.820388
295.000 3.131850
296.000 2.990921
297.000 2.990921
298.000 2.385211
299.000 1.875694
300.000 1.875694
301.000 2.153410
302.000 1.677521
303.000 1.677521
304.000 1.677521
305.000 1.677521
306.000 1.677521
307.000 2.153221
308.000 2.153221
309.000 2.153221
310.000 2.149856
311.000 2.112365
312.000 2.074874
313.000 2.037383
314.000 1.999891
315.000 1.962400
316.000 1.924909
317.000 1.923294
318.000 2.671806
319.000 1.229065
320.000 1.241571
321.000 1.548210
322.000 1.195312
323.000 1.195312
324.000 0.751663
325.000 0.751663
326.000 1.399467
327.000 1.399467
328.000 1.635449
329.000 1.687782
330.000 0.731560
331.000 0.731560
332.000 0.731560
333.000 0.731560
334.000 1.539148
335.000 1.941910
336.000 2.296890
337.000 2.236038
338.000 2.236038
339.000 2.707520
340.000 2.707520
341.000 1.496666
342.000 1.496666
343.000 1.496666
344.000 0.931007
345.000 0.931007
346.000 0.931007
347.000 1.787743
348.000 1.787743
349.000 1.687388
350.000 1.558193
351.000 1.428998
352.000 1.299802
353.000 1.170607
354.000 1.095856
355.000 0.932076
356.000 1.286331
357.000 1.500771
358.000 1.289848
359.000 1.536112
