0.000 0.594139
1.000 0.594139
2.000 0.594139
3.000 0.594139
4.000 0.594139
5.000 0.594139
6.000 0.594139
7.000 0.594139
8.000 0.594139
9.000 4.676819
10.000 5.050972
11.000 4.661926
12.000 5.613548
13.000 4.650620
14.000 1.631340
15.000 1.631340
16.000 4.781242
17.000 4.875099
18.000 4.952099
19.000 5.238510
20.000 4.628586
21.000 5.128235
22.000 5.128235
23.000 4.786522
24.000 3.697044
25.000 5.183952
26.000 5.511330
27.000 5.511330
28.000 4.936993
29.000 4.402611
30.000 4.402611
31.000 4.402611
32.000 5.716072
33.000 5.716072
34.000 5.374027
35.000 4.666876
36.000 4.311462
37.000 4.311462
38.000 4.168816
39.000 4.168816
40.000 3.964754
41.000 3.933090
42.000 3.933090
43.000 3.933090
44.000 3.933090
45.000 4.327835
46.000 4.327835
47.000 4.327835
48.000 4.692917
49.000 4.692917
50.000 4.692917
51.000 4.943512
52.000 4.943512
53.000 4.943512
54.000 2.614464
55.000 2.614464
56.000 2.614464
57.000 3.983513
58.000 3.983513
59.000 3.983513
60.000 5.103050
61.000 5.210136
62.000 4.998413
63.000 4.998413
64.000 4.251595
65.000 4.251595
66.000 4.251595
67.000 4.397026
68.000 4.397026
69.000 4.636948
70.000 4.636948
71.000 0.922813
72.000 0.922813
73.000 0.922813
74.000 0.922813
75.000 0.922813
76.000 0.922813
77.000 0.922813
78.000 0.922813
79.000 2.301783
80.000 2.277664
81.000 2.277664
82.000 4.141029
83.000 4.141029
84.000 3.511008
85.000 2.519932
86.000 2.443939
87.000 2.443939
88.000 2.107384
89.000 2.107384
90.000 2.107384
91.000 2.108482
92.000 2.108482
93.000 2.108482
94.000 3.686607
95.000 3.478982
96.000 3.332840
97.000 3.128387
98.000 2.530449
99.000 2.923676
100.000 2.580109
101.000 2.580109
102.000 1.972374
103.000 4.853729
104.000 0.673462
105.000 0.673462
106.000 0.673462
107.000 0.673462
108.000 0.673462
109.000 0.673462
110.000 0.673462
111.000 0.673462
112.000 2.354912
113.000 2.354912
114.000 4.533745
115.000 4.533745
116.000 4.468681
117.000 4.468681
118.000 4.326950
119.000 4.326950
120.000 4.663419
121.000 5.095421
122.000 5.095421
123.000 3.642235
124.000 3.642235
125.000 3.642235
126.000 4.994034
127.000 4.994034
128.000 4.373741
129.000 4.373741
130.000 4.329414
131.000 4.329414
132.000 3.861214
133.000 4.294395
134.000 4.294395
135.000 4.188316
136.000 4.188316
137.000 4.415090
138.000 5.187231
139.000 5.408821
140.000 5.325804
141.000 5.059479
142.000 4.611023
143.000 3.851982
144.000 3.851982
145.000 2.880058
146.000 2.880058
147.000 4.063049
148.000 4.595161
149.000 4.595161
150.000 3.687012
151.000 3.687012
152.000 3.687012
153.000 3.918622
154.000 4.108170
155.000 4.108170
156.000 4.553696
157.000 5.293709
158.000 4.005287
159.000 5.218796
160.000 5.218796
161.000 4.753700
162.000 4.753700
163.000 4.579926
164.000 4.735947
165.000 4.828583
166.000 4.828583
167.000 3.711967
168.000 4.595726
169.000 4.465821
170.000 4.132286
171.000 4.270809
172.000 4.403322
173.000 5.143360
174.000 5.521253
175.000 5.641812
176.000 5.583897
177.000 4.918165
178.000 4.532059
179.000 4.522279
180.000 4.511385
181.000 4.908997
182.000 4.908997
183.000 4.396376
184.000 4.220154
185.000 3.995468
186.000 3.995468
187.000 3.239983
188.000 3.239983
189.000 3.239983
190.000 5.420425
191.000 5.420425
192.000 5.420425
193.000 4.693710
194.000 4.693710
195.000 4.693710
196.000 5.002274
197.000 5.002274
198.000 5.002274
199.000 4.315125
200.000 4.315125
201.000 4.315125
202.000 3.794815
203.000 3.794815
204.000 3.794815
205.000 4.057195
206.000 4.635512
207.000 4.825630
208.000 4.825630
209.000 5.137817
210.000 5.142960
211.000 5.142960
212.000 5.247749
213.000 4.064873
214.000 4.064873
215.000 5.129868
216.000 4.922348
217.000 4.922348
218.000 4.922348
219.000 4.813090
220.000 4.626694
221.000 4.626694
222.000 4.626694
223.000 4.626694
224.000 4.293083
225.000 4.267281
226.000 4.267281
227.000 4.329006
228.000 4.868576
229.000 4.868576
230.000 4.392456
231.000 4.392456
232.000 4.128738
233.000 4.128738
234.000 4.128738
235.000 5.370216
236.000 5.370216
237.000 5.370216
238.000 4.885430
239.000 4.291359
240.000 4.291359
241.000 4.837807
242.000 4.435738
243.000 4.435738
244.000 4.552299
245.000 4.552299
246.000 4.552299
247.000 3.746937
248.000 3.259384
249.000 3.259384
250.000 3.259384
251.000 4.030084
252.000 4.147377
253.000 4.147377
254.000 4.545013
255.000 3.945572
256.000 3.945572
257.000 4.632408
258.000 5.116348
259.000 5.116348
260.000 4.667610
261.000 2.164703
262.000 2.164703
263.000 1.924381
264.000 1.798508
265.000 1.798508
266.000 1.798508
267.000 4.680061
268.000 4.623772
269.000 4.623772
270.000 4.307236
271.000 4.307236
272.000 4.994174
273.000 5.075348
274.000 5.075348
275.000 4.898964
276.000 4.898964
277.000 4.898964
278.000 2.801399
279.000 2.801399
280.000 2.801399
281.000 4.372597
282.000 4.372597
283.000 4.294131
284.000 4.128296
285.000 4.128296
286.000 4.609847
287.000 5.088547
288.000 4.310730
289.000 4.310730
290.000 4.045265
291.000 4.117836
292.000 4.510101
293.000 4.510101
294.000 4.510101
295.000 4.699488
296.000 4.574173
297.000 4.574173
298.000 4.505905
299.000 4.461739
300.000 4.437721
301.000 4.437721
302.000 4.437721
303.000 4.073856
304.000 3.846153
305.000 3.846153
306.000 3.846153
307.000 4.773201
308.000 3.867210
309.000 3.867210
310.000 3.793403
311.000 3.782600
312.000 5.413040
313.000 5.413040
314.000 5.114403
315.000 5.114403
316.000 4.589287
317.000 4.589287
318.000 5.105034
319.000 4.843391
320.000 4.849541
321.000 4.849541
322.000 4.849541
323.000 1.790916
324.000 1.790916
325.000 1.790916
326.000 1.790916
327.000 4.186638
328.000 4.186638
329.000 2.146179
330.000 2.146179
331.000 2.146179
332.000 3.909393
333.000 3.909393
334.000 4.067457
335.000 4.860542
336.000 4.860542
337.000 2.195595
338.000 2.195595
339.000 2.195595
340.000 3.573746
341.000 2.616493
342.000 2.616493
343.000 2.616493
344.000 3.589683
345.000 5.248449
346.000 5.631393
347.000 2.873535
348.000 2.873535
349.000 5.217911
350.000 4.605537
351.000 4.605537
352.000 2.871849
353.000 2.871849
354.000 2.871849
355.000 2.871849
356.000 4.538979
357.000 4.538979
358.000 3.654066
359.000 2.845383
