0.000 0.236786
1.000 0.236786
2.000 0.236786
3.000 0.236786
4.000 0.236786
5.000 0.236786
6.000 0.236786
7.000 0.236786
8.000 1.865105
9.000 7.928688
10.000 6.745199
11.000 5.290879
12.000 5.028324
13.000 4.851349
14.000 4.591318
15.000 4.351074
16.000 4.099638
17.000 3.847908
18.000 5.920776
19.000 6.084709
20.000 3.654793
21.000 3.654793
22.000 3.654793
23.000 3.654793
24.000 3.654793
25.000 3.654793
26.000 6.375310
27.000 5.879097
28.000 5.382884
29.000 4.886671
30.000 4.390458
31.000 3.894245
32.000 3.866578
33.000 3.261566
34.000 3.261566
35.000 3.261566
36.000 2.641655
37.000 2.641655
38.000 4.332723
39.000 5.786987
40.000 5.981332
41.000 6.195671
42.000 3.209579
43.000 3.209579
44.000 3.209579
45.000 3.209579
46.000 3.166464
47.000 2.974442
48.000 2.974442
49.000 2.974442
50.000 4.204491
51.000 4.204491
52.000 5.443123
53.000 5.443123
54.000 5.005821
55.000 5.005821
56.000 5.170784
57.000 5.170784
58.000 3.705177
59.000 3.705177
60.000 3.705177
61.000 3.705177
62.000 7.444092
63.000 7.444092
64.000 5.925746
65.000 3.879547
66.000 3.879547
67.000 3.879547
68.000 3.844719
69.000 3.844719
70.000 3.844719
71.000 4.778464
72.000 5.414215
73.000 6.406731
74.000 6.406731
75.000 5.248525
76.000 4.561142
77.000 4.561142
78.000 2.758545
79.000 2.758545
80.000 2.758545
81.000 6.683059
82.000 6.944374
83.000 5.034508
84.000 4.691658
85.000 4.691658
86.000 4.016265
87.000 3.698311
88.000 3.698311
89.000 3.698311
90.000 3.698311
91.000 6.273401
92.000 6.061034
93.000 5.848667
94.000 5.636301
95.000 5.423934
96.000 5.211567
97.000 4.999200
98.000 4.786833
99.000 4.574466
100.000 4.362100
101.000 4.160942
102.000 4.830815
103.000 5.866748
104.000 6.168465
105.000 6.168465
106.000 5.625841
107.000 4.787277
108.000 2.261752
109.000 1.254440
110.000 1.901491
111.000 3.165604
112.000 0.162262
113.000 0.162262
114.000 0.838562
115.000 0.838562
116.000 1.092764
117.000 1.520155
118.000 1.486828
119.000 1.378014
120.000 1.522284
121.000 1.711731
122.000 1.773258
123.000 1.871110
124.000 2.195988
125.000 2.772240
126.000 1.759806
127.000 0.959610
128.000 1.845585
129.000 3.075378
130.000 3.673549
131.000 4.587100
132.000 4.356347
133.000 3.794663
134.000 2.762354
135.000 1.657303
136.000 0.432549
137.000 0.432549
138.000 0.746255
139.000 1.180313
140.000 1.248835
141.000 1.362513
142.000 1.377009
143.000 1.389352
144.000 1.390414
145.000 1.382757
146.000 1.325584
147.000 1.300583
148.000 2.262706
149.000 1.820670
150.000 0.993844
151.000 1.707747
152.000 1.439839
153.000 1.939907
154.000 3.840286
155.000 0.610266
156.000 2.363808
157.000 5.037743
158.000 4.689377
159.000 0.158966
160.000 0.158966
161.000 0.158966
162.000 0.158966
163.000 0.158966
164.000 2.656480
165.000 3.069720
166.000 3.350784
167.000 4.587891
168.000 5.524658
169.000 2.821836
170.000 2.085980
171.000 3.381656
172.000 4.076725
173.000 3.242797
174.000 2.989365
175.000 4.773647
176.000 6.158722
177.000 5.869166
178.000 5.656509
179.000 6.103494
180.000 4.034136
181.000 0.057671
182.000 0.057671
183.000 0.057671
184.000 0.057671
185.000 0.057671
186.000 0.057671
187.000 0.057671
188.000 0.057671
189.000 0.057671
190.000 0.057671
191.000 0.057671
192.000 0.057671
193.000 0.057671
194.000 0.057671
195.000 2.749243
196.000 1.982238
197.000 2.042637
198.000 2.099419
199.000 2.099419
200.000 1.985996
201.000 1.150619
202.000 1.055665
203.000 2.482273
204.000 3.672089
205.000 3.838221
206.000 3.985291
207.000 3.750500
208.000 3.505455
209.000 3.172934
210.000 2.812164
211.000 3.430984
212.000 3.844539
213.000 4.302720
214.000 4.535828
215.000 5.101918
216.000 5.546440
217.000 4.621430
218.000 4.150771
219.000 4.671261
220.000 4.871352
221.000 5.042732
222.000 5.130562
223.000 7.162167
224.000 8.603409
225.000 9.037520
226.000 9.369941
227.000 10.439267
228.000 10.998452
229.000 9.699895
230.000 8.951218
231.000 5.213895
232.000 2.320953
233.000 4.723538
234.000 6.677094
235.000 6.937087
236.000 7.097868
237.000 9.402197
238.000 10.848007
239.000 10.223332
240.000 9.783615
241.000 9.990378
242.000 10.136963
243.000 9.412613
244.000 8.852219
245.000 8.615857
246.000 8.437737
247.000 9.441283
248.000 10.198730
249.000 7.480557
250.000 5.972969
251.000 4.036331
252.000 4.036331
253.000 5.985440
254.000 7.212654
255.000 3.802881
256.000 1.444595
257.000 1.444595
258.000 9.803845
259.000 9.840575
260.000 9.858383
261.000 3.167236
262.000 3.167236
263.000 4.691781
264.000 5.930786
265.000 2.200554
266.000 1.530235
267.000 0.143852
268.000 0.143852
269.000 0.143852
270.000 0.143852
271.000 0.143852
272.000 0.143852
273.000 0.143852
274.000 3.263645
275.000 3.441796
276.000 3.562370
277.000 2.403347
278.000 1.884338
279.000 3.750323
280.000 4.809803
281.000 7.221829
282.000 8.504410
283.000 5.079700
284.000 2.604126
285.000 4.489447
286.000 8.896719
287.000 7.585342
288.000 5.845884
289.000 4.761773
290.000 4.117180
291.000 3.251758
292.000 2.804199
293.000 4.201929
294.000 5.246742
295.000 6.081751
296.000 6.670074
297.000 4.579640
298.000 3.269127
299.000 3.909037
300.000 4.296007
301.000 3.633335
302.000 3.338333
303.000 2.001356
304.000 1.382515
305.000 3.581633
306.000 4.502151
307.000 5.165798
308.000 5.462006
309.000 6.349860
310.000 6.806381
311.000 6.566580
312.000 6.395096
313.000 7.068464
314.000 7.504860
315.000 2.996324
316.000 2.322874
317.000 2.378747
318.000 2.394966
319.000 5.280803
320.000 7.715286
321.000 8.079927
322.000 8.355049
323.000 6.052663
324.000 4.834412
325.000 3.438498
326.000 2.837738
327.000 4.846222
328.000 6.791466
329.000 5.872369
330.000 5.261093
331.000 3.470711
332.000 3.470711
333.000 3.853795
334.000 3.945564
335.000 4.994314
336.000 5.194336
337.000 3.028579
338.000 3.262703
339.000 5.096434
340.000 2.663475
341.000 2.663475
342.000 6.320273
343.000 5.867462
344.000 9.820679
345.000 6.234718
346.000 6.775563
347.000 8.712906
348.000 8.712906
349.000 3.835037
350.000 3.835037
351.000 4.121690
352.000 4.576857
353.000 4.996658
354.000 8.251678
355.000 5.885879
356.000 5.353050
357.000 7.649925
358.000 7.756934
359.000 8.206978
