0.000 0.167809
1.000 0.167809
2.000 3.599380
3.000 3.648018
4.000 3.576370
5.000 3.667036
6.000 3.667320
7.000 3.530136
8.000 3.686188
9.000 3.605141
10.000 3.501137
11.000 3.501137
12.000 3.667130
13.000 3.667130
14.000 3.678520
15.000 3.678520
16.000 3.677851
17.000 3.674361
18.000 3.674142
19.000 3.671661
20.000 3.678562
21.000 3.681167
22.000 3.668284
23.000 3.624208
24.000 3.492126
25.000 3.560684
26.000 3.560684
27.000 3.612534
28.000 3.675545
29.000 3.609896
30.000 3.494011
31.000 3.686104
32.000 3.686104
33.000 3.630733
34.000 3.607979
35.000 3.607979
36.000 3.617378
37.000 3.617378
38.000 3.612184
39.000 3.603920
40.000 3.610177
41.000 3.646721
42.000 3.654495
43.000 3.652916
44.000 3.486763
45.000 3.548897
46.000 3.548897
47.000 3.677750
48.000 3.677750
49.000 3.677750
50.000 3.669032
51.000 3.625178
52.000 3.607834
53.000 3.607834
54.000 3.612328
55.000 3.612328
56.000 3.612328
57.000 3.502201
58.000 3.457565
59.000 3.671219
60.000 3.671219
61.000 3.628036
62.000 3.599030
63.000 3.676926
64.000 3.676926
65.000 3.599770
66.000 3.599770
67.000 3.599770
68.000 3.566316
69.000 3.544167
70.000 3.667511
71.000 3.580864
72.000 3.587606
73.000 3.676071
74.000 3.647014
75.000 3.644173
76.000 3.644173
77.000 3.695000
78.000 3.628708
79.000 3.628808
80.000 3.649691
81.000 3.658063
82.000 3.557564
83.000 3.679466
84.000 3.679466
85.000 3.679406
86.000 3.657640
87.000 3.654007
88.000 3.654007
89.000 3.572243
90.000 3.572243
91.000 3.652206
92.000 3.652206
93.000 3.652206
94.000 3.694855
95.000 3.694855
96.000 3.694855
97.000 3.651408
98.000 3.579211
99.000 3.546715
100.000 3.686134
101.000 3.686134
102.000 3.516533
103.000 3.516533
104.000 3.633391
105.000 3.681953
106.000 3.681953
107.000 3.682335
108.000 3.682335
109.000 3.423241
110.000 3.423241
111.000 3.671852
112.000 3.671852
113.000 3.674025
114.000 3.678065
115.000 3.678497
116.000 3.604820
117.000 3.688257
118.000 3.699570
119.000 3.649757
120.000 3.656731
121.000 3.669655
122.000 3.667156
123.000 3.629171
124.000 3.591186
125.000 3.674282
126.000 3.639345
127.000 3.614713
128.000 3.582742
129.000 3.556057
130.000 3.572281
131.000 3.585881
132.000 3.656696
133.000 3.656774
134.000 3.362534
135.000 3.362660
136.000 3.523260
137.000 3.667320
138.000 3.667320
139.000 3.667320
140.000 3.584778
141.000 3.584778
142.000 3.689682
143.000 3.689682
144.000 3.687062
145.000 3.675217
146.000 3.675217
147.000 3.509476
148.000 3.509476
149.000 3.691910
150.000 3.691910
151.000 3.691910
152.000 3.520798
153.000 3.520798
154.000 3.539227
155.000 3.634254
156.000 3.634254
157.000 3.283470
158.000 3.283470
159.000 3.560318
160.000 3.560318
161.000 3.684662
162.000 3.684662
163.000 3.534386
164.000 3.669518
165.000 3.669518
166.000 3.676895
167.000 3.676895
168.000 3.570503
169.000 3.570503
170.000 3.658974
171.000 3.658974
172.000 3.678520
173.000 3.678520
174.000 3.645226
175.000 3.645226
176.000 3.555683
177.000 3.553741
178.000 3.589571
179.000 3.613113
180.000 3.674828
181.000 3.674828
182.000 3.674828
183.000 3.689029
184.000 3.691826
185.000 3.691826
186.000 3.592061
187.000 3.474823
188.000 3.474823
189.000 3.592064
190.000 3.433914
191.000 3.433914
192.000 3.678360
193.000 3.691658
194.000 3.691203
195.000 3.690721
196.000 3.687920
197.000 3.686525
198.000 3.634504
199.000 3.629064
200.000 3.567960
201.000 3.545926
202.000 3.641983
203.000 3.676523
204.000 3.683683
205.000 3.684095
206.000 3.613780
207.000 3.593240
208.000 3.636213
209.000 3.645692
210.000 3.607574
211.000 3.592089
212.000 3.549815
213.000 3.534383
214.000 3.547775
215.000 3.551763
216.000 3.537414
217.000 3.532900
218.000 3.640095
219.000 3.666508
220.000 3.507865
221.000 3.455721
222.000 3.555391
223.000 3.585317
224.000 3.600658
225.000 3.605010
226.000 3.553892
227.000 3.535104
228.000 3.475151
229.000 3.589508
230.000 3.589508
231.000 3.571073
232.000 3.448753
233.000 3.448753
234.000 3.676292
235.000 3.676292
236.000 3.676315
237.000 3.676315
238.000 3.623105
239.000 3.534752
240.000 3.534752
241.000 3.671608
242.000 3.671608
243.000 3.592724
244.000 3.483971
245.000 3.483971
246.000 3.621986
247.000 3.677444
248.000 3.503670
249.000 3.503670
250.000 3.621931
251.000 3.637894
252.000 3.677391
253.000 3.675049
254.000 3.675049
255.000 3.624550
256.000 3.624550
257.000 3.664330
258.000 3.664330
259.000 3.674270
260.000 3.687492
261.000 3.591873
262.000 3.589844
263.000 3.564903
264.000 3.655911
265.000 3.659532
266.000 3.634819
267.000 3.634780
268.000 3.599190
269.000 3.599119
270.000 3.593842
271.000 3.593502
272.000 3.555504
273.000 3.557475
274.000 3.670700
275.000 3.670700
276.000 3.677391
277.000 3.676610
278.000 3.565910
279.000 3.565883
280.000 3.563047
281.000 3.562156
282.000 3.504288
283.000 3.504092
284.000 3.394572
285.000 3.394062
286.000 3.514910
287.000 3.528038
288.000 3.675766
289.000 3.675766
290.000 3.678467
291.000 3.678467
292.000 3.670753
293.000 3.670753
294.000 3.659599
295.000 3.659599
296.000 3.646605
297.000 3.646095
298.000 3.647434
299.000 3.648186
300.000 3.550316
301.000 3.550316
302.000 3.603577
303.000 3.603577
304.000 3.603577
305.000 3.399284
306.000 3.399284
307.000 3.399284
308.000 3.656189
309.000 3.656189
310.000 3.547447
311.000 3.547447
312.000 3.576675
313.000 3.576675
314.000 3.650764
315.000 3.634596
316.000 3.329758
317.000 3.683197
318.000 3.683197
319.000 3.375755
320.000 3.375755
321.000 3.568132
322.000 3.698761
323.000 3.618713
324.000 3.618713
325.000 3.668587
326.000 3.668587
327.000 3.680626
328.000 3.680626
329.000 3.652130
330.000 3.652130
331.000 3.654251
332.000 3.654251
333.000 3.660394
334.000 3.660965
335.000 3.620827
336.000 3.620827
337.000 3.620827
338.000 3.620827
339.000 3.640593
340.000 3.676208
341.000 3.676208
342.000 3.671068
343.000 3.658699
344.000 3.658699
345.000 3.550049
346.000 3.491180
347.000 3.491180
348.000 0.020889
349.000 0.020889
350.000 0.020889
351.000 0.020889
352.000 0.020889
353.000 0.020889
354.000 0.020889
355.000 0.020889
356.000 0.020889
357.000 0.020889
358.000 0.020889
359.000 0.020889
