0.000 0.491585
1.000 0.491585
2.000 0.491585
3.000 0.491585
4.000 0.491585
5.000 0.491585
6.000 0.491585
7.000 0.491585
8.000 0.491585
9.000 0.491585
10.000 0.491585
11.000 0.491585
12.000 0.499928
13.000 3.971375
14.000 3.236879
15.000 1.383190
16.000 0.866898
17.000 2.209236
18.000 2.209236
19.000 2.731513
20.000 2.109612
21.000 1.193184
22.000 2.814011
23.000 2.498756
24.000 2.894165
25.000 1.765114
26.000 2.383224
27.000 2.473892
28.000 1.081841
29.000 1.081841
30.000 0.743706
31.000 0.743706
32.000 0.743706
33.000 0.617302
34.000 0.617302
35.000 0.617302
36.000 0.363808
37.000 0.363808
38.000 0.363808
39.000 0.602425
40.000 0.602425
41.000 0.602425
42.000 0.602425
43.000 2.959360
44.000 3.206238
45.000 3.183506
46.000 2.077393
47.000 2.169938
48.000 3.876319
49.000 4.482904
50.000 5.642863
51.000 6.326757
52.000 6.907830
53.000 7.170957
54.000 6.606390
55.000 6.162674
56.000 7.912816
57.000 9.503358
58.000 9.526393
59.000 9.596699
60.000 10.477336
61.000 11.166004
62.000 12.345812
63.000 13.115712
64.000 10.890429
65.000 9.343154
66.000 8.891010
67.000 8.728592
68.000 10.601770
69.000 12.004548
70.000 12.613430
71.000 13.002138
72.000 10.577666
73.000 10.287277
74.000 12.466448
75.000 13.182431
76.000 12.871875
77.000 12.685715
78.000 15.840744
79.000 6.661957
80.000 3.848526
81.000 3.848526
82.000 1.783241
83.000 1.783241
84.000 1.783241
85.000 13.337945
86.000 13.797894
87.000 12.880511
88.000 11.350655
89.000 11.964247
90.000 13.074333
91.000 10.932768
92.000 8.056496
93.000 9.715441
94.000 12.746947
95.000 13.539884
96.000 13.539924
97.000 13.383166
98.000 12.893631
99.000 12.703958
100.000 12.339029
101.000 12.485626
102.000 13.141193
103.000 11.929917
104.000 7.740761
105.000 7.536481
106.000 6.922302
107.000 8.266750
108.000 13.133799
109.000 14.072384
110.000 14.178319
111.000 13.365772
112.000 11.303604
113.000 10.803709
114.000 9.862923
115.000 9.886360
116.000 9.947144
117.000 9.393546
118.000 8.331451
119.000 8.034611
120.000 7.636086
121.000 7.807627
122.000 8.117172
123.000 6.006691
124.000 0.861069
125.000 0.861069
126.000 0.861069
127.000 0.861069
128.000 0.861069
129.000 0.861069
130.000 0.861069
131.000 0.861069
132.000 0.861069
133.000 0.861069
134.000 0.861069
135.000 2.088165
136.000 2.088165
137.000 4.213422
138.000 5.277245
139.000 2.965546
140.000 2.965546
141.000 5.044129
142.000 7.991028
143.000 2.477654
144.000 2.477654
145.000 2.477654
146.000 1.681564
147.000 1.681564
148.000 1.681564
149.000 1.925171
150.000 1.925171
151.000 1.925171
152.000 1.925171
153.000 3.611412
154.000 3.611412
155.000 3.611412
156.000 3.328384
157.000 3.328384
158.000 1.100403
159.000 1.100403
160.000 1.100403
161.000 2.500008
162.000 2.500008
163.000 2.593742
164.000 2.593742
165.000 5.439400
166.000 5.439400
167.000 6.934258
168.000 3.514984
169.000 3.514984
170.000 7.309586
171.000 7.966782
172.000 9.278915
173.000 7.643990
174.000 10.248742
175.000 9.716628
176.000 5.573318
177.000 5.656591
178.000 6.157288
179.000 5.221788
180.000 4.085312
181.000 1.709709
182.000 1.709709
183.000 2.436982
184.000 5.044914
185.000 4.830608
186.000 4.326965
187.000 5.078121
188.000 7.888968
189.000 7.451248
190.000 5.964493
191.000 4.634435
192.000 1.268295
193.000 1.268295
194.000 1.268295
195.000 1.268295
196.000 1.268295
197.000 0.628609
198.000 0.628609
199.000 0.628609
200.000 0.628609
201.000 0.628609
202.000 0.628609
203.000 7.800019
204.000 7.440384
205.000 7.340120
206.000 7.049461
207.000 3.339131
208.000 1.485336
209.000 1.485336
210.000 1.485336
211.000 1.279099
212.000 1.279099
213.000 0.478310
214.000 0.478310
215.000 0.478310
216.000 0.478310
217.000 0.478310
218.000 0.478310
219.000 0.478310
220.000 3.262405
221.000 3.262405
222.000 3.019432
223.000 1.472412
224.000 1.472412
225.000 1.472412
226.000 1.472412
227.000 1.322678
228.000 1.322678
229.000 1.322678
230.000 1.322678
231.000 1.648557
232.000 2.278599
233.000 2.908640
234.000 2.931252
235.000 3.058182
236.000 3.425041
237.000 3.425041
238.000 2.381187
239.000 3.519826
240.000 4.159775
241.000 1.913719
242.000 1.913719
243.000 0.449951
244.000 0.449951
245.000 0.449951
246.000 0.449951
247.000 0.449951
248.000 0.449951
249.000 3.355657
250.000 3.201462
251.000 2.513635
252.000 0.846954
253.000 0.846954
254.000 0.846954
255.000 0.846954
256.000 0.846954
257.000 0.846954
258.000 0.846954
259.000 3.712217
260.000 4.305824
261.000 3.503225
262.000 3.045609
263.000 3.443252
264.000 4.149529
265.000 3.434405
266.000 2.715988
267.000 2.833981
268.000 3.060135
269.000 0.415215
270.000 0.415215
271.000 0.415215
272.000 0.415215
273.000 0.415215
274.000 0.415215
275.000 1.768776
276.000 1.768776
277.000 0.841972
278.000 0.841972
279.000 0.841972
280.000 0.841972
281.000 0.841972
282.000 0.841972
283.000 3.501940
284.000 4.451302
285.000 4.389439
286.000 4.054459
287.000 2.493774
288.000 2.493774
289.000 2.532539
290.000 2.532539
291.000 3.637326
292.000 5.691483
293.000 1.267845
294.000 1.267845
295.000 1.267845
296.000 1.267845
297.000 1.267845
298.000 1.267845
299.000 1.267845
300.000 1.267845
301.000 7.313932
302.000 5.992767
303.000 5.799485
304.000 5.321350
305.000 3.889291
306.000 2.219513
307.000 2.884924
308.000 5.471710
309.000 5.459623
310.000 4.338670
311.000 4.214585
312.000 3.868313
313.000 4.264754
314.000 6.092609
315.000 5.587366
316.000 0.943855
317.000 0.943855
318.000 0.943855
319.000 3.341537
320.000 3.341537
321.000 3.798470
322.000 3.798470
323.000 3.798470
324.000 8.017368
325.000 8.485054
326.000 4.002228
327.000 4.002228
328.000 4.891223
329.000 5.628487
330.000 8.083085
331.000 8.460753
332.000 6.081741
333.000 4.397949
334.000 4.397949
335.000 5.453639
336.000 8.318947
337.000 8.444345
338.000 8.796654
339.000 7.984735
340.000 4.281315
341.000 2.914821
342.000 5.368672
343.000 7.693077
344.000 7.693077
345.000 7.389385
346.000 6.374492
347.000 6.026792
348.000 5.926596
349.000 5.931894
350.000 8.662551
351.000 10.353047
352.000 8.261566
353.000 7.061490
354.000 7.103102
355.000 7.124223
356.000 6.496895
357.000 6.211405
358.000 6.686290
359.000 6.238314
