0.000 0.210815
1.000 1.613396
2.000 1.721222
3.000 1.621788
4.000 1.704582
5.000 1.644165
6.000 1.635162
7.000 1.635223
8.000 1.635223
9.000 1.635223
10.000 1.596321
11.000 1.587799
12.000 1.587799
13.000 1.587799
14.000 1.662888
15.000 1.662888
16.000 1.082558
17.000 1.082558
18.000 1.082558
19.000 1.641670
20.000 1.641670
21.000 1.641594
22.000 1.641594
23.000 1.632767
24.000 1.642952
25.000 1.642952
26.000 1.613388
27.000 1.613388
28.000 1.613388
29.000 1.613388
30.000 1.618345
31.000 1.625146
32.000 1.631948
33.000 1.638749
34.000 1.638786
35.000 1.611061
36.000 1.611061
37.000 1.611061
38.000 1.635567
39.000 1.635567
40.000 1.635567
41.000 1.639511
42.000 1.641624
43.000 1.641624
44.000 1.615767
45.000 1.604134
46.000 1.652664
47.000 1.537537
48.000 1.537537
49.000 1.209073
50.000 1.116417
51.000 1.116417
52.000 1.633812
53.000 1.611227
54.000 1.605568
55.000 1.623055
56.000 1.640335
57.000 1.640335
58.000 1.627258
59.000 1.627258
60.000 1.639404
61.000 1.635925
62.000 1.635925
63.000 1.587753
64.000 1.587753
65.000 1.587753
66.000 1.587753
67.000 1.589831
68.000 1.593053
69.000 1.594116
70.000 1.594116
71.000 1.595947
72.000 1.595947
73.000 1.636344
74.000 1.638084
75.000 1.591316
76.000 1.591316
77.000 1.642220
78.000 1.642186
79.000 1.641273
80.000 1.641273
81.000 1.613518
82.000 1.613518
83.000 1.634125
84.000 1.630066
85.000 1.621643
86.000 1.621643
87.000 1.630737
88.000 1.725939
89.000 2.729737
90.000 2.934143
91.000 1.644806
92.000 1.619888
93.000 1.619888
94.000 1.582024
95.000 1.582024
96.000 1.619278
97.000 1.619278
98.000 1.619278
99.000 1.625787
100.000 1.621204
101.000 1.618919
102.000 1.618919
103.000 1.616763
104.000 1.616249
105.000 1.616249
106.000 1.567047
107.000 1.567047
108.000 1.613853
109.000 1.613853
110.000 1.628642
111.000 1.630333
112.000 1.630333
113.000 1.636597
114.000 1.636597
115.000 1.636665
116.000 1.636787
117.000 1.636787
118.000 1.626045
119.000 1.624504
120.000 1.624504
121.000 1.631143
122.000 1.644325
123.000 1.623665
124.000 1.624222
125.000 1.633247
126.000 1.623688
127.000 1.623688
128.000 1.634270
129.000 1.634270
130.000 1.613945
131.000 1.611847
132.000 1.651840
133.000 1.608513
134.000 1.608513
135.000 1.636086
136.000 1.647316
137.000 1.645189
138.000 1.668861
139.000 1.637238
140.000 1.613403
141.000 1.613471
142.000 1.614232
143.000 1.721770
144.000 1.673653
145.000 1.648659
146.000 1.607742
147.000 1.636269
148.000 1.583992
149.000 1.583992
150.000 1.582766
151.000 1.581871
152.000 1.581871
153.000 1.619179
154.000 1.619179
155.000 1.591408
156.000 1.591408
157.000 1.644974
158.000 1.644974
159.000 1.544540
160.000 1.544540
161.000 1.613525
162.000 1.613525
163.000 1.629026
164.000 1.649078
165.000 1.649078
166.000 1.634773
167.000 1.634773
168.000 1.652748
169.000 1.652748
170.000 1.645325
171.000 1.645325
172.000 1.625626
173.000 1.625626
174.000 1.523659
175.000 1.523659
176.000 1.634064
177.000 1.634064
178.000 1.137749
179.000 1.137749
180.000 1.650665
181.000 1.650665
182.000 1.650665
183.000 1.635437
184.000 1.635437
185.000 1.635792
186.000 1.635948
187.000 1.635948
188.000 1.535759
189.000 1.535759
190.000 1.518840
191.000 1.410968
192.000 1.303096
193.000 1.195224
194.000 1.087352
195.000 1.063545
196.000 1.063545
197.000 1.063545
198.000 0.617653
199.000 0.744476
200.000 0.798187
201.000 1.136406
202.000 1.105730
203.000 0.813446
204.000 0.813446
205.000 1.369858
206.000 1.073921
207.000 1.073921
208.000 0.822487
209.000 0.822487
210.000 1.593269
211.000 1.632858
212.000 1.632858
213.000 1.645721
214.000 1.645721
215.000 1.547395
216.000 1.072024
217.000 0.895752
218.000 0.895752
219.000 0.895752
220.000 0.808044
221.000 0.808044
222.000 0.808044
223.000 1.637260
224.000 1.637260
225.000 1.609543
226.000 1.609543
227.000 1.587143
228.000 1.587143
229.000 1.641113
230.000 1.641113
231.000 1.641113
232.000 1.638123
233.000 1.638123
234.000 1.521751
235.000 1.521751
236.000 1.521751
237.000 1.584888
238.000 1.607796
239.000 1.607796
240.000 1.632103
241.000 1.632103
242.000 1.632103
243.000 1.652245
244.000 1.652245
245.000 1.650140
246.000 1.640945
247.000 1.634766
248.000 1.639183
249.000 1.592110
250.000 1.638504
251.000 1.637771
252.000 1.634308
253.000 1.634308
254.000 1.611061
255.000 1.611061
256.000 1.615196
257.000 1.615196
258.000 1.585022
259.000 1.585022
260.000 1.637642
261.000 1.637642
262.000 1.903170
263.000 2.804314
264.000 2.804314
265.000 1.636032
266.000 1.636032
267.000 1.641220
268.000 1.641220
269.000 1.635834
270.000 1.635834
271.000 1.637474
272.000 1.637474
273.000 1.637032
274.000 1.637032
275.000 1.580620
276.000 1.580620
277.000 1.637787
278.000 1.637787
279.000 1.637177
280.000 1.637177
281.000 1.636719
282.000 1.636719
283.000 1.637634
284.000 1.637634
285.000 1.633972
286.000 1.633972
287.000 1.590294
288.000 1.590294
289.000 1.590424
290.000 1.590424
291.000 1.590424
292.000 1.640213
293.000 1.640213
294.000 1.632248
295.000 1.632248
296.000 1.633649
297.000 1.635551
298.000 1.642349
299.000 1.642349
300.000 1.612633
301.000 1.639305
302.000 1.639305
303.000 1.636681
304.000 1.636681
305.000 1.615303
306.000 1.615303
307.000 1.615419
308.000 1.617317
309.000 1.617317
310.000 1.637466
311.000 1.638519
312.000 1.638519
313.000 1.635597
314.000 1.635597
315.000 1.634979
316.000 1.634979
317.000 1.645211
318.000 1.655075
319.000 1.633965
320.000 1.633965
321.000 1.612076
322.000 1.612076
323.000 1.638023
324.000 1.638023
325.000 1.624207
326.000 1.624207
327.000 1.637978
328.000 1.637978
329.000 1.643261
330.000 1.644211
331.000 1.623375
332.000 1.623375
333.000 1.639053
334.000 1.639053
335.000 1.636024
336.000 1.636024
337.000 1.605221
338.000 1.586304
339.000 1.586304
340.000 1.580231
341.000 1.580231
342.000 1.639328
343.000 1.639328
344.000 1.602997
345.000 1.606377
346.000 1.606377
347.000 1.634560
348.000 1.638115
349.000 1.658157
350.000 1.658157
351.000 1.635941
352.000 1.635941
353.000 1.652217
354.000 1.653976
355.000 1.646515
356.000 1.646515
357.000 1.637474
358.000 1.637474
359.000 1.638092
