0.000 0.117577
1.000 0.117577
2.000 0.117577
3.000 0.117577
4.000 0.117577
5.000 0.117577
6.000 0.117577
7.000 0.117577
8.000 0.117577
9.000 0.668488
10.000 0.968813
11.000 0.891083
12.000 0.836014
13.000 0.836014
14.000 2.630287
15.000 2.630287
16.000 1.291466
17.000 1.154663
18.000 1.154663
19.000 1.154663
20.000 1.154663
21.000 1.154663
22.000 1.642731
23.000 1.954645
24.000 2.245361
25.000 2.946014
26.000 1.286507
27.000 1.286507
28.000 1.286507
29.000 1.470082
30.000 1.994426
31.000 2.273033
32.000 1.755221
33.000 1.331192
34.000 1.331192
35.000 1.331192
36.000 1.331192
37.000 1.509377
38.000 1.509377
39.000 1.434479
40.000 1.434479
41.000 1.434479
42.000 1.434479
43.000 2.095329
44.000 2.095329
45.000 2.095329
46.000 1.927163
47.000 1.271957
48.000 1.271957
49.000 1.271957
50.000 1.162361
51.000 1.162361
52.000 1.162361
53.000 1.162361
54.000 1.652184
55.000 1.652184
56.000 1.050468
57.000 1.050468
58.000 1.050468
59.000 1.050468
60.000 1.002461
61.000 0.899464
62.000 0.796466
63.000 0.697441
64.000 0.697441
65.000 0.697441
66.000 1.372192
67.000 1.372192
68.000 1.372192
69.000 1.372192
70.000 1.372192
71.000 1.372192
72.000 1.406127
73.000 1.478146
74.000 1.550164
75.000 1.622183
76.000 1.694201
77.000 1.737701
78.000 1.783546
79.000 1.783546
80.000 1.995644
81.000 3.038979
82.000 2.848260
83.000 2.603467
84.000 2.358675
85.000 2.205841
86.000 2.496880
87.000 2.404307
88.000 0.881645
89.000 0.881645
90.000 0.881645
91.000 1.439133
92.000 1.273300
93.000 1.273300
94.000 0.956696
95.000 0.956696
96.000 0.956696
97.000 0.956696
98.000 0.956696
99.000 2.634752
100.000 2.995911
101.000 2.995911
102.000 1.989450
103.000 1.148605
104.000 1.148605
105.000 1.148605
106.000 1.585205
107.000 1.585205
108.000 1.585205
109.000 1.409554
110.000 1.409554
111.000 1.409554
112.000 1.409554
113.000 2.401201
114.000 2.495583
115.000 2.495583
116.000 2.495583
117.000 2.372204
118.000 2.134984
119.000 1.897765
120.000 1.660546
121.000 1.423326
122.000 1.186107
123.000 0.948888
124.000 0.903015
125.000 0.890366
126.000 2.499039
127.000 2.499039
128.000 2.028281
129.000 1.546984
130.000 1.254875
131.000 1.254875
132.000 1.257629
133.000 1.257629
134.000 1.503708
135.000 1.674057
136.000 1.674057
137.000 2.202408
138.000 1.863890
139.000 1.360619
140.000 1.360619
141.000 1.360619
142.000 1.340355
143.000 1.340355
144.000 1.340355
145.000 1.985121
146.000 2.305380
147.000 2.349731
148.000 2.349731
149.000 2.315872
150.000 2.268044
151.000 2.268044
152.000 2.268044
153.000 1.561859
154.000 1.561859
155.000 1.561859
156.000 1.276199
157.000 1.276199
158.000 1.276199
159.000 1.282729
160.000 1.999865
161.000 2.016777
162.000 2.485863
163.000 1.148872
164.000 1.148872
165.000 1.148872
166.000 1.112480
167.000 1.112480
168.000 1.112480
169.000 1.112480
170.000 1.112480
171.000 1.112480
172.000 1.207423
173.000 1.320990
174.000 1.434558
175.000 1.448189
176.000 1.448189
177.000 1.448189
178.000 0.965904
179.000 0.965904
180.000 0.965904
181.000 2.522057
182.000 2.522057
183.000 2.522057
184.000 2.475756
185.000 2.415633
186.000 2.355510
187.000 2.295387
188.000 2.235264
189.000 2.186630
190.000 2.186630
191.000 2.186630
192.000 2.186630
193.000 2.186630
194.000 2.186630
195.000 2.186630
196.000 2.283279
197.000 2.283279
198.000 2.283279
199.000 2.283279
200.000 2.283279
201.000 2.283279
202.000 2.283279
203.000 2.223223
204.000 2.108634
205.000 1.994046
206.000 1.879457
207.000 1.764868
208.000 1.650279
209.000 1.535691
210.000 1.421102
211.000 1.306513
212.000 1.191925
213.000 1.077336
214.000 0.962747
215.000 0.855850
216.000 0.855850
217.000 2.102208
218.000 1.956139
219.000 1.086670
220.000 1.086670
221.000 1.103737
222.000 1.103737
223.000 1.103737
224.000 1.103737
225.000 1.103737
226.000 1.559809
227.000 2.041631
228.000 2.523453
229.000 2.980568
230.000 2.980568
231.000 2.980568
232.000 2.980568
233.000 2.980568
234.000 2.813934
235.000 2.727677
236.000 2.641421
237.000 2.555164
238.000 2.528099
239.000 2.528099
240.000 2.159462
241.000 1.097694
242.000 1.097694
243.000 1.097694
244.000 1.097694
245.000 1.097694
246.000 1.780365
247.000 1.780365
248.000 1.391930
249.000 1.391930
250.000 1.456367
251.000 1.456367
252.000 1.456367
253.000 1.533081
254.000 2.044149
255.000 2.555216
256.000 2.538139
257.000 2.638969
258.000 2.638969
259.000 2.638969
260.000 2.638969
261.000 2.638969
262.000 1.199603
263.000 1.242260
264.000 1.284918
265.000 1.327575
266.000 1.339638
267.000 1.339638
268.000 1.339638
269.000 1.198418
270.000 1.198418
271.000 1.198418
272.000 1.198418
273.000 1.198418
274.000 0.812325
275.000 0.812325
276.000 0.812325
277.000 0.812325
278.000 0.812325
279.000 1.371033
280.000 1.239559
281.000 1.108085
282.000 0.976612
283.000 0.845138
284.000 0.829376
285.000 1.440582
286.000 1.440582
287.000 2.917148
288.000 2.651212
289.000 2.544563
290.000 2.544563
291.000 1.637464
292.000 1.240601
293.000 0.970520
294.000 0.970520
295.000 2.827606
296.000 2.827606
297.000 2.401665
298.000 2.401665
299.000 2.401665
300.000 2.382845
301.000 2.309929
302.000 2.237013
303.000 2.164097
304.000 2.091181
305.000 2.037941
306.000 2.710999
307.000 2.208000
308.000 2.208000
309.000 1.332932
310.000 1.332932
311.000 1.332932
312.000 1.332932
313.000 1.204132
314.000 1.204132
315.000 1.204132
316.000 1.204132
317.000 2.143013
318.000 3.091583
319.000 3.091583
320.000 3.091583
321.000 2.278176
322.000 1.903527
323.000 1.872055
324.000 2.891014
325.000 2.891014
326.000 1.126450
327.000 1.126450
328.000 1.126450
329.000 1.126450
330.000 1.126450
331.000 1.126450
332.000 1.126450
333.000 1.925442
334.000 1.489682
335.000 1.053923
336.000 0.997978
337.000 0.997978
338.000 0.997978
339.000 0.997978
340.000 0.997978
341.000 0.997978
342.000 0.997978
343.000 2.983711
344.000 2.983711
345.000 2.983711
346.000 1.815987
347.000 1.815987
348.000 2.825175
349.000 3.757744
350.000 3.757744
351.000 1.829514
352.000 1.829514
353.000 1.724991
354.000 1.724991
355.000 1.724991
356.000 1.721036
357.000 1.667669
358.000 1.614302
359.000 1.560935
