0.000 0.191849
1.000 0.191849
2.000 0.191849
3.000 0.191849
4.000 0.191849
5.000 0.191849
6.000 0.617324
7.000 1.341965
8.000 0.986641
9.000 1.400696
10.000 1.400696
11.000 1.498810
12.000 1.390404
13.000 1.272400
14.000 1.272400
15.000 1.083165
16.000 1.072426
17.000 1.019958
18.000 1.019958
19.000 1.121819
20.000 1.121819
21.000 1.377106
22.000 1.377106
23.000 1.435799
24.000 1.435799
25.000 1.445822
26.000 1.451767
27.000 1.381119
28.000 1.381119
29.000 1.462921
30.000 1.462921
31.000 1.462921
32.000 1.455490
33.000 1.455490
34.000 0.178856
35.000 0.178856
36.000 0.178856
37.000 0.178856
38.000 0.178856
39.000 0.178856
40.000 0.178856
41.000 0.178856
42.000 0.178856
43.000 0.178856
44.000 0.178856
45.000 0.178856
46.000 0.178856
47.000 1.419873
48.000 1.427437
49.000 1.427437
50.000 1.303970
51.000 1.303970
52.000 0.979050
53.000 1.470940
54.000 1.470940
55.000 1.391159
56.000 1.391159
57.000 1.371562
58.000 1.363724
59.000 1.410614
60.000 1.410614
61.000 1.453941
62.000 1.453941
63.000 1.358785
64.000 1.232040
65.000 1.232040
66.000 1.470695
67.000 1.244041
68.000 1.244041
69.000 1.284068
70.000 1.489677
71.000 1.489677
72.000 1.347809
73.000 1.347809
74.000 1.354279
75.000 1.354279
76.000 1.324799
77.000 1.324799
78.000 1.343096
79.000 1.423617
80.000 1.445656
81.000 1.461693
82.000 1.461693
83.000 1.410976
84.000 1.383537
85.000 1.383537
86.000 1.290986
87.000 1.360316
88.000 1.406013
89.000 1.468994
90.000 1.431999
91.000 1.431999
92.000 1.458885
93.000 1.466530
94.000 1.331001
95.000 1.331001
96.000 1.391045
97.000 1.391045
98.000 1.493385
99.000 1.493385
100.000 1.420955
101.000 1.286842
102.000 1.286842
103.000 1.295266
104.000 1.382796
105.000 1.388641
106.000 1.414230
107.000 1.414230
108.000 1.414886
109.000 1.414886
110.000 1.382772
111.000 1.333603
112.000 1.404999
113.000 1.404999
114.000 1.404999
115.000 1.337080
116.000 1.326579
117.000 1.324394
118.000 1.463226
119.000 1.463226
120.000 1.463226
121.000 1.372216
122.000 1.348353
123.000 1.332275
124.000 1.332275
125.000 1.332275
126.000 1.414840
127.000 1.467361
128.000 1.493248
129.000 1.384453
130.000 1.384453
131.000 1.310242
132.000 1.310242
133.000 1.420318
134.000 1.450539
135.000 1.437408
136.000 1.450150
137.000 1.413521
138.000 1.413521
139.000 1.413521
140.000 1.486786
141.000 1.486786
142.000 1.486786
143.000 1.269786
144.000 0.820733
145.000 0.632668
146.000 0.522820
147.000 0.522820
148.000 1.373512
149.000 1.373512
150.000 1.488716
151.000 1.386368
152.000 1.386368
153.000 0.760536
154.000 0.760536
155.000 0.760536
156.000 0.760536
157.000 0.760536
158.000 0.760536
159.000 0.760536
160.000 1.397993
161.000 1.373104
162.000 1.348215
163.000 1.346558
164.000 1.346558
165.000 1.352199
166.000 1.359131
167.000 1.359131
168.000 1.367699
169.000 1.367699
170.000 1.417686
171.000 1.316063
172.000 1.316063
173.000 1.351649
174.000 1.491249
175.000 1.450912
176.000 1.460915
177.000 1.460915
178.000 1.460915
179.000 1.448166
180.000 1.448166
181.000 1.446565
182.000 1.347967
183.000 1.338264
184.000 1.338264
185.000 1.393661
186.000 1.393661
187.000 1.393638
188.000 1.371101
189.000 1.371101
190.000 1.062126
191.000 0.715080
192.000 0.715080
193.000 1.098454
194.000 1.258804
195.000 1.374550
196.000 1.368103
197.000 1.257072
198.000 1.257072
199.000 1.143838
200.000 0.990867
201.000 0.837896
202.000 0.821480
203.000 1.002857
204.000 1.162880
205.000 0.707771
206.000 1.308189
207.000 0.977608
208.000 1.355865
209.000 1.377052
210.000 1.371933
211.000 1.371933
212.000 1.371933
213.000 1.290375
214.000 1.290375
215.000 1.290375
216.000 1.473221
217.000 1.473221
218.000 1.478835
219.000 1.486809
220.000 1.486809
221.000 1.452904
222.000 1.452904
223.000 1.452904
224.000 1.465740
225.000 1.465988
226.000 1.465988
227.000 1.365517
228.000 1.365517
229.000 1.144569
230.000 1.144569
231.000 1.274612
232.000 1.274612
233.000 1.274612
234.000 1.372459
235.000 1.372459
236.000 1.372459
237.000 1.463188
238.000 1.467400
239.000 1.471162
240.000 1.477081
241.000 1.454102
242.000 1.490135
243.000 1.384720
244.000 1.384720
245.000 1.353989
246.000 1.353989
247.000 1.426842
248.000 1.426842
249.000 1.420560
250.000 1.394628
251.000 1.391380
252.000 1.454479
253.000 1.486916
254.000 1.408791
255.000 1.414574
256.000 1.438194
257.000 1.438194
258.000 1.055275
259.000 1.055275
260.000 1.170498
261.000 1.330078
262.000 1.330078
263.000 1.462921
264.000 1.465942
265.000 1.465942
266.000 1.315506
267.000 1.315506
268.000 1.445381
269.000 1.445381
270.000 1.276811
271.000 1.250542
272.000 1.256790
273.000 1.256790
274.000 1.411610
275.000 1.429771
276.000 1.459618
277.000 1.459618
278.000 1.381767
279.000 1.385836
280.000 1.430919
281.000 1.448463
282.000 1.448463
283.000 1.402895
284.000 1.406425
285.000 1.406425
286.000 1.254593
287.000 1.254593
288.000 1.254593
289.000 1.254593
290.000 1.441085
291.000 1.447662
292.000 1.447662
293.000 1.480198
294.000 1.487206
295.000 1.487206
296.000 1.482864
297.000 1.482864
298.000 1.388641
299.000 1.388641
300.000 1.443741
301.000 1.443741
302.000 1.489690
303.000 1.470233
304.000 1.450777
305.000 1.431580
306.000 1.431580
307.000 1.245499
308.000 1.245499
309.000 1.448479
310.000 1.448479
311.000 1.348343
312.000 1.348343
313.000 1.348343
314.000 1.414726
315.000 1.414726
316.000 1.446334
317.000 1.471191
318.000 1.471191
319.000 1.448624
320.000 1.448624
321.000 1.394753
322.000 1.394753
323.000 1.419479
324.000 1.419479
325.000 1.415779
326.000 1.415779
327.000 1.211563
328.000 1.211563
329.000 1.211563
330.000 1.354408
331.000 1.354408
332.000 1.294273
333.000 1.294273
334.000 1.356033
335.000 1.356033
336.000 1.246223
337.000 1.246223
338.000 1.301636
339.000 1.459259
340.000 1.459259
341.000 1.403786
342.000 1.403786
343.000 1.407143
344.000 1.407143
345.000 1.470016
346.000 1.456673
347.000 1.430038
348.000 1.391693
349.000 1.395546
350.000 1.361084
351.000 1.464371
352.000 1.464371
353.000 1.464371
354.000 1.410059
355.000 1.409561
356.000 1.289612
357.000 1.289612
358.000 1.412852
359.000 1.462112
