0.000 0.397865
1.000 0.439217
2.000 0.353233
3.000 0.697975
4.000 0.334282
5.000 0.334282
6.000 0.448799
7.000 0.333679
8.000 0.333679
9.000 0.710370
10.000 0.535209
11.000 0.449272
12.000 0.449272
13.000 0.313820
14.000 0.140907
15.000 0.140907
16.000 0.140907
17.000 0.356216
18.000 0.439690
19.000 0.439690
20.000 0.423691
21.000 0.529221
22.000 0.529221
23.000 0.353088
24.000 0.353088
25.000 0.353088
26.000 0.417429
27.000 0.510075
28.000 0.462501
29.000 0.359042
30.000 0.457397
31.000 0.176201
32.000 0.176201
33.000 0.176201
34.000 0.176201
35.000 0.310905
36.000 0.334206
37.000 0.334206
38.000 0.264633
39.000 0.264633
40.000 0.239358
41.000 0.196426
42.000 0.196426
43.000 0.196426
44.000 0.196426
45.000 0.755714
46.000 0.529900
47.000 0.296753
48.000 0.438995
49.000 0.438995
50.000 0.364906
51.000 0.364906
52.000 0.364906
53.000 0.364906
54.000 0.364906
55.000 0.364906
56.000 0.364906
57.000 0.364906
58.000 0.350657
59.000 0.368877
60.000 0.387097
61.000 0.405317
62.000 0.423537
63.000 0.441757
64.000 0.459977
65.000 0.353142
66.000 0.353142
67.000 0.265320
68.000 0.265320
69.000 0.437250
70.000 0.528961
71.000 0.524261
72.000 0.527407
73.000 0.529564
74.000 0.525551
75.000 0.447105
76.000 0.447105
77.000 0.447105
78.000 0.433669
79.000 0.423187
80.000 0.361626
81.000 0.361626
82.000 0.424187
83.000 0.424187
84.000 0.365372
85.000 0.365372
86.000 0.365372
87.000 0.365372
88.000 0.767346
89.000 0.630519
90.000 0.494926
91.000 0.790489
92.000 0.530174
93.000 0.530174
94.000 0.530174
95.000 0.530174
96.000 0.530174
97.000 0.530174
98.000 0.414691
99.000 0.397634
100.000 0.380578
101.000 0.363522
102.000 0.346465
103.000 0.334717
104.000 0.332386
105.000 0.325668
106.000 0.325668
107.000 0.325668
108.000 0.325668
109.000 0.325668
110.000 0.547217
111.000 0.368469
112.000 0.368469
113.000 0.368469
114.000 0.353119
115.000 0.353119
116.000 0.353119
117.000 0.438917
118.000 0.421288
119.000 0.421288
120.000 0.421288
121.000 0.403844
122.000 0.374102
123.000 0.364784
124.000 0.423538
125.000 0.444563
126.000 0.475380
127.000 0.457969
128.000 0.416939
129.000 0.365852
130.000 0.365852
131.000 0.478134
132.000 0.478134
133.000 0.440694
134.000 0.423012
135.000 0.423012
136.000 0.423012
137.000 0.352791
138.000 0.352791
139.000 0.374003
140.000 0.418709
141.000 0.457153
142.000 0.422615
143.000 0.422615
144.000 0.406266
145.000 0.368774
146.000 0.296890
147.000 0.296890
148.000 0.340523
149.000 0.340523
150.000 0.340523
151.000 0.467522
152.000 0.467522
153.000 0.467522
154.000 0.467522
155.000 0.479656
156.000 0.495739
157.000 0.509819
158.000 0.509819
159.000 0.341553
160.000 0.341553
161.000 0.341553
162.000 0.341553
163.000 0.369881
164.000 0.360260
165.000 0.475349
166.000 0.475349
167.000 0.581444
168.000 0.578061
169.000 0.454765
170.000 0.454765
171.000 0.453957
172.000 0.453957
173.000 0.455647
174.000 0.456604
175.000 0.661858
176.000 0.661858
177.000 0.661858
178.000 0.379510
179.000 0.378864
180.000 0.378288
181.000 0.382965
182.000 0.396217
183.000 0.396217
184.000 0.474098
185.000 0.488102
186.000 0.521461
187.000 0.359962
188.000 0.359962
189.000 0.447164
190.000 0.456032
191.000 0.456032
192.000 0.352943
193.000 0.352943
194.000 0.378514
195.000 0.378639
196.000 0.321098
197.000 0.470894
198.000 0.439104
199.000 0.429260
200.000 0.452248
201.000 0.452248
202.000 0.446900
203.000 0.443726
204.000 0.423615
205.000 0.265121
206.000 0.265121
207.000 0.265121
208.000 0.265121
209.000 0.316566
210.000 0.316566
211.000 0.370338
212.000 0.370338
213.000 0.360184
214.000 0.360184
215.000 0.378357
216.000 0.378357
217.000 0.333206
218.000 0.333206
219.000 0.468033
220.000 0.463673
221.000 0.417343
222.000 0.417343
223.000 0.401276
224.000 0.401276
225.000 0.441453
226.000 0.470894
227.000 0.470894
228.000 0.470951
229.000 0.471031
230.000 0.471031
231.000 0.380569
232.000 0.380569
233.000 0.523811
234.000 0.523811
235.000 0.264565
236.000 0.264565
237.000 0.332911
238.000 0.456172
239.000 0.463692
240.000 0.463646
241.000 0.529678
242.000 0.249580
243.000 0.249580
244.000 0.464272
245.000 0.464287
246.000 0.464287
247.000 0.364441
248.000 0.364441
249.000 0.363701
250.000 0.363701
251.000 0.125542
252.000 0.125542
253.000 0.125542
254.000 0.494644
255.000 0.356931
256.000 0.353989
257.000 0.353989
258.000 0.395988
259.000 0.299652
260.000 0.299652
261.000 0.299652
262.000 0.296806
263.000 0.296806
264.000 0.132347
265.000 0.132347
266.000 0.132347
267.000 0.132347
268.000 0.132347
269.000 0.392509
270.000 0.374683
271.000 0.357811
272.000 0.357811
273.000 0.357811
274.000 0.352600
275.000 0.352600
276.000 0.585274
277.000 0.302673
278.000 0.302673
279.000 0.302673
280.000 0.117439
281.000 0.117439
282.000 0.117439
283.000 0.117439
284.000 0.117439
285.000 0.117439
286.000 0.529526
287.000 0.268266
288.000 0.132225
289.000 0.132225
290.000 0.132225
291.000 0.132225
292.000 0.132225
293.000 0.474380
294.000 0.474380
295.000 0.396164
296.000 0.396164
297.000 0.396015
298.000 0.395927
299.000 0.395922
300.000 0.395920
301.000 0.264687
302.000 0.264687
303.000 0.264687
304.000 0.341871
305.000 0.302856
306.000 0.364815
307.000 0.364815
308.000 0.364815
309.000 0.283531
310.000 0.283531
311.000 0.283531
312.000 0.283531
313.000 0.461105
314.000 0.461105
315.000 0.460983
316.000 0.472609
317.000 0.509577
318.000 0.515274
319.000 0.515274
320.000 0.391457
321.000 0.367467
322.000 0.365135
323.000 0.312897
324.000 0.436752
325.000 0.436752
326.000 0.499879
327.000 0.528412
328.000 0.528412
329.000 0.525550
330.000 0.520180
331.000 0.520180
332.000 0.516009
333.000 0.494565
334.000 0.475014
335.000 0.475014
336.000 0.446159
337.000 0.428650
338.000 0.396019
339.000 0.396019
340.000 0.365585
341.000 0.463989
342.000 0.458021
343.000 0.413640
344.000 0.397408
345.000 0.417422
346.000 0.466492
347.000 0.402526
348.000 0.392128
349.000 0.519638
350.000 0.519638
351.000 0.433355
352.000 0.423950
353.000 0.423950
354.000 0.513745
355.000 0.533440
356.000 0.529085
357.000 0.449172
358.000 0.377632
359.000 0.276077
