0.000 0.749687
1.000 4.296196
2.000 5.515465
3.000 5.515465
4.000 5.021873
5.000 5.021873
6.000 5.551660
7.000 5.588341
8.000 4.860703
9.000 4.860703
10.000 4.958961
11.000 5.228920
12.000 5.228920
13.000 5.404259
14.000 5.559387
15.000 5.559387
16.000 4.341960
17.000 4.175926
18.000 4.328497
19.000 5.247625
20.000 5.410236
21.000 5.665691
22.000 5.886749
23.000 5.498976
24.000 4.656853
25.000 4.747691
26.000 5.278927
27.000 5.332420
28.000 5.427307
29.000 5.489151
30.000 3.551414
31.000 3.551414
32.000 4.667921
33.000 5.169304
34.000 4.757642
35.000 4.313225
36.000 4.313225
37.000 5.301910
38.000 5.301910
39.000 5.393723
40.000 5.393723
41.000 5.130608
42.000 5.130608
43.000 4.969775
44.000 4.963478
45.000 5.067232
46.000 5.105209
47.000 5.299626
48.000 5.454079
49.000 5.470020
50.000 5.505386
51.000 5.511053
52.000 5.543807
53.000 5.554871
54.000 5.502026
55.000 5.463333
56.000 5.520973
57.000 5.573143
58.000 5.534647
59.000 5.474785
60.000 5.183298
61.000 4.818260
62.000 5.002437
63.000 5.655472
64.000 5.654268
65.000 5.648354
66.000 5.592822
67.000 5.273668
68.000 5.220253
69.000 5.324294
70.000 5.338562
71.000 5.526817
72.000 5.526817
73.000 5.098660
74.000 4.330338
75.000 4.468638
76.000 4.953912
77.000 5.000939
78.000 3.801997
79.000 3.414397
80.000 4.639575
81.000 5.448632
82.000 5.603803
83.000 5.641312
84.000 5.499524
85.000 5.414932
86.000 5.219217
87.000 5.006713
88.000 5.085986
89.000 5.354190
90.000 5.443871
91.000 5.538653
92.000 5.599106
93.000 4.410659
94.000 3.715691
95.000 4.553849
96.000 5.121201
97.000 5.405886
98.000 5.640274
99.000 5.024220
100.000 4.676201
101.000 3.757365
102.000 3.333557
103.000 4.487952
104.000 5.293381
105.000 5.316854
106.000 5.333672
107.000 4.856894
108.000 4.542885
109.000 5.458221
110.000 5.772156
111.000 4.913177
112.000 4.913177
113.000 5.049004
114.000 5.049004
115.000 4.985909
116.000 4.985909
117.000 5.369781
118.000 5.369781
119.000 4.395844
120.000 4.395844
121.000 4.791677
122.000 5.252853
123.000 4.976242
124.000 4.818390
125.000 5.083603
126.000 5.196373
127.000 3.639809
128.000 3.639809
129.000 4.589093
130.000 5.247292
131.000 4.532624
132.000 4.022438
133.000 4.236406
134.000 5.040230
135.000 5.040230
136.000 4.351898
137.000 4.351898
138.000 4.759303
139.000 5.184959
140.000 5.184959
141.000 5.563889
142.000 5.563889
143.000 5.274643
144.000 5.274643
145.000 5.392372
146.000 5.392372
147.000 5.309870
148.000 5.301628
149.000 5.310920
150.000 5.419319
151.000 5.405802
152.000 5.312935
153.000 5.312935
154.000 4.821311
155.000 4.386421
156.000 4.428875
157.000 4.672871
158.000 4.876348
159.000 5.462463
160.000 5.462463
161.000 5.427683
162.000 5.340439
163.000 5.340439
164.000 5.346736
165.000 5.353819
166.000 5.356346
167.000 5.425219
168.000 5.529258
169.000 5.532310
170.000 5.057175
171.000 5.057175
172.000 5.464264
173.000 5.464264
174.000 5.264606
175.000 5.204140
176.000 5.148620
177.000 4.271370
178.000 4.271370
179.000 5.150991
180.000 5.676636
181.000 5.486281
182.000 5.278015
183.000 5.266393
184.000 5.455245
185.000 5.460594
186.000 5.161980
187.000 5.161980
188.000 5.661201
189.000 5.661201
190.000 5.512938
191.000 5.503868
192.000 5.334724
193.000 5.334724
194.000 5.334724
195.000 5.492443
196.000 5.575989
197.000 4.544492
198.000 3.975151
199.000 5.376236
200.000 5.376236
201.000 5.240721
202.000 4.914175
203.000 4.902847
204.000 4.039627
205.000 4.481582
206.000 4.986504
207.000 4.986504
208.000 4.343903
209.000 4.343903
210.000 5.433356
211.000 5.567497
212.000 5.567497
213.000 5.388672
214.000 5.388672
215.000 5.475014
216.000 5.475014
217.000 4.678033
218.000 4.504471
219.000 4.449533
220.000 4.364226
221.000 4.415469
222.000 4.889307
223.000 5.254959
224.000 5.373325
225.000 5.453316
226.000 5.188769
227.000 4.903388
228.000 4.729897
229.000 4.304779
230.000 4.055023
231.000 4.542031
232.000 5.066826
233.000 5.427620
234.000 5.511623
235.000 5.603030
236.000 5.641717
237.000 5.624479
238.000 5.417847
239.000 4.288493
240.000 3.706734
241.000 4.504714
242.000 5.092964
243.000 5.283403
244.000 5.393845
245.000 5.459150
246.000 5.475853
247.000 5.539463
248.000 5.545883
249.000 3.808739
250.000 3.808739
251.000 5.383545
252.000 5.383545
253.000 5.452296
254.000 5.460693
255.000 5.437326
256.000 5.386490
257.000 2.887688
258.000 2.887688
259.000 4.991295
260.000 4.991295
261.000 3.484474
262.000 3.484474
263.000 5.519740
264.000 5.563492
265.000 5.342827
266.000 5.342827
267.000 5.286797
268.000 5.286797
269.000 5.196877
270.000 5.196877
271.000 5.196877
272.000 5.196877
273.000 5.129957
274.000 4.931572
275.000 4.931572
276.000 4.931572
277.000 2.958267
278.000 2.958267
279.000 2.958267
280.000 3.392910
281.000 5.395916
282.000 5.168930
283.000 5.408211
284.000 4.435844
285.000 4.435844
286.000 4.573641
287.000 5.296677
288.000 5.296677
289.000 5.256919
290.000 5.157379
291.000 5.069618
292.000 4.677821
293.000 4.402962
294.000 4.495970
295.000 5.036731
296.000 5.258011
297.000 5.404561
298.000 5.407326
299.000 5.637238
300.000 5.637238
301.000 3.540230
302.000 3.540230
303.000 3.793141
304.000 4.171188
305.000 4.283623
306.000 4.517944
307.000 4.517944
308.000 4.964030
309.000 5.446287
310.000 5.588829
311.000 3.493462
312.000 3.493462
313.000 3.951725
314.000 4.073616
315.000 4.909803
316.000 5.614685
317.000 1.535477
318.000 1.535477
319.000 1.535477
320.000 4.298012
321.000 4.298012
322.000 4.769274
323.000 5.092873
324.000 4.248063
325.000 3.612808
326.000 4.150015
327.000 5.420023
328.000 5.340884
329.000 4.783051
330.000 4.721201
331.000 4.615936
332.000 4.771217
333.000 5.406601
334.000 5.435005
335.000 5.541748
336.000 5.526628
337.000 5.449265
338.000 5.272966
339.000 4.449745
340.000 4.449745
341.000 5.335915
342.000 5.418747
343.000 5.501616
344.000 5.529076
345.000 4.031241
346.000 3.840683
347.000 3.382856
348.000 3.347565
349.000 4.099847
350.000 4.700493
351.000 4.555793
352.000 4.400665
353.000 4.761029
354.000 5.296492
355.000 4.479347
356.000 3.695404
357.000 4.316205
358.000 5.478951
359.000 4.565850
