0.000 0.135437
1.000 0.135162
2.000 0.135162
3.000 0.790016
4.000 0.388855
5.000 0.388855
6.000 0.388855
7.000 0.388855
8.000 0.251968
9.000 0.251968
10.000 0.251968
11.000 0.251968
12.000 0.100693
13.000 0.100693
14.000 0.100693
15.000 0.100693
16.000 0.100693
17.000 0.100693
18.000 0.100693
19.000 0.100693
20.000 0.072903
21.000 0.071449
22.000 0.071449
23.000 0.071449
24.000 0.071449
25.000 0.071449
26.000 0.071449
27.000 0.434631
28.000 0.428998
29.000 0.399994
30.000 0.399994
31.000 0.521942
32.000 0.521942
33.000 0.547543
34.000 0.552719
35.000 0.273201
36.000 0.273201
37.000 0.345861
38.000 0.463249
39.000 0.278770
40.000 0.278770
41.000 0.173767
42.000 0.173767
43.000 0.173767
44.000 0.136963
45.000 0.136963
46.000 0.137650
47.000 0.137650
48.000 0.356613
49.000 0.274002
50.000 0.274002
51.000 0.274002
52.000 0.100906
53.000 0.100906
54.000 0.100906
55.000 0.100906
56.000 0.374099
57.000 0.378471
58.000 0.441200
59.000 0.394066
60.000 0.273048
61.000 0.273048
62.000 0.428230
63.000 0.410057
64.000 0.371452
65.000 0.366257
66.000 0.366257
67.000 0.309547
68.000 0.309547
69.000 0.092110
70.000 0.092110
71.000 0.436203
72.000 0.329016
73.000 0.220291
74.000 0.220291
75.000 0.152275
76.000 0.099464
77.000 0.099464
78.000 0.099464
79.000 0.099464
80.000 0.099464
81.000 0.099464
82.000 0.099464
83.000 0.099464
84.000 0.099464
85.000 0.099464
86.000 0.099464
87.000 0.100395
88.000 0.100395
89.000 0.100395
90.000 0.100395
91.000 0.100395
92.000 0.100395
93.000 0.100395
94.000 0.488914
95.000 0.488914
96.000 0.326752
97.000 0.326752
98.000 0.326752
99.000 0.491394
100.000 0.491394
101.000 0.490906
102.000 0.209175
103.000 0.209175
104.000 0.209175
105.000 0.116516
106.000 0.116516
107.000 0.116516
108.000 0.116516
109.000 0.373878
110.000 0.071686
111.000 0.071686
112.000 0.071686
113.000 0.071686
114.000 0.292179
115.000 0.368591
116.000 0.368591
117.000 0.368591
118.000 0.333283
119.000 0.356374
120.000 0.379465
121.000 0.402555
122.000 0.404015
123.000 0.376862
124.000 0.376862
125.000 0.367771
126.000 0.364532
127.000 0.385910
128.000 0.369663
129.000 0.350639
130.000 0.350639
131.000 0.179301
132.000 0.117310
133.000 0.117310
134.000 0.117310
135.000 0.117310
136.000 0.435234
137.000 0.435234
138.000 0.309074
139.000 0.309074
140.000 0.350734
141.000 0.480095
142.000 0.430733
143.000 0.421104
144.000 0.421104
145.000 0.432882
146.000 0.471800
147.000 0.490540
148.000 0.334190
149.000 0.334190
150.000 0.122833
151.000 0.122833
152.000 0.122833
153.000 0.122833
154.000 0.150673
155.000 0.150673
156.000 0.123299
157.000 0.123299
158.000 0.123299
159.000 0.123299
160.000 0.075958
161.000 0.075958
162.000 0.075958
163.000 0.075958
164.000 0.075958
165.000 0.415527
166.000 0.434242
167.000 0.434242
168.000 0.124374
169.000 0.124374
170.000 0.358269
171.000 0.358269
172.000 0.075470
173.000 0.075470
174.000 0.075470
175.000 0.075470
176.000 0.124847
177.000 0.124847
178.000 0.124847
179.000 0.188881
180.000 0.188881
181.000 0.270714
182.000 0.361511
183.000 0.283188
184.000 0.283188
185.000 0.324474
186.000 0.373848
187.000 0.248604
188.000 0.248604
189.000 0.365402
190.000 0.431839
191.000 0.431839
192.000 0.347122
193.000 0.347122
194.000 0.317426
195.000 0.274597
196.000 0.274597
197.000 0.274597
198.000 0.430794
199.000 0.430794
200.000 0.117188
201.000 0.117188
202.000 0.117188
203.000 0.073372
204.000 0.073372
205.000 0.073372
206.000 0.073372
207.000 0.073372
208.000 0.073372
209.000 0.073372
210.000 0.073372
211.000 0.073372
212.000 0.073372
213.000 0.492020
214.000 0.507164
215.000 0.507164
216.000 0.286022
217.000 0.107567
218.000 0.107567
219.000 0.107567
220.000 0.430809
221.000 0.098106
222.000 0.098106
223.000 0.098106
224.000 0.098106
225.000 0.344673
226.000 0.457741
227.000 0.457741
228.000 0.151810
229.000 0.151810
230.000 0.151810
231.000 0.151810
232.000 0.151810
233.000 0.273035
234.000 0.213392
235.000 0.207962
236.000 0.207962
237.000 0.312912
238.000 0.309820
239.000 0.307114
240.000 0.307114
241.000 0.129700
242.000 0.129700
243.000 0.129700
244.000 0.129700
245.000 0.129700
246.000 0.129700
247.000 0.210467
248.000 0.137007
249.000 0.126190
250.000 0.126190
251.000 0.126190
252.000 0.199036
253.000 0.199036
254.000 0.233997
255.000 0.324896
256.000 0.415796
257.000 0.353310
258.000 0.338104
259.000 0.308128
260.000 0.308128
261.000 0.374649
262.000 0.374649
263.000 0.360657
264.000 0.335518
265.000 0.310380
266.000 0.304489
267.000 0.434547
268.000 0.434547
269.000 0.434547
270.000 0.238799
271.000 0.233107
272.000 0.227415
273.000 0.221722
274.000 0.217628
275.000 0.217628
276.000 0.125916
277.000 0.354530
278.000 0.099129
279.000 0.099129
280.000 0.099129
281.000 0.099129
282.000 0.099129
283.000 0.099129
284.000 0.099129
285.000 0.405219
286.000 0.424011
287.000 0.412503
288.000 0.091965
289.000 0.091965
290.000 0.091965
291.000 0.091965
292.000 0.091965
293.000 0.091965
294.000 0.091965
295.000 0.091965
296.000 0.091965
297.000 0.091965
298.000 0.094490
299.000 0.094490
300.000 0.094490
301.000 0.094490
302.000 0.094490
303.000 0.094490
304.000 0.094490
305.000 0.094490
306.000 0.094490
307.000 0.181213
308.000 0.181213
309.000 0.124413
310.000 0.124413
311.000 0.124413
312.000 0.124413
313.000 0.245544
314.000 0.245544
315.000 0.440659
316.000 0.386528
317.000 0.097916
318.000 0.097916
319.000 0.474304
320.000 0.406631
321.000 0.406631
322.000 0.406631
323.000 0.122932
324.000 0.122932
325.000 0.118591
326.000 0.118591
327.000 0.118591
328.000 0.118591
329.000 0.118591
330.000 0.118591
331.000 0.210487
332.000 0.210487
333.000 0.488398
334.000 0.485031
335.000 0.485031
336.000 0.141815
337.000 0.141815
338.000 0.141815
339.000 0.273529
340.000 0.273529
341.000 0.273529
342.000 0.125206
343.000 0.125206
344.000 0.125206
345.000 0.125206
346.000 0.074387
347.000 0.074387
348.000 0.074387
349.000 0.074387
350.000 0.074387
351.000 0.074387
352.000 0.074387
353.000 0.350929
354.000 0.350929
355.000 0.350929
356.000 0.350929
357.000 0.350929
358.000 0.234967
359.000 0.215338
