0.000 0.257805
1.000 0.257805
2.000 3.433258
3.000 5.303404
4.000 5.837814
5.000 5.677612
6.000 5.355568
7.000 5.422715
8.000 5.799034
9.000 5.806209
10.000 5.850800
11.000 5.851994
12.000 5.857178
13.000 5.857178
14.000 5.522493
15.000 5.438972
16.000 5.663047
17.000 5.801201
18.000 3.690269
19.000 3.690269
20.000 5.720711
21.000 5.720711
22.000 5.857994
23.000 5.857994
24.000 5.721346
25.000 5.776802
26.000 5.536257
27.000 5.741173
28.000 5.838585
29.000 5.789047
30.000 5.751395
31.000 5.770073
32.000 5.683575
33.000 3.681946
34.000 5.781131
35.000 5.831268
36.000 5.785037
37.000 5.743454
38.000 5.783291
39.000 5.831993
40.000 5.540988
41.000 5.118919
42.000 5.118919
43.000 5.756619
44.000 5.755440
45.000 5.750059
46.000 5.726202
47.000 3.036491
48.000 5.588570
49.000 5.519268
50.000 5.560136
51.000 5.831825
52.000 5.847511
53.000 5.735002
54.000 5.715107
55.000 5.743054
56.000 5.716600
57.000 5.530525
58.000 5.569527
59.000 5.770018
60.000 5.668997
61.000 5.088593
62.000 5.088593
63.000 5.777843
64.000 5.828667
65.000 5.367050
66.000 5.616468
67.000 5.842338
68.000 5.805923
69.000 5.824272
70.000 5.974013
71.000 5.910609
72.000 5.478172
73.000 5.478172
74.000 5.414406
75.000 5.414406
76.000 5.883560
77.000 5.863212
78.000 5.775742
79.000 5.753121
80.000 5.604729
81.000 5.603258
82.000 5.591843
83.000 5.610547
84.000 5.763193
85.000 5.785049
86.000 5.507491
87.000 5.484337
88.000 5.781539
89.000 5.792404
90.000 5.332057
91.000 5.325661
92.000 5.755635
93.000 5.775467
94.000 5.202698
95.000 5.202698
96.000 5.659990
97.000 5.680534
98.000 5.516469
99.000 5.481857
100.000 5.428644
101.000 5.421562
102.000 5.713698
103.000 5.816528
104.000 5.784846
105.000 5.777679
106.000 5.860528
107.000 5.890015
108.000 5.863722
109.000 5.854134
110.000 5.827933
111.000 5.815025
112.000 5.881314
113.000 5.895676
114.000 5.681709
115.000 5.681709
116.000 5.764908
117.000 5.764908
118.000 5.570871
119.000 5.531380
120.000 5.704877
121.000 5.813751
122.000 5.716852
123.000 5.683777
124.000 5.723488
125.000 5.723488
126.000 5.753408
127.000 5.764366
128.000 5.784195
129.000 5.784195
130.000 5.721695
131.000 5.721695
132.000 5.836166
133.000 5.836166
134.000 5.735641
135.000 5.735641
136.000 5.428696
137.000 5.428696
138.000 5.672737
139.000 5.672737
140.000 5.790446
141.000 5.830498
142.000 5.778824
143.000 5.760529
144.000 5.687448
145.000 5.679588
146.000 5.315163
147.000 5.315163
148.000 5.505432
149.000 5.505432
150.000 5.681412
151.000 5.681412
152.000 5.824070
153.000 5.858017
154.000 5.868964
155.000 5.870125
156.000 5.780689
157.000 5.739929
158.000 5.537643
159.000 5.537643
160.000 5.367485
161.000 5.367485
162.000 5.703315
163.000 5.821869
164.000 5.739738
165.000 5.739738
166.000 5.781624
167.000 5.781624
168.000 5.827713
169.000 5.827515
170.000 5.818451
171.000 5.818451
172.000 5.516632
173.000 5.516632
174.000 5.419736
175.000 5.360184
176.000 5.760584
177.000 5.908424
178.000 5.870214
179.000 5.854362
180.000 4.701164
181.000 4.701164
182.000 5.770554
183.000 5.770554
184.000 5.749344
185.000 5.746506
186.000 5.833637
187.000 5.846466
188.000 5.859713
189.000 5.862656
190.000 5.837325
191.000 5.826347
192.000 5.939860
193.000 5.972687
194.000 5.524881
195.000 5.477272
196.000 5.493068
197.000 5.497215
198.000 5.572045
199.000 5.579735
200.000 5.411742
201.000 5.381500
202.000 5.797651
203.000 5.835854
204.000 5.448546
205.000 5.407600
206.000 5.635139
207.000 5.718300
208.000 5.531425
209.000 5.441368
210.000 5.726776
211.000 5.832817
212.000 5.785367
213.000 5.754944
214.000 5.731233
215.000 5.718185
216.000 5.758133
217.000 5.758133
218.000 5.304925
219.000 5.081322
220.000 5.651358
221.000 5.749428
222.000 5.762378
223.000 5.768578
224.000 5.794626
225.000 5.795906
226.000 5.824524
227.000 5.824524
228.000 5.848251
229.000 5.848251
230.000 5.803490
231.000 5.803490
232.000 5.847900
233.000 5.847900
234.000 5.767082
235.000 5.767082
236.000 5.730400
237.000 5.730400
238.000 5.594051
239.000 5.137459
240.000 5.137459
241.000 5.476394
242.000 5.662488
243.000 5.854805
244.000 5.776317
245.000 5.746910
246.000 5.742816
247.000 5.738464
248.000 5.605675
249.000 5.473015
250.000 5.811297
251.000 5.855507
252.000 4.878403
253.000 4.878403
254.000 5.609654
255.000 5.742996
256.000 5.460773
257.000 5.439644
258.000 5.592606
259.000 5.723572
260.000 5.765699
261.000 5.795212
262.000 5.796181
263.000 5.796181
264.000 5.837494
265.000 5.837494
266.000 5.122116
267.000 5.122116
268.000 5.684049
269.000 5.867714
270.000 5.818863
271.000 5.818863
272.000 5.441360
273.000 5.441360
274.000 5.459732
275.000 5.459732
276.000 5.207764
277.000 5.207764
278.000 5.802582
279.000 5.802582
280.000 5.841690
281.000 5.841690
282.000 5.778206
283.000 5.778206
284.000 5.761391
285.000 5.761391
286.000 5.802429
287.000 5.802429
288.000 5.658333
289.000 5.658333
290.000 5.781235
291.000 5.781235
292.000 5.784569
293.000 5.784569
294.000 5.591852
295.000 5.374470
296.000 5.365425
297.000 5.365425
298.000 5.609428
299.000 5.853142
300.000 5.835436
301.000 5.825638
302.000 5.781127
303.000 5.759193
304.000 5.836968
305.000 5.868683
306.000 5.766240
307.000 5.737991
308.000 5.303177
309.000 5.176208
310.000 5.682535
311.000 5.828896
312.000 5.790218
313.000 5.771744
314.000 5.432838
315.000 5.289787
316.000 1.235031
317.000 1.235031
318.000 1.235031
319.000 1.235031
320.000 5.787216
321.000 5.856285
322.000 5.630905
323.000 5.568718
324.000 3.565765
325.000 3.565765
326.000 4.637695
327.000 5.738152
328.000 5.459770
329.000 5.459770
330.000 5.509590
331.000 5.509590
332.000 5.801414
333.000 5.801414
334.000 5.811472
335.000 5.813705
336.000 5.811134
337.000 5.762193
338.000 5.760574
339.000 5.830673
340.000 5.787296
341.000 5.722374
342.000 5.826356
343.000 5.831596
344.000 5.577866
345.000 5.577866
346.000 5.674385
347.000 5.674385
348.000 5.767395
349.000 5.767395
350.000 5.767395
351.000 5.753387
352.000 5.753387
353.000 5.780540
354.000 5.780540
355.000 5.273315
356.000 5.273315
357.000 5.401337
358.000 5.401337
359.000 5.838120
