0.000 0.248337
1.000 0.248337
2.000 0.248337
3.000 0.248337
4.000 0.248337
5.000 0.248337
6.000 0.248337
7.000 0.336412
8.000 0.413879
9.000 0.413879
10.000 0.431297
11.000 0.461227
12.000 0.391519
13.000 0.373886
14.000 0.392532
15.000 0.392532
16.000 0.429131
17.000 0.420276
18.000 0.411705
19.000 0.411705
20.000 0.333946
21.000 0.619980
22.000 0.424713
23.000 0.155769
24.000 0.155769
25.000 0.329674
26.000 0.454544
27.000 0.454671
28.000 0.454704
29.000 0.404503
30.000 0.395523
31.000 0.610344
32.000 0.411285
33.000 0.288483
34.000 0.444290
35.000 0.467888
36.000 0.450193
37.000 0.432106
38.000 0.401619
39.000 0.474592
40.000 0.520882
41.000 0.942474
42.000 0.613127
43.000 0.375107
44.000 0.383522
45.000 0.383522
46.000 0.424042
47.000 0.424042
48.000 0.307892
49.000 0.307892
50.000 0.307892
51.000 0.307892
52.000 0.307892
53.000 0.307892
54.000 0.307892
55.000 0.099861
56.000 0.099861
57.000 0.099861
58.000 0.099861
59.000 0.099861
60.000 0.099861
61.000 0.099861
62.000 0.099861
63.000 0.099861
64.000 0.099861
65.000 0.099861
66.000 0.425174
67.000 0.419655
68.000 0.419655
69.000 0.382462
70.000 0.375549
71.000 0.411545
72.000 0.411545
73.000 0.234039
74.000 0.234039
75.000 0.404915
76.000 0.475387
77.000 0.487915
78.000 0.404961
79.000 0.404961
80.000 0.480141
81.000 0.392998
82.000 0.392998
83.000 0.452044
84.000 0.453331
85.000 0.486338
86.000 0.605553
87.000 0.404778
88.000 0.404778
89.000 0.420871
90.000 0.444279
91.000 0.450417
92.000 0.398575
93.000 0.384529
94.000 0.384529
95.000 0.384529
96.000 0.384529
97.000 0.401139
98.000 0.395058
99.000 0.395058
100.000 0.382403
101.000 0.374039
102.000 0.374039
103.000 0.395097
104.000 0.404716
105.000 0.404716
106.000 0.610541
107.000 0.770691
108.000 0.452713
109.000 0.452713
110.000 0.443329
111.000 0.429108
112.000 0.429108
113.000 0.257217
114.000 0.257217
115.000 0.431976
116.000 0.431976
117.000 0.450461
118.000 0.455750
119.000 0.455753
120.000 0.455757
121.000 0.386184
122.000 0.386002
123.000 0.455147
124.000 0.451779
125.000 0.413740
126.000 0.411514
127.000 0.455132
128.000 0.485123
129.000 0.485123
130.000 0.485123
131.000 0.450493
132.000 0.450493
133.000 0.450493
134.000 0.450493
135.000 0.448463
136.000 0.448463
137.000 0.448463
138.000 0.448463
139.000 0.497744
140.000 0.565667
141.000 0.633591
142.000 0.701514
143.000 0.500740
144.000 0.428421
145.000 0.405017
146.000 0.380959
147.000 0.457642
148.000 0.456993
149.000 0.228294
150.000 0.228294
151.000 0.315042
152.000 0.256783
153.000 0.114258
154.000 0.114258
155.000 0.114258
156.000 0.114258
157.000 0.114258
158.000 0.114258
159.000 0.114258
160.000 0.114258
161.000 0.114258
162.000 0.114258
163.000 0.114258
164.000 0.452110
165.000 0.452110
166.000 0.451508
167.000 0.451508
168.000 0.451508
169.000 0.451508
170.000 0.451508
171.000 0.451508
172.000 0.451508
173.000 0.451508
174.000 0.451508
175.000 0.451508
176.000 0.424203
177.000 0.411145
178.000 0.398088
179.000 0.385030
180.000 0.371973
181.000 0.358915
182.000 0.345857
183.000 0.332800
184.000 0.319742
185.000 0.311455
186.000 0.358857
187.000 0.411514
188.000 0.380791
189.000 0.419670
190.000 0.419670
191.000 0.412088
192.000 0.405022
193.000 0.456985
194.000 0.417792
195.000 0.381073
196.000 0.480705
197.000 0.496455
198.000 0.514259
199.000 0.380768
200.000 0.380768
201.000 0.385117
202.000 0.398318
203.000 0.466858
204.000 0.466858
205.000 0.505501
206.000 0.457081
207.000 0.428551
208.000 0.445419
209.000 0.445419
210.000 0.519016
211.000 0.557953
212.000 0.467110
213.000 0.467110
214.000 0.481857
215.000 0.481857
216.000 0.462976
217.000 0.439909
218.000 0.419647
219.000 0.419647
220.000 0.513916
221.000 0.401764
222.000 0.401764
223.000 0.401764
224.000 0.429316
225.000 0.447250
226.000 0.369789
227.000 0.369789
228.000 0.372233
229.000 0.375343
230.000 0.375343
231.000 0.410214
232.000 0.410828
233.000 0.450073
234.000 0.462791
235.000 0.453158
236.000 0.405045
237.000 0.405045
238.000 0.405045
239.000 0.508247
240.000 0.508247
241.000 0.419807
242.000 0.419807
243.000 0.419807
244.000 0.351517
245.000 0.351517
246.000 0.351517
247.000 0.455910
248.000 0.455910
249.000 0.455910
250.000 0.455910
251.000 0.513515
252.000 0.548347
253.000 0.560226
254.000 0.472891
255.000 0.457565
256.000 0.405029
257.000 0.391289
258.000 0.375183
259.000 0.451248
260.000 0.451248
261.000 0.486812
262.000 0.454656
263.000 0.453331
264.000 0.453300
265.000 0.453300
266.000 0.456978
267.000 0.456978
268.000 0.395050
269.000 0.395050
270.000 0.394638
271.000 0.393173
272.000 0.457420
273.000 0.457420
274.000 0.456665
275.000 0.456665
276.000 0.456542
277.000 0.456467
278.000 0.456467
279.000 0.420166
280.000 0.420166
281.000 0.412526
282.000 0.411461
283.000 0.388519
284.000 0.367180
285.000 0.715908
286.000 0.725107
287.000 0.411293
288.000 0.417797
289.000 0.445427
290.000 0.348701
291.000 0.348701
292.000 0.613412
293.000 0.456375
294.000 0.456375
295.000 0.354774
296.000 0.354774
297.000 0.404793
298.000 0.350395
299.000 0.350395
300.000 0.350395
301.000 0.428741
302.000 0.428741
303.000 0.428886
304.000 0.428886
305.000 0.428886
306.000 0.464638
307.000 0.464638
308.000 0.464638
309.000 0.373489
310.000 0.373489
311.000 0.373489
312.000 0.378210
313.000 0.405104
314.000 0.411263
315.000 0.397344
316.000 0.380386
317.000 0.444221
318.000 0.513809
319.000 0.513809
320.000 0.335175
321.000 0.335175
322.000 0.436759
323.000 0.453331
324.000 0.453377
325.000 0.457336
326.000 0.457336
327.000 0.457336
328.000 0.457336
329.000 0.418772
330.000 0.405266
331.000 0.405266
332.000 0.405266
333.000 0.351387
334.000 0.351387
335.000 0.388645
336.000 0.456352
337.000 0.456352
338.000 0.748306
339.000 0.748306
340.000 0.419731
341.000 0.419731
342.000 0.405029
343.000 0.405029
344.000 0.487402
345.000 0.713081
346.000 0.678746
347.000 0.411629
348.000 0.411629
349.000 0.450961
350.000 0.426187
351.000 0.404770
352.000 0.450294
353.000 0.466904
354.000 0.419884
355.000 0.426634
356.000 0.457558
357.000 0.411026
358.000 0.411026
359.000 0.560638
