0.000 0.297119
1.000 0.297119
2.000 5.266037
3.000 6.511002
4.000 6.639343
5.000 6.396865
6.000 4.028824
7.000 4.028824
8.000 8.859802
9.000 3.105949
10.000 3.105949
11.000 3.105949
12.000 3.105949
13.000 3.105949
14.000 3.105949
15.000 9.136146
16.000 8.805024
17.000 8.731842
18.000 8.731842
19.000 8.836495
20.000 8.847740
21.000 7.928070
22.000 6.798111
23.000 8.360553
24.000 9.603149
25.000 5.594678
26.000 3.804715
27.000 4.262383
28.000 4.507530
29.000 7.029083
30.000 7.678855
31.000 7.347305
32.000 7.347969
33.000 9.785347
34.000 9.785347
35.000 1.990997
36.000 1.990997
37.000 3.907853
38.000 4.338943
39.000 4.338943
40.000 3.677566
41.000 1.585579
42.000 1.585579
43.000 1.585579
44.000 1.585579
45.000 1.585579
46.000 1.585579
47.000 6.274239
48.000 4.544243
49.000 4.544243
50.000 3.831581
51.000 3.831581
52.000 3.830959
53.000 1.626389
54.000 1.626389
55.000 1.626389
56.000 1.626389
57.000 2.815544
58.000 2.815544
59.000 2.815544
60.000 2.815544
61.000 6.974686
62.000 6.974686
63.000 1.827438
64.000 1.827438
65.000 1.827438
66.000 1.827438
67.000 6.626266
68.000 6.626266
69.000 8.180801
70.000 5.579018
71.000 5.579018
72.000 5.831412
73.000 8.638466
74.000 8.638466
75.000 5.023918
76.000 5.023918
77.000 5.013277
78.000 4.430796
79.000 6.698106
80.000 4.912766
81.000 4.912766
82.000 4.912766
83.000 2.526115
84.000 2.526115
85.000 2.526115
86.000 2.526115
87.000 2.526115
88.000 4.133904
89.000 4.133904
90.000 4.133904
91.000 4.133904
92.000 4.133904
93.000 7.997053
94.000 7.763106
95.000 7.529159
96.000 7.425667
97.000 7.425667
98.000 2.029694
99.000 2.029694
100.000 2.029694
101.000 2.918608
102.000 8.361824
103.000 10.258507
104.000 5.598747
105.000 6.584763
106.000 7.311890
107.000 9.788651
108.000 9.788651
109.000 6.600342
110.000 6.600342
111.000 6.600342
112.000 7.368612
113.000 8.194969
114.000 8.194969
115.000 8.194969
116.000 7.749344
117.000 7.749344
118.000 7.033043
119.000 7.033043
120.000 7.023744
121.000 7.006531
122.000 6.999207
123.000 6.476334
124.000 5.328102
125.000 5.328102
126.000 5.328102
127.000 5.618149
128.000 5.618149
129.000 5.618149
130.000 5.795189
131.000 4.411900
132.000 3.028610
133.000 7.716316
134.000 7.497749
135.000 6.774376
136.000 6.757130
137.000 6.469986
138.000 6.469986
139.000 4.306267
140.000 4.307307
141.000 8.185269
142.000 3.329742
143.000 3.329742
144.000 3.329742
145.000 4.505211
146.000 4.505211
147.000 4.505211
148.000 7.723625
149.000 7.723625
150.000 7.723625
151.000 7.255440
152.000 6.969437
153.000 6.969437
154.000 6.969437
155.000 3.803268
156.000 3.803268
157.000 3.803268
158.000 2.591362
159.000 2.591362
160.000 2.591362
161.000 2.591362
162.000 2.591362
163.000 2.591362
164.000 2.591362
165.000 2.591362
166.000 7.836872
167.000 7.813438
168.000 7.790003
169.000 7.766569
170.000 7.743135
171.000 7.640266
172.000 9.314896
173.000 9.314896
174.000 3.133667
175.000 3.133667
176.000 3.133667
177.000 3.133667
178.000 3.133667
179.000 3.133667
180.000 5.972197
181.000 6.060699
182.000 4.657082
183.000 4.657082
184.000 4.121342
185.000 2.921814
186.000 8.296165
187.000 4.495644
188.000 8.616783
189.000 3.990143
190.000 3.990143
191.000 3.990143
192.000 7.695030
193.000 7.695030
194.000 6.920302
195.000 5.637947
196.000 5.637947
197.000 2.172424
198.000 2.172424
199.000 2.172424
200.000 2.172424
201.000 4.190758
202.000 8.787270
203.000 8.976425
204.000 9.237282
205.000 5.811721
206.000 4.595520
207.000 4.595520
208.000 8.227100
209.000 8.205299
210.000 8.205299
211.000 2.369690
212.000 2.369690
213.000 2.369690
214.000 3.187363
215.000 3.187363
216.000 3.187363
217.000 3.524147
218.000 3.524147
219.000 3.524147
220.000 3.524147
221.000 7.644766
222.000 7.647583
223.000 5.684944
224.000 8.174294
225.000 3.305542
226.000 3.305542
227.000 7.967384
228.000 3.613907
229.000 3.613907
230.000 3.613907
231.000 6.891129
232.000 6.891129
233.000 6.307838
234.000 6.307838
235.000 4.293327
236.000 4.293327
237.000 3.373024
238.000 3.373024
239.000 3.373024
240.000 5.816765
241.000 5.816765
242.000 7.523670
243.000 9.223915
244.000 6.573540
245.000 5.286972
246.000 5.286972
247.000 7.335388
248.000 7.335388
249.000 9.498857
250.000 9.583839
251.000 3.047432
252.000 3.047432
253.000 3.047432
254.000 3.047432
255.000 3.047432
256.000 4.353943
257.000 4.353943
258.000 6.852661
259.000 6.852661
260.000 7.101981
261.000 7.481110
262.000 7.481110
263.000 7.481110
264.000 7.033470
265.000 7.033470
266.000 7.050008
267.000 7.066338
268.000 7.066338
269.000 8.168938
270.000 7.826292
271.000 6.911293
272.000 6.911293
273.000 6.911293
274.000 7.396976
275.000 7.533653
276.000 2.552025
277.000 2.552025
278.000 2.552025
279.000 2.552025
280.000 4.658379
281.000 4.658379
282.000 6.893967
283.000 6.893967
284.000 6.469360
285.000 4.633484
286.000 4.633484
287.000 3.622139
288.000 3.622139
289.000 3.622139
290.000 3.622139
291.000 4.471649
292.000 4.471649
293.000 4.471649
294.000 5.294707
295.000 6.672668
296.000 6.672668
297.000 6.672668
298.000 6.672668
299.000 8.872101
300.000 9.338504
301.000 9.777863
302.000 9.687589
303.000 9.571625
304.000 7.443950
305.000 7.126495
306.000 7.358945
307.000 8.058167
308.000 1.749985
309.000 1.749985
310.000 1.749985
311.000 4.062653
312.000 4.062653
313.000 7.431561
314.000 8.836464
315.000 3.795990
316.000 3.795990
317.000 7.182724
318.000 7.182724
319.000 3.996689
320.000 3.996689
321.000 4.009392
322.000 4.009392
323.000 3.840721
324.000 3.840721
325.000 3.840721
326.000 4.798523
327.000 4.798523
328.000 8.847572
329.000 8.962736
330.000 9.186501
331.000 7.398015
332.000 6.829002
333.000 7.617062
334.000 8.453033
335.000 4.264946
336.000 2.768364
337.000 6.072225
338.000 8.507050
339.000 8.767297
340.000 8.970787
341.000 5.815166
342.000 3.060501
343.000 3.060501
344.000 3.060501
345.000 8.056334
346.000 7.793121
347.000 8.400461
348.000 8.997787
349.000 8.326698
350.000 7.958168
351.000 7.632796
352.000 7.432320
353.000 7.682998
354.000 7.868073
355.000 7.940474
356.000 7.982109
357.000 8.462620
358.000 8.757637
359.000 7.405013
