0.000 0.208664
1.000 0.208664
2.000 5.112152
3.000 6.449135
4.000 6.449135
5.000 6.985687
6.000 6.985687
7.000 6.161954
8.000 5.313873
9.000 5.150696
10.000 5.009308
11.000 4.808434
12.000 4.174940
13.000 3.535011
14.000 3.718212
15.000 3.897385
16.000 4.181113
17.000 4.475113
18.000 4.279141
19.000 4.051511
20.000 3.823881
21.000 3.596251
22.000 3.784330
23.000 4.120014
24.000 3.986939
25.000 3.754135
26.000 3.861153
27.000 4.010017
28.000 2.980942
29.000 2.980942
30.000 4.055906
31.000 5.116119
32.000 5.236725
33.000 5.383827
34.000 4.587799
35.000 4.303810
36.000 5.358284
37.000 5.358284
38.000 5.752787
39.000 5.989792
40.000 5.811337
41.000 5.656570
42.000 4.564527
43.000 3.948311
44.000 5.197031
45.000 5.953362
46.000 5.813241
47.000 5.693047
48.000 5.715151
49.000 5.733185
50.000 5.611174
51.000 5.538452
52.000 2.701469
53.000 2.701469
54.000 3.724449
55.000 4.880066
56.000 5.359800
57.000 5.653923
58.000 5.173301
59.000 5.104301
60.000 5.621001
61.000 5.692909
62.000 5.588425
63.000 5.588425
64.000 3.970940
65.000 3.970940
66.000 4.247491
67.000 4.252365
68.000 4.252365
69.000 4.858385
70.000 5.390678
71.000 5.722366
72.000 5.958794
73.000 5.958794
74.000 6.257408
75.000 6.257408
76.000 6.404878
77.000 6.565163
78.000 6.229778
79.000 5.930199
80.000 5.600281
81.000 5.600281
82.000 5.735550
83.000 5.757423
84.000 5.731417
85.000 5.687031
86.000 3.447098
87.000 3.447098
88.000 5.675217
89.000 5.675217
90.000 5.986420
91.000 6.097931
92.000 6.089625
93.000 6.083572
94.000 5.775347
95.000 5.346123
96.000 5.199364
97.000 4.948460
98.000 4.944839
99.000 4.944839
100.000 2.726921
101.000 2.726921
102.000 3.997073
103.000 6.259254
104.000 6.259254
105.000 6.416854
106.000 6.422798
107.000 6.566957
108.000 6.830215
109.000 5.747673
110.000 5.685690
111.000 5.612083
112.000 4.956856
113.000 4.507225
114.000 5.385637
115.000 6.080452
116.000 5.794772
117.000 5.340012
118.000 5.035342
119.000 4.658958
120.000 4.798961
121.000 4.993500
122.000 4.913088
123.000 4.815361
124.000 4.801462
125.000 4.784531
126.000 4.836570
127.000 4.902748
128.000 5.120427
129.000 5.449562
130.000 5.369389
131.000 5.268623
132.000 5.266827
133.000 5.264381
134.000 5.326047
135.000 5.405014
136.000 5.243326
137.000 5.068748
138.000 4.804118
139.000 4.516449
140.000 4.923205
141.000 5.466652
142.000 5.370292
143.000 5.240753
144.000 5.119455
145.000 4.913837
146.000 4.913843
147.000 4.937716
148.000 4.169173
149.000 3.051491
150.000 3.601148
151.000 4.868240
152.000 4.698448
153.000 4.413048
154.000 4.405983
155.000 4.391548
156.000 4.440489
157.000 4.525172
158.000 4.547057
159.000 4.585007
160.000 4.757755
161.000 5.051085
162.000 4.838945
163.000 4.263702
164.000 4.423199
165.000 4.917116
166.000 5.041927
167.000 5.282409
168.000 5.356486
169.000 5.451941
170.000 5.416996
171.000 5.244555
172.000 5.041684
173.000 4.534253
174.000 4.554176
175.000 4.706819
176.000 4.795775
177.000 4.994949
178.000 5.068074
179.000 5.279053
180.000 5.281431
181.000 5.288361
182.000 5.274449
183.000 5.236443
184.000 5.236616
185.000 5.237045
186.000 4.051070
187.000 3.198235
188.000 3.875494
189.000 5.024849
190.000 4.918409
191.000 4.644958
192.000 4.581259
193.000 4.385212
194.000 4.122453
195.000 3.596825
196.000 3.324277
197.000 3.087369
198.000 3.056321
199.000 3.172699
200.000 3.340431
201.000 3.729910
202.000 3.883415
203.000 3.899902
204.000 3.812368
205.000 3.511968
206.000 3.279637
207.000 2.979254
208.000 2.901603
209.000 3.078365
210.000 3.058859
211.000 2.797158
212.000 2.945028
213.000 3.112747
214.000 3.433917
215.000 3.903961
216.000 3.816837
217.000 3.547037
218.000 3.422333
219.000 3.422333
220.000 3.347981
221.000 3.118445
222.000 3.032494
223.000 3.073457
224.000 3.258456
225.000 3.627777
226.000 3.518225
227.000 3.298393
228.000 3.439282
229.000 3.875576
230.000 4.011897
231.000 3.864047
232.000 3.648415
233.000 3.198362
234.000 3.085704
235.000 3.265490
236.000 3.347474
237.000 3.371411
238.000 3.294686
239.000 3.040985
240.000 2.953476
241.000 2.958744
242.000 2.904061
243.000 2.738691
244.000 2.663141
245.000 2.620956
246.000 2.901643
247.000 3.713059
248.000 3.635757
249.000 3.383186
250.000 3.635681
251.000 4.374140
252.000 4.236034
253.000 3.762505
254.000 3.842716
255.000 4.068199
256.000 4.178160
257.000 4.514512
258.000 4.511053
259.000 4.470268
260.000 4.378855
261.000 4.140762
262.000 4.304927
263.000 4.757515
264.000 4.864470
265.000 5.196708
266.000 5.099001
267.000 4.802536
268.000 4.885542
269.000 5.143389
270.000 5.102611
271.000 4.952827
272.000 4.995591
273.000 5.128018
274.000 5.035789
275.000 4.670183
276.000 4.601142
277.000 4.729193
278.000 4.458560
279.000 3.623138
280.000 3.807165
281.000 4.360779
282.000 4.477862
283.000 4.818298
284.000 4.801947
285.000 4.704022
286.000 4.286158
287.000 3.244705
288.000 3.529276
289.000 4.388321
290.000 4.435451
291.000 4.556168
292.000 4.569814
293.000 4.611944
294.000 4.608264
295.000 4.598312
296.000 4.580702
297.000 4.532555
298.000 4.542810
299.000 4.568283
300.000 4.609320
301.000 4.736400
302.000 4.723306
303.000 4.643440
304.000 4.666783
305.000 4.736595
306.000 4.072025
307.000 2.942177
308.000 3.353280
309.000 4.563530
310.000 4.567872
311.000 4.579445
312.000 4.651297
313.000 4.845139
314.000 4.770150
315.000 4.586014
316.000 4.631429
317.000 4.764412
318.000 4.737561
319.000 4.668808
320.000 4.580687
321.000 4.353821
322.000 4.358972
323.000 4.372826
324.000 4.390168
325.000 4.443054
326.000 4.222178
327.000 3.500734
328.000 3.384948
329.000 3.777789
330.000 3.666343
331.000 3.195389
332.000 3.276866
333.000 3.516380
334.000 3.789996
335.000 4.496521
336.000 4.522653
337.000 4.598701
338.000 4.581044
339.000 4.542442
340.000 4.547688
341.000 4.562744
342.000 4.439083
343.000 4.131607
344.000 4.234647
345.000 4.523506
346.000 4.493750
347.000 4.420868
348.000 4.429186
349.000 4.450150
350.000 3.828998
351.000 2.952805
352.000 3.369153
353.000 4.595627
354.000 3.987440
355.000 3.169487
356.000 3.500506
357.000 4.516145
358.000 4.736919
359.000 4.774779
