0.000 0.192017
1.000 0.192017
2.000 0.192017
3.000 0.192017
4.000 0.192017
5.000 0.192017
6.000 1.545525
7.000 1.233704
8.000 1.319298
9.000 1.372169
10.000 1.393280
11.000 1.400047
12.000 1.427082
13.000 1.451759
14.000 1.217133
15.000 1.217133
16.000 1.308273
17.000 1.308273
18.000 1.368629
19.000 1.368629
20.000 1.463951
21.000 1.463951
22.000 1.463951
23.000 1.478981
24.000 1.478981
25.000 1.397758
26.000 1.397758
27.000 1.397758
28.000 1.395309
29.000 1.395309
30.000 0.743019
31.000 0.743019
32.000 0.743019
33.000 1.393646
34.000 1.232246
35.000 1.232246
36.000 1.232246
37.000 1.335233
38.000 1.444252
39.000 1.504959
40.000 1.485960
41.000 1.546860
42.000 1.283836
43.000 1.426712
44.000 1.449699
45.000 1.431091
46.000 1.419705
47.000 1.406059
48.000 1.316231
49.000 1.316231
50.000 1.442444
51.000 1.463539
52.000 1.462407
53.000 1.462357
54.000 1.464417
55.000 1.464417
56.000 1.497985
57.000 1.508766
58.000 1.213371
59.000 1.213371
60.000 1.400887
61.000 1.400887
62.000 1.324486
63.000 1.324486
64.000 1.457575
65.000 1.458022
66.000 1.311707
67.000 1.398582
68.000 1.398582
69.000 1.430260
70.000 1.478529
71.000 1.483971
72.000 1.597382
73.000 1.597382
74.000 1.452031
75.000 1.367355
76.000 1.381599
77.000 1.358353
78.000 1.358353
79.000 1.363182
80.000 1.368422
81.000 1.368881
82.000 1.490318
83.000 1.490318
84.000 1.483752
85.000 1.478302
86.000 1.478302
87.000 1.478302
88.000 1.349393
89.000 1.303885
90.000 1.300125
91.000 1.389343
92.000 1.389343
93.000 1.393108
94.000 1.405883
95.000 1.407265
96.000 1.460815
97.000 1.460815
98.000 1.460815
99.000 1.428179
100.000 1.430290
101.000 1.340872
102.000 1.337601
103.000 1.316528
104.000 1.316528
105.000 1.418167
106.000 1.418167
107.000 1.421455
108.000 1.421455
109.000 1.421455
110.000 1.422529
111.000 1.423744
112.000 1.458611
113.000 1.458611
114.000 1.458611
115.000 1.426398
116.000 1.433395
117.000 1.433395
118.000 1.494011
119.000 1.458420
120.000 1.458420
121.000 1.456619
122.000 1.456619
123.000 1.450621
124.000 1.364807
125.000 1.364807
126.000 1.364807
127.000 1.467293
128.000 1.467293
129.000 1.467293
130.000 1.408389
131.000 1.409706
132.000 1.410080
133.000 1.410080
134.000 1.479134
135.000 1.240524
136.000 1.240524
137.000 1.240524
138.000 1.499298
139.000 1.455734
140.000 1.455734
141.000 1.455734
142.000 1.399004
143.000 1.471115
144.000 1.471115
145.000 1.469023
146.000 1.443089
147.000 1.442818
148.000 1.442818
149.000 1.398948
150.000 1.396484
151.000 1.402161
152.000 1.402161
153.000 1.445076
154.000 1.372124
155.000 1.372124
156.000 1.418617
157.000 1.418617
158.000 1.362671
159.000 1.362671
160.000 1.362289
161.000 1.361099
162.000 1.361099
163.000 1.472939
164.000 1.453598
165.000 1.399975
166.000 1.390480
167.000 1.393280
168.000 1.421967
169.000 1.436729
170.000 1.436729
171.000 1.414689
172.000 1.357002
173.000 1.357002
174.000 1.443985
175.000 1.431897
176.000 1.407570
177.000 1.225952
178.000 1.260650
179.000 1.446129
180.000 1.451744
181.000 1.451744
182.000 1.359550
183.000 1.359550
184.000 1.272480
185.000 1.228676
186.000 1.228676
187.000 1.466331
188.000 1.466331
189.000 1.465660
190.000 1.464028
191.000 1.463448
192.000 1.424911
193.000 1.431633
194.000 1.431633
195.000 1.456886
196.000 1.456886
197.000 1.344772
198.000 1.310577
199.000 1.310577
200.000 1.370944
201.000 1.404213
202.000 1.465340
203.000 1.465340
204.000 1.402489
205.000 1.403875
206.000 1.404816
207.000 1.451180
208.000 1.451180
209.000 1.476158
210.000 1.476158
211.000 1.356606
212.000 1.356606
213.000 1.327225
214.000 1.327225
215.000 1.451286
216.000 1.451286
217.000 1.426228
218.000 1.420288
219.000 1.519028
220.000 1.519028
221.000 1.455734
222.000 1.455734
223.000 1.442219
224.000 1.399270
225.000 1.394585
226.000 1.440620
227.000 1.387245
228.000 1.387245
229.000 1.382675
230.000 1.382675
231.000 1.436325
232.000 1.444435
233.000 1.444435
234.000 1.413098
235.000 1.386696
236.000 1.435760
237.000 1.474091
238.000 1.474091
239.000 1.474091
240.000 1.426902
241.000 1.422943
242.000 1.422943
243.000 1.443442
244.000 1.456444
245.000 1.391078
246.000 1.365891
247.000 1.365891
248.000 1.451675
249.000 1.451675
250.000 1.455391
251.000 1.455581
252.000 1.455940
253.000 1.429402
254.000 1.409409
255.000 1.406029
256.000 1.376411
257.000 1.376411
258.000 1.382293
259.000 1.398783
260.000 1.399567
261.000 1.426483
262.000 1.264641
263.000 1.283787
264.000 1.432030
265.000 1.432030
266.000 1.370819
267.000 1.370819
268.000 1.438446
269.000 1.438446
270.000 1.416410
271.000 1.407852
272.000 1.426150
273.000 1.468376
274.000 1.389503
275.000 1.389503
276.000 1.326309
277.000 1.326309
278.000 1.344638
279.000 1.463143
280.000 1.484749
281.000 1.484749
282.000 1.452797
283.000 1.452797
284.000 1.412140
285.000 1.412140
286.000 1.353012
287.000 1.353012
288.000 1.353012
289.000 1.454483
290.000 1.454483
291.000 1.337509
292.000 1.337509
293.000 1.440208
294.000 1.440208
295.000 1.425575
296.000 1.425575
297.000 1.492523
298.000 1.165359
299.000 1.165359
300.000 1.165359
301.000 1.283211
302.000 1.283211
303.000 1.298215
304.000 1.441750
305.000 1.441750
306.000 1.443680
307.000 1.443680
308.000 1.443680
309.000 1.374780
310.000 1.334831
311.000 1.334831
312.000 1.334831
313.000 1.451614
314.000 1.451614
315.000 1.431847
316.000 1.431847
317.000 1.367995
318.000 1.340523
319.000 1.388138
320.000 1.394943
321.000 1.394943
322.000 1.394943
323.000 1.323193
324.000 1.287155
325.000 1.287155
326.000 1.392395
327.000 1.392395
328.000 1.432176
329.000 1.458305
330.000 1.331393
331.000 1.323112
332.000 1.398682
333.000 1.349815
334.000 1.349815
335.000 1.451675
336.000 1.451675
337.000 1.450794
338.000 1.450096
339.000 1.450096
340.000 1.450092
341.000 1.450083
342.000 1.450081
343.000 1.367409
344.000 1.400536
345.000 1.400536
346.000 1.488487
347.000 1.488487
348.000 1.455612
349.000 1.455612
350.000 1.363780
351.000 1.229721
352.000 1.229721
353.000 1.229721
354.000 1.293388
355.000 1.293388
356.000 1.429428
357.000 1.429428
358.000 1.396996
359.000 1.396996
