0.000 1.126305
1.000 1.126305
2.000 1.126305
3.000 1.126305
4.000 1.126305
5.000 1.126305
6.000 0.484413
7.000 9.814050
8.000 7.673617
9.000 8.308911
10.000 7.774815
11.000 6.699493
12.000 7.036837
13.000 7.721007
14.000 8.157474
15.000 8.891816
16.000 10.184151
17.000 11.692215
18.000 8.999580
19.000 5.566673
20.000 5.566673
21.000 9.051064
22.000 8.546577
23.000 7.705734
24.000 7.705734
25.000 8.423378
26.000 8.051781
27.000 8.916641
28.000 8.916641
29.000 4.219978
30.000 8.837822
31.000 8.837822
32.000 8.193320
33.000 8.173607
34.000 6.623245
35.000 6.623245
36.000 6.288915
37.000 4.712398
38.000 4.707535
39.000 4.707535
40.000 4.728792
41.000 4.782127
42.000 4.782127
43.000 4.782127
44.000 2.937012
45.000 2.937012
46.000 2.937012
47.000 5.853500
48.000 5.853500
49.000 1.513321
50.000 1.513321
51.000 1.513321
52.000 3.422333
53.000 3.422333
54.000 9.396500
55.000 2.888191
56.000 2.888191
57.000 12.979950
58.000 6.900612
59.000 6.900612
60.000 4.223709
61.000 4.223709
62.000 4.223709
63.000 4.223709
64.000 5.069824
65.000 5.069824
66.000 2.533325
67.000 2.533325
68.000 2.533325
69.000 2.533325
70.000 8.286478
71.000 9.688622
72.000 3.064987
73.000 3.064987
74.000 3.064987
75.000 3.064987
76.000 6.018456
77.000 6.144859
78.000 6.144859
79.000 6.040504
80.000 8.720764
81.000 0.828033
82.000 0.828033
83.000 0.828033
84.000 0.828033
85.000 0.828033
86.000 0.828033
87.000 0.828033
88.000 0.828033
89.000 0.828033
90.000 0.828033
91.000 0.828033
92.000 6.909691
93.000 6.909691
94.000 8.688285
95.000 11.156830
96.000 2.797265
97.000 2.609497
98.000 2.609497
99.000 2.609497
100.000 2.609497
101.000 2.609497
102.000 4.224373
103.000 4.224373
104.000 4.224373
105.000 4.224373
106.000 4.224373
107.000 4.646175
108.000 4.010956
109.000 4.010956
110.000 4.010956
111.000 9.591095
112.000 8.286736
113.000 3.751228
114.000 3.751228
115.000 3.751228
116.000 3.751228
117.000 9.478210
118.000 9.478210
119.000 10.281556
120.000 11.169884
121.000 8.223198
122.000 3.690376
123.000 3.690376
124.000 9.534096
125.000 9.534096
126.000 5.952812
127.000 5.952812
128.000 5.952812
129.000 7.577096
130.000 8.744057
131.000 8.744057
132.000 6.446991
133.000 6.446991
134.000 6.446991
135.000 6.446991
136.000 5.823359
137.000 3.522717
138.000 2.629669
139.000 2.629669
140.000 2.629669
141.000 6.805061
142.000 8.547424
143.000 8.547424
144.000 7.867840
145.000 6.150269
146.000 6.150269
147.000 7.335236
148.000 7.099808
149.000 7.099808
150.000 11.149239
151.000 9.666183
152.000 6.574791
153.000 6.574791
154.000 3.915009
155.000 3.915009
156.000 3.915009
157.000 3.915009
158.000 3.915009
159.000 4.804268
160.000 4.804268
161.000 4.804268
162.000 4.804268
163.000 5.963768
164.000 8.871696
165.000 8.871696
166.000 7.015262
167.000 5.528862
168.000 5.528862
169.000 5.528862
170.000 7.339226
171.000 7.339226
172.000 6.110779
173.000 6.110779
174.000 8.303436
175.000 9.975212
176.000 5.007004
177.000 5.007004
178.000 5.007004
179.000 7.063068
180.000 7.131630
181.000 7.586056
182.000 8.739830
183.000 2.073586
184.000 2.073586
185.000 2.073586
186.000 2.073586
187.000 2.073586
188.000 4.120865
189.000 4.120865
190.000 4.284666
191.000 5.019661
192.000 5.019661
193.000 5.019661
194.000 3.146904
195.000 3.146904
196.000 3.232464
197.000 7.967694
198.000 8.607475
199.000 5.819168
200.000 5.819168
201.000 5.819168
202.000 5.819168
203.000 7.777312
204.000 7.389145
205.000 7.389145
206.000 7.389145
207.000 6.897879
208.000 5.731166
209.000 5.664619
210.000 6.482904
211.000 9.961426
212.000 7.747910
213.000 9.604820
214.000 9.604820
215.000 7.670647
216.000 10.160629
217.000 10.160629
218.000 8.552191
219.000 6.686402
220.000 4.820613
221.000 4.551567
222.000 4.551567
223.000 7.103262
224.000 7.720543
225.000 7.342185
226.000 5.512375
227.000 9.705704
228.000 3.237274
229.000 3.237274
230.000 3.237274
231.000 3.237274
232.000 6.746910
233.000 6.746910
234.000 9.718705
235.000 9.448494
236.000 9.479675
237.000 9.899170
238.000 9.899170
239.000 10.678055
240.000 10.678055
241.000 4.687164
242.000 4.687164
243.000 1.091743
244.000 1.091743
245.000 1.091743
246.000 1.091743
247.000 1.091743
248.000 1.091743
249.000 1.091743
250.000 1.091743
251.000 0.283150
252.000 0.283150
253.000 0.283150
254.000 0.283150
255.000 0.283150
256.000 0.283150
257.000 0.283150
258.000 0.283150
259.000 0.283150
260.000 0.283150
261.000 0.283150
262.000 8.726692
263.000 7.886842
264.000 7.313469
265.000 5.816666
266.000 5.816666
267.000 6.842476
268.000 6.842476
269.000 6.249100
270.000 4.748299
271.000 5.871002
272.000 5.871002
273.000 3.367928
274.000 3.367928
275.000 3.367928
276.000 3.367928
277.000 3.367928
278.000 6.797083
279.000 6.475754
280.000 6.475754
281.000 6.475754
282.000 6.930143
283.000 7.738566
284.000 8.236763
285.000 5.161583
286.000 9.269737
287.000 7.938521
288.000 6.989044
289.000 6.540070
290.000 6.348442
291.000 6.348442
292.000 6.348442
293.000 2.552963
294.000 2.552963
295.000 2.552963
296.000 2.552963
297.000 2.552963
298.000 2.552963
299.000 2.552963
300.000 2.552963
301.000 2.552963
302.000 1.432060
303.000 1.432060
304.000 1.432060
305.000 1.432060
306.000 1.432060
307.000 1.432060
308.000 3.012270
309.000 2.345074
310.000 1.677879
311.000 1.369118
312.000 1.369118
313.000 1.369118
314.000 1.369118
315.000 1.369118
316.000 2.297493
317.000 2.297493
318.000 2.297493
319.000 2.297493
320.000 2.297493
321.000 2.297493
322.000 4.187483
323.000 5.382573
324.000 6.143654
325.000 6.143654
326.000 3.750549
327.000 4.473923
328.000 3.957298
329.000 3.957298
330.000 3.957298
331.000 8.372635
332.000 8.372635
333.000 5.475716
334.000 5.475716
335.000 5.092117
336.000 5.092117
337.000 2.722588
338.000 2.722588
339.000 2.722588
340.000 2.722588
341.000 8.273637
342.000 8.272057
343.000 3.324799
344.000 3.324799
345.000 8.640248
346.000 9.510277
347.000 9.450213
348.000 9.425232
349.000 6.361137
350.000 6.361137
351.000 9.015221
352.000 9.015221
353.000 11.196261
354.000 12.702499
355.000 5.424065
356.000 5.424065
357.000 3.077896
358.000 3.077896
359.000 7.556051
