0.000 0.234116
1.000 0.234116
2.000 0.234116
3.000 0.234116
4.000 0.234116
5.000 0.234116
6.000 5.214394
7.000 5.355728
8.000 5.355728
9.000 5.849205
10.000 5.849205
11.000 5.696915
12.000 5.696915
13.000 5.821114
14.000 5.313293
15.000 5.313293
16.000 5.756386
17.000 5.756386
18.000 5.739698
19.000 5.658884
20.000 5.622978
21.000 5.728569
22.000 5.693207
23.000 5.756363
24.000 5.680649
25.000 5.360893
26.000 5.750010
27.000 5.708725
28.000 5.393356
29.000 5.224403
30.000 5.224403
31.000 5.345474
32.000 5.345474
33.000 5.405602
34.000 5.405602
35.000 5.405602
36.000 1.833275
37.000 1.833275
38.000 5.627594
39.000 5.627594
40.000 5.742172
41.000 5.618881
42.000 5.618881
43.000 5.284546
44.000 5.284546
45.000 5.778793
46.000 5.778793
47.000 5.484879
48.000 5.484879
49.000 5.099236
50.000 5.355557
51.000 5.436424
52.000 5.748367
53.000 5.897919
54.000 5.853291
55.000 5.412903
56.000 5.420532
57.000 5.406759
58.000 5.398987
59.000 5.472665
60.000 5.532310
61.000 5.495896
62.000 5.420929
63.000 5.234307
64.000 4.918938
65.000 5.854576
66.000 5.854576
67.000 5.670387
68.000 5.670387
69.000 5.696359
70.000 5.719147
71.000 5.719147
72.000 5.794930
73.000 5.849129
74.000 5.749084
75.000 5.623512
76.000 5.623512
77.000 5.749275
78.000 5.749275
79.000 5.749274
80.000 5.748604
81.000 5.748604
82.000 5.828835
83.000 5.828835
84.000 5.775650
85.000 5.663233
86.000 5.414528
87.000 5.549783
88.000 5.760864
89.000 5.737121
90.000 5.720688
91.000 5.518112
92.000 5.518112
93.000 5.567660
94.000 5.638802
95.000 5.685007
96.000 5.823140
97.000 5.823143
98.000 5.761129
99.000 5.755013
100.000 5.755013
101.000 5.755768
102.000 5.755768
103.000 5.802784
104.000 5.829460
105.000 5.829460
106.000 5.802158
107.000 5.747169
108.000 5.747169
109.000 5.746802
110.000 5.745689
111.000 5.745689
112.000 5.650649
113.000 5.566132
114.000 5.808960
115.000 5.808960
116.000 5.778122
117.000 5.705247
118.000 5.752409
119.000 5.788329
120.000 5.803622
121.000 5.730533
122.000 5.511313
123.000 5.567122
124.000 5.792662
125.000 5.793991
126.000 5.741150
127.000 5.786703
128.000 5.911354
129.000 5.886903
130.000 5.815460
131.000 5.792605
132.000 5.766357
133.000 5.519021
134.000 5.305450
135.000 5.266930
136.000 5.266930
137.000 5.273012
138.000 5.280441
139.000 5.449510
140.000 5.675980
141.000 5.699446
142.000 5.736954
143.000 5.765449
144.000 5.823990
145.000 5.832635
146.000 5.850609
147.000 5.852852
148.000 5.859383
149.000 5.863083
150.000 5.863083
151.000 5.745140
152.000 5.745140
153.000 5.745140
154.000 5.776632
155.000 5.800034
156.000 5.800034
157.000 5.688889
158.000 5.809286
159.000 5.823158
160.000 0.914024
161.000 0.914024
162.000 0.914024
163.000 0.914024
164.000 0.914024
165.000 0.914024
166.000 0.914024
167.000 0.914024
168.000 0.914024
169.000 5.642296
170.000 5.669334
171.000 5.669334
172.000 5.859047
173.000 5.764572
174.000 5.764572
175.000 5.764572
176.000 5.839569
177.000 5.839569
178.000 5.813500
179.000 5.752434
180.000 5.752434
181.000 5.740562
182.000 5.740562
183.000 5.241301
184.000 5.208946
185.000 5.836517
186.000 5.836517
187.000 5.811806
188.000 5.746323
189.000 5.746323
190.000 5.799477
191.000 5.799477
192.000 5.771797
193.000 5.771797
194.000 5.768204
195.000 5.816576
196.000 5.900185
197.000 5.790154
198.000 5.790154
199.000 5.801971
200.000 5.801971
201.000 5.788959
202.000 5.714817
203.000 5.686508
204.000 5.686508
205.000 5.278557
206.000 5.278557
207.000 5.737419
208.000 5.737419
209.000 5.696213
210.000 5.822824
211.000 5.839729
212.000 5.751152
213.000 5.751152
214.000 5.738561
215.000 5.718995
216.000 5.713043
217.000 5.430016
218.000 5.430016
219.000 5.613258
220.000 5.613258
221.000 5.681076
222.000 5.760815
223.000 5.814445
224.000 5.682045
225.000 5.758232
226.000 5.758835
227.000 5.767054
228.000 5.778900
229.000 5.608067
230.000 5.100390
231.000 5.180616
232.000 5.774001
233.000 5.808300
234.000 5.805870
235.000 5.701597
236.000 5.485725
237.000 5.635254
238.000 5.796051
239.000 5.771438
240.000 5.806564
241.000 5.025368
242.000 5.025368
243.000 5.706070
244.000 5.860558
245.000 5.733398
246.000 5.814568
247.000 5.665390
248.000 5.436920
249.000 4.967453
250.000 5.530436
251.000 5.750145
252.000 5.734291
253.000 5.664871
254.000 5.719065
255.000 5.746880
256.000 4.946922
257.000 5.417558
258.000 5.676651
259.000 5.058022
260.000 5.553566
261.000 5.729439
262.000 5.746566
263.000 5.752731
264.000 5.476471
265.000 5.723907
266.000 5.764587
267.000 5.802818
268.000 5.827538
269.000 5.827538
270.000 5.842804
271.000 5.592354
272.000 5.592354
273.000 5.767067
274.000 5.785388
275.000 5.801315
276.000 5.801315
277.000 4.615257
278.000 5.553505
279.000 5.553505
280.000 5.764534
281.000 5.449066
282.000 5.667145
283.000 5.667145
284.000 5.836502
285.000 5.786495
286.000 5.783867
287.000 5.749054
288.000 5.749054
289.000 5.525107
290.000 5.458015
291.000 5.484710
292.000 5.492073
293.000 5.745435
294.000 5.851280
295.000 5.798124
296.000 5.747604
297.000 5.805388
298.000 5.869148
299.000 5.846422
300.000 5.826088
301.000 5.877393
302.000 5.910545
303.000 5.850822
304.000 5.850822
305.000 5.895363
306.000 5.895363
307.000 5.816091
308.000 5.691063
309.000 5.362451
310.000 4.939178
311.000 5.438396
312.000 5.847183
313.000 5.420116
314.000 5.161804
315.000 5.651221
316.000 5.912025
317.000 5.489020
318.000 5.405830
319.000 5.519193
320.000 5.570564
321.000 5.727156
322.000 5.789787
323.000 5.825234
324.000 5.833275
325.000 5.757362
326.000 5.726860
327.000 5.766998
328.000 5.792999
329.000 5.818490
330.000 5.838333
331.000 5.475913
332.000 5.301865
333.000 5.574319
334.000 5.834679
335.000 5.792031
336.000 5.754883
337.000 5.791580
338.000 5.831703
339.000 5.850188
340.000 5.881760
341.000 5.890305
342.000 5.890305
343.000 5.865356
344.000 5.847725
345.000 5.360430
346.000 5.055077
347.000 5.312526
348.000 5.739883
349.000 5.692664
350.000 5.613371
351.000 5.586548
352.000 5.586548
353.000 5.789325
354.000 5.897026
355.000 5.897026
356.000 5.897026
357.000 5.431035
358.000 5.370957
359.000 5.350601
