0.000 0.210854
1.000 0.210854
2.000 0.210854
3.000 0.210854
4.000 0.210854
5.000 0.210854
6.000 0.210854
7.000 0.210854
8.000 0.210854
9.000 0.210854
10.000 0.210854
11.000 0.210854
12.000 0.211798
13.000 0.214346
14.000 0.216893
15.000 0.219440
16.000 0.221987
17.000 0.224535
18.000 0.227082
19.000 0.229629
20.000 0.232176
21.000 0.233261
22.000 0.170311
23.000 0.213547
24.000 0.214287
25.000 0.223328
26.000 0.223335
27.000 0.217825
28.000 0.169922
29.000 0.169922
30.000 0.169922
31.000 0.311472
32.000 0.271044
33.000 0.240837
34.000 0.204529
35.000 0.227676
36.000 0.227676
37.000 0.227598
38.000 0.227554
39.000 0.213097
40.000 0.213797
41.000 0.215538
42.000 0.215538
43.000 0.228302
44.000 0.228310
45.000 0.228308
46.000 0.228131
47.000 0.228073
48.000 0.334106
49.000 0.280992
50.000 0.228905
51.000 0.224991
52.000 0.198782
53.000 0.167221
54.000 0.167221
55.000 0.243507
56.000 0.251862
57.000 0.251835
58.000 0.251801
59.000 0.227249
60.000 0.212493
61.000 0.175171
62.000 0.175171
63.000 0.230774
64.000 0.230774
65.000 0.213554
66.000 0.213554
67.000 0.200568
68.000 0.184554
69.000 0.182861
70.000 0.393990
71.000 0.287152
72.000 0.233368
73.000 0.233368
74.000 0.205978
75.000 0.202765
76.000 0.191254
77.000 0.191254
78.000 0.230270
79.000 0.230270
80.000 0.200195
81.000 0.200195
82.000 0.183507
83.000 0.178001
84.000 0.178001
85.000 0.211395
86.000 0.233612
87.000 0.235413
88.000 0.280479
89.000 0.325545
90.000 0.361496
91.000 0.178482
92.000 0.178482
93.000 0.178482
94.000 0.178932
95.000 0.178932
96.000 0.172013
97.000 0.162552
98.000 0.162552
99.000 0.162552
100.000 0.200745
101.000 0.200745
102.000 0.206357
103.000 0.352760
104.000 0.337961
105.000 0.252884
106.000 0.226349
107.000 0.226349
108.000 0.187759
109.000 0.187759
110.000 0.293648
111.000 0.285529
112.000 0.232018
113.000 0.232018
114.000 0.232010
115.000 0.193028
116.000 0.181511
117.000 0.181511
118.000 0.229530
119.000 0.229536
120.000 0.229538
121.000 0.229538
122.000 0.229538
123.000 0.229538
124.000 0.233994
125.000 0.233853
126.000 0.233719
127.000 0.233719
128.000 0.314069
129.000 0.374452
130.000 0.376411
131.000 0.240677
132.000 0.240677
133.000 0.240730
134.000 0.240730
135.000 0.239989
136.000 0.234497
137.000 0.234497
138.000 0.234497
139.000 0.234497
140.000 0.180801
141.000 0.180801
142.000 0.187431
143.000 0.187431
144.000 0.230774
145.000 0.230774
146.000 0.254340
147.000 0.302934
148.000 0.345932
149.000 0.228714
150.000 0.228714
151.000 0.207525
152.000 0.201607
153.000 0.201607
154.000 0.238426
155.000 0.238426
156.000 0.229530
157.000 0.229530
158.000 0.224965
159.000 0.211418
160.000 0.211418
161.000 0.246045
162.000 0.272583
163.000 0.209961
164.000 0.200749
165.000 0.198235
166.000 0.247185
167.000 0.247185
168.000 0.230100
169.000 0.216331
170.000 0.216331
171.000 0.216331
172.000 0.197134
173.000 0.182477
174.000 0.176651
175.000 0.283508
176.000 0.243704
177.000 0.226425
178.000 0.184288
179.000 0.202671
180.000 0.206484
181.000 0.207024
182.000 0.363178
183.000 0.227150
184.000 0.227150
185.000 0.227150
186.000 0.216248
187.000 0.216248
188.000 0.216248
189.000 0.210403
190.000 0.210403
191.000 0.210884
192.000 0.210884
193.000 0.210884
194.000 0.210884
195.000 0.210884
196.000 0.210884
197.000 0.210884
198.000 0.210884
199.000 0.217286
200.000 0.201661
201.000 0.186035
202.000 0.176773
203.000 0.176773
204.000 0.176773
205.000 0.176773
206.000 0.176773
207.000 0.176773
208.000 0.176773
209.000 0.205338
210.000 0.205338
211.000 0.205338
212.000 0.205338
213.000 0.205338
214.000 0.205338
215.000 0.164078
216.000 0.164078
217.000 0.164078
218.000 0.164078
219.000 0.164078
220.000 0.182662
221.000 0.269933
222.000 0.343498
223.000 0.343498
224.000 0.343498
225.000 0.166847
226.000 0.166847
227.000 0.166847
228.000 0.181213
229.000 0.209618
230.000 0.209618
231.000 0.209618
232.000 0.190033
233.000 0.190033
234.000 0.190033
235.000 0.217740
236.000 0.330851
237.000 0.395691
238.000 0.395691
239.000 0.380287
240.000 0.307610
241.000 0.234934
242.000 0.232254
243.000 0.215134
244.000 0.216489
245.000 0.229530
246.000 0.377710
247.000 0.424202
248.000 0.209572
249.000 0.222847
250.000 0.244423
251.000 0.244423
252.000 0.232559
253.000 0.232683
254.000 0.225611
255.000 0.203682
256.000 0.210706
257.000 0.232544
258.000 0.229950
259.000 0.229950
260.000 0.196342
261.000 0.196342
262.000 0.177780
263.000 0.197238
264.000 0.198898
265.000 0.231262
266.000 0.231262
267.000 0.234474
268.000 0.234474
269.000 0.236771
270.000 0.239510
271.000 0.239510
272.000 0.239510
273.000 0.234419
274.000 0.230713
275.000 0.230713
276.000 0.239349
277.000 0.239349
278.000 0.205261
279.000 0.205261
280.000 0.205261
281.000 0.109230
282.000 0.109230
283.000 0.109230
284.000 0.109230
285.000 0.190491
286.000 0.190491
287.000 0.190491
288.000 0.234802
289.000 0.234802
290.000 0.234802
291.000 0.204901
292.000 0.188065
293.000 0.188065
294.000 0.188065
295.000 0.119286
296.000 0.119286
297.000 0.119286
298.000 0.180283
299.000 0.180283
300.000 0.180283
301.000 0.180283
302.000 0.166176
303.000 0.166176
304.000 0.166176
305.000 0.175912
306.000 0.293278
307.000 0.410644
308.000 0.528010
309.000 0.602371
310.000 0.200378
311.000 0.191170
312.000 0.191170
313.000 0.191170
314.000 0.191170
315.000 0.188946
316.000 0.198200
317.000 0.199699
318.000 0.199699
319.000 0.195035
320.000 0.189835
321.000 0.189835
322.000 0.216331
323.000 0.216331
324.000 0.218695
325.000 0.222092
326.000 0.222092
327.000 0.244867
328.000 0.271698
329.000 0.271698
330.000 0.182382
331.000 0.177444
332.000 0.177444
333.000 0.180558
334.000 0.192612
335.000 0.192612
336.000 0.192612
337.000 0.464249
338.000 0.464249
339.000 0.379822
340.000 0.257986
341.000 0.228729
342.000 0.243065
343.000 0.152245
344.000 0.196892
345.000 0.295715
346.000 0.219769
347.000 0.185455
348.000 0.185455
349.000 0.272823
350.000 0.301392
351.000 0.301392
352.000 0.233360
353.000 0.199516
354.000 0.199516
355.000 0.199516
356.000 0.199516
357.000 0.227593
358.000 0.227137
359.000 0.226682
