0.000 0.146843
1.000 0.146843
2.000 0.146843
3.000 0.146843
4.000 0.146843
5.000 0.146843
6.000 0.146843
7.000 0.146843
8.000 0.146843
9.000 0.146843
10.000 1.021950
11.000 0.828552
12.000 0.828552
13.000 0.828552
14.000 0.828552
15.000 6.077713
16.000 6.103747
17.000 6.121315
18.000 5.674168
19.000 5.433617
20.000 5.729793
21.000 5.928642
22.000 6.125319
23.000 6.274956
24.000 5.931912
25.000 5.685585
26.000 5.777454
27.000 5.845596
28.000 6.171841
29.000 6.399170
30.000 5.856167
31.000 5.467850
32.000 6.028247
33.000 6.458466
34.000 6.347829
35.000 6.269211
36.000 6.176481
37.000 6.113998
38.000 6.068564
39.000 6.039413
40.000 5.807325
41.000 5.650124
42.000 5.875641
43.000 6.052658
44.000 6.010710
45.000 5.953796
46.000 6.167013
47.000 6.359383
48.000 6.332161
49.000 6.312462
50.000 5.793999
51.000 5.562851
52.000 5.883827
53.000 6.204086
54.000 5.888410
55.000 5.485817
56.000 5.794699
57.000 6.246925
58.000 6.206767
59.000 6.155296
60.000 6.040351
61.000 5.886383
62.000 6.135566
63.000 6.518951
64.000 6.295678
65.000 5.971947
66.000 6.115047
67.000 6.331383
68.000 6.204258
69.000 6.017365
70.000 6.092285
71.000 6.206322
72.000 6.153533
73.000 6.073814
74.000 6.102865
75.000 6.145462
76.000 6.073464
77.000 5.976654
78.000 6.012860
79.000 6.061821
80.000 5.884224
81.000 5.608940
82.000 5.894302
83.000 6.323128
84.000 6.337275
85.000 6.357994
86.000 5.972300
87.000 5.519051
88.000 5.813096
89.000 6.170456
90.000 5.706074
91.000 5.235855
92.000 5.424229
93.000 5.650368
94.000 5.861109
95.000 6.130249
96.000 6.200801
97.000 6.289360
98.000 6.226007
99.000 6.139725
100.000 6.179749
101.000 6.228439
102.000 6.263269
103.000 6.317589
104.000 6.213631
105.000 6.052299
106.000 6.063209
107.000 6.079788
108.000 6.042206
109.000 5.982788
110.000 6.154393
111.000 6.426926
112.000 6.289707
113.000 6.098083
114.000 6.062404
115.000 6.003204
116.000 5.824314
117.000 5.581009
118.000 5.864350
119.000 6.297447
120.000 6.207788
121.000 6.070488
122.000 5.779991
123.000 5.393738
124.000 5.616805
125.000 5.968323
126.000 5.904862
127.000 5.809357
128.000 6.004497
129.000 6.295631
130.000 6.194502
131.000 6.047676
132.000 6.057158
133.000 6.070915
134.000 5.998538
135.000 5.918015
136.000 5.914665
137.000 5.910362
138.000 5.980079
139.000 6.063080
140.000 6.173602
141.000 6.354287
142.000 6.354167
143.000 6.339424
144.000 6.251435
145.000 6.122116
146.000 6.142530
147.000 6.169823
148.000 6.077883
149.000 5.948235
150.000 5.954894
151.000 5.965111
152.000 6.010434
153.000 6.081261
154.000 6.193301
155.000 6.367630
156.000 6.380560
157.000 6.399254
158.000 6.363448
159.000 6.309639
160.000 6.040148
161.000 5.649635
162.000 5.780873
163.000 5.987335
164.000 5.782295
165.000 5.456848
166.000 5.642866
167.000 5.928581
168.000 6.134205
169.000 6.399445
170.000 6.354860
171.000 6.284431
172.000 6.160210
173.000 5.974953
174.000 6.085981
175.000 6.252571
176.000 6.284172
177.000 6.331200
178.000 6.233352
179.000 6.073906
180.000 6.151656
181.000 6.276520
182.000 6.181987
183.000 6.037537
184.000 5.841856
185.000 5.546875
186.000 5.789841
187.000 6.178673
188.000 6.164310
189.000 6.140675
190.000 6.164442
191.000 6.205643
192.000 6.283722
193.000 6.412208
194.000 6.452680
195.000 6.510727
196.000 6.373781
197.000 6.199760
198.000 6.273606
199.000 6.373169
200.000 6.277533
201.000 6.152092
202.000 6.144734
203.000 6.135216
204.000 6.171944
205.000 6.225853
206.000 6.223236
207.000 6.218674
208.000 6.195997
209.000 6.166107
210.000 6.206090
211.000 6.260704
212.000 6.295711
213.000 6.350838
214.000 6.049974
215.000 5.669144
216.000 5.856385
217.000 6.157204
218.000 6.190469
219.000 6.243607
220.000 6.158265
221.000 6.031242
222.000 5.737300
223.000 5.317719
224.000 5.664574
225.000 6.230697
226.000 6.216247
227.000 6.185165
228.000 6.184898
229.000 6.184563
230.000 6.070670
231.000 5.896118
232.000 6.057253
233.000 6.304131
234.000 6.328934
235.000 6.368317
236.000 6.295947
237.000 6.177498
238.000 6.226439
239.000 6.301979
240.000 6.236703
241.000 6.134331
242.000 6.155710
243.000 6.187805
244.000 6.215071
245.000 6.257874
246.000 6.195907
247.000 6.095818
248.000 6.154050
249.000 6.246597
250.000 6.275846
251.000 6.320862
252.000 6.305196
253.000 6.280922
254.000 6.257283
255.000 6.220863
256.000 6.148369
257.000 6.050621
258.000 6.080857
259.000 6.119766
260.000 5.901829
261.000 5.615623
262.000 5.721833
263.000 5.866249
264.000 5.935656
265.000 6.015625
266.000 6.106582
267.000 6.237160
268.000 6.213142
269.000 6.173619
270.000 6.120394
271.000 6.047453
272.000 6.085312
273.000 6.162605
274.000 6.154161
275.000 6.141220
276.000 6.212422
277.000 6.330367
278.000 5.978269
279.000 5.446121
280.000 5.714912
281.000 6.144814
282.000 6.098391
283.000 6.024940
284.000 5.874591
285.000 5.639771
286.000 5.915706
287.000 6.293938
288.000 6.299270
289.000 6.307053
290.000 6.194460
291.000 6.031837
292.000 6.169736
293.000 6.382797
294.000 6.361241
295.000 6.329414
296.000 6.207079
297.000 6.004094
298.000 6.025157
299.000 6.093625
300.000 6.125959
301.000 6.174515
302.000 6.126151
303.000 6.045904
304.000 6.080447
305.000 6.222665
306.000 6.223973
307.000 6.130394
308.000 6.115608
309.000 6.112411
310.000 6.118788
311.000 6.136616
312.000 6.179896
313.000 6.295872
314.000 6.166633
315.000 5.779427
316.000 5.915251
317.000 6.293922
318.000 6.289555
319.000 6.105998
320.000 6.027761
321.000 5.859722
322.000 5.975304
323.000 6.269211
324.000 6.061706
325.000 5.385859
326.000 5.535338
327.000 6.143538
328.000 6.139442
329.000 5.921280
330.000 5.962448
331.000 6.190813
332.000 6.199293
333.000 6.222088
334.000 6.148893
335.000 5.931710
336.000 5.991858
337.000 6.285166
338.000 6.184369
339.000 5.678886
340.000 5.787035
341.000 6.188991
342.000 6.171570
343.000 5.758051
344.000 5.844682
345.000 6.228959
346.000 6.254402
347.000 6.141433
348.000 6.159676
349.000 6.268728
350.000 6.241149
351.000 6.128026
352.000 5.942031
353.000 5.482863
354.000 5.623102
355.000 6.126939
356.000 5.811793
357.000 4.869598
358.000 5.180466
359.000 5.975182
