0.000 0.406944
1.000 0.406944
2.000 0.406944
3.000 0.406944
4.000 0.406944
5.000 0.406944
6.000 0.406944
7.000 0.406944
8.000 4.887398
9.000 4.953636
10.000 3.175163
11.000 3.175163
12.000 3.239456
13.000 3.239456
14.000 4.772424
15.000 4.938118
16.000 4.664009
17.000 4.925774
18.000 4.902817
19.000 4.960365
20.000 4.381966
21.000 4.381966
22.000 4.855598
23.000 5.019638
24.000 4.945793
25.000 4.945793
26.000 4.726372
27.000 4.726372
28.000 4.551956
29.000 4.551956
30.000 4.604325
31.000 4.667464
32.000 4.833733
33.000 4.991577
34.000 4.677032
35.000 4.927471
36.000 4.895813
37.000 4.916946
38.000 4.992416
39.000 4.983055
40.000 4.983055
41.000 4.949091
42.000 4.918068
43.000 4.918068
44.000 4.348854
45.000 4.348854
46.000 4.431631
47.000 4.854919
48.000 4.854919
49.000 4.876434
50.000 4.913508
51.000 4.901123
52.000 4.918808
53.000 4.852417
54.000 4.995560
55.000 4.920074
56.000 4.955682
57.000 4.981819
58.000 4.953208
59.000 4.948654
60.000 4.978370
61.000 4.984200
62.000 4.668823
63.000 4.668823
64.000 4.731296
65.000 4.742165
66.000 4.835963
67.000 4.840706
68.000 4.730760
69.000 4.727859
70.000 4.954713
71.000 4.963654
72.000 4.626228
73.000 4.575592
74.000 4.621173
75.000 4.623848
76.000 4.608826
77.000 4.608826
78.000 4.935617
79.000 4.982330
80.000 4.955499
81.000 4.947151
82.000 4.697556
83.000 4.697556
84.000 4.984032
85.000 4.984032
86.000 4.614365
87.000 4.614365
88.000 4.695202
89.000 4.717171
90.000 4.937229
91.000 5.019356
92.000 4.998502
93.000 4.996147
94.000 4.644226
95.000 4.644226
96.000 4.511574
97.000 4.511574
98.000 4.908524
99.000 4.908524
100.000 4.865588
101.000 4.862946
102.000 4.942693
103.000 4.968475
104.000 5.006142
105.000 5.006142
106.000 4.723893
107.000 4.718498
108.000 4.336355
109.000 4.277893
110.000 4.962151
111.000 4.962151
112.000 5.008067
113.000 5.011246
114.000 4.985738
115.000 4.979477
116.000 4.395691
117.000 4.395691
118.000 4.611755
119.000 4.611755
120.000 4.900208
121.000 4.900208
122.000 4.693619
123.000 4.693619
124.000 4.905100
125.000 4.934776
126.000 4.967644
127.000 4.978859
128.000 4.927890
129.000 4.918175
130.000 4.920137
131.000 4.920563
132.000 4.991478
133.000 4.991478
134.000 4.950043
135.000 4.950043
136.000 4.926674
137.000 4.896385
138.000 4.943289
139.000 4.975105
140.000 4.751793
141.000 4.751793
142.000 4.950949
143.000 5.012924
144.000 4.917007
145.000 4.917007
146.000 4.968199
147.000 4.974350
148.000 5.033722
149.000 5.033722
150.000 4.835655
151.000 4.835655
152.000 4.708765
153.000 4.622658
154.000 4.728898
155.000 4.859337
156.000 4.902110
157.000 4.919571
158.000 4.933574
159.000 4.935333
160.000 4.597610
161.000 4.597610
162.000 4.907539
163.000 4.907539
164.000 4.794624
165.000 4.794624
166.000 4.729958
167.000 4.729958
168.000 4.943657
169.000 4.943657
170.000 4.861434
171.000 4.855774
172.000 4.855774
173.000 4.916000
174.000 4.916000
175.000 4.895287
176.000 4.895287
177.000 4.881805
178.000 4.884241
179.000 4.904869
180.000 4.766222
181.000 4.403008
182.000 4.385834
183.000 4.336288
184.000 4.473611
185.000 4.764809
186.000 4.844639
187.000 4.949158
188.000 4.729938
189.000 4.689674
190.000 4.338941
191.000 4.224266
192.000 4.585327
193.000 4.880333
194.000 4.652914
195.000 4.574272
196.000 4.720147
197.000 4.938286
198.000 4.951738
199.000 4.992449
200.000 4.695607
201.000 4.567810
202.000 4.813202
203.000 5.015724
204.000 4.987004
205.000 4.971558
206.000 4.853080
207.000 4.638496
208.000 4.607874
209.000 4.516052
210.000 4.477255
211.000 4.453346
212.000 4.789961
213.000 4.971680
214.000 4.965329
215.000 4.958046
216.000 4.834232
217.000 4.718590
218.000 4.637704
219.000 4.600349
220.000 4.794846
221.000 4.915962
222.000 4.913345
223.000 4.913345
224.000 4.543525
225.000 4.323204
226.000 4.533701
227.000 4.898590
228.000 4.921233
229.000 4.934921
230.000 4.985228
231.000 5.025337
232.000 4.851657
233.000 4.735954
234.000 4.566277
235.000 4.566277
236.000 4.743379
237.000 4.837013
238.000 4.735832
239.000 4.634796
240.000 4.640190
241.000 4.643578
242.000 4.622797
243.000 4.609459
244.000 4.796322
245.000 4.998001
246.000 5.006631
247.000 5.016808
248.000 4.672598
249.000 4.576775
250.000 4.782645
251.000 4.988228
252.000 4.962795
253.000 4.932594
254.000 4.932642
255.000 4.932709
256.000 4.939099
257.000 4.940590
258.000 4.951878
259.000 4.954666
260.000 4.821968
261.000 4.821968
262.000 4.888400
263.000 4.910881
264.000 4.721623
265.000 4.711235
266.000 4.830555
267.000 4.927277
268.000 4.462894
269.000 4.275757
270.000 4.771008
271.000 4.969101
272.000 4.964600
273.000 4.962440
274.000 4.895731
275.000 4.826698
276.000 4.919220
277.000 4.960815
278.000 4.590439
279.000 4.590439
280.000 4.856151
281.000 4.950157
282.000 4.620659
283.000 4.620659
284.000 4.846052
285.000 4.968376
286.000 4.963515
287.000 4.962425
288.000 4.956490
289.000 4.953682
290.000 4.967856
291.000 4.990273
292.000 4.973511
293.000 4.922629
294.000 4.842319
295.000 4.726479
296.000 4.629490
297.000 4.545387
298.000 4.599835
299.000 4.685760
300.000 4.795297
301.000 4.972069
302.000 4.878937
303.000 4.878937
304.000 4.977627
305.000 5.021996
306.000 4.997070
307.000 4.951126
308.000 5.027204
309.000 5.149673
310.000 5.076576
311.000 4.950180
312.000 4.900637
313.000 4.773743
314.000 4.700288
315.000 4.623871
316.000 4.736470
317.000 4.888771
318.000 4.845633
319.000 4.762596
320.000 4.833796
321.000 4.991730
322.000 4.945866
323.000 4.902718
324.000 4.939753
325.000 4.970749
326.000 4.964100
327.000 4.956070
328.000 4.944463
329.000 4.909065
330.000 4.919822
331.000 4.935127
332.000 4.626738
333.000 4.335648
334.000 4.589197
335.000 4.917084
336.000 5.007767
337.000 5.007767
338.000 4.356056
339.000 4.356056
340.000 4.356056
341.000 4.666878
342.000 4.666878
343.000 4.690897
344.000 4.764480
345.000 4.834145
346.000 4.834145
347.000 4.862080
348.000 4.909882
349.000 4.906632
350.000 4.948769
351.000 4.365440
352.000 4.506728
353.000 4.776558
354.000 4.826434
355.000 4.961128
356.000 4.961337
357.000 4.961853
358.000 4.980538
359.000 5.033020
