0.000 1.169518
1.000 1.169518
2.000 1.169518
3.000 1.169518
4.000 7.665459
5.000 4.383636
6.000 5.152550
7.000 5.021004
8.000 6.815140
9.000 6.815140
10.000 6.547211
11.000 6.547211
12.000 7.137573
13.000 7.341568
14.000 5.995514
15.000 6.539139
16.000 6.519283
17.000 5.515202
18.000 5.294121
19.000 5.657448
20.000 5.124336
21.000 6.749737
22.000 6.936859
23.000 4.947220
24.000 4.947220
25.000 6.359504
26.000 6.592583
27.000 5.171013
28.000 5.171013
29.000 5.173137
30.000 5.405785
31.000 5.405785
32.000 1.685928
33.000 1.685928
34.000 1.685928
35.000 1.685928
36.000 1.685928
37.000 1.685928
38.000 5.469308
39.000 5.351883
40.000 5.359902
41.000 6.683275
42.000 7.440765
43.000 6.722405
44.000 6.206421
45.000 7.419337
46.000 8.110886
47.000 8.019116
48.000 7.969101
49.000 5.195661
50.000 5.151558
51.000 6.763980
52.000 7.660797
53.000 7.970253
54.000 8.083839
55.000 7.507282
56.000 7.259666
57.000 7.559305
58.000 7.761162
59.000 8.032835
60.000 8.219498
61.000 2.772881
62.000 2.772881
63.000 5.530313
64.000 5.663902
65.000 5.818545
66.000 5.870422
67.000 5.782700
68.000 5.782700
69.000 5.699763
70.000 5.647926
71.000 6.164986
72.000 6.164986
73.000 5.732915
74.000 5.706947
75.000 6.712585
76.000 6.712585
77.000 3.999771
78.000 3.999771
79.000 0.575508
80.000 0.575508
81.000 0.575508
82.000 0.575508
83.000 0.575508
84.000 0.575508
85.000 0.575508
86.000 0.575508
87.000 0.575508
88.000 0.575508
89.000 0.575508
90.000 0.575508
91.000 5.238951
92.000 5.245758
93.000 5.862625
94.000 5.862625
95.000 6.942772
96.000 6.942772
97.000 6.447064
98.000 6.181122
99.000 6.031067
100.000 6.031067
101.000 7.384048
102.000 7.384048
103.000 3.958145
104.000 4.132691
105.000 6.380402
106.000 6.380402
107.000 5.880005
108.000 5.880005
109.000 4.914597
110.000 4.914597
111.000 5.877457
112.000 5.877457
113.000 5.465782
114.000 5.412169
115.000 5.074603
116.000 4.913010
117.000 5.394753
118.000 5.787842
119.000 5.615051
120.000 5.615051
121.000 4.705193
122.000 4.705193
123.000 5.325401
124.000 5.325401
125.000 5.325401
126.000 5.041014
127.000 4.729791
128.000 5.389122
129.000 4.530002
130.000 3.989494
131.000 4.079707
132.000 4.165253
133.000 6.139191
134.000 6.139191
135.000 6.230524
136.000 6.234001
137.000 5.250893
138.000 5.250893
139.000 6.809113
140.000 6.809113
141.000 4.976303
142.000 4.976303
143.000 6.707314
144.000 6.707314
145.000 5.772971
146.000 5.560043
147.000 6.502094
148.000 7.541687
149.000 7.541687
150.000 7.541687
151.000 5.895912
152.000 5.895912
153.000 6.986198
154.000 7.262405
155.000 5.240158
156.000 5.240158
157.000 6.597556
158.000 6.693199
159.000 7.857117
160.000 7.857117
161.000 4.781998
162.000 4.781998
163.000 6.448547
164.000 6.448547
165.000 7.107804
166.000 7.840495
167.000 7.910446
168.000 6.379738
169.000 5.852020
170.000 5.852020
171.000 6.021126
172.000 6.021126
173.000 7.202782
174.000 7.202782
175.000 7.917038
176.000 7.917038
177.000 6.026352
178.000 6.026352
179.000 7.073827
180.000 7.266052
181.000 7.045174
182.000 6.296730
183.000 7.235591
184.000 7.920494
185.000 6.276398
186.000 6.276398
187.000 6.372490
188.000 6.372490
189.000 4.601143
190.000 4.601143
191.000 6.464355
192.000 6.464355
193.000 5.666710
194.000 5.666710
195.000 6.644673
196.000 6.830048
197.000 7.741821
198.000 7.741821
199.000 7.469833
200.000 7.469833
201.000 6.069136
202.000 5.803482
203.000 4.494621
204.000 4.494621
205.000 6.248440
206.000 6.762276
207.000 6.315712
208.000 6.315712
209.000 5.894478
210.000 5.894478
211.000 4.680710
212.000 4.680710
213.000 5.270119
214.000 5.270119
215.000 6.204979
216.000 6.204979
217.000 7.783928
218.000 7.783928
219.000 4.466827
220.000 4.466827
221.000 6.804573
222.000 6.804573
223.000 6.668262
224.000 6.626358
225.000 6.871857
226.000 6.871857
227.000 6.226063
228.000 5.653595
229.000 7.576416
230.000 7.576416
231.000 7.440926
232.000 7.440926
233.000 6.727234
234.000 6.727234
235.000 5.566818
236.000 5.566818
237.000 6.178041
238.000 6.589264
239.000 7.562195
240.000 7.802162
241.000 5.515732
242.000 5.515732
243.000 5.454276
244.000 5.415276
245.000 5.415276
246.000 5.415276
247.000 5.080093
248.000 5.080093
249.000 4.827629
250.000 4.827629
251.000 5.789574
252.000 5.789574
253.000 6.102676
254.000 6.102676
255.000 6.068665
256.000 6.068665
257.000 5.933998
258.000 5.808266
259.000 5.558080
260.000 5.308693
261.000 5.694567
262.000 5.981590
263.000 6.468170
264.000 6.863083
265.000 6.456867
266.000 6.190033
267.000 6.075920
268.000 6.075920
269.000 6.426567
270.000 6.426567
271.000 6.328681
272.000 6.190613
273.000 6.190613
274.000 6.371738
275.000 7.001137
276.000 7.238319
277.000 6.737186
278.000 6.384163
279.000 7.051047
280.000 7.833557
281.000 6.587227
282.000 6.587227
283.000 6.279938
284.000 6.279938
285.000 6.357006
286.000 6.455818
287.000 5.898003
288.000 5.898003
289.000 6.782967
290.000 6.782967
291.000 7.463365
292.000 7.900063
293.000 6.662199
294.000 4.953812
295.000 7.930496
296.000 7.930496
297.000 7.294285
298.000 6.318163
299.000 5.964729
300.000 5.907394
301.000 6.289215
302.000 6.289215
303.000 5.441040
304.000 5.441040
305.000 5.260048
306.000 5.260048
307.000 7.367874
308.000 7.367874
309.000 6.929872
310.000 6.259913
311.000 6.205243
312.000 6.542366
313.000 6.542366
314.000 6.542366
315.000 6.443733
316.000 6.443733
317.000 6.443733
318.000 6.545265
319.000 6.545265
320.000 6.658951
321.000 6.658951
322.000 6.658951
323.000 5.816780
324.000 5.816780
325.000 5.078461
326.000 5.078461
327.000 5.078461
328.000 3.668266
329.000 3.668266
330.000 3.668266
331.000 5.021766
332.000 5.578690
333.000 5.731743
334.000 5.731743
335.000 4.844482
336.000 4.997124
337.000 4.997124
338.000 5.367233
339.000 7.351234
340.000 6.653426
341.000 5.415016
342.000 5.117928
343.000 5.117928
344.000 5.036049
345.000 5.036049
346.000 5.352788
347.000 5.461868
348.000 7.621666
349.000 4.834930
350.000 4.834930
351.000 6.488495
352.000 6.483978
353.000 6.483978
354.000 5.962654
355.000 5.458694
356.000 5.458694
357.000 5.103081
358.000 5.103081
359.000 4.059242
