0.000 0.179955
1.000 0.179955
2.000 0.179955
3.000 2.659653
4.000 2.916412
5.000 2.928878
6.000 2.939232
7.000 2.441547
8.000 2.766945
9.000 2.874191
10.000 2.699272
11.000 2.948723
12.000 2.569756
13.000 3.164772
14.000 2.852303
15.000 2.852303
16.000 2.571625
17.000 2.571625
18.000 2.871719
19.000 2.871719
20.000 2.547539
21.000 2.547539
22.000 2.872993
23.000 2.872993
24.000 2.890516
25.000 2.930183
26.000 2.930183
27.000 2.423950
28.000 2.423950
29.000 2.568093
30.000 2.914169
31.000 2.914169
32.000 0.562859
33.000 0.562859
34.000 0.562859
35.000 0.562859
36.000 0.562859
37.000 0.562859
38.000 2.644806
39.000 2.644806
40.000 2.576080
41.000 2.747406
42.000 2.747406
43.000 2.841023
44.000 2.866653
45.000 2.913918
46.000 2.940325
47.000 2.946243
48.000 2.611534
49.000 2.611534
50.000 1.536041
51.000 1.536041
52.000 1.536041
53.000 1.536041
54.000 2.817426
55.000 2.792328
56.000 2.919914
57.000 2.919914
58.000 2.447510
59.000 2.447510
60.000 2.931404
61.000 2.929346
62.000 2.919533
63.000 2.919533
64.000 2.738029
65.000 2.738029
66.000 2.798609
67.000 2.874756
68.000 2.874756
69.000 2.949791
70.000 2.935799
71.000 2.911224
72.000 2.944618
73.000 2.944618
74.000 2.878929
75.000 2.843168
76.000 2.388779
77.000 2.388779
78.000 2.478241
79.000 2.478241
80.000 2.924889
81.000 2.924889
82.000 2.834651
83.000 2.755806
84.000 2.755806
85.000 2.794682
86.000 2.849510
87.000 2.730507
88.000 2.730507
89.000 2.928250
90.000 2.934563
91.000 2.850479
92.000 2.912872
93.000 2.912872
94.000 2.951553
95.000 2.951553
96.000 2.701889
97.000 2.943298
98.000 2.943298
99.000 2.930565
100.000 2.930565
101.000 2.532761
102.000 2.116435
103.000 2.001617
104.000 2.001617
105.000 2.943626
106.000 2.943626
107.000 2.806183
108.000 2.806183
109.000 2.816040
110.000 2.846019
111.000 2.850380
112.000 2.625847
113.000 2.925957
114.000 2.925957
115.000 2.925957
116.000 2.844957
117.000 2.817902
118.000 2.817902
119.000 2.758049
120.000 2.758049
121.000 2.956863
122.000 2.956863
123.000 2.973904
124.000 2.978325
125.000 2.632339
126.000 2.632339
127.000 2.927406
128.000 2.840876
129.000 2.617683
130.000 2.617683
131.000 2.918823
132.000 2.939323
133.000 2.939323
134.000 2.950005
135.000 2.951973
136.000 2.757222
137.000 2.645058
138.000 2.865572
139.000 2.980560
140.000 2.973005
141.000 2.967506
142.000 2.767888
143.000 2.457214
144.000 2.662925
145.000 2.944260
146.000 2.770932
147.000 2.696159
148.000 2.812212
149.000 2.949303
150.000 2.512288
151.000 2.243622
152.000 2.243622
153.000 2.243622
154.000 2.635231
155.000 2.635231
156.000 2.635231
157.000 2.744865
158.000 2.848358
159.000 2.848358
160.000 2.848358
161.000 2.602678
162.000 2.570938
163.000 2.570938
164.000 2.652503
165.000 2.936844
166.000 2.936844
167.000 2.582932
168.000 2.722969
169.000 2.722969
170.000 2.886147
171.000 2.886147
172.000 2.440498
173.000 2.440498
174.000 2.613579
175.000 2.913696
176.000 2.533058
177.000 2.889748
178.000 2.889748
179.000 2.700890
180.000 2.700890
181.000 2.771517
182.000 2.906868
183.000 2.944679
184.000 2.530762
185.000 2.887482
186.000 2.887482
187.000 2.943748
188.000 2.793076
189.000 2.793076
190.000 2.876102
191.000 2.932579
192.000 2.932579
193.000 2.815712
194.000 2.707458
195.000 2.117096
196.000 2.117096
197.000 2.117096
198.000 2.941803
199.000 2.941803
200.000 2.864465
201.000 2.726066
202.000 2.675552
203.000 2.858537
204.000 2.949471
205.000 3.002457
206.000 2.836724
207.000 2.588020
208.000 2.616201
209.000 2.661064
210.000 2.648401
211.000 2.626896
212.000 2.777794
213.000 2.777794
214.000 2.638832
215.000 2.638832
216.000 2.911705
217.000 2.911705
218.000 2.911705
219.000 2.923340
220.000 2.958195
221.000 2.964790
222.000 2.964790
223.000 2.912117
224.000 2.912117
225.000 2.936813
226.000 2.936813
227.000 2.936813
228.000 2.916997
229.000 2.912354
230.000 2.912354
231.000 2.773362
232.000 2.684753
233.000 2.684753
234.000 2.885862
235.000 2.976868
236.000 2.976868
237.000 2.925926
238.000 2.925926
239.000 2.912280
240.000 2.868095
241.000 2.868095
242.000 2.943298
243.000 2.928703
244.000 2.928703
245.000 2.928703
246.000 1.918518
247.000 1.918518
248.000 1.918518
249.000 2.927353
250.000 2.927353
251.000 3.027557
252.000 3.019684
253.000 2.985010
254.000 2.721794
255.000 2.758850
256.000 2.758850
257.000 2.949486
258.000 2.841927
259.000 2.841927
260.000 2.838493
261.000 2.838493
262.000 2.838493
263.000 2.664995
264.000 2.397232
265.000 2.397232
266.000 2.607303
267.000 2.921654
268.000 2.690727
269.000 2.690727
270.000 2.902339
271.000 2.926025
272.000 2.476923
273.000 2.851295
274.000 2.574951
275.000 3.011017
276.000 3.011017
277.000 2.940369
278.000 2.940369
279.000 2.864250
280.000 2.864250
281.000 2.864250
282.000 2.776991
283.000 2.706177
284.000 2.706177
285.000 2.802455
286.000 2.628510
287.000 2.937607
288.000 2.858593
289.000 2.708374
290.000 2.768059
291.000 2.942165
292.000 2.875563
293.000 2.645458
294.000 2.683649
295.000 2.933148
296.000 2.915718
297.000 2.725836
298.000 2.689024
299.000 2.692567
300.000 2.693879
301.000 2.692721
302.000 2.763936
303.000 2.971962
304.000 2.983157
305.000 2.917259
306.000 2.914836
307.000 2.949507
308.000 2.959593
309.000 2.965745
310.000 2.955010
311.000 2.918670
312.000 2.921782
313.000 2.958169
314.000 2.959516
315.000 2.927746
316.000 2.834057
317.000 2.589236
318.000 2.588231
319.000 2.685747
320.000 2.762632
321.000 2.910300
322.000 2.933183
323.000 2.955695
324.000 2.845944
325.000 2.513171
326.000 2.504463
327.000 2.504463
328.000 2.504463
329.000 2.504463
330.000 2.744253
331.000 2.725258
332.000 2.725258
333.000 2.725258
334.000 2.699293
335.000 2.641220
336.000 2.641220
337.000 2.943214
338.000 2.943214
339.000 2.943214
340.000 2.719757
341.000 2.719757
342.000 2.719757
343.000 2.693275
344.000 2.675339
345.000 2.675339
346.000 2.939468
347.000 2.939468
348.000 2.753201
349.000 2.654007
350.000 2.771797
351.000 2.771797
352.000 2.939163
353.000 2.930752
354.000 2.691307
355.000 2.691307
356.000 2.954865
357.000 2.954865
358.000 2.670006
359.000 2.670006
