0.000 0.175186
1.000 0.175186
2.000 2.203773
3.000 2.511604
4.000 2.676871
5.000 2.753670
6.000 2.527503
7.000 2.400726
8.000 2.455183
9.000 2.525665
10.000 2.464443
11.000 2.383781
12.000 2.515125
13.000 2.517242
14.000 2.366821
15.000 2.366821
16.000 2.366821
17.000 2.411476
18.000 2.411476
19.000 2.514175
20.000 2.514175
21.000 2.485039
22.000 2.485039
23.000 2.485039
24.000 2.494110
25.000 2.494110
26.000 2.494110
27.000 2.272186
28.000 2.272186
29.000 2.272186
30.000 2.322784
31.000 2.322784
32.000 2.322784
33.000 2.322784
34.000 2.355212
35.000 2.515228
36.000 2.515228
37.000 2.515228
38.000 2.510851
39.000 2.489795
40.000 2.473541
41.000 2.387115
42.000 2.387115
43.000 2.387115
44.000 2.506090
45.000 2.508457
46.000 2.510824
47.000 2.485255
48.000 2.482407
49.000 2.446266
50.000 2.488754
51.000 2.488754
52.000 2.455070
53.000 2.484818
54.000 2.484818
55.000 2.484818
56.000 2.328888
57.000 2.328888
58.000 2.505243
59.000 2.507126
60.000 2.507126
61.000 2.411583
62.000 2.411583
63.000 2.434261
64.000 2.474408
65.000 2.444971
66.000 2.441032
67.000 2.441032
68.000 2.441032
69.000 2.421555
70.000 2.405228
71.000 2.405228
72.000 2.405228
73.000 2.304367
74.000 2.304367
75.000 2.305916
76.000 2.305916
77.000 2.305916
78.000 2.509911
79.000 2.509911
80.000 2.428439
81.000 2.332359
82.000 2.332359
83.000 2.364929
84.000 2.439653
85.000 2.506149
86.000 2.488762
87.000 2.488762
88.000 2.514488
89.000 2.485374
90.000 2.485374
91.000 2.485374
92.000 2.293564
93.000 2.293564
94.000 2.309405
95.000 2.343796
96.000 2.343796
97.000 2.510078
98.000 2.510078
99.000 2.153725
100.000 2.153725
101.000 2.160337
102.000 2.197935
103.000 2.199646
104.000 2.199646
105.000 2.381218
106.000 2.381218
107.000 2.414330
108.000 2.414330
109.000 2.529877
110.000 2.529877
111.000 2.156288
112.000 2.181797
113.000 2.505539
114.000 2.243011
115.000 2.495132
116.000 2.495132
117.000 2.476913
118.000 2.504364
119.000 2.503952
120.000 2.503952
121.000 2.410805
122.000 2.410805
123.000 2.433629
124.000 2.470306
125.000 2.470306
126.000 2.512001
127.000 2.512001
128.000 2.512001
129.000 2.488510
130.000 2.488510
131.000 2.500397
132.000 2.500397
133.000 2.414467
134.000 2.414467
135.000 2.429409
136.000 2.491211
137.000 2.432444
138.000 2.412415
139.000 2.512558
140.000 2.523407
141.000 2.423218
142.000 2.510162
143.000 2.463860
144.000 2.488647
145.000 2.344719
146.000 2.344719
147.000 2.457456
148.000 2.475449
149.000 2.419451
150.000 2.413780
151.000 2.481605
152.000 2.482712
153.000 2.436333
154.000 2.431274
155.000 2.497207
156.000 2.498337
157.000 2.373993
158.000 2.373993
159.000 2.519630
160.000 2.519630
161.000 2.479324
162.000 2.479324
163.000 2.406395
164.000 2.406395
165.000 2.491325
166.000 2.491325
167.000 2.466240
168.000 2.466240
169.000 2.493767
170.000 2.493767
171.000 2.416602
172.000 2.416557
173.000 2.494438
174.000 2.494438
175.000 2.417465
176.000 2.417465
177.000 2.474212
178.000 2.538803
179.000 2.538803
180.000 2.497108
181.000 2.497108
182.000 2.519058
183.000 2.519058
184.000 2.481056
185.000 2.481056
186.000 2.500572
187.000 2.500572
188.000 2.501435
189.000 2.479070
190.000 2.421219
191.000 2.482445
192.000 2.482445
193.000 2.397354
194.000 2.397354
195.000 2.384010
196.000 2.384010
197.000 2.244472
198.000 2.211525
199.000 2.211525
200.000 2.430652
201.000 2.523857
202.000 2.523857
203.000 2.476387
204.000 2.476387
205.000 2.498077
206.000 2.498077
207.000 2.498077
208.000 2.498077
209.000 2.498077
210.000 2.286293
211.000 2.286293
212.000 2.286293
213.000 2.286293
214.000 2.266182
215.000 2.253922
216.000 2.253922
217.000 2.253922
218.000 2.281415
219.000 2.479836
220.000 2.479836
221.000 2.479836
222.000 2.503606
223.000 2.532356
224.000 2.532356
225.000 2.440773
226.000 2.440773
227.000 2.499207
228.000 2.499207
229.000 2.519554
230.000 2.519554
231.000 2.508003
232.000 2.508003
233.000 2.151199
234.000 2.151199
235.000 2.530014
236.000 2.530014
237.000 2.377754
238.000 2.233925
239.000 2.233925
240.000 2.392693
241.000 2.392693
242.000 2.503883
243.000 2.503883
244.000 2.503998
245.000 2.505375
246.000 2.505409
247.000 2.455380
248.000 2.369263
249.000 2.385953
250.000 2.430603
251.000 2.442139
252.000 2.355621
253.000 2.401855
254.000 2.402878
255.000 2.501404
256.000 2.501404
257.000 2.412094
258.000 2.403072
259.000 2.389038
260.000 2.389038
261.000 2.476044
262.000 2.476044
263.000 2.371796
264.000 2.492622
265.000 2.492622
266.000 2.393585
267.000 2.393585
268.000 2.393585
269.000 2.542589
270.000 2.568680
271.000 2.568680
272.000 2.551688
273.000 2.512726
274.000 2.512726
275.000 2.494568
276.000 2.485822
277.000 2.439888
278.000 2.439888
279.000 2.439888
280.000 2.480972
281.000 2.480972
282.000 2.480972
283.000 2.353798
284.000 2.353798
285.000 2.353798
286.000 2.328949
287.000 2.328949
288.000 2.328949
289.000 2.466850
290.000 2.466850
291.000 2.466850
292.000 2.148834
293.000 2.148834
294.000 2.506050
295.000 2.506050
296.000 2.477966
297.000 2.477966
298.000 2.477966
299.000 2.430185
300.000 2.249108
301.000 2.138008
302.000 2.508217
303.000 2.478691
304.000 2.478691
305.000 2.485356
306.000 2.498743
307.000 2.503807
308.000 2.503807
309.000 2.364284
310.000 2.344315
311.000 2.501741
312.000 2.470665
313.000 2.480727
314.000 2.516937
315.000 2.505325
316.000 2.347408
317.000 2.320839
318.000 2.320839
319.000 2.500221
320.000 2.500221
321.000 2.413849
322.000 2.413849
323.000 2.461657
324.000 2.495590
325.000 2.498238
326.000 2.492416
327.000 2.513290
328.000 2.510124
329.000 2.510124
330.000 2.507500
331.000 2.501177
332.000 2.494339
333.000 2.401691
334.000 2.366714
335.000 2.386837
336.000 2.396713
337.000 2.404599
338.000 2.408195
339.000 2.433396
340.000 2.448952
341.000 2.426155
342.000 2.426155
343.000 2.509529
344.000 2.509529
345.000 2.455574
346.000 2.455574
347.000 2.455574
348.000 2.500740
349.000 2.500740
350.000 2.480157
351.000 2.454865
352.000 2.454865
353.000 2.357872
354.000 2.369443
355.000 2.504539
356.000 2.439255
357.000 2.445502
358.000 2.453865
359.000 2.456441
