0.000 1.348640
1.000 1.348640
2.000 3.793546
3.000 4.572592
4.000 4.534322
5.000 4.110153
6.000 4.419772
7.000 4.648331
8.000 5.109528
9.000 5.479858
10.000 5.125075
11.000 4.779884
12.000 5.094196
13.000 5.929277
14.000 5.714415
15.000 4.283661
16.000 4.314953
17.000 4.544389
18.000 3.726816
19.000 5.059059
20.000 4.152580
21.000 3.180710
22.000 4.293449
23.000 4.582996
24.000 5.875253
25.000 6.400253
26.000 5.761375
27.000 5.761375
28.000 3.335815
29.000 3.335815
30.000 3.931381
31.000 3.931381
32.000 3.931381
33.000 3.766528
34.000 3.719643
35.000 3.719643
36.000 3.454349
37.000 3.251564
38.000 3.696495
39.000 4.451286
40.000 5.456932
41.000 5.011317
42.000 3.954834
43.000 3.954834
44.000 2.142979
45.000 2.117989
46.000 3.654736
47.000 3.234215
48.000 3.156242
49.000 3.156242
50.000 3.373451
51.000 4.784157
52.000 3.497849
53.000 3.497849
54.000 4.241684
55.000 4.241684
56.000 6.658249
57.000 7.391983
58.000 7.391983
59.000 7.163361
60.000 9.082771
61.000 5.451279
62.000 5.451279
63.000 7.721268
64.000 7.721268
65.000 7.713478
66.000 7.713478
67.000 6.136948
68.000 6.136948
69.000 6.136948
70.000 8.608589
71.000 8.608589
72.000 6.621727
73.000 6.621727
74.000 7.190460
75.000 8.282166
76.000 6.694202
77.000 6.430526
78.000 6.601567
79.000 6.679540
80.000 6.813540
81.000 6.766549
82.000 6.616796
83.000 5.509915
84.000 2.939163
85.000 3.765300
86.000 5.966071
87.000 5.465590
88.000 3.036568
89.000 3.334341
90.000 4.000916
91.000 4.227296
92.000 4.828756
93.000 5.255447
94.000 5.255447
95.000 5.204124
96.000 5.204124
97.000 5.348930
98.000 5.348930
99.000 5.348930
100.000 5.800302
101.000 8.083023
102.000 8.083023
103.000 5.649475
104.000 5.649475
105.000 6.987175
106.000 6.987175
107.000 5.779510
108.000 5.763585
109.000 5.663651
110.000 5.663651
111.000 5.734428
112.000 5.734428
113.000 5.538506
114.000 5.538506
115.000 4.708954
116.000 4.708954
117.000 6.589943
118.000 6.589943
119.000 5.589653
120.000 5.293846
121.000 5.293846
122.000 5.273444
123.000 3.962975
124.000 3.962975
125.000 3.962975
126.000 2.863289
127.000 2.863289
128.000 2.863289
129.000 2.863289
130.000 2.500496
131.000 2.500496
132.000 2.500496
133.000 3.604446
134.000 3.604446
135.000 3.865089
136.000 5.555534
137.000 3.400505
138.000 3.400505
139.000 4.594421
140.000 4.701447
141.000 4.701447
142.000 5.655991
143.000 2.706223
144.000 2.706223
145.000 2.319595
146.000 2.319595
147.000 6.684158
148.000 4.607613
149.000 4.607613
150.000 4.607613
151.000 4.607613
152.000 5.187718
153.000 5.861824
154.000 5.861824
155.000 3.602371
156.000 3.602371
157.000 3.602371
158.000 3.234505
159.000 3.234505
160.000 5.732536
161.000 3.841011
162.000 3.841011
163.000 4.871880
164.000 4.871880
165.000 5.575974
166.000 5.575974
167.000 3.839104
168.000 3.839104
169.000 3.475380
170.000 3.475380
171.000 3.671998
172.000 4.574821
173.000 4.574821
174.000 4.066666
175.000 4.066666
176.000 4.066666
177.000 4.956619
178.000 5.233161
179.000 5.249542
180.000 4.266663
181.000 4.266663
182.000 4.684402
183.000 4.684402
184.000 4.700722
185.000 4.700722
186.000 3.034645
187.000 3.034645
188.000 3.034645
189.000 4.466942
190.000 4.466942
191.000 4.466942
192.000 2.595398
193.000 2.595398
194.000 2.595398
195.000 2.595398
196.000 3.138588
197.000 3.138588
198.000 4.718636
199.000 3.308281
200.000 3.308281
201.000 5.525527
202.000 7.126930
203.000 4.130585
204.000 3.440147
205.000 3.440147
206.000 3.384277
207.000 3.384277
208.000 3.535362
209.000 3.535362
210.000 5.383850
211.000 5.383850
212.000 3.055603
213.000 3.055603
214.000 4.414581
215.000 4.414581
216.000 4.632790
217.000 4.632790
218.000 5.155685
219.000 5.155685
220.000 4.735085
221.000 4.735085
222.000 7.320023
223.000 7.320023
224.000 4.551910
225.000 4.551910
226.000 4.551910
227.000 4.205093
228.000 4.205093
229.000 5.707634
230.000 5.707634
231.000 6.782295
232.000 5.143105
233.000 5.143105
234.000 3.124115
235.000 3.124115
236.000 6.338825
237.000 7.422874
238.000 3.578880
239.000 4.253032
240.000 5.486870
241.000 5.882918
242.000 7.768379
243.000 6.612265
244.000 5.540939
245.000 5.786620
246.000 6.656967
247.000 6.499202
248.000 6.099182
249.000 3.721184
250.000 3.721184
251.000 4.088652
252.000 5.316238
253.000 5.413150
254.000 5.707657
255.000 5.642810
256.000 5.430069
257.000 5.481511
258.000 5.747261
259.000 6.168915
260.000 6.245369
261.000 6.251992
262.000 6.278687
263.000 3.532616
264.000 3.532616
265.000 4.063307
266.000 6.472847
267.000 6.261010
268.000 4.346161
269.000 4.344412
270.000 4.304611
271.000 4.304611
272.000 4.304611
273.000 5.191673
274.000 5.191673
275.000 5.191673
276.000 4.963181
277.000 4.963181
278.000 6.786400
279.000 6.786400
280.000 7.255249
281.000 7.255249
282.000 6.382538
283.000 6.382538
284.000 5.033508
285.000 5.033508
286.000 5.033508
287.000 4.614685
288.000 4.614685
289.000 4.765182
290.000 4.765182
291.000 5.241493
292.000 5.241493
293.000 4.586449
294.000 5.621078
295.000 5.621078
296.000 6.305992
297.000 4.826721
298.000 4.826721
299.000 4.826721
300.000 5.126920
301.000 6.022007
302.000 6.220367
303.000 4.633011
304.000 7.034630
305.000 6.931044
306.000 6.165466
307.000 6.251633
308.000 6.367241
309.000 6.606033
310.000 7.085236
311.000 6.918439
312.000 6.497009
313.000 6.377249
314.000 6.215424
315.000 5.404076
316.000 5.404076
317.000 5.165039
318.000 5.165039
319.000 5.558762
320.000 6.116348
321.000 6.066406
322.000 6.025894
323.000 5.423790
324.000 5.423790
325.000 6.006813
326.000 6.006813
327.000 6.612366
328.000 6.612366
329.000 6.612366
330.000 4.013535
331.000 4.013535
332.000 4.013535
333.000 7.038795
334.000 7.038795
335.000 6.394707
336.000 6.394707
337.000 6.360558
338.000 6.360558
339.000 7.672470
340.000 7.672470
341.000 4.679558
342.000 4.679558
343.000 4.539627
344.000 4.539627
345.000 3.330238
346.000 3.330238
347.000 3.293442
348.000 3.293442
349.000 3.120399
350.000 3.120399
351.000 3.120399
352.000 3.348110
353.000 3.471237
354.000 3.995529
355.000 3.995529
356.000 4.750732
357.000 5.917053
358.000 5.917053
359.000 5.278267
