0.000 0.565147
1.000 3.607346
2.000 4.013962
3.000 4.045059
4.000 3.825462
5.000 3.825462
6.000 3.825462
7.000 3.825462
8.000 3.825462
9.000 3.825462
10.000 3.970964
11.000 4.000909
12.000 4.030853
13.000 4.060797
14.000 4.073555
15.000 4.073555
16.000 3.921539
17.000 3.921539
18.000 3.909340
19.000 3.909340
20.000 3.909340
21.000 4.118426
22.000 4.136910
23.000 4.149689
24.000 3.946800
25.000 3.935196
26.000 3.935196
27.000 3.674914
28.000 3.646126
29.000 3.646126
30.000 3.886978
31.000 3.886978
32.000 3.886978
33.000 4.090587
34.000 4.103852
35.000 4.108887
36.000 3.858765
37.000 3.858765
38.000 4.001862
39.000 3.926997
40.000 3.723009
41.000 4.218976
42.000 4.216089
43.000 4.102089
44.000 4.055971
45.000 3.812265
46.000 3.646331
47.000 3.780495
48.000 3.780495
49.000 3.811386
50.000 3.811386
51.000 4.059875
52.000 4.059875
53.000 4.014023
54.000 4.014023
55.000 4.109283
56.000 4.109283
57.000 3.712669
58.000 3.712669
59.000 3.739609
60.000 3.739609
61.000 4.092247
62.000 4.092247
63.000 4.146095
64.000 4.146095
65.000 3.960747
66.000 3.960747
67.000 3.575455
68.000 3.575455
69.000 3.738968
70.000 3.738968
71.000 3.796776
72.000 3.796776
73.000 3.868574
74.000 4.059915
75.000 4.093513
76.000 3.955458
77.000 3.828056
78.000 3.901920
79.000 4.037399
80.000 3.956873
81.000 3.531335
82.000 3.453148
83.000 3.848804
84.000 3.925102
85.000 4.040177
86.000 4.119881
87.000 2.685867
88.000 2.685867
89.000 3.880524
90.000 3.880524
91.000 4.184744
92.000 4.279373
93.000 4.235384
94.000 4.026848
95.000 4.026848
96.000 4.029367
97.000 4.030533
98.000 3.724777
99.000 3.626953
100.000 3.760280
101.000 3.905678
102.000 4.058758
103.000 4.065079
104.000 3.778018
105.000 3.767090
106.000 3.989006
107.000 3.989006
108.000 4.220284
109.000 4.220284
110.000 4.030029
111.000 3.946465
112.000 4.051918
113.000 4.063904
114.000 3.590477
115.000 3.590477
116.000 3.757515
117.000 3.757515
118.000 3.923963
119.000 4.129974
120.000 3.932433
121.000 3.683388
122.000 3.944827
123.000 4.095367
124.000 4.204979
125.000 4.204979
126.000 4.078004
127.000 3.969643
128.000 4.000043
129.000 4.061554
130.000 3.963694
131.000 3.849457
132.000 3.704292
133.000 3.704292
134.000 3.684824
135.000 3.670967
136.000 3.670967
137.000 3.633385
138.000 3.633385
139.000 3.852000
140.000 4.076166
141.000 4.077621
142.000 3.832710
143.000 3.832710
144.000 3.820617
145.000 3.792575
146.000 3.826155
147.000 4.059717
148.000 3.185211
149.000 1.793182
150.000 1.793182
151.000 1.793182
152.000 4.013859
153.000 3.974602
154.000 3.979602
155.000 4.007817
156.000 4.036031
157.000 4.046745
158.000 3.841260
159.000 3.745369
160.000 2.993637
161.000 2.993637
162.000 3.478328
163.000 3.880676
164.000 3.788131
165.000 3.730331
166.000 3.643737
167.000 3.570877
168.000 3.753581
169.000 3.923271
170.000 4.025794
171.000 4.126091
172.000 3.895157
173.000 4.110931
174.000 3.712164
175.000 3.399544
176.000 4.024750
177.000 4.066010
178.000 4.236305
179.000 4.236305
180.000 3.885440
181.000 4.305206
182.000 4.305206
183.000 4.305206
184.000 3.415174
185.000 3.644929
186.000 3.835609
187.000 3.835609
188.000 4.167473
189.000 4.167473
190.000 3.999016
191.000 3.918396
192.000 3.587379
193.000 3.587379
194.000 4.146485
195.000 4.074599
196.000 3.594055
197.000 3.594055
198.000 3.887512
199.000 3.887512
200.000 3.892328
201.000 3.896690
202.000 3.915691
203.000 4.092876
204.000 4.215759
205.000 4.133422
206.000 4.077370
207.000 3.995399
208.000 3.995399
209.000 3.995399
210.000 3.995399
211.000 3.658848
212.000 3.725973
213.000 3.731987
214.000 3.731987
215.000 3.731987
216.000 3.731987
217.000 3.731987
218.000 3.270424
219.000 3.270424
220.000 3.270424
221.000 3.270424
222.000 3.270424
223.000 3.745193
224.000 3.745193
225.000 3.745193
226.000 3.888466
227.000 3.888466
228.000 3.888466
229.000 3.882018
230.000 3.817040
231.000 3.780052
232.000 3.780052
233.000 3.733521
234.000 3.581985
235.000 3.581985
236.000 3.581985
237.000 3.955991
238.000 4.103409
239.000 4.103409
240.000 4.103409
241.000 3.946938
242.000 3.946938
243.000 3.946938
244.000 3.948002
245.000 3.949249
246.000 3.949249
247.000 3.949249
248.000 4.137405
249.000 4.137405
250.000 4.079979
251.000 3.973145
252.000 4.101562
253.000 3.994003
254.000 4.077553
255.000 3.869232
256.000 3.869232
257.000 3.998474
258.000 3.857132
259.000 3.954207
260.000 4.052254
261.000 4.052741
262.000 4.054573
263.000 3.993856
264.000 3.717110
265.000 3.779537
266.000 3.990135
267.000 3.886913
268.000 3.389076
269.000 3.389076
270.000 4.123230
271.000 4.123230
272.000 4.123230
273.000 4.123230
274.000 3.653595
275.000 3.624634
276.000 3.624634
277.000 3.812752
278.000 3.812752
279.000 3.899757
280.000 3.899757
281.000 3.878290
282.000 3.832048
283.000 3.785806
284.000 3.774620
285.000 4.063850
286.000 3.812758
287.000 3.391273
288.000 4.059654
289.000 4.059654
290.000 4.030706
291.000 3.962308
292.000 3.905128
293.000 4.013954
294.000 4.013954
295.000 3.838158
296.000 3.838158
297.000 3.789635
298.000 3.737457
299.000 3.814303
300.000 3.958817
301.000 3.994078
302.000 4.017502
303.000 3.782967
304.000 3.782967
305.000 4.044460
306.000 4.109482
307.000 3.673680
308.000 3.408112
309.000 3.510483
310.000 3.594017
311.000 3.921820
312.000 4.168480
313.000 3.988514
314.000 3.903511
315.000 3.884789
316.000 3.875946
317.000 4.086573
318.000 4.246307
319.000 3.940697
320.000 3.940697
321.000 4.001309
322.000 4.117767
323.000 4.117767
324.000 3.794571
325.000 3.794571
326.000 4.143246
327.000 4.149704
328.000 3.896965
329.000 3.896965
330.000 3.896965
331.000 4.055836
332.000 4.111977
333.000 4.111977
334.000 4.210846
335.000 4.210846
336.000 3.945941
337.000 3.883316
338.000 3.883316
339.000 3.926651
340.000 3.926651
341.000 4.005905
342.000 4.005905
343.000 3.813087
344.000 3.813087
345.000 3.518288
346.000 3.518288
347.000 3.518288
348.000 3.751768
349.000 4.119232
350.000 4.119232
351.000 3.818718
352.000 3.818718
353.000 4.093361
354.000 4.093361
355.000 4.093361
356.000 3.892212
357.000 3.892212
358.000 3.892212
359.000 3.926823
