0.000 0.311172
1.000 0.311172
2.000 0.311172
3.000 6.155144
4.000 6.033699
5.000 6.204880
6.000 6.288490
7.000 6.493492
8.000 5.972672
9.000 6.375061
10.000 6.412514
11.000 7.322817
12.000 6.799324
13.000 7.424759
14.000 6.870232
15.000 6.094121
16.000 5.382332
17.000 6.033669
18.000 6.033669
19.000 5.198624
20.000 5.198624
21.000 3.755226
22.000 3.682823
23.000 3.068369
24.000 2.917198
25.000 2.478668
26.000 2.478668
27.000 3.401087
28.000 4.312927
29.000 3.654762
30.000 3.654762
31.000 4.669812
32.000 5.008095
33.000 4.287005
34.000 3.931023
35.000 4.124680
36.000 4.124680
37.000 4.819733
38.000 4.819733
39.000 3.999931
40.000 3.999931
41.000 4.019188
42.000 4.020355
43.000 4.596169
44.000 4.596169
45.000 5.777939
46.000 5.777939
47.000 6.753258
48.000 6.753258
49.000 6.471452
50.000 6.264702
51.000 6.414443
52.000 6.524574
53.000 6.895013
54.000 7.210648
55.000 7.212419
56.000 7.213737
57.000 6.686113
58.000 6.035852
59.000 6.770109
60.000 7.061890
61.000 7.024673
62.000 7.024673
63.000 5.983864
64.000 5.983864
65.000 6.144707
66.000 6.144707
67.000 5.366035
68.000 5.366035
69.000 6.335464
70.000 6.335464
71.000 7.278191
72.000 7.278191
73.000 7.837334
74.000 7.837334
75.000 6.126892
76.000 6.126892
77.000 5.674784
78.000 5.402412
79.000 6.308983
80.000 6.308983
81.000 6.084343
82.000 6.084343
83.000 7.246567
84.000 7.246567
85.000 6.334419
86.000 5.633858
87.000 4.907585
88.000 4.907585
89.000 5.892798
90.000 6.337166
91.000 6.322260
92.000 6.306038
93.000 6.702782
94.000 7.125893
95.000 5.817254
96.000 4.323906
97.000 5.815833
98.000 7.193306
99.000 6.909337
100.000 6.561510
101.000 6.998989
102.000 7.565532
103.000 7.388008
104.000 7.220215
105.000 6.663490
106.000 6.413086
107.000 6.613694
108.000 6.781799
109.000 6.870648
110.000 6.938271
111.000 7.262406
112.000 7.509827
113.000 7.296315
114.000 7.032851
115.000 6.787131
116.000 6.461304
117.000 6.364268
118.000 6.245266
119.000 6.226997
120.000 6.226997
121.000 6.311207
122.000 6.337601
123.000 6.344522
124.000 6.353042
125.000 6.572524
126.000 6.949409
127.000 6.988960
128.000 6.988960
129.000 7.083672
130.000 7.198279
131.000 7.415185
132.000 7.684296
133.000 6.871024
134.000 5.955200
135.000 6.008062
136.000 6.099613
137.000 6.407543
138.000 6.714745
139.000 6.695173
140.000 6.667488
141.000 6.363514
142.000 6.043037
143.000 4.546043
144.000 4.546043
145.000 5.623749
146.000 5.771507
147.000 6.434468
148.000 6.821243
149.000 6.412053
150.000 6.184845
151.000 5.594323
152.000 5.484276
153.000 5.978564
154.000 6.234993
155.000 6.440971
156.000 6.440971
157.000 5.681938
158.000 5.681938
159.000 4.836510
160.000 4.836510
161.000 3.200630
162.000 3.200630
163.000 4.799355
164.000 4.799355
165.000 6.182106
166.000 6.182106
167.000 3.780655
168.000 3.780655
169.000 3.780655
170.000 6.730209
171.000 6.730209
172.000 6.498307
173.000 6.136482
174.000 6.136482
175.000 6.069344
176.000 6.069344
177.000 5.893852
178.000 5.893852
179.000 5.253624
180.000 5.253624
181.000 6.196907
182.000 6.196907
183.000 6.343192
184.000 6.539848
185.000 6.539848
186.000 6.724079
187.000 6.760315
188.000 5.809128
189.000 6.662804
190.000 6.662804
191.000 6.114182
192.000 6.114182
193.000 6.649239
194.000 6.649239
195.000 6.649239
196.000 6.460270
197.000 6.280426
198.000 6.280426
199.000 6.280426
200.000 6.028840
201.000 5.632889
202.000 5.632889
203.000 5.772560
204.000 5.772560
205.000 5.295456
206.000 5.295456
207.000 5.145279
208.000 5.145279
209.000 4.998970
210.000 5.101802
211.000 5.486816
212.000 6.011024
213.000 6.011024
214.000 5.391144
215.000 4.793549
216.000 4.793549
217.000 5.825607
218.000 5.825607
219.000 6.418037
220.000 6.418037
221.000 6.418037
222.000 6.385284
223.000 6.385284
224.000 6.385284
225.000 5.902176
226.000 5.902176
227.000 5.902176
228.000 6.609276
229.000 6.609276
230.000 6.609276
231.000 7.526275
232.000 7.557945
233.000 7.557945
234.000 4.963623
235.000 4.963623
236.000 4.963623
237.000 6.625710
238.000 6.625710
239.000 3.772842
240.000 3.772842
241.000 5.713081
242.000 5.713081
243.000 5.464813
244.000 5.464813
245.000 5.464813
246.000 5.670547
247.000 5.670547
248.000 6.041350
249.000 6.070633
250.000 3.394363
251.000 3.394363
252.000 3.394363
253.000 2.823990
254.000 2.823990
255.000 2.823990
256.000 2.768799
257.000 2.768799
258.000 2.768799
259.000 3.367386
260.000 3.367386
261.000 2.570587
262.000 2.570587
263.000 3.548187
264.000 3.548187
265.000 3.570598
266.000 3.790642
267.000 3.790642
268.000 3.879471
269.000 3.879471
270.000 3.826370
271.000 3.937958
272.000 3.310532
273.000 3.749161
274.000 3.062515
275.000 3.062515
276.000 3.062515
277.000 4.347046
278.000 4.347046
279.000 6.820206
280.000 3.968582
281.000 3.968582
282.000 3.354546
283.000 3.354546
284.000 4.017517
285.000 4.017517
286.000 4.623169
287.000 4.623169
288.000 2.867561
289.000 2.867561
290.000 2.947983
291.000 2.947983
292.000 3.678490
293.000 3.678490
294.000 4.014745
295.000 4.604246
296.000 4.675941
297.000 4.358284
298.000 2.968048
299.000 2.968048
300.000 2.968048
301.000 2.968048
302.000 6.540054
303.000 6.540054
304.000 4.192894
305.000 4.192894
306.000 3.571449
307.000 3.571449
308.000 3.103310
309.000 3.103310
310.000 3.735961
311.000 4.115753
312.000 4.115753
313.000 3.286026
314.000 3.286026
315.000 3.199814
316.000 3.199814
317.000 3.199814
318.000 3.892044
319.000 3.892044
320.000 2.976372
321.000 2.976372
322.000 2.907291
323.000 2.885841
324.000 3.687204
325.000 4.532181
326.000 6.145882
327.000 5.340424
328.000 5.799652
329.000 5.799652
330.000 5.944122
331.000 6.473642
332.000 6.615005
333.000 6.230347
334.000 5.339554
335.000 5.339554
336.000 5.412193
337.000 5.537842
338.000 5.537842
339.000 5.991570
340.000 5.991570
341.000 6.075565
342.000 6.106789
343.000 5.925723
344.000 5.822479
345.000 5.915985
346.000 6.760445
347.000 6.760445
348.000 6.673149
349.000 6.673149
350.000 6.673149
351.000 5.977547
352.000 5.977547
353.000 5.977547
354.000 5.761963
355.000 5.761963
356.000 5.761963
357.000 5.838005
358.000 5.838005
359.000 6.864106
