0.000 0.588921
1.000 0.588921
2.000 6.134079
3.000 6.691628
4.000 6.691628
5.000 8.307520
6.000 5.131586
7.000 4.479332
8.000 4.479332
9.000 4.479332
10.000 7.504732
11.000 6.727464
12.000 5.950197
13.000 5.172929
14.000 5.939796
15.000 3.148117
16.000 3.148117
17.000 3.148117
18.000 3.148117
19.000 4.149483
20.000 4.149483
21.000 5.885749
22.000 7.684868
23.000 7.051107
24.000 6.413315
25.000 4.655975
26.000 4.655975
27.000 4.655975
28.000 4.655975
29.000 5.066666
30.000 5.066666
31.000 6.281806
32.000 8.512360
33.000 8.512605
34.000 8.512688
35.000 5.371368
36.000 4.992325
37.000 4.619484
38.000 4.619484
39.000 4.839096
40.000 4.839096
41.000 5.785693
42.000 6.451546
43.000 7.320740
44.000 7.320740
45.000 4.593300
46.000 4.014832
47.000 4.014832
48.000 4.014832
49.000 4.014832
50.000 4.014832
51.000 5.063657
52.000 4.204556
53.000 3.345454
54.000 2.730659
55.000 3.912971
56.000 6.703407
57.000 4.171623
58.000 4.171623
59.000 4.250942
60.000 5.432854
61.000 5.432854
62.000 5.432854
63.000 3.433121
64.000 3.433121
65.000 3.433121
66.000 7.510178
67.000 7.510178
68.000 5.115440
69.000 5.115440
70.000 5.238274
71.000 5.238274
72.000 1.647720
73.000 1.647720
74.000 1.647720
75.000 1.647720
76.000 1.647720
77.000 1.647720
78.000 5.571495
79.000 4.861046
80.000 4.861046
81.000 5.614922
82.000 5.614922
83.000 6.371071
84.000 5.203117
85.000 5.203117
86.000 4.351936
87.000 4.351936
88.000 5.267471
89.000 6.295685
90.000 6.295685
91.000 3.821907
92.000 3.821907
93.000 5.293549
94.000 5.293549
95.000 5.651482
96.000 5.651482
97.000 6.098211
98.000 7.556283
99.000 7.716286
100.000 4.901268
101.000 4.901268
102.000 5.380173
103.000 5.440010
104.000 5.440010
105.000 5.525673
106.000 5.525673
107.000 7.428678
108.000 7.945465
109.000 6.693273
110.000 5.544502
111.000 4.244172
112.000 4.017128
113.000 3.187935
114.000 3.187935
115.000 3.563207
116.000 3.918777
117.000 4.907639
118.000 5.141678
119.000 6.526535
120.000 6.526535
121.000 6.334620
122.000 6.130539
123.000 5.883243
124.000 5.225952
125.000 5.496315
126.000 5.496315
127.000 4.704582
128.000 4.704582
129.000 4.614733
130.000 4.518367
131.000 5.268155
132.000 5.413918
133.000 5.547028
134.000 5.547028
135.000 8.686958
136.000 8.686958
137.000 6.923599
138.000 6.923599
139.000 8.006605
140.000 8.094261
141.000 7.552807
142.000 7.379868
143.000 6.001678
144.000 6.001678
145.000 4.928291
146.000 4.928291
147.000 5.748466
148.000 5.748466
149.000 6.254281
150.000 8.076920
151.000 8.004828
152.000 7.950134
153.000 7.692354
154.000 7.552490
155.000 7.058635
156.000 6.779121
157.000 6.763380
158.000 6.762383
159.000 5.762161
160.000 5.762161
161.000 6.801498
162.000 6.801498
163.000 7.733009
164.000 7.733009
165.000 4.476372
166.000 4.476372
167.000 4.805550
168.000 4.805550
169.000 7.597059
170.000 8.589783
171.000 6.828766
172.000 5.891960
173.000 5.583267
174.000 5.583267
175.000 5.180680
176.000 4.595849
177.000 4.355896
178.000 4.355896
179.000 3.583626
180.000 3.583626
181.000 4.690224
182.000 4.690224
183.000 5.381738
184.000 5.528778
185.000 6.014656
186.000 6.014656
187.000 4.541313
188.000 4.541313
189.000 4.365982
190.000 4.365982
191.000 4.365982
192.000 4.193871
193.000 4.193871
194.000 5.567703
195.000 5.567703
196.000 7.415527
197.000 7.415527
198.000 4.610382
199.000 4.610382
200.000 4.610382
201.000 4.330225
202.000 3.889206
203.000 3.889206
204.000 3.889206
205.000 4.529182
206.000 4.529182
207.000 4.954781
208.000 4.954781
209.000 4.331001
210.000 4.331001
211.000 4.331001
212.000 4.331001
213.000 4.331001
214.000 6.355061
215.000 6.613588
216.000 6.872114
217.000 7.130641
218.000 5.452171
219.000 5.857147
220.000 4.831863
221.000 5.094452
222.000 5.094452
223.000 4.731384
224.000 5.454559
225.000 2.503967
226.000 2.503967
227.000 2.503967
228.000 2.503967
229.000 2.503967
230.000 2.503967
231.000 2.503967
232.000 6.207572
233.000 5.803747
234.000 5.399923
235.000 5.155777
236.000 5.194580
237.000 2.873558
238.000 4.458992
239.000 4.408976
240.000 4.342285
241.000 4.418945
242.000 4.418945
243.000 6.697289
244.000 6.697289
245.000 6.697289
246.000 6.697289
247.000 7.251803
248.000 7.335503
249.000 7.335503
250.000 7.325040
251.000 7.251839
252.000 7.251839
253.000 7.958992
254.000 7.958992
255.000 6.633387
256.000 4.757805
257.000 4.757805
258.000 4.757805
259.000 4.757805
260.000 5.370862
261.000 5.576225
262.000 5.576225
263.000 4.815056
264.000 4.815056
265.000 4.815056
266.000 4.815056
267.000 8.296257
268.000 8.296257
269.000 8.296257
270.000 8.164028
271.000 7.814568
272.000 7.586517
273.000 7.586517
274.000 7.586517
275.000 7.586517
276.000 5.861504
277.000 5.861504
278.000 5.861504
279.000 5.814280
280.000 5.745575
281.000 5.745575
282.000 5.745575
283.000 5.957787
284.000 5.957787
285.000 5.864944
286.000 5.864944
287.000 1.703064
288.000 1.703064
289.000 1.703064
290.000 1.703064
291.000 3.953384
292.000 3.953384
293.000 6.852852
294.000 3.096413
295.000 3.096413
296.000 3.096413
297.000 3.096413
298.000 3.096413
299.000 6.752319
300.000 6.752319
301.000 6.752319
302.000 7.598404
303.000 7.598404
304.000 4.314667
305.000 4.314667
306.000 5.486206
307.000 5.486206
308.000 5.486206
309.000 8.479038
310.000 8.571373
311.000 8.127281
312.000 8.127281
313.000 8.127281
314.000 5.770645
315.000 5.770645
316.000 7.162270
317.000 4.764130
318.000 4.764130
319.000 4.764130
320.000 6.045387
321.000 6.045387
322.000 6.031491
323.000 5.933998
324.000 5.933998
325.000 5.933998
326.000 5.905075
327.000 5.905075
328.000 6.757498
329.000 7.738098
330.000 7.738098
331.000 7.738098
332.000 7.577316
333.000 7.577316
334.000 7.597900
335.000 7.630943
336.000 7.630943
337.000 4.781423
338.000 4.725540
339.000 8.181633
340.000 8.181633
341.000 7.712985
342.000 7.616081
343.000 7.616081
344.000 7.616081
345.000 3.329183
346.000 3.247543
347.000 3.247543
348.000 3.247543
349.000 6.315704
350.000 4.288727
351.000 4.288727
352.000 4.288727
353.000 4.288727
354.000 5.551956
355.000 7.985184
356.000 7.442339
357.000 7.220207
358.000 7.220207
359.000 3.945480
