0.000 0.720978
1.000 0.720978
2.000 0.720978
3.000 0.720978
4.000 0.720978
5.000 0.720978
6.000 0.720978
7.000 2.002692
8.000 1.925865
9.000 2.074968
10.000 2.504013
11.000 1.431198
12.000 1.431198
13.000 2.518044
14.000 2.518044
15.000 2.509999
16.000 2.489372
17.000 2.489372
18.000 2.516769
19.000 2.511902
20.000 2.510544
21.000 2.524109
22.000 2.413147
23.000 2.413147
24.000 2.455283
25.000 2.479767
26.000 2.472444
27.000 2.445572
28.000 2.469982
29.000 2.491447
30.000 2.451469
31.000 2.451469
32.000 2.472198
33.000 2.472198
34.000 2.472198
35.000 2.475404
36.000 2.475906
37.000 2.475906
38.000 2.475906
39.000 2.480184
40.000 2.495430
41.000 2.510676
42.000 2.525922
43.000 2.432571
44.000 2.508492
45.000 2.502410
46.000 2.488503
47.000 2.470225
48.000 2.261665
49.000 2.276637
50.000 2.495140
51.000 2.495140
52.000 2.471260
53.000 2.427568
54.000 2.415421
55.000 2.415712
56.000 2.421365
57.000 2.427019
58.000 2.430359
59.000 2.427622
60.000 2.402023
61.000 2.419449
62.000 2.530701
63.000 2.512504
64.000 2.473145
65.000 2.459834
66.000 2.410744
67.000 2.412683
68.000 2.449593
69.000 2.461075
70.000 2.442805
71.000 2.386002
72.000 2.386002
73.000 2.440720
74.000 2.440720
75.000 2.433619
76.000 2.420768
77.000 2.417191
78.000 2.271744
79.000 2.271744
80.000 2.268014
81.000 2.239639
82.000 2.239639
83.000 2.326414
84.000 2.490280
85.000 2.495255
86.000 2.513695
87.000 2.513695
88.000 2.492575
89.000 2.473267
90.000 2.473267
91.000 2.452667
92.000 2.452667
93.000 2.523022
94.000 2.544228
95.000 2.544228
96.000 2.495888
97.000 2.488152
98.000 2.497387
99.000 2.511528
100.000 2.511853
101.000 2.512953
102.000 2.513649
103.000 2.513649
104.000 2.510063
105.000 2.510063
106.000 2.429620
107.000 2.391884
108.000 2.396927
109.000 2.485451
110.000 2.485451
111.000 2.504999
112.000 2.515266
113.000 2.494187
114.000 2.422866
115.000 2.391769
116.000 2.391769
117.000 2.325066
118.000 2.325066
119.000 2.368125
120.000 2.409889
121.000 2.409889
122.000 2.244877
123.000 2.193764
124.000 2.500420
125.000 2.500420
126.000 2.500586
127.000 2.501007
128.000 2.501007
129.000 2.535240
130.000 2.535240
131.000 2.508965
132.000 2.469543
133.000 2.469543
134.000 2.441055
135.000 2.441055
136.000 2.492964
137.000 2.516891
138.000 2.513055
139.000 2.428827
140.000 2.403481
141.000 2.404523
142.000 2.412567
143.000 2.401180
144.000 2.180284
145.000 2.115997
146.000 2.115997
147.000 2.115997
148.000 2.299996
149.000 2.255329
150.000 2.210662
151.000 2.208900
152.000 2.460350
153.000 2.460350
154.000 2.482048
155.000 2.482048
156.000 2.449242
157.000 2.402542
158.000 2.402542
159.000 2.516350
160.000 2.516350
161.000 2.490599
162.000 2.443910
163.000 2.442932
164.000 2.459412
165.000 2.489044
166.000 2.489044
167.000 2.398315
168.000 2.398315
169.000 2.416690
170.000 2.435730
171.000 2.435730
172.000 2.349326
173.000 2.313499
174.000 2.360945
175.000 2.361862
176.000 2.361862
177.000 2.378204
178.000 2.378204
179.000 2.429743
180.000 2.488472
181.000 2.488472
182.000 2.487093
183.000 2.484585
184.000 2.483345
185.000 2.501163
186.000 2.517036
187.000 2.455800
188.000 2.454773
189.000 2.319725
190.000 2.319725
191.000 2.389632
192.000 2.593796
193.000 2.593796
194.000 2.526176
195.000 2.494591
196.000 2.478934
197.000 2.230614
198.000 2.237492
199.000 2.395424
200.000 2.473572
201.000 2.473572
202.000 2.325783
203.000 2.325783
204.000 2.407311
205.000 2.425064
206.000 2.503335
207.000 2.517334
208.000 2.574966
209.000 2.574966
210.000 2.129265
211.000 2.129265
212.000 2.129265
213.000 2.414525
214.000 2.487343
215.000 2.487343
216.000 2.257782
217.000 2.257782
218.000 2.317401
219.000 2.373642
220.000 2.491960
221.000 2.514206
222.000 2.506033
223.000 2.483490
224.000 2.483490
225.000 2.467578
226.000 2.451843
227.000 2.444694
228.000 2.354240
229.000 2.357065
230.000 2.425048
231.000 2.472290
232.000 2.470336
233.000 2.437897
234.000 2.438941
235.000 2.460012
236.000 2.474724
237.000 2.474812
238.000 2.476204
239.000 2.476851
240.000 2.490752
241.000 2.494553
242.000 2.379596
243.000 2.208633
244.000 2.208633
245.000 2.385985
246.000 2.429306
247.000 2.391223
248.000 2.372475
249.000 2.407768
250.000 2.513939
251.000 2.505754
252.000 2.462571
253.000 2.453621
254.000 2.463759
255.000 2.493446
256.000 2.493446
257.000 2.394920
258.000 2.394920
259.000 2.441577
260.000 2.473267
261.000 2.395096
262.000 2.395096
263.000 2.255211
264.000 2.255211
265.000 2.255211
266.000 2.336686
267.000 2.470734
268.000 2.470734
269.000 2.527748
270.000 2.527748
271.000 2.477699
272.000 2.414550
273.000 2.403786
274.000 2.526344
275.000 2.526344
276.000 2.491539
277.000 2.491539
278.000 2.492488
279.000 2.493279
280.000 2.491042
281.000 2.477432
282.000 2.477432
283.000 2.375230
284.000 2.283432
285.000 2.283432
286.000 2.308161
287.000 2.366661
288.000 2.365982
289.000 2.360532
290.000 2.355082
291.000 2.505785
292.000 2.569710
293.000 2.530924
294.000 2.474380
295.000 2.474380
296.000 2.449955
297.000 2.447273
298.000 2.447273
299.000 2.497696
300.000 2.497696
301.000 2.453247
302.000 2.453247
303.000 2.453247
304.000 2.499336
305.000 2.499336
306.000 2.333879
307.000 2.181305
308.000 2.181305
309.000 2.485374
310.000 2.485374
311.000 2.443169
312.000 2.443169
313.000 2.486268
314.000 2.504982
315.000 2.507702
316.000 2.511353
317.000 2.511353
318.000 2.402583
319.000 2.390236
320.000 2.390236
321.000 2.265562
322.000 2.202713
323.000 2.162493
324.000 2.147552
325.000 2.147552
326.000 2.401115
327.000 2.401115
328.000 2.440689
329.000 2.467606
330.000 2.467606
331.000 2.488492
332.000 2.512901
333.000 2.512901
334.000 2.402588
335.000 2.402588
336.000 2.197044
337.000 2.197044
338.000 2.197044
339.000 2.449265
340.000 2.449265
341.000 2.493347
342.000 2.493347
343.000 2.418027
344.000 2.396881
345.000 2.481864
346.000 2.491035
347.000 2.466773
348.000 2.381807
349.000 2.341270
350.000 2.360828
351.000 2.395866
352.000 2.395866
353.000 2.462074
354.000 2.462074
355.000 2.447217
356.000 2.405373
357.000 2.405373
358.000 2.445441
359.000 2.516754
