0.000 0.278732
1.000 0.278732
2.000 0.287050
3.000 0.297382
4.000 0.307715
5.000 0.308838
6.000 0.412539
7.000 0.448809
8.000 0.305542
9.000 0.305542
10.000 0.305542
11.000 0.305542
12.000 0.317680
13.000 0.317680
14.000 0.317680
15.000 0.317680
16.000 0.317680
17.000 0.317680
18.000 0.317680
19.000 0.548100
20.000 0.547652
21.000 0.547204
22.000 0.546756
23.000 0.546562
24.000 0.546562
25.000 0.517699
26.000 0.489380
27.000 0.489380
28.000 0.489380
29.000 0.489380
30.000 0.541455
31.000 0.541819
32.000 0.541954
33.000 0.535907
34.000 0.529320
35.000 0.529320
36.000 0.514633
37.000 0.514633
38.000 0.514633
39.000 0.434389
40.000 0.512398
41.000 0.500549
42.000 0.483644
43.000 0.466739
44.000 0.462944
45.000 0.616135
46.000 0.530045
47.000 0.530045
48.000 0.530045
49.000 0.487083
50.000 0.487083
51.000 0.530029
52.000 0.520490
53.000 0.499972
54.000 0.479454
55.000 0.479271
56.000 0.406792
57.000 0.815781
58.000 0.815781
59.000 0.488350
60.000 0.492917
61.000 0.527266
62.000 0.561616
63.000 0.494226
64.000 0.428299
65.000 0.428299
66.000 0.523415
67.000 0.523415
68.000 0.633795
69.000 1.115509
70.000 0.926565
71.000 0.529114
72.000 0.558647
73.000 0.558647
74.000 0.589165
75.000 0.589165
76.000 0.436295
77.000 0.503234
78.000 0.546761
79.000 0.479957
80.000 0.453354
81.000 0.453354
82.000 0.564133
83.000 0.535831
84.000 0.498169
85.000 0.498169
86.000 0.506989
87.000 0.528816
88.000 0.528816
89.000 0.440979
90.000 0.432121
91.000 0.432121
92.000 0.456413
93.000 0.456413
94.000 0.456413
95.000 0.456413
96.000 0.456413
97.000 0.325989
98.000 0.325989
99.000 0.325989
100.000 0.325989
101.000 0.325989
102.000 0.325989
103.000 0.539474
104.000 0.546241
105.000 0.550888
106.000 0.550888
107.000 0.581650
108.000 0.581650
109.000 0.572273
110.000 0.572273
111.000 0.572380
112.000 0.540054
113.000 0.540054
114.000 0.540054
115.000 0.533333
116.000 0.530746
117.000 0.544266
118.000 0.535322
119.000 0.491467
120.000 0.484619
121.000 0.475349
122.000 0.406647
123.000 0.406647
124.000 0.406647
125.000 0.406647
126.000 0.406647
127.000 0.406647
128.000 0.208143
129.000 0.170776
130.000 0.170776
131.000 0.170776
132.000 0.441479
133.000 0.544304
134.000 0.485817
135.000 0.529869
136.000 0.532431
137.000 0.567551
138.000 0.601440
139.000 0.601440
140.000 0.450653
141.000 0.488167
142.000 0.530884
143.000 0.530884
144.000 0.530884
145.000 0.515313
146.000 0.536159
147.000 0.543251
148.000 0.543251
149.000 0.691780
150.000 0.691780
151.000 0.691780
152.000 0.691780
153.000 0.691780
154.000 0.588846
155.000 0.604341
156.000 0.619837
157.000 0.635333
158.000 0.650828
159.000 0.660500
160.000 0.504082
161.000 0.489174
162.000 0.489174
163.000 0.726242
164.000 0.726242
165.000 0.452316
166.000 0.490143
167.000 0.490143
168.000 0.542758
169.000 0.628458
170.000 1.122452
171.000 0.538834
172.000 0.538834
173.000 0.559868
174.000 0.559754
175.000 0.550087
176.000 0.550087
177.000 0.165665
178.000 0.165665
179.000 0.165665
180.000 0.165665
181.000 0.165665
182.000 0.527094
183.000 0.522476
184.000 0.487091
185.000 0.533623
186.000 0.533623
187.000 0.452888
188.000 0.529877
189.000 0.529877
190.000 0.529877
191.000 0.510185
192.000 0.510185
193.000 0.456490
194.000 0.456490
195.000 0.459015
196.000 0.509338
197.000 0.509338
198.000 0.535515
199.000 0.556831
200.000 0.476242
201.000 0.476242
202.000 0.476242
203.000 0.333229
204.000 0.333229
205.000 0.541740
206.000 0.541740
207.000 0.541709
208.000 0.540415
209.000 0.539120
210.000 0.537825
211.000 0.536766
212.000 0.529167
213.000 0.434364
214.000 0.480789
215.000 0.480789
216.000 0.606064
217.000 0.522697
218.000 0.522697
219.000 0.559875
220.000 0.559875
221.000 0.615562
222.000 0.545120
223.000 0.545120
224.000 0.545189
225.000 0.545189
226.000 0.545189
227.000 0.480553
228.000 0.480553
229.000 0.489670
230.000 0.489670
231.000 0.549482
232.000 0.701310
233.000 0.719177
234.000 0.554260
235.000 0.449188
236.000 0.449188
237.000 0.469583
238.000 0.528877
239.000 0.556694
240.000 0.529678
241.000 0.529678
242.000 0.529678
243.000 0.466793
244.000 0.461098
245.000 0.461098
246.000 0.540627
247.000 0.540627
248.000 0.540627
249.000 0.506367
250.000 0.467751
251.000 0.467751
252.000 0.317764
253.000 0.317764
254.000 0.534340
255.000 0.415062
256.000 0.415062
257.000 0.556656
258.000 0.602943
259.000 0.602943
260.000 0.428040
261.000 0.428040
262.000 0.498496
263.000 0.528099
264.000 0.528099
265.000 0.568794
266.000 0.568794
267.000 0.568794
268.000 0.568794
269.000 0.568794
270.000 0.568794
271.000 0.568794
272.000 0.568794
273.000 0.524135
274.000 0.513646
275.000 0.503157
276.000 0.492668
277.000 0.482179
278.000 0.471690
279.000 0.464012
280.000 0.464012
281.000 0.523193
282.000 0.660866
283.000 0.660866
284.000 0.660866
285.000 0.501980
286.000 0.535515
287.000 0.535515
288.000 0.535515
289.000 0.535515
290.000 0.538167
291.000 0.539200
292.000 0.539200
293.000 0.539213
294.000 0.540886
295.000 0.540886
296.000 0.392441
297.000 0.392441
298.000 0.551369
299.000 0.551369
300.000 0.518298
301.000 0.502365
302.000 0.511879
303.000 0.487526
304.000 0.487526
305.000 0.138453
306.000 0.108612
307.000 0.108612
308.000 0.481537
309.000 0.506393
310.000 0.506393
311.000 0.619914
312.000 0.851593
313.000 0.540962
314.000 0.540962
315.000 0.460260
316.000 0.432518
317.000 0.416946
318.000 0.416946
319.000 0.516762
320.000 0.516762
321.000 0.516762
322.000 0.519106
323.000 0.524052
324.000 0.528999
325.000 0.533945
326.000 0.538891
327.000 0.543625
328.000 0.543640
329.000 0.664898
330.000 0.736893
331.000 0.499657
332.000 0.499657
333.000 0.505074
334.000 0.505074
335.000 0.583474
336.000 0.607834
337.000 0.512955
338.000 0.512955
339.000 0.410896
340.000 0.410896
341.000 0.593978
342.000 0.636154
343.000 0.202812
344.000 0.202812
345.000 0.202812
346.000 0.202812
347.000 0.184700
348.000 0.184700
349.000 0.184700
350.000 0.534264
351.000 0.063568
352.000 0.063568
353.000 0.063568
354.000 0.063568
355.000 0.063568
356.000 0.250580
357.000 0.305517
358.000 0.314583
359.000 0.311314
