0.000 0.112289
1.000 0.112289
2.000 0.112289
3.000 0.112289
4.000 0.112289
5.000 1.150848
6.000 3.920403
7.000 4.347643
8.000 4.025467
9.000 3.496048
10.000 2.487123
11.000 1.698761
12.000 1.698761
13.000 1.698761
14.000 2.111374
15.000 2.111374
16.000 2.111374
17.000 2.111374
18.000 3.537179
19.000 3.469688
20.000 3.469688
21.000 3.469688
22.000 3.469688
23.000 3.469688
24.000 3.565709
25.000 3.776134
26.000 3.866127
27.000 3.866127
28.000 3.866127
29.000 3.866127
30.000 3.871725
31.000 3.891923
32.000 3.912120
33.000 3.932318
34.000 3.952515
35.000 6.761955
36.000 5.477513
37.000 5.310745
38.000 4.019844
39.000 5.733376
40.000 4.607170
41.000 4.607170
42.000 8.173698
43.000 8.173698
44.000 5.637733
45.000 5.637733
46.000 5.740066
47.000 6.171531
48.000 6.232574
49.000 8.919861
50.000 6.887856
51.000 9.639496
52.000 8.678266
53.000 7.202354
54.000 5.524574
55.000 5.466705
56.000 6.391464
57.000 6.391464
58.000 7.738072
59.000 8.832771
60.000 6.869194
61.000 6.869194
62.000 5.165901
63.000 5.165901
64.000 6.551041
65.000 6.551041
66.000 6.290191
67.000 5.462761
68.000 5.462761
69.000 5.462761
70.000 5.646390
71.000 5.711929
72.000 5.711929
73.000 7.324074
74.000 5.990909
75.000 5.374405
76.000 4.581155
77.000 3.154893
78.000 1.728631
79.000 0.576317
80.000 0.576317
81.000 0.576317
82.000 0.576317
83.000 0.576317
84.000 0.602983
85.000 0.726909
86.000 0.850836
87.000 0.974762
88.000 0.981964
89.000 0.981964
90.000 0.981964
91.000 3.162736
92.000 3.740186
93.000 3.509171
94.000 3.509171
95.000 4.209654
96.000 4.394287
97.000 3.174787
98.000 1.495728
99.000 1.495728
100.000 3.487930
101.000 3.487930
102.000 3.158702
103.000 2.631240
104.000 2.103777
105.000 1.971489
106.000 2.044476
107.000 4.467102
108.000 4.042496
109.000 2.598030
110.000 2.613503
111.000 2.613503
112.000 2.735771
113.000 2.735771
114.000 3.187683
115.000 3.187683
116.000 3.469158
117.000 3.592155
118.000 3.592155
119.000 3.592155
120.000 3.592155
121.000 3.592155
122.000 3.592155
123.000 5.368412
124.000 6.160855
125.000 6.218079
126.000 6.218079
127.000 3.316795
128.000 3.316795
129.000 3.316795
130.000 3.316795
131.000 6.216871
132.000 6.328453
133.000 6.629946
134.000 6.903908
135.000 6.868294
136.000 7.577388
137.000 8.035965
138.000 3.625275
139.000 3.625275
140.000 2.830032
141.000 2.830032
142.000 2.830032
143.000 2.834059
144.000 2.847656
145.000 2.861252
146.000 2.874848
147.000 2.888445
148.000 2.902041
149.000 2.902695
150.000 2.002492
151.000 1.371414
152.000 1.240242
153.000 1.240242
154.000 1.534828
155.000 1.534828
156.000 1.555279
157.000 1.613849
158.000 1.655609
159.000 2.434692
160.000 2.103096
161.000 2.103096
162.000 2.135660
163.000 2.370232
164.000 2.370232
165.000 3.299034
166.000 3.801108
167.000 4.502441
168.000 4.672127
169.000 4.836594
170.000 4.311545
171.000 4.652100
172.000 4.575205
173.000 4.407578
174.000 4.336527
175.000 3.286476
176.000 3.286476
177.000 5.284744
178.000 5.284744
179.000 4.794741
180.000 5.046496
181.000 5.298252
182.000 5.522224
183.000 5.522224
184.000 5.179480
185.000 4.885902
186.000 5.553787
187.000 4.615768
188.000 5.813111
189.000 5.743297
190.000 5.905128
191.000 6.074837
192.000 5.994169
193.000 4.440186
194.000 6.111923
195.000 4.640363
196.000 4.143158
197.000 6.018974
198.000 5.071135
199.000 4.825111
200.000 5.159981
201.000 5.159981
202.000 4.642613
203.000 4.578926
204.000 5.402596
205.000 5.879074
206.000 5.366648
207.000 4.564947
208.000 4.529854
209.000 4.529854
210.000 4.584076
211.000 4.584076
212.000 5.541519
213.000 5.541519
214.000 5.512334
215.000 5.395209
216.000 5.278083
217.000 5.204964
218.000 5.204964
219.000 6.086685
220.000 6.086685
221.000 4.863820
222.000 4.259570
223.000 4.179588
224.000 4.179588
225.000 3.468616
226.000 1.295555
227.000 1.295555
228.000 1.295555
229.000 1.295555
230.000 1.295664
231.000 1.916819
232.000 2.059128
233.000 2.059128
234.000 0.877922
235.000 0.877922
236.000 2.465858
237.000 1.891937
238.000 2.814285
239.000 3.180382
240.000 4.057877
241.000 4.057877
242.000 1.878395
243.000 1.878395
244.000 1.878395
245.000 1.816964
246.000 1.742447
247.000 1.742447
248.000 1.742447
249.000 1.720123
250.000 1.720123
251.000 1.720123
252.000 2.224678
253.000 2.464645
254.000 1.886002
255.000 2.164543
256.000 2.164543
257.000 2.631700
258.000 3.072075
259.000 3.072075
260.000 2.627441
261.000 2.433990
262.000 2.433990
263.000 1.828201
264.000 1.828201
265.000 2.644243
266.000 2.937439
267.000 2.542328
268.000 3.084358
269.000 1.369949
270.000 1.369949
271.000 1.369949
272.000 1.369949
273.000 1.369949
274.000 1.124054
275.000 1.124054
276.000 1.124054
277.000 1.124054
278.000 1.124054
279.000 2.052490
280.000 2.052490
281.000 2.052490
282.000 2.052490
283.000 2.052490
284.000 2.052490
285.000 2.017795
286.000 1.998410
287.000 1.979025
288.000 1.959640
289.000 1.940255
290.000 1.920870
291.000 1.901485
292.000 1.882100
293.000 1.862715
294.000 1.843330
295.000 1.823945
296.000 1.804560
297.000 1.787056
298.000 1.961861
299.000 1.896782
300.000 1.407387
301.000 1.407387
302.000 1.520813
303.000 1.520813
304.000 1.390816
305.000 1.390816
306.000 1.426548
307.000 1.652453
308.000 1.813713
309.000 1.813713
310.000 2.316628
311.000 2.316628
312.000 2.316628
313.000 1.151272
314.000 1.094566
315.000 1.094566
316.000 1.094566
317.000 1.094566
318.000 1.121541
319.000 1.173801
320.000 1.226060
321.000 1.261765
322.000 2.315956
323.000 2.198265
324.000 2.198265
325.000 2.198265
326.000 1.533938
327.000 1.403959
328.000 1.273980
329.000 1.144001
330.000 1.038696
331.000 1.585472
332.000 1.747093
333.000 0.955055
334.000 1.773911
335.000 1.773911
336.000 1.350052
337.000 1.350052
338.000 2.184349
339.000 2.376841
340.000 2.854240
341.000 3.222122
342.000 3.222122
343.000 3.529869
344.000 3.622035
345.000 4.776932
346.000 4.286821
347.000 4.830193
348.000 3.300980
349.000 4.776756
350.000 4.799149
351.000 4.827438
352.000 3.323563
353.000 3.323563
354.000 4.090363
355.000 2.356407
356.000 2.356407
357.000 2.602826
358.000 4.671997
359.000 5.150031
