0.000 0.264687
1.000 0.264687
2.000 0.266732
3.000 0.287078
4.000 0.299667
5.000 0.363434
6.000 0.363434
7.000 0.336285
8.000 0.333809
9.000 0.333809
10.000 0.333809
11.000 0.461494
12.000 0.461494
13.000 0.461494
14.000 0.582947
15.000 0.582947
16.000 0.582947
17.000 0.542450
18.000 0.445455
19.000 0.348460
20.000 0.343583
21.000 0.392802
22.000 0.439819
23.000 0.439819
24.000 0.439819
25.000 0.382065
26.000 0.382065
27.000 0.382065
28.000 0.382065
29.000 0.382065
30.000 0.382065
31.000 0.382065
32.000 0.382065
33.000 0.482605
34.000 0.482605
35.000 0.482605
36.000 0.482605
37.000 0.482605
38.000 0.482605
39.000 0.463527
40.000 0.378549
41.000 0.300552
42.000 0.300552
43.000 0.300552
44.000 0.300552
45.000 0.300552
46.000 0.307634
47.000 0.357330
48.000 0.357330
49.000 0.357330
50.000 0.429389
51.000 0.437157
52.000 0.427476
53.000 0.406723
54.000 0.443542
55.000 0.465538
56.000 0.279007
57.000 0.279007
58.000 0.279007
59.000 0.279007
60.000 0.279007
61.000 0.279007
62.000 0.279007
63.000 0.279007
64.000 0.279007
65.000 0.425331
66.000 0.403766
67.000 0.382200
68.000 0.360635
69.000 0.359947
70.000 0.359947
71.000 0.364583
72.000 0.397972
73.000 0.397972
74.000 0.397972
75.000 0.455437
76.000 0.455437
77.000 0.455437
78.000 0.455437
79.000 0.470260
80.000 0.494868
81.000 0.519477
82.000 0.544085
83.000 0.551727
84.000 0.350334
85.000 0.476372
86.000 0.476372
87.000 0.405205
88.000 0.476372
89.000 0.413612
90.000 0.413612
91.000 0.413612
92.000 0.413612
93.000 0.505453
94.000 0.548765
95.000 0.592076
96.000 0.596275
97.000 0.315758
98.000 0.315758
99.000 0.315758
100.000 0.315758
101.000 0.315758
102.000 0.315758
103.000 0.486969
104.000 0.431437
105.000 0.375905
106.000 0.338440
107.000 0.338440
108.000 0.338440
109.000 0.464455
110.000 0.464455
111.000 0.464455
112.000 0.464455
113.000 0.361122
114.000 0.363564
115.000 0.365936
116.000 0.365936
117.000 0.478836
118.000 0.487200
119.000 0.686600
120.000 0.405396
121.000 0.405396
122.000 0.458183
123.000 0.458183
124.000 0.458183
125.000 0.457821
126.000 0.457481
127.000 0.457481
128.000 0.362305
129.000 0.362305
130.000 0.362305
131.000 0.362305
132.000 0.362305
133.000 0.362305
134.000 0.362305
135.000 0.414755
136.000 0.423969
137.000 0.433183
138.000 0.442398
139.000 0.451612
140.000 0.452202
141.000 0.334801
142.000 0.343048
143.000 0.343048
144.000 0.343048
145.000 0.343048
146.000 0.343048
147.000 0.380953
148.000 0.347657
149.000 0.334000
150.000 0.377351
151.000 0.441933
152.000 0.722816
153.000 0.299492
154.000 0.299492
155.000 0.265900
156.000 0.265900
157.000 0.265900
158.000 0.265900
159.000 0.265900
160.000 0.486363
161.000 0.425804
162.000 0.425804
163.000 0.430964
164.000 0.463720
165.000 0.476990
166.000 0.278519
167.000 0.278519
168.000 0.361717
169.000 0.370361
170.000 0.370361
171.000 0.370361
172.000 0.126511
173.000 0.126511
174.000 0.126511
175.000 0.444138
176.000 0.436409
177.000 0.424743
178.000 0.422401
179.000 0.422401
180.000 0.353943
181.000 0.353943
182.000 0.353943
183.000 0.353943
184.000 0.491060
185.000 0.475983
186.000 0.460906
187.000 0.449112
188.000 0.461929
189.000 0.461929
190.000 0.461929
191.000 0.461929
192.000 0.428914
193.000 0.454002
194.000 0.454002
195.000 0.454002
196.000 0.454002
197.000 0.454002
198.000 0.303478
199.000 0.270283
200.000 0.262192
201.000 0.262192
202.000 0.649681
203.000 0.649681
204.000 0.649681
205.000 0.430052
206.000 0.441824
207.000 0.453595
208.000 0.465367
209.000 0.476982
210.000 0.476982
211.000 0.552071
212.000 0.397240
213.000 0.383850
214.000 0.383850
215.000 0.383850
216.000 0.427587
217.000 0.432775
218.000 0.434616
219.000 0.442886
220.000 0.442886
221.000 0.442886
222.000 0.442886
223.000 0.442886
224.000 0.392282
225.000 0.408482
226.000 0.424683
227.000 0.440883
228.000 0.457084
229.000 0.459648
230.000 0.421478
231.000 0.301331
232.000 0.301331
233.000 0.374344
234.000 0.374344
235.000 0.111542
236.000 0.111542
237.000 0.111542
238.000 0.111542
239.000 0.430313
240.000 0.427354
241.000 0.414117
242.000 0.400879
243.000 0.399078
244.000 0.399078
245.000 0.378326
246.000 0.424454
247.000 0.424454
248.000 0.424454
249.000 0.374792
250.000 0.318197
251.000 0.294701
252.000 0.294701
253.000 0.441544
254.000 0.646477
255.000 0.473900
256.000 0.473900
257.000 0.452190
258.000 0.425795
259.000 0.421242
260.000 0.434273
261.000 0.434273
262.000 0.413704
263.000 0.413704
264.000 0.447250
265.000 0.447250
266.000 0.447250
267.000 0.498114
268.000 0.579691
269.000 0.661268
270.000 0.681274
271.000 0.474510
272.000 0.474274
273.000 0.474274
274.000 0.474274
275.000 0.399979
276.000 0.399979
277.000 0.399979
278.000 0.399979
279.000 0.399979
280.000 0.399979
281.000 0.438983
282.000 0.440629
283.000 0.441750
284.000 0.441750
285.000 0.292282
286.000 0.292282
287.000 0.569809
288.000 0.500342
289.000 0.483864
290.000 0.405678
291.000 0.405678
292.000 0.405678
293.000 0.552994
294.000 0.552994
295.000 0.383820
296.000 0.383820
297.000 0.383820
298.000 0.383820
299.000 0.429232
300.000 0.405372
301.000 0.387688
302.000 0.387688
303.000 0.311867
304.000 0.473015
305.000 0.473015
306.000 0.473015
307.000 0.304101
308.000 0.303979
309.000 0.303978
310.000 0.524979
311.000 0.524979
312.000 0.373226
313.000 0.381122
314.000 0.384827
315.000 0.384827
316.000 0.384827
317.000 0.210518
318.000 0.210518
319.000 0.341087
320.000 0.341087
321.000 0.297607
322.000 0.297607
323.000 0.297607
324.000 0.297607
325.000 0.297607
326.000 0.510351
327.000 0.499204
328.000 0.489204
329.000 0.489204
330.000 0.457169
331.000 0.457169
332.000 0.457169
333.000 0.457169
334.000 0.538706
335.000 0.583032
336.000 0.627358
337.000 0.644684
338.000 0.451019
339.000 0.451019
340.000 0.462886
341.000 0.507247
342.000 0.525612
343.000 0.525612
344.000 0.350212
345.000 0.350212
346.000 0.474005
347.000 0.481331
348.000 0.481331
349.000 0.460075
350.000 0.460075
351.000 0.469585
352.000 0.471031
353.000 0.471031
354.000 0.471031
355.000 0.247341
356.000 0.120053
357.000 0.117538
358.000 0.849449
359.000 0.450966
