0.000 0.061707
1.000 0.061707
2.000 0.061707
3.000 0.061707
4.000 1.088287
5.000 2.180756
6.000 3.472794
7.000 2.420769
8.000 2.050817
9.000 2.670718
10.000 3.192665
11.000 3.387059
12.000 3.658026
13.000 3.823227
14.000 4.061539
15.000 4.253014
16.000 4.356406
17.000 4.463724
18.000 3.984866
19.000 2.021439
20.000 2.392880
21.000 3.957454
22.000 5.522027
23.000 5.699018
24.000 3.820167
25.000 2.587700
26.000 3.772311
27.000 6.339695
28.000 5.652287
29.000 3.757846
30.000 2.713608
31.000 3.462761
32.000 5.028692
33.000 5.794342
34.000 5.794342
35.000 5.794342
36.000 5.899514
37.000 6.043899
38.000 6.124680
39.000 4.849032
40.000 4.511856
41.000 5.140948
42.000 5.773579
43.000 5.895599
44.000 5.413185
45.000 4.998131
46.000 5.013278
47.000 5.057861
48.000 4.334470
49.000 2.185143
50.000 2.185143
51.000 3.110946
52.000 4.243675
53.000 3.545888
54.000 2.137375
55.000 2.083191
56.000 2.441817
57.000 3.165718
58.000 3.889620
59.000 3.984184
60.000 3.984184
61.000 3.984184
62.000 3.984184
63.000 3.984184
64.000 3.769859
65.000 3.528526
66.000 4.072001
67.000 4.802078
68.000 5.430344
69.000 3.753079
70.000 2.239586
71.000 2.353460
72.000 2.484680
73.000 2.364361
74.000 1.754865
75.000 1.551178
76.000 1.693757
77.000 2.294322
78.000 2.337070
79.000 1.547157
80.000 1.547157
81.000 1.872377
82.000 2.553597
83.000 2.994186
84.000 0.943138
85.000 0.943138
86.000 1.432032
87.000 2.456091
88.000 3.318787
89.000 1.467819
90.000 1.467819
91.000 1.939680
92.000 2.934312
93.000 3.791206
94.000 4.067998
95.000 4.449565
96.000 4.831132
97.000 3.777064
98.000 3.291695
99.000 3.084762
100.000 2.796717
101.000 2.755768
102.000 2.415875
103.000 2.352547
104.000 3.291343
105.000 4.233524
106.000 4.930458
107.000 4.720295
108.000 4.500783
109.000 4.772808
110.000 6.254755
111.000 6.433395
112.000 5.065461
113.000 3.726471
114.000 3.871303
115.000 4.169676
116.000 4.468049
117.000 4.784016
118.000 5.310006
119.000 3.995651
120.000 1.597633
121.000 1.597633
122.000 1.938714
123.000 2.027054
124.000 2.560791
125.000 3.307895
126.000 3.773766
127.000 3.499284
128.000 3.112368
129.000 2.742592
130.000 2.742592
131.000 2.742592
132.000 3.046610
133.000 3.363821
134.000 3.587900
135.000 3.948795
136.000 4.218765
137.000 3.789515
138.000 3.341636
139.000 3.132342
140.000 3.002134
141.000 2.871927
142.000 3.251097
143.000 4.976067
144.000 5.275081
145.000 3.674762
146.000 2.154022
147.000 1.931811
148.000 1.560089
149.000 2.245446
150.000 3.678024
151.000 5.110603
152.000 5.286323
153.000 4.374010
154.000 3.461698
155.000 4.031478
156.000 5.395651
157.000 5.431837
158.000 4.779684
159.000 4.127532
160.000 3.368790
161.000 2.233704
162.000 2.089416
163.000 1.787183
164.000 1.651031
165.000 1.971934
166.000 2.419242
167.000 2.866550
168.000 3.363062
169.000 3.489830
170.000 2.516944
171.000 1.566475
172.000 1.566475
173.000 1.514620
174.000 1.490631
175.000 2.061084
176.000 2.742298
177.000 3.164070
178.000 2.304816
179.000 1.516258
180.000 1.254224
181.000 1.035904
182.000 1.101775
183.000 1.370189
184.000 1.485672
185.000 1.782000
186.000 2.978874
187.000 2.804920
188.000 2.072195
189.000 1.433327
190.000 1.437074
191.000 1.452856
192.000 1.465126
193.000 1.882232
194.000 2.466362
195.000 2.348123
196.000 2.100972
197.000 2.005173
198.000 2.178512
199.000 2.310730
200.000 2.096499
201.000 1.672577
202.000 1.672577
203.000 2.083937
204.000 2.657334
205.000 2.958160
206.000 2.452076
207.000 2.275848
208.000 1.629821
209.000 1.087547
210.000 1.087547
211.000 2.371623
212.000 2.461395
213.000 1.941297
214.000 1.476982
215.000 1.662014
216.000 2.441400
217.000 3.220785
218.000 3.156865
219.000 2.435501
220.000 2.497713
221.000 2.759761
222.000 2.878777
223.000 2.673651
224.000 2.300880
225.000 2.645778
226.000 3.368216
227.000 3.798897
228.000 3.392062
229.000 2.824972
230.000 2.510193
231.000 2.968139
232.000 3.173889
233.000 2.936371
234.000 2.605294
235.000 2.496254
236.000 3.220150
237.000 3.372063
238.000 2.189102
239.000 2.189102
240.000 2.357458
241.000 3.075678
242.000 3.777542
243.000 3.744703
244.000 3.641266
245.000 3.844657
246.000 4.701373
247.000 5.558088
248.000 5.661794
249.000 5.225669
250.000 4.854399
251.000 4.432315
252.000 4.010231
253.000 4.744602
254.000 6.013939
255.000 6.013939
256.000 5.795974
257.000 5.706154
258.000 4.630102
259.000 3.381104
260.000 3.381104
261.000 6.013576
262.000 6.647209
263.000 0.570473
264.000 0.570473
265.000 0.570473
266.000 0.570473
267.000 0.570473
268.000 0.570473
269.000 0.570473
270.000 1.248169
271.000 1.248169
272.000 1.248169
273.000 2.239741
274.000 4.850739
275.000 5.117626
276.000 6.241798
277.000 7.216599
278.000 6.942491
279.000 6.448075
280.000 6.163521
281.000 4.365772
282.000 3.900276
283.000 2.694832
284.000 1.818329
285.000 1.818329
286.000 3.634629
287.000 3.900536
288.000 5.010324
289.000 6.121882
290.000 5.786377
291.000 3.626361
292.000 2.657150
293.000 2.790915
294.000 2.954224
295.000 2.453145
296.000 1.710197
297.000 1.710197
298.000 1.950383
299.000 2.061798
300.000 2.299676
301.000 2.623581
302.000 2.696938
303.000 1.179886
304.000 1.179886
305.000 1.761133
306.000 4.158942
307.000 4.590054
308.000 3.335731
309.000 2.806297
310.000 1.784912
311.000 1.784912
312.000 1.593208
313.000 1.189967
314.000 1.106926
315.000 1.188176
316.000 1.443352
317.000 1.575844
318.000 1.908844
319.000 1.958588
320.000 1.931421
321.000 1.895782
322.000 1.895782
323.000 2.106044
324.000 2.118713
325.000 2.408934
326.000 2.699909
327.000 2.675855
328.000 2.499996
329.000 2.332809
330.000 2.252852
331.000 1.878578
332.000 1.936622
333.000 2.180088
334.000 2.423554
335.000 3.170102
336.000 4.694132
337.000 4.434500
338.000 3.078554
339.000 2.240776
340.000 1.926507
341.000 1.407318
342.000 1.407318
343.000 2.323157
344.000 2.925781
345.000 3.524954
346.000 4.360145
347.000 4.618858
348.000 1.696320
349.000 1.696320
350.000 2.409941
351.000 3.155310
352.000 3.365738
353.000 3.803110
354.000 4.259939
355.000 3.611326
356.000 2.098015
357.000 2.123758
358.000 2.452084
359.000 2.702675
