0.000 0.534714
1.000 3.908516
2.000 3.608727
3.000 3.836731
4.000 4.112881
5.000 4.129028
6.000 3.813777
7.000 3.691185
8.000 3.454000
9.000 3.362030
10.000 3.874683
11.000 4.175217
12.000 4.014142
13.000 3.994614
14.000 4.025108
15.000 4.025108
16.000 4.000610
17.000 4.000610
18.000 4.041191
19.000 4.041191
20.000 3.698357
21.000 3.698357
22.000 3.802965
23.000 3.833214
24.000 3.795477
25.000 3.779541
26.000 3.986896
27.000 4.054420
28.000 3.897599
29.000 3.854469
30.000 4.120895
31.000 4.120895
32.000 3.781986
33.000 3.730736
34.000 3.765855
35.000 3.874619
36.000 3.900284
37.000 3.835251
38.000 3.828438
39.000 3.863999
40.000 3.870949
41.000 3.958999
42.000 4.048195
43.000 4.029457
44.000 4.003059
45.000 3.773540
46.000 3.577286
47.000 3.703214
48.000 3.856674
49.000 3.961517
50.000 4.144020
51.000 4.090524
52.000 3.953156
53.000 4.007924
54.000 4.171272
55.000 4.160690
56.000 4.131737
57.000 4.119238
58.000 4.085373
59.000 4.109681
60.000 4.172592
61.000 4.078224
62.000 3.809509
63.000 3.738678
64.000 3.633614
65.000 3.639907
66.000 4.076126
67.000 4.045261
68.000 3.986832
69.000 3.953895
70.000 3.863358
71.000 3.850950
72.000 3.815788
73.000 3.802112
74.000 3.757257
75.000 3.770107
76.000 3.813159
77.000 3.837509
78.000 3.906677
79.000 3.831775
80.000 3.606163
81.000 3.697089
82.000 3.990501
83.000 4.046047
84.000 3.659201
85.000 3.643919
86.000 3.806939
87.000 3.969958
88.000 4.053581
89.000 4.106045
90.000 4.174248
91.000 4.042291
92.000 3.844093
93.000 3.851523
94.000 3.874970
95.000 3.947321
96.000 4.168341
97.000 4.132357
98.000 3.916916
99.000 3.866193
100.000 3.703039
101.000 3.680122
102.000 4.090329
103.000 4.120424
104.000 4.121368
105.000 4.211909
106.000 4.504075
107.000 4.287363
108.000 3.897964
109.000 3.979353
110.000 4.103302
111.000 4.050634
112.000 3.932533
113.000 3.935868
114.000 3.945137
115.000 3.702510
116.000 3.371628
117.000 3.623816
118.000 3.987991
119.000 3.902732
120.000 3.873558
121.000 3.813648
122.000 3.735062
123.000 3.786273
124.000 3.901756
125.000 3.873761
126.000 3.794388
127.000 3.610671
128.000 3.038154
129.000 3.048416
130.000 3.228394
131.000 3.390266
132.000 3.390266
133.000 3.663441
134.000 3.789589
135.000 3.795357
136.000 3.828716
137.000 3.841240
138.000 3.841240
139.000 3.841240
140.000 4.109390
141.000 4.109390
142.000 4.109390
143.000 4.098267
144.000 4.098267
145.000 3.750061
146.000 3.750061
147.000 4.018364
148.000 4.018364
149.000 4.034417
150.000 4.034683
151.000 3.702635
152.000 3.630409
153.000 3.874924
154.000 3.887121
155.000 4.061641
156.000 4.080990
157.000 3.982346
158.000 3.996414
159.000 4.134567
160.000 4.134567
161.000 3.986046
162.000 3.986046
163.000 3.840524
164.000 3.785561
165.000 3.953403
166.000 4.208939
167.000 4.081755
168.000 3.716644
169.000 3.910778
170.000 4.251724
171.000 4.016411
172.000 4.016411
173.000 4.041267
174.000 4.065758
175.000 4.065758
176.000 4.081398
177.000 4.081398
178.000 3.747200
179.000 3.747200
180.000 3.987129
181.000 3.987129
182.000 3.970345
183.000 3.970345
184.000 3.970345
185.000 4.000345
186.000 4.015739
187.000 4.184303
188.000 4.184303
189.000 3.949997
190.000 3.806724
191.000 3.710953
192.000 3.726481
193.000 3.750534
194.000 3.762868
195.000 3.965420
196.000 3.991934
197.000 3.991163
198.000 3.990723
199.000 4.033188
200.000 4.100578
201.000 3.976519
202.000 3.933907
203.000 3.870590
204.000 3.870590
205.000 3.870590
206.000 3.870590
207.000 3.965672
208.000 3.965803
209.000 3.965934
210.000 3.966034
211.000 3.966034
212.000 3.477119
213.000 4.140457
214.000 4.140457
215.000 3.781126
216.000 3.150603
217.000 2.520079
218.000 2.381401
219.000 2.381401
220.000 1.657326
221.000 1.657326
222.000 1.657326
223.000 3.434326
224.000 3.434326
225.000 3.489502
226.000 3.489502
227.000 3.645109
228.000 3.829938
229.000 4.014768
230.000 4.125732
231.000 4.125732
232.000 4.112211
233.000 3.886449
234.000 3.826538
235.000 3.653509
236.000 3.584728
237.000 3.653127
238.000 3.707085
239.000 3.707085
240.000 3.707085
241.000 4.078384
242.000 4.078384
243.000 4.078384
244.000 4.078384
245.000 4.078384
246.000 4.078384
247.000 4.058159
248.000 4.033093
249.000 4.008027
250.000 3.995216
251.000 3.995216
252.000 3.845818
253.000 3.845818
254.000 3.845818
255.000 3.845818
256.000 3.845818
257.000 4.105333
258.000 4.082426
259.000 4.059519
260.000 4.046097
261.000 4.046097
262.000 4.046097
263.000 3.914818
264.000 3.914818
265.000 3.914818
266.000 3.970665
267.000 3.975533
268.000 3.975533
269.000 3.968763
270.000 3.912298
271.000 3.868271
272.000 4.195297
273.000 3.769508
274.000 3.773517
275.000 3.782661
276.000 3.878586
277.000 4.120445
278.000 4.047905
279.000 3.749290
280.000 3.749290
281.000 3.749290
282.000 3.909119
283.000 3.909119
284.000 3.479118
285.000 3.398521
286.000 3.647812
287.000 3.647812
288.000 4.061661
289.000 4.076365
290.000 4.144793
291.000 4.147484
292.000 4.033710
293.000 3.922874
294.000 4.073093
295.000 4.193375
296.000 4.141820
297.000 4.065292
298.000 4.060587
299.000 3.986275
300.000 3.983185
301.000 3.940800
302.000 3.906693
303.000 3.951448
304.000 4.075706
305.000 4.164536
306.000 4.164536
307.000 3.801735
308.000 3.801735
309.000 3.801735
310.000 3.868027
311.000 3.988582
312.000 4.008240
313.000 4.008240
314.000 3.953949
315.000 3.953949
316.000 3.953949
317.000 3.530556
318.000 3.530556
319.000 3.530556
320.000 3.329384
321.000 3.329384
322.000 3.329384
323.000 3.329384
324.000 3.892824
325.000 4.050583
326.000 4.110542
327.000 4.110542
328.000 4.114133
329.000 4.119797
330.000 4.119797
331.000 4.104828
332.000 4.104828
333.000 4.104828
334.000 3.736481
335.000 3.736481
336.000 3.874748
337.000 3.874748
338.000 4.150963
339.000 4.150963
340.000 4.015394
341.000 3.976906
342.000 4.093758
343.000 4.093758
344.000 3.866671
345.000 3.822479
346.000 3.992142
347.000 3.992142
348.000 3.701187
349.000 3.701187
350.000 3.786652
351.000 3.805664
352.000 4.082497
353.000 4.082497
354.000 3.955353
355.000 3.955353
356.000 3.955353
357.000 3.905235
358.000 3.905235
359.000 3.808327
