0.000 0.291870
1.000 3.257812
2.000 3.638920
3.000 4.501984
4.000 4.578828
5.000 4.674057
6.000 4.537000
7.000 4.434090
8.000 4.277103
9.000 4.179237
10.000 4.301964
11.000 4.301964
12.000 4.154144
13.000 4.154144
14.000 4.133362
15.000 4.123848
16.000 4.123848
17.000 4.589798
18.000 4.647086
19.000 4.676308
20.000 4.681771
21.000 4.699623
22.000 4.706739
23.000 4.739712
24.000 4.654433
25.000 4.412035
26.000 4.279854
27.000 4.279854
28.000 4.359871
29.000 4.359871
30.000 4.522540
31.000 4.766357
32.000 4.761753
33.000 4.712624
34.000 4.036179
35.000 4.036179
36.000 4.263237
37.000 4.263237
38.000 4.313566
39.000 4.363037
40.000 4.735260
41.000 4.735260
42.000 4.674995
43.000 4.674995
44.000 4.677447
45.000 4.684441
46.000 4.684441
47.000 4.346802
48.000 4.289474
49.000 4.289474
50.000 4.363347
51.000 4.538892
52.000 4.689414
53.000 4.801308
54.000 4.787591
55.000 4.759216
56.000 4.759216
57.000 4.759216
58.000 4.621937
59.000 4.729744
60.000 4.729744
61.000 4.729744
62.000 4.729744
63.000 4.615837
64.000 4.615837
65.000 4.615837
66.000 4.096581
67.000 4.096581
68.000 4.096581
69.000 4.096581
70.000 4.254246
71.000 4.642759
72.000 4.662315
73.000 4.662315
74.000 3.741211
75.000 3.741211
76.000 3.741211
77.000 3.741211
78.000 4.459578
79.000 4.563972
80.000 4.635658
81.000 4.635658
82.000 4.635658
83.000 4.223427
84.000 4.223427
85.000 4.327281
86.000 4.595009
87.000 4.511165
88.000 4.273857
89.000 3.943710
90.000 4.645073
91.000 4.645073
92.000 4.661034
93.000 4.661034
94.000 3.971535
95.000 3.971535
96.000 3.971535
97.000 4.528282
98.000 4.528282
99.000 4.686553
100.000 4.686035
101.000 4.651963
102.000 4.639961
103.000 4.753258
104.000 4.568665
105.000 4.568665
106.000 4.703796
107.000 4.703796
108.000 4.674690
109.000 4.643501
110.000 4.643501
111.000 4.017387
112.000 4.671539
113.000 4.671539
114.000 4.323509
115.000 4.323509
116.000 4.634941
117.000 4.594307
118.000 4.647377
119.000 4.647377
120.000 4.701027
121.000 4.701027
122.000 4.701027
123.000 4.701027
124.000 3.979431
125.000 3.979431
126.000 3.979431
127.000 4.673820
128.000 4.673820
129.000 4.673820
130.000 4.673820
131.000 4.723534
132.000 4.751144
133.000 4.751144
134.000 4.751144
135.000 4.688235
136.000 4.672340
137.000 4.708778
138.000 4.708778
139.000 4.360626
140.000 4.360626
141.000 4.610077
142.000 4.678571
143.000 4.775459
144.000 4.708267
145.000 4.399185
146.000 4.474403
147.000 4.474403
148.000 4.644958
149.000 4.143608
150.000 4.143608
151.000 4.690689
152.000 4.690689
153.000 4.665092
154.000 4.664169
155.000 4.664169
156.000 4.664169
157.000 4.596298
158.000 4.596298
159.000 4.596298
160.000 4.596298
161.000 4.537903
162.000 4.537903
163.000 4.537903
164.000 4.537903
165.000 4.568107
166.000 4.634080
167.000 4.700054
168.000 4.703102
169.000 4.694473
170.000 4.499031
171.000 4.489525
172.000 4.489525
173.000 3.597191
174.000 3.597191
175.000 4.670647
176.000 4.670647
177.000 4.635948
178.000 4.322830
179.000 4.322830
180.000 4.322830
181.000 4.235219
182.000 4.097023
183.000 4.097023
184.000 4.315987
185.000 4.634827
186.000 4.317131
187.000 4.317131
188.000 4.581230
189.000 4.581230
190.000 4.713068
191.000 4.713272
192.000 4.713272
193.000 4.728279
194.000 4.728279
195.000 4.540665
196.000 4.540665
197.000 4.540665
198.000 4.618645
199.000 4.618645
200.000 4.716026
201.000 4.778809
202.000 4.778809
203.000 4.643768
204.000 4.251976
205.000 4.251976
206.000 4.677437
207.000 4.677437
208.000 4.716545
209.000 4.540070
210.000 4.540070
211.000 4.645485
212.000 4.693611
213.000 4.439957
214.000 4.439957
215.000 4.016769
216.000 4.693542
217.000 4.693542
218.000 4.596031
219.000 4.596031
220.000 4.703072
221.000 4.703072
222.000 4.130920
223.000 4.130920
224.000 4.673019
225.000 3.440598
226.000 3.440598
227.000 3.440598
228.000 3.960404
229.000 4.244156
230.000 4.244156
231.000 4.394073
232.000 4.394073
233.000 4.607445
234.000 4.607445
235.000 4.520995
236.000 4.474380
237.000 4.474380
238.000 3.739868
239.000 3.739868
240.000 3.739868
241.000 4.686531
242.000 4.686531
243.000 4.055702
244.000 4.670181
245.000 4.670181
246.000 4.714790
247.000 4.714790
248.000 4.712166
249.000 4.691475
250.000 4.685318
251.000 4.723709
252.000 4.354027
253.000 4.354027
254.000 4.668068
255.000 4.668068
256.000 3.637733
257.000 3.637733
258.000 3.749268
259.000 4.481163
260.000 4.481163
261.000 4.692177
262.000 4.692177
263.000 4.723404
264.000 4.608017
265.000 4.413605
266.000 4.413605
267.000 4.679138
268.000 4.383217
269.000 3.773148
270.000 4.598396
271.000 4.598396
272.000 3.952599
273.000 3.952599
274.000 3.952599
275.000 4.648979
276.000 4.648979
277.000 4.648979
278.000 4.515099
279.000 4.515099
280.000 4.515099
281.000 4.642593
282.000 4.642593
283.000 4.271988
284.000 4.271988
285.000 4.282511
286.000 4.337509
287.000 4.337509
288.000 4.271238
289.000 4.202454
290.000 4.088669
291.000 4.708633
292.000 4.708633
293.000 3.752754
294.000 3.752754
295.000 3.752754
296.000 3.817635
297.000 3.817635
298.000 4.656418
299.000 4.656418
300.000 4.182137
301.000 4.182137
302.000 4.182137
303.000 4.679672
304.000 4.679672
305.000 3.998123
306.000 3.998123
307.000 4.186649
308.000 4.705368
309.000 4.671997
310.000 4.671997
311.000 4.711945
312.000 4.693016
313.000 4.693016
314.000 3.711319
315.000 3.711319
316.000 4.258141
317.000 4.258141
318.000 4.287308
319.000 4.287308
320.000 4.332825
321.000 4.332825
322.000 4.261261
323.000 4.261261
324.000 4.704071
325.000 4.704071
326.000 4.568092
327.000 4.568092
328.000 4.224701
329.000 4.430516
330.000 4.650658
331.000 4.707596
332.000 4.708778
333.000 4.165245
334.000 4.643906
335.000 4.734108
336.000 4.734108
337.000 4.675293
338.000 4.675293
339.000 4.675293
340.000 4.192490
341.000 4.192490
342.000 4.603027
343.000 4.603027
344.000 4.613222
345.000 4.635109
346.000 4.705170
347.000 4.705170
348.000 4.564636
349.000 4.564636
350.000 4.730637
351.000 4.730637
352.000 4.729268
353.000 4.647911
354.000 4.622749
355.000 4.622749
356.000 4.528582
357.000 4.077630
358.000 3.984077
359.000 4.750977
