0.000 1.112747
1.000 1.111672
2.000 3.261017
3.000 1.688327
4.000 1.284377
5.000 0.880427
6.000 0.712132
7.000 0.760417
8.000 0.795604
9.000 0.861802
10.000 0.928000
11.000 0.990440
12.000 0.990440
13.000 0.990440
14.000 0.990440
15.000 0.990440
16.000 0.990440
17.000 0.990613
18.000 0.991146
19.000 1.119292
20.000 1.405254
21.000 1.522980
22.000 1.522980
23.000 1.533422
24.000 1.555102
25.000 1.576782
26.000 1.587257
27.000 1.587257
28.000 1.587257
29.000 1.587257
30.000 1.587257
31.000 1.579398
32.000 1.606137
33.000 1.850301
34.000 1.968027
35.000 1.886486
36.000 2.279234
37.000 2.854314
38.000 2.955516
39.000 2.929821
40.000 2.924332
41.000 2.924332
42.000 2.415484
43.000 1.694358
44.000 2.004981
45.000 2.590399
46.000 2.549624
47.000 2.335751
48.000 1.729011
49.000 0.946587
50.000 0.850015
51.000 0.650333
52.000 0.574890
53.000 0.574890
54.000 1.035856
55.000 1.723219
56.000 2.002694
57.000 2.177241
58.000 2.218760
59.000 2.228237
60.000 2.386761
61.000 2.602347
62.000 2.887303
63.000 3.224632
64.000 2.350718
65.000 1.091202
66.000 1.512715
67.000 2.084157
68.000 1.836261
69.000 1.333894
70.000 1.662433
71.000 2.162192
72.000 2.058042
73.000 1.762632
74.000 1.786962
75.000 1.862850
76.000 1.919781
77.000 1.978512
78.000 2.424653
79.000 3.027042
80.000 2.689749
81.000 2.065042
82.000 2.266668
83.000 2.686804
84.000 2.761841
85.000 2.761841
86.000 2.852131
87.000 2.975036
88.000 3.168366
89.000 3.406085
90.000 3.333596
91.000 3.173278
92.000 2.842406
93.000 2.426848
94.000 2.582108
95.000 2.863741
96.000 2.288526
97.000 0.293518
98.000 0.293518
99.000 0.358917
100.000 0.368622
101.000 1.451735
102.000 2.015011
103.000 1.463486
104.000 1.206074
105.000 0.914202
106.000 1.534862
107.000 2.646018
108.000 2.257123
109.000 1.411822
110.000 1.987824
111.000 2.849349
112.000 2.583803
113.000 1.986294
114.000 0.658394
115.000 0.277977
116.000 1.214278
117.000 2.506390
118.000 2.879056
119.000 3.278507
120.000 2.556736
121.000 1.637192
122.000 2.012930
123.000 2.547690
124.000 2.058301
125.000 1.340354
126.000 1.359485
127.000 1.564064
128.000 1.382427
129.000 1.229546
130.000 1.297583
131.000 1.357475
132.000 1.245551
133.000 1.095474
134.000 1.171558
135.000 1.275692
136.000 1.302245
137.000 1.331059
138.000 2.030553
139.000 3.015041
140.000 2.591567
141.000 1.711826
142.000 1.368988
143.000 1.368988
144.000 0.188179
145.000 0.188179
146.000 0.677656
147.000 1.338550
148.000 1.848471
149.000 2.197538
150.000 2.258911
151.000 2.258911
152.000 2.035455
153.000 1.728353
154.000 1.288994
155.000 0.655548
156.000 0.969428
157.000 1.621134
158.000 1.420247
159.000 0.831909
160.000 1.031849
161.000 1.392342
162.000 0.981668
163.000 0.539452
164.000 0.776566
165.000 1.268885
166.000 1.181869
167.000 0.930061
168.000 1.086040
169.000 1.410571
170.000 1.381960
171.000 1.279178
172.000 0.906456
173.000 0.624672
174.000 0.844057
175.000 1.191742
176.000 1.089478
177.000 0.938316
178.000 1.075540
179.000 1.266548
180.000 1.312381
181.000 1.371887
182.000 0.939240
183.000 0.939240
184.000 0.976773
185.000 1.008163
186.000 1.109076
187.000 1.319913
188.000 1.309089
189.000 1.235887
190.000 1.273955
191.000 1.357355
192.000 1.381222
193.000 1.423090
194.000 0.912657
195.000 0.527634
196.000 0.938927
197.000 1.165665
198.000 1.305036
199.000 1.577576
200.000 1.722828
201.000 2.022547
202.000 1.958290
203.000 1.666947
204.000 1.662211
205.000 1.753552
206.000 1.789525
207.000 1.830477
208.000 1.693371
209.000 1.395320
210.000 1.433818
211.000 1.555404
212.000 1.511000
213.000 1.404671
214.000 1.475820
215.000 1.597908
216.000 1.576020
217.000 1.532455
218.000 1.341222
219.000 1.127533
220.000 1.103222
221.000 1.072830
222.000 0.980177
223.000 0.937012
224.000 1.154992
225.000 1.540207
226.000 1.243226
227.000 0.826149
228.000 1.000379
229.000 1.363638
230.000 1.378832
231.000 1.377701
232.000 1.362097
233.000 1.339165
234.000 1.239514
235.000 1.071655
236.000 1.081297
237.000 1.101193
238.000 1.068452
239.000 0.994942
240.000 1.050055
241.000 1.194426
242.000 1.079642
243.000 0.768352
244.000 1.054358
245.000 1.479111
246.000 1.400671
247.000 1.237127
248.000 0.882425
249.000 0.501495
250.000 0.119980
251.000 0.119980
252.000 0.119980
253.000 0.119980
254.000 1.125254
255.000 1.154671
256.000 1.196994
257.000 1.270264
258.000 1.252355
259.000 1.216515
260.000 1.179570
261.000 1.102221
262.000 0.333061
263.000 0.333061
264.000 0.610124
265.000 1.135712
266.000 1.169343
267.000 1.237503
268.000 1.073454
269.000 0.831314
270.000 0.915360
271.000 1.063751
272.000 0.561718
273.000 0.262131
274.000 0.238731
275.000 0.238731
276.000 0.461141
277.000 0.854073
278.000 0.905589
279.000 1.012999
280.000 1.012640
281.000 1.005123
282.000 0.964873
283.000 0.882621
284.000 0.901344
285.000 0.953490
286.000 0.658456
287.000 0.423447
288.000 0.632997
289.000 1.084975
290.000 0.874277
291.000 0.577324
292.000 0.702325
293.000 0.950127
294.000 0.977034
295.000 1.017387
296.000 0.432648
297.000 0.432648
298.000 0.596186
299.000 0.748184
300.000 0.386986
301.000 0.386986
302.000 0.583190
303.000 0.989723
304.000 1.063979
305.000 1.118381
306.000 1.112251
307.000 1.087342
308.000 0.362541
309.000 0.362541
310.000 0.884415
311.000 1.379662
312.000 1.241034
313.000 0.953205
314.000 0.966444
315.000 1.076566
316.000 0.760796
317.000 0.373756
318.000 0.609467
319.000 1.127936
320.000 1.183663
321.000 1.033014
322.000 1.054208
323.000 1.184805
324.000 1.130979
325.000 0.932599
326.000 0.379410
327.000 0.259178
328.000 0.590030
329.000 1.225515
330.000 1.229965
331.000 1.116814
332.000 1.109738
333.000 1.095138
334.000 0.910669
335.000 0.500754
336.000 0.660143
337.000 1.035444
338.000 1.150258
339.000 1.195068
340.000 1.155164
341.000 1.076118
342.000 1.184939
343.000 1.410880
344.000 1.365666
345.000 1.208455
346.000 0.787104
347.000 0.388634
348.000 0.388634
349.000 0.388634
350.000 1.363567
351.000 1.614247
352.000 0.242928
353.000 0.242928
354.000 0.492516
355.000 1.008591
356.000 1.082695
357.000 1.213540
358.000 1.252922
359.000 1.252922
