1.00000 20.50000
2.00000 35.90000
3.00000 24.50000
4.00000 12.30000
5.00000 25.10000
6.00000 25.60000
7.00000 25.60000
8.00000 24.10000
9.00000 24.60000
10.00000 26.20000
11.00000 35.30000
12.00000 24.60000
13.00000 14.39000
14.00000 14.91000
15.00000 14.39000
16.00000 22.00000
17.00000 22.00000
18.00000 22.00000
19.00000 14.91000
20.00000 20.40000
21.00000 14.91000
22.00000 21.00000
23.00000 20.40000
24.00000 22.50000
25.00000 10.74000
26.00000 21.50000
27.00000 22.00000
28.00000 23.00000
29.00000 22.50000
30.00000 23.00000
31.00000 23.00000
32.00000 21.50000
33.00000 21.00000
34.00000 21.00000
35.00000 11.78000
36.00000 2.09000
37.00000 41.60000
38.00000 21.00000
39.00000 21.50000
40.00000 22.00000
41.00000 21.00000
42.00000 21.00000
43.00000 14.91000
44.00000 14.39000
45.00000 20.40000
46.00000 10.21000
47.00000 21.50000
48.00000 22.00000
49.00000 22.00000
50.00000 23.00000
51.00000 21.50000
52.00000 22.50000
53.00000 21.00000
54.00000 22.50000
55.00000 14.91000
56.00000 20.40000
57.00000 14.91000
58.00000 21.50000
59.00000 22.00000
60.00000 21.00000
61.00000 21.50000
62.00000 21.50000
63.00000 22.50000
64.00000 24.10000
65.00000 21.50000
66.00000 21.00000
67.00000 23.00000
68.00000 4.69000
69.00000 21.00000
70.00000 14.91000
71.00000 21.00000
72.00000 20.40000
73.00000 22.00000
74.00000 23.00000
75.00000 23.00000
76.00000 22.00000
77.00000 22.50000
78.00000 23.60000
79.00000 21.50000
80.00000 22.50000
81.00000 21.00000
82.00000 20.40000
83.00000 20.40000
84.00000 20.40000
85.00000 20.40000
86.00000 14.91000
87.00000 14.91000
88.00000 22.00000
89.00000 4.69000
90.00000 21.50000
91.00000 14.91000
92.00000 14.39000
93.00000 14.91000
94.00000 20.40000
95.00000 13.87000
96.00000 14.91000
97.00000 14.39000
98.00000 22.00000
99.00000 23.60000
100.00000 10.74000
101.00000 29.80000
102.00000 21.00000
103.00000 21.50000
104.00000 21.00000
105.00000 20.40000
106.00000 21.00000
107.00000 20.40000
108.00000 21.00000
109.00000 21.50000
110.00000 11.26000
111.00000 20.40000
112.00000 21.00000
113.00000 21.50000
114.00000 23.00000
115.00000 20.40000
116.00000 22.00000
117.00000 14.39000
118.00000 12.82000
119.00000 14.39000
120.00000 21.50000
121.00000 20.40000
122.00000 21.00000
123.00000 21.00000
124.00000 22.00000
125.00000 21.00000
126.00000 20.40000
127.00000 21.00000
128.00000 22.00000
129.00000 22.00000
130.00000 22.00000
131.00000 23.60000
132.00000 11.26000
133.00000 22.50000
134.00000 22.50000
135.00000 23.60000
136.00000 22.50000
137.00000 22.50000
138.00000 22.50000
139.00000 21.50000
140.00000 21.50000
141.00000 21.00000
142.00000 21.00000
143.00000 20.40000
144.00000 21.00000
145.00000 20.40000
146.00000 20.40000
147.00000 21.50000
148.00000 20.40000
149.00000 21.00000
150.00000 20.40000
151.00000 20.40000
152.00000 14.91000
153.00000 11.26000
154.00000 21.50000
155.00000 22.00000
156.00000 22.50000
157.00000 21.00000
158.00000 20.40000
159.00000 21.50000
160.00000 21.00000
161.00000 20.40000
162.00000 14.91000
163.00000 21.00000
164.00000 20.40000
165.00000 4.69000
166.00000 29.30000
167.00000 13.87000
168.00000 13.87000
169.00000 14.39000
170.00000 14.91000
171.00000 21.00000
172.00000 20.40000
173.00000 21.00000
174.00000 4.69000
175.00000 13.34000
176.00000 13.87000
177.00000 13.34000
178.00000 13.87000
179.00000 13.87000
180.00000 13.87000
181.00000 14.91000
182.00000 20.40000
183.00000 21.00000
184.00000 22.50000
185.00000 22.00000
186.00000 22.00000
187.00000 22.00000
188.00000 21.50000
189.00000 23.00000
190.00000 20.40000
191.00000 21.50000
192.00000 21.50000
193.00000 21.00000
194.00000 14.91000
195.00000 14.39000
196.00000 4.69000
197.00000 13.87000
198.00000 12.82000
199.00000 14.91000
200.00000 21.00000
201.00000 21.50000
202.00000 21.50000
203.00000 21.50000
204.00000 22.00000
205.00000 21.50000
206.00000 22.50000
207.00000 22.50000
208.00000 22.50000
209.00000 21.50000
210.00000 22.50000
211.00000 21.50000
212.00000 21.00000
213.00000 21.00000
214.00000 22.00000
215.00000 22.50000
216.00000 22.00000
217.00000 4.69000
218.00000 22.00000
219.00000 21.00000
220.00000 21.00000
221.00000 20.40000
222.00000 21.50000
223.00000 22.00000
224.00000 22.00000
225.00000 22.00000
226.00000 22.00000
227.00000 21.50000
228.00000 21.00000
229.00000 14.91000
230.00000 14.39000
231.00000 14.91000
232.00000 11.78000
233.00000 28.30000
234.00000 21.50000
235.00000 22.00000
236.00000 21.50000
237.00000 21.00000
238.00000 10.74000
239.00000 21.50000
240.00000 21.50000
241.00000 14.91000
242.00000 14.39000
243.00000 14.39000
244.00000 20.40000
245.00000 22.00000
246.00000 22.00000
247.00000 22.50000
248.00000 23.00000
249.00000 22.50000
250.00000 22.00000
251.00000 22.00000
252.00000 22.00000
253.00000 21.50000
254.00000 22.00000
255.00000 21.00000
256.00000 14.91000
257.00000 21.50000
258.00000 20.40000
259.00000 21.00000
260.00000 11.26000
261.00000 21.00000
262.00000 21.00000
263.00000 14.39000
264.00000 14.91000
265.00000 14.91000
266.00000 21.00000
267.00000 20.40000
268.00000 22.00000
269.00000 21.00000
270.00000 21.50000
271.00000 21.50000
272.00000 20.40000
273.00000 20.40000
274.00000 21.00000
275.00000 20.40000
276.00000 20.40000
277.00000 20.40000
278.00000 21.00000
279.00000 20.40000
280.00000 14.91000
281.00000 10.21000
282.00000 20.40000
283.00000 21.50000
284.00000 21.00000
285.00000 21.00000
286.00000 21.00000
287.00000 22.00000
288.00000 21.00000
289.00000 21.00000
290.00000 21.50000
291.00000 21.00000
292.00000 14.91000
293.00000 21.50000
294.00000 21.50000
295.00000 13.87000
296.00000 21.00000
297.00000 14.39000
298.00000 28.10000
299.00000 11.78000
