1.00000 12.82000
2.00000 26.80000
3.00000 21.50000
4.00000 26.50000
5.00000 21.50000
6.00000 13.34000
7.00000 14.39000
8.00000 13.34000
9.00000 14.91000
10.00000 13.87000
11.00000 20.40000
12.00000 12.82000
13.00000 11.78000
14.00000 21.00000
15.00000 4.69000
16.00000 13.34000
17.00000 13.34000
18.00000 14.39000
19.00000 11.79000
20.00000 22.00000
21.00000 27.30000
22.00000 22.60000
23.00000 11.66000
24.00000 20.40000
25.00000 10.74000
26.00000 13.87000
27.00000 13.34000
28.00000 3.65000
29.00000 4.69000
30.00000 14.39000
31.00000 14.39000
32.00000 12.82000
33.00000 0.00000
34.00000 0.52000
35.00000 0.52000
36.00000 26.20000
37.00000 1.04000
38.00000 2.61000
39.00000 3.13000
40.00000 2.61000
41.00000 3.13000
42.00000 3.65000
43.00000 3.65000
44.00000 2.09000
45.00000 4.17000
46.00000 11.78000
47.00000 10.21000
48.00000 12.82000
49.00000 12.30000
50.00000 3.65000
51.00000 10.74000
52.00000 10.74000
53.00000 12.30000
54.00000 11.26000
55.00000 12.30000
56.00000 4.69000
57.00000 11.78000
58.00000 3.65000
59.00000 12.30000
60.00000 11.26000
61.00000 13.34000
62.00000 11.78000
63.00000 12.82000
64.00000 12.82000
65.00000 11.26000
66.00000 3.13000
67.00000 12.82000
68.00000 20.40000
69.00000 13.87000
70.00000 11.26000
71.00000 21.00000
72.00000 10.74000
73.00000 21.00000
74.00000 11.78000
75.00000 14.42000
76.00000 28.20000
77.00000 21.00000
78.00000 23.00000
79.00000 21.00000
80.00000 21.00000
81.00000 12.30000
82.00000 13.87000
83.00000 10.74000
84.00000 21.50000
85.00000 14.91000
86.00000 21.00000
87.00000 24.10000
88.00000 25.10000
89.00000 25.70000
90.00000 26.10000
91.00000 24.10000
92.00000 22.50000
93.00000 24.10000
94.00000 14.91000
95.00000 21.00000
96.00000 23.00000
97.00000 13.87000
98.00000 12.82000
99.00000 25.60000
100.00000 26.80000
101.00000 26.80000
102.00000 25.50000
103.00000 26.70000
104.00000 25.60000
105.00000 25.10000
106.00000 24.60000
107.00000 21.00000
108.00000 23.60000
109.00000 21.50000
110.00000 24.10000
111.00000 26.20000
112.00000 35.30000
113.00000 28.80000
114.00000 25.60000
115.00000 28.30000
116.00000 23.60000
117.00000 23.60000
118.00000 22.00000
119.00000 23.00000
120.00000 27.20000
121.00000 27.20000
122.00000 24.10000
123.00000 28.80000
124.00000 28.30000
125.00000 25.20000
126.00000 14.34000
127.00000 25.10000
128.00000 26.70000
129.00000 22.00000
130.00000 23.00000
131.00000 25.10000
132.00000 49.90000
133.00000 21.50000
134.00000 10.21000
135.00000 24.10000
136.00000 26.70000
137.00000 26.20000
138.00000 27.70000
139.00000 24.10000
140.00000 23.00000
141.00000 11.78000
142.00000 23.00000
143.00000 20.40000
144.00000 22.00000
145.00000 22.50000
146.00000 21.00000
147.00000 2.09000
148.00000 21.00000
149.00000 14.39000
150.00000 10.74000
151.00000 14.39000
152.00000 3.13000
153.00000 20.40000
154.00000 3.65000
155.00000 10.21000
156.00000 10.21000
157.00000 4.69000
158.00000 12.30000
159.00000 10.74000
160.00000 12.82000
161.00000 25.10000
162.00000 24.60000
163.00000 25.10000
164.00000 24.60000
165.00000 25.60000
166.00000 24.60000
167.00000 25.60000
168.00000 10.21000
169.00000 25.60000
170.00000 11.78000
171.00000 27.20000
172.00000 14.91000
173.00000 20.40000
174.00000 13.87000
175.00000 21.50000
176.00000 20.40000
177.00000 22.50000
178.00000 22.00000
179.00000 21.50000
180.00000 26.20000
181.00000 24.60000
182.00000 23.00000
183.00000 22.50000
184.00000 25.10000
185.00000 23.60000
186.00000 21.50000
187.00000 21.50000
188.00000 21.00000
189.00000 21.00000
190.00000 11.26000
191.00000 21.50000
192.00000 21.50000
193.00000 24.60000
194.00000 21.00000
195.00000 23.00000
196.00000 22.50000
197.00000 22.00000
198.00000 22.50000
199.00000 22.00000
200.00000 22.50000
201.00000 22.00000
202.00000 25.60000
203.00000 22.00000
204.00000 27.70000
205.00000 24.60000
206.00000 21.00000
207.00000 26.20000
208.00000 10.74000
209.00000 26.70000
210.00000 23.00000
211.00000 4.69000
212.00000 21.50000
213.00000 28.30000
214.00000 25.60000
215.00000 23.00000
216.00000 22.50000
217.00000 26.20000
218.00000 24.10000
219.00000 10.21000
220.00000 23.60000
221.00000 21.50000
222.00000 14.39000
223.00000 11.26000
224.00000 23.60000
225.00000 20.40000
226.00000 14.91000
227.00000 24.10000
228.00000 22.00000
229.00000 13.87000
230.00000 11.78000
231.00000 13.87000
232.00000 1.56000
233.00000 10.21000
234.00000 10.21000
235.00000 12.30000
236.00000 11.26000
237.00000 4.17000
238.00000 3.13000
239.00000 11.78000
240.00000 3.65000
241.00000 3.65000
242.00000 2.09000
243.00000 3.65000
244.00000 1.56000
245.00000 1.56000
246.00000 1.04000
247.00000 0.52000
248.00000 1.56000
249.00000 1.04000
250.00000 1.04000
251.00000 1.04000
252.00000 1.56000
253.00000 1.04000
254.00000 0.52000
255.00000 2.09000
256.00000 3.13000
257.00000 3.13000
258.00000 2.61000
259.00000 3.13000
260.00000 1.04000
261.00000 2.09000
262.00000 1.56000
263.00000 1.04000
264.00000 0.52000
265.00000 0.52000
266.00000 1.04000
267.00000 0.52000
268.00000 1.04000
269.00000 1.56000
270.00000 1.56000
271.00000 4.17000
272.00000 10.21000
273.00000 11.26000
274.00000 13.34000
275.00000 4.69000
276.00000 22.00000
277.00000 4.69000
278.00000 12.82000
279.00000 10.74000
280.00000 12.30000
281.00000 11.26000
282.00000 12.30000
283.00000 4.17000
284.00000 13.87000
285.00000 4.17000
286.00000 10.21000
287.00000 10.21000
288.00000 10.74000
289.00000 10.21000
290.00000 4.69000
291.00000 2.61000
292.00000 3.65000
293.00000 3.65000
294.00000 3.65000
295.00000 2.09000
296.00000 1.04000
297.00000 2.09000
298.00000 26.30000
299.00000 0.00000
