1.00000 13.87000
2.00000 11.78000
3.00000 12.82000
4.00000 14.39000
5.00000 21.00000
6.00000 14.91000
7.00000 14.91000
8.00000 22.00000
9.00000 26.70000
10.00000 28.30000
11.00000 29.80000
12.00000 22.50000
13.00000 12.82000
14.00000 12.82000
15.00000 13.34000
16.00000 13.34000
17.00000 10.74000
18.00000 12.82000
19.00000 3.13000
20.00000 12.82000
21.00000 14.91000
22.00000 12.82000
23.00000 14.91000
24.00000 13.34000
25.00000 12.30000
26.00000 13.34000
27.00000 12.82000
28.00000 12.82000
29.00000 13.34000
30.00000 12.82000
31.00000 14.39000
32.00000 13.87000
33.00000 13.34000
34.00000 13.34000
35.00000 12.82000
36.00000 12.82000
37.00000 11.26000
38.00000 12.30000
39.00000 11.26000
40.00000 3.13000
41.00000 10.74000
42.00000 11.26000
43.00000 11.78000
44.00000 10.74000
45.00000 11.78000
46.00000 12.30000
47.00000 11.26000
48.00000 2.09000
49.00000 0.00000
50.00000 29.30000
51.00000 12.82000
52.00000 11.78000
53.00000 12.30000
54.00000 13.87000
55.00000 13.87000
56.00000 11.78000
57.00000 11.26000
58.00000 11.26000
59.00000 11.26000
60.00000 12.30000
61.00000 11.26000
62.00000 3.13000
63.00000 10.74000
64.00000 11.26000
65.00000 12.30000
66.00000 12.30000
67.00000 13.87000
68.00000 13.34000
69.00000 13.34000
70.00000 12.82000
71.00000 13.34000
72.00000 13.34000
73.00000 12.82000
74.00000 14.39000
75.00000 13.34000
76.00000 13.34000
77.00000 12.30000
78.00000 13.34000
79.00000 12.82000
80.00000 14.39000
81.00000 13.87000
82.00000 13.34000
83.00000 4.69000
84.00000 13.87000
85.00000 11.78000
86.00000 14.39000
87.00000 13.34000
88.00000 20.40000
89.00000 20.40000
90.00000 13.87000
91.00000 13.34000
92.00000 14.91000
93.00000 13.34000
94.00000 13.87000
95.00000 13.87000
96.00000 14.39000
97.00000 12.82000
98.00000 21.50000
99.00000 13.87000
100.00000 13.34000
101.00000 13.87000
102.00000 14.39000
103.00000 14.91000
104.00000 10.22000
105.00000 11.77000
106.00000 13.87000
107.00000 13.87000
108.00000 12.30000
109.00000 12.82000
110.00000 11.78000
111.00000 12.30000
112.00000 12.82000
113.00000 12.30000
114.00000 12.82000
115.00000 12.82000
116.00000 12.82000
117.00000 11.78000
118.00000 11.78000
119.00000 11.78000
120.00000 11.78000
121.00000 12.82000
122.00000 13.87000
123.00000 13.34000
124.00000 13.87000
125.00000 14.91000
126.00000 4.17000
127.00000 14.39000
128.00000 14.39000
129.00000 14.39000
130.00000 13.87000
131.00000 12.30000
132.00000 12.30000
133.00000 12.82000
134.00000 12.30000
135.00000 12.30000
136.00000 12.30000
137.00000 11.78000
138.00000 3.65000
139.00000 0.52000
140.00000 36.90000
141.00000 12.82000
142.00000 11.78000
143.00000 13.87000
144.00000 13.34000
145.00000 11.78000
146.00000 12.30000
147.00000 3.65000
148.00000 12.82000
149.00000 13.34000
150.00000 13.87000
151.00000 14.91000
152.00000 21.50000
153.00000 12.30000
154.00000 14.39000
155.00000 14.91000
156.00000 21.00000
157.00000 14.91000
158.00000 14.91000
159.00000 22.00000
160.00000 21.00000
161.00000 14.91000
162.00000 14.39000
163.00000 14.91000
164.00000 14.39000
165.00000 14.39000
166.00000 14.91000
167.00000 14.39000
168.00000 3.65000
169.00000 12.30000
170.00000 14.39000
171.00000 13.87000
172.00000 13.34000
173.00000 14.39000
174.00000 14.39000
175.00000 13.34000
176.00000 14.39000
177.00000 12.82000
178.00000 12.30000
179.00000 13.87000
180.00000 12.30000
181.00000 13.87000
182.00000 13.87000
183.00000 12.82000
184.00000 13.87000
185.00000 13.34000
186.00000 10.74000
187.00000 11.78000
188.00000 11.78000
189.00000 12.82000
190.00000 3.13000
191.00000 12.30000
192.00000 12.82000
193.00000 12.82000
194.00000 13.34000
195.00000 13.34000
196.00000 12.30000
197.00000 13.34000
198.00000 11.78000
199.00000 12.30000
200.00000 12.30000
201.00000 12.30000
202.00000 10.74000
203.00000 0.52000
204.00000 0.52000
205.00000 35.90000
206.00000 12.82000
207.00000 12.30000
208.00000 11.78000
209.00000 11.26000
210.00000 12.82000
211.00000 10.21000
212.00000 13.87000
213.00000 14.91000
214.00000 10.21000
215.00000 10.74000
216.00000 2.09000
217.00000 0.00000
218.00000 1.04000
219.00000 39.50000
220.00000 13.34000
221.00000 14.39000
222.00000 13.87000
223.00000 14.39000
224.00000 13.34000
225.00000 13.34000
226.00000 4.69000
227.00000 0.52000
228.00000 39.50000
229.00000 14.91000
230.00000 14.91000
231.00000 14.39000
232.00000 4.17000
233.00000 14.39000
234.00000 20.40000
235.00000 21.00000
236.00000 20.40000
237.00000 21.50000
238.00000 21.00000
239.00000 20.40000
240.00000 14.91000
241.00000 14.39000
242.00000 14.91000
243.00000 13.87000
244.00000 14.91000
245.00000 14.39000
246.00000 14.91000
247.00000 14.91000
248.00000 14.91000
249.00000 13.87000
250.00000 13.87000
251.00000 20.40000
252.00000 13.87000
253.00000 20.40000
254.00000 10.21000
255.00000 14.91000
256.00000 21.00000
257.00000 14.39000
258.00000 14.91000
259.00000 20.40000
260.00000 13.87000
261.00000 14.39000
262.00000 14.91000
263.00000 14.91000
264.00000 14.39000
265.00000 14.39000
266.00000 14.91000
267.00000 21.00000
268.00000 14.91000
269.00000 14.91000
270.00000 14.39000
271.00000 14.39000
272.00000 14.39000
273.00000 14.39000
274.00000 14.39000
275.00000 4.69000
276.00000 14.39000
277.00000 13.87000
278.00000 14.91000
279.00000 13.87000
280.00000 14.39000
281.00000 13.87000
282.00000 14.91000
283.00000 14.39000
284.00000 13.87000
285.00000 21.00000
286.00000 14.39000
287.00000 13.87000
288.00000 14.39000
289.00000 14.91000
290.00000 20.40000
291.00000 14.39000
292.00000 14.39000
293.00000 13.87000
294.00000 14.91000
295.00000 13.87000
296.00000 11.26000
297.00000 11.25000
298.00000 28.10000
299.00000 12.30000
