1.00000 28.90000
2.00000 46.50000
3.00000 43.30000
4.00000 27.80000
5.00000 44.40000
6.00000 24.90000
7.00000 27.20000
8.00000 28.90000
9.00000 26.60000
10.00000 27.70000
11.00000 43.30000
12.00000 45.60000
13.00000 26.20000
14.00000 37.00000
15.00000 50.70000
16.00000 50.70000
17.00000 39.10000
18.00000 41.50000
19.00000 43.60000
20.00000 22.50000
21.00000 24.10000
22.00000 21.50000
23.00000 26.70000
24.00000 38.50000
25.00000 40.00000
26.00000 37.40000
27.00000 29.30000
28.00000 44.70000
29.00000 44.30000
30.00000 47.20000
31.00000 47.50000
32.00000 65.30000
33.00000 48.60000
34.00000 53.80000
35.00000 59.00000
36.00000 49.40000
37.00000 48.60000
38.00000 48.60000
39.00000 66.80000
40.00000 38.50000
41.00000 48.60000
42.00000 65.30000
43.00000 47.50000
44.00000 65.30000
45.00000 48.60000
46.00000 47.20000
47.00000 65.10000
48.00000 40.00000
49.00000 25.60000
50.00000 42.10000
51.00000 55.20000
52.00000 42.10000
53.00000 27.20000
54.00000 26.20000
55.00000 36.40000
56.00000 21.50000
57.00000 21.50000
58.00000 24.10000
59.00000 37.90000
60.00000 41.60000
61.00000 43.70000
62.00000 57.40000
63.00000 58.20000
64.00000 51.50000
65.00000 57.80000
66.00000 58.30000
67.00000 55.70000
68.00000 51.00000
69.00000 53.10000
70.00000 26.20000
71.00000 52.50000
72.00000 54.60000
73.00000 53.60000
74.00000 45.30000
75.00000 57.70000
76.00000 49.90000
77.00000 50.50000
78.00000 42.10000
79.00000 21.50000
80.00000 22.50000
81.00000 2.61000
82.00000 0.00000
83.00000 0.00000
84.00000 1.04000
85.00000 12.82000
86.00000 1.04000
87.00000 0.00000
88.00000 0.52000
89.00000 0.00000
90.00000 0.52000
91.00000 0.00000
92.00000 0.00000
93.00000 0.00000
94.00000 0.00000
95.00000 1.56000
96.00000 1.04000
97.00000 1.56000
98.00000 0.52000
99.00000 1.04000
100.00000 1.56000
101.00000 1.04000
102.00000 3.13000
103.00000 3.65000
104.00000 3.13000
105.00000 3.65000
106.00000 1.04000
107.00000 2.09000
108.00000 1.04000
109.00000 0.52000
110.00000 2.61000
111.00000 4.69000
112.00000 10.74000
113.00000 10.74000
114.00000 2.09000
115.00000 10.74000
116.00000 3.13000
117.00000 4.69000
118.00000 12.30000
119.00000 20.40000
120.00000 11.78000
121.00000 12.82000
122.00000 2.61000
123.00000 10.21000
124.00000 0.52000
125.00000 0.00000
126.00000 3.65000
127.00000 3.13000
128.00000 22.00000
129.00000 21.00000
130.00000 14.39000
131.00000 22.00000
132.00000 14.91000
133.00000 24.60000
134.00000 11.26000
135.00000 12.30000
136.00000 0.00000
137.00000 0.52000
138.00000 0.00000
139.00000 1.04000
140.00000 0.00000
141.00000 0.00000
142.00000 0.52000
143.00000 0.00000
144.00000 0.52000
145.00000 0.00000
146.00000 0.00000
147.00000 0.00000
148.00000 3.13000
149.00000 0.52000
150.00000 0.52000
151.00000 0.00000
152.00000 0.52000
153.00000 0.52000
154.00000 1.56000
155.00000 1.04000
156.00000 2.09000
157.00000 3.65000
158.00000 10.74000
159.00000 10.21000
160.00000 1.56000
161.00000 2.09000
162.00000 2.09000
163.00000 0.52000
164.00000 2.09000
165.00000 2.09000
166.00000 1.56000
167.00000 1.56000
168.00000 1.56000
169.00000 1.56000
170.00000 0.00000
171.00000 0.00000
172.00000 0.00000
173.00000 0.52000
174.00000 1.56000
175.00000 0.00000
176.00000 1.56000
177.00000 0.00000
178.00000 0.00000
179.00000 1.56000
180.00000 1.04000
181.00000 0.00000
182.00000 0.00000
183.00000 0.52000
184.00000 0.00000
185.00000 0.00000
186.00000 0.00000
187.00000 0.52000
188.00000 0.00000
189.00000 0.00000
190.00000 1.04000
191.00000 0.00000
192.00000 0.00000
193.00000 0.52000
194.00000 0.00000
195.00000 0.00000
196.00000 0.52000
197.00000 1.04000
198.00000 1.04000
199.00000 0.52000
200.00000 0.52000
201.00000 1.04000
202.00000 0.52000
203.00000 2.09000
204.00000 1.04000
205.00000 2.09000
206.00000 0.52000
207.00000 0.00000
208.00000 2.09000
209.00000 1.56000
210.00000 2.09000
211.00000 1.04000
212.00000 1.56000
213.00000 0.52000
214.00000 1.04000
215.00000 0.00000
216.00000 0.00000
217.00000 0.52000
218.00000 0.52000
219.00000 0.00000
220.00000 0.00000
221.00000 0.00000
222.00000 0.52000
223.00000 0.52000
224.00000 0.00000
225.00000 0.52000
226.00000 0.52000
227.00000 1.04000
228.00000 0.52000
229.00000 0.00000
230.00000 0.00000
231.00000 1.04000
232.00000 1.04000
233.00000 1.56000
234.00000 1.56000
235.00000 1.04000
236.00000 1.56000
237.00000 2.61000
238.00000 2.61000
239.00000 3.65000
240.00000 3.13000
241.00000 3.13000
242.00000 0.52000
243.00000 3.65000
244.00000 1.56000
245.00000 1.56000
246.00000 0.00000
247.00000 1.04000
248.00000 1.04000
249.00000 1.04000
250.00000 1.56000
251.00000 0.52000
252.00000 2.09000
253.00000 2.61000
254.00000 2.09000
255.00000 3.65000
256.00000 0.00000
257.00000 2.09000
258.00000 0.00000
259.00000 4.17000
260.00000 1.04000
261.00000 1.56000
262.00000 1.56000
263.00000 1.56000
264.00000 1.04000
265.00000 1.56000
266.00000 2.09000
267.00000 1.04000
268.00000 1.04000
269.00000 0.52000
270.00000 0.00000
271.00000 1.04000
272.00000 1.04000
273.00000 1.56000
274.00000 1.56000
275.00000 1.56000
276.00000 1.56000
277.00000 0.52000
278.00000 1.04000
279.00000 1.04000
280.00000 1.56000
281.00000 2.09000
282.00000 0.52000
283.00000 1.56000
284.00000 1.56000
285.00000 2.61000
286.00000 2.61000
287.00000 3.13000
288.00000 2.09000
289.00000 1.04000
290.00000 2.09000
291.00000 1.56000
292.00000 2.61000
293.00000 3.13000
294.00000 4.69000
295.00000 3.13000
296.00000 3.13000
297.00000 3.13000
298.00000 26.30000
299.00000 0.78000
