1.00000 0.16000
2.00000 0.52000
3.00000 0.00000
4.00000 0.52000
5.00000 0.00000
6.00000 0.00000
7.00000 0.52000
8.00000 0.00000
9.00000 0.52000
10.00000 0.00000
11.00000 0.52000
12.00000 0.00000
13.00000 0.00000
14.00000 0.52000
15.00000 0.00000
16.00000 0.52000
17.00000 0.00000
18.00000 0.00000
19.00000 1.04000
20.00000 0.00000
21.00000 1.04000
22.00000 1.04000
23.00000 0.52000
24.00000 0.00000
25.00000 0.52000
26.00000 0.52000
27.00000 0.52000
28.00000 0.00000
29.00000 0.52000
30.00000 1.04000
31.00000 1.56000
32.00000 2.09000
33.00000 2.09000
34.00000 1.56000
35.00000 1.56000
36.00000 1.04000
37.00000 0.00000
38.00000 0.52000
39.00000 0.00000
40.00000 0.00000
41.00000 0.00000
42.00000 0.52000
43.00000 0.00000
44.00000 0.00000
45.00000 0.00000
46.00000 0.00000
47.00000 0.00000
48.00000 0.00000
49.00000 0.00000
50.00000 0.52000
51.00000 0.00000
52.00000 0.00000
53.00000 0.00000
54.00000 0.00000
55.00000 0.00000
56.00000 0.00000
57.00000 0.00000
58.00000 0.00000
59.00000 0.00000
60.00000 0.52000
61.00000 0.00000
62.00000 0.00000
63.00000 0.00000
64.00000 0.52000
65.00000 0.00000
66.00000 0.52000
67.00000 0.52000
68.00000 0.52000
69.00000 0.52000
70.00000 1.04000
71.00000 0.00000
72.00000 0.52000
73.00000 0.52000
74.00000 1.04000
75.00000 0.52000
76.00000 0.00000
77.00000 0.52000
78.00000 0.52000
79.00000 2.09000
80.00000 1.56000
81.00000 1.56000
82.00000 0.52000
83.00000 1.04000
84.00000 1.56000
85.00000 1.04000
86.00000 1.56000
87.00000 1.56000
88.00000 0.52000
89.00000 1.04000
90.00000 1.04000
91.00000 1.04000
92.00000 1.04000
93.00000 1.04000
94.00000 2.09000
95.00000 2.09000
96.00000 1.04000
97.00000 0.52000
98.00000 1.56000
99.00000 1.04000
100.00000 2.09000
101.00000 2.09000
102.00000 1.04000
103.00000 1.04000
104.00000 1.56000
105.00000 2.61000
106.00000 3.65000
107.00000 3.65000
108.00000 2.09000
109.00000 2.09000
110.00000 1.56000
111.00000 0.00000
112.00000 0.00000
113.00000 1.04000
114.00000 0.00000
115.00000 0.00000
116.00000 0.00000
117.00000 0.00000
118.00000 0.00000
119.00000 0.52000
120.00000 0.00000
121.00000 0.52000
122.00000 0.52000
123.00000 0.52000
124.00000 0.00000
125.00000 0.00000
126.00000 0.52000
127.00000 0.52000
128.00000 0.00000
129.00000 0.52000
130.00000 1.04000
131.00000 0.00000
132.00000 0.00000
133.00000 0.00000
134.00000 0.00000
135.00000 0.52000
136.00000 0.52000
137.00000 0.00000
138.00000 0.00000
139.00000 0.52000
140.00000 1.04000
141.00000 2.61000
142.00000 2.61000
143.00000 3.65000
144.00000 3.13000
145.00000 0.00000
146.00000 1.04000
147.00000 0.00000
148.00000 0.52000
149.00000 2.61000
150.00000 1.04000
151.00000 0.52000
152.00000 0.00000
153.00000 0.52000
154.00000 1.56000
155.00000 0.52000
156.00000 0.52000
157.00000 0.52000
158.00000 1.04000
159.00000 1.56000
160.00000 0.00000
161.00000 0.00000
162.00000 2.09000
163.00000 1.56000
164.00000 1.56000
165.00000 1.04000
166.00000 3.65000
167.00000 2.61000
168.00000 1.04000
169.00000 0.52000
170.00000 2.09000
171.00000 2.61000
172.00000 3.65000
173.00000 0.00000
174.00000 0.52000
175.00000 0.00000
176.00000 0.52000
177.00000 1.04000
178.00000 0.52000
179.00000 0.00000
180.00000 0.52000
181.00000 0.00000
182.00000 4.17000
183.00000 2.61000
184.00000 2.61000
185.00000 4.17000
186.00000 3.13000
187.00000 0.52000
188.00000 2.09000
189.00000 3.13000
190.00000 0.52000
191.00000 0.52000
192.00000 0.00000
193.00000 0.00000
194.00000 0.00000
195.00000 0.00000
196.00000 0.52000
197.00000 1.56000
198.00000 2.09000
199.00000 1.04000
200.00000 0.52000
201.00000 0.52000
202.00000 0.52000
203.00000 0.52000
204.00000 1.56000
205.00000 0.00000
206.00000 0.00000
207.00000 0.00000
208.00000 0.52000
209.00000 0.52000
210.00000 0.00000
211.00000 0.52000
212.00000 0.00000
213.00000 0.00000
214.00000 0.00000
215.00000 0.00000
216.00000 0.00000
217.00000 0.00000
218.00000 0.00000
219.00000 0.00000
220.00000 0.00000
221.00000 0.00000
222.00000 0.00000
223.00000 0.00000
224.00000 0.00000
225.00000 0.00000
226.00000 0.00000
227.00000 0.00000
228.00000 0.00000
229.00000 0.00000
230.00000 0.00000
231.00000 0.00000
232.00000 0.00000
233.00000 0.00000
234.00000 0.00000
235.00000 0.00000
236.00000 0.00000
237.00000 0.00000
238.00000 0.00000
239.00000 0.00000
240.00000 0.00000
241.00000 0.00000
242.00000 0.00000
243.00000 0.00000
244.00000 0.00000
245.00000 0.00000
246.00000 0.00000
247.00000 0.52000
248.00000 1.04000
249.00000 1.04000
250.00000 2.09000
251.00000 1.56000
252.00000 0.00000
253.00000 0.52000
254.00000 0.52000
255.00000 0.00000
256.00000 1.04000
257.00000 0.00000
258.00000 0.00000
259.00000 1.04000
260.00000 0.00000
261.00000 0.00000
262.00000 0.52000
263.00000 0.00000
264.00000 0.00000
265.00000 0.52000
266.00000 0.52000
267.00000 1.56000
268.00000 2.61000
269.00000 3.13000
270.00000 3.13000
271.00000 3.65000
272.00000 4.69000
273.00000 2.09000
274.00000 4.69000
275.00000 2.09000
276.00000 10.74000
277.00000 3.65000
278.00000 1.56000
279.00000 2.61000
280.00000 0.52000
281.00000 3.13000
282.00000 2.09000
283.00000 0.00000
284.00000 2.61000
285.00000 1.56000
286.00000 1.56000
287.00000 1.56000
288.00000 1.04000
289.00000 1.04000
290.00000 0.52000
291.00000 2.09000
292.00000 0.52000
293.00000 2.09000
294.00000 1.56000
295.00000 0.52000
296.00000 0.00000
297.00000 1.04000
298.00000 0.52000
299.00000 0.52000
300.00000 1.04000
301.00000 0.00000
302.00000 0.52000
303.00000 0.00000
304.00000 0.52000
305.00000 0.52000
306.00000 0.00000
307.00000 0.00000
308.00000 0.52000
309.00000 1.56000
310.00000 2.61000
311.00000 3.13000
312.00000 4.69000
313.00000 4.69000
314.00000 0.52000
315.00000 4.17000
316.00000 2.09000
317.00000 2.09000
318.00000 2.09000
319.00000 1.56000
320.00000 2.09000
321.00000 2.61000
322.00000 1.04000
323.00000 2.61000
324.00000 3.65000
325.00000 3.13000
326.00000 13.87000
327.00000 28.10000
328.00000 11.78000
