1.00000 22.00000
2.00000 11.22000
3.00000 24.60000
4.00000 26.20000
5.00000 23.60000
6.00000 23.60000
7.00000 23.00000
8.00000 24.10000
9.00000 24.60000
10.00000 35.90000
11.00000 38.50000
12.00000 23.60000
13.00000 21.50000
14.00000 22.50000
15.00000 22.00000
16.00000 21.50000
17.00000 22.00000
18.00000 22.00000
19.00000 21.50000
20.00000 21.00000
21.00000 21.00000
22.00000 20.40000
23.00000 10.74000
24.00000 22.00000
25.00000 23.00000
26.00000 21.50000
27.00000 21.50000
28.00000 22.50000
29.00000 22.00000
30.00000 22.00000
31.00000 22.50000
32.00000 22.50000
33.00000 22.50000
34.00000 10.74000
35.00000 36.40000
36.00000 22.00000
37.00000 23.00000
38.00000 23.00000
39.00000 23.00000
40.00000 22.50000
41.00000 22.50000
42.00000 23.00000
43.00000 23.60000
44.00000 10.74000
45.00000 23.00000
46.00000 23.00000
47.00000 21.50000
48.00000 24.10000
49.00000 22.00000
50.00000 23.60000
51.00000 24.10000
52.00000 22.00000
53.00000 24.10000
54.00000 24.10000
55.00000 24.10000
56.00000 24.10000
57.00000 24.10000
58.00000 24.60000
59.00000 24.10000
60.00000 24.60000
61.00000 23.00000
62.00000 23.60000
63.00000 22.50000
64.00000 23.60000
65.00000 23.00000
66.00000 11.26000
67.00000 24.60000
68.00000 24.10000
69.00000 24.10000
70.00000 24.60000
71.00000 25.10000
72.00000 24.60000
73.00000 24.10000
74.00000 23.60000
75.00000 24.10000
76.00000 24.10000
77.00000 25.60000
78.00000 23.60000
79.00000 24.60000
80.00000 25.60000
81.00000 24.10000
82.00000 24.60000
83.00000 24.10000
84.00000 23.60000
85.00000 25.10000
86.00000 25.60000
87.00000 3.65000
88.00000 35.90000
89.00000 24.10000
90.00000 25.10000
91.00000 23.60000
92.00000 24.10000
93.00000 24.10000
94.00000 25.10000
95.00000 22.00000
96.00000 24.10000
97.00000 25.10000
98.00000 23.00000
99.00000 25.10000
100.00000 24.60000
101.00000 24.10000
102.00000 25.10000
103.00000 25.10000
104.00000 23.60000
105.00000 25.10000
106.00000 24.60000
107.00000 24.10000
108.00000 12.82000
109.00000 23.60000
110.00000 25.10000
111.00000 23.60000
112.00000 24.60000
113.00000 23.60000
114.00000 24.60000
115.00000 23.00000
116.00000 23.60000
117.00000 22.50000
118.00000 23.60000
119.00000 23.60000
120.00000 25.10000
121.00000 23.60000
122.00000 23.60000
123.00000 24.60000
124.00000 23.00000
125.00000 24.10000
126.00000 23.60000
127.00000 23.60000
128.00000 24.10000
129.00000 24.10000
130.00000 12.30000
131.00000 23.00000
132.00000 23.60000
133.00000 23.60000
134.00000 22.50000
135.00000 23.00000
136.00000 22.00000
137.00000 22.00000
138.00000 22.50000
139.00000 21.50000
140.00000 2.09000
141.00000 42.60000
142.00000 23.60000
143.00000 24.10000
144.00000 23.00000
145.00000 23.00000
146.00000 23.00000
147.00000 23.60000
148.00000 23.60000
149.00000 22.50000
150.00000 23.60000
151.00000 11.26000
152.00000 23.60000
153.00000 23.00000
154.00000 23.00000
155.00000 23.60000
156.00000 23.00000
157.00000 23.60000
158.00000 23.60000
159.00000 23.60000
160.00000 24.10000
161.00000 24.10000
162.00000 24.10000
163.00000 24.10000
164.00000 24.60000
165.00000 23.60000
166.00000 23.00000
167.00000 22.50000
168.00000 24.10000
169.00000 23.00000
170.00000 24.60000
171.00000 24.60000
172.00000 11.78000
173.00000 24.10000
174.00000 23.00000
175.00000 24.10000
176.00000 24.10000
177.00000 24.10000
178.00000 23.00000
179.00000 23.00000
180.00000 23.60000
181.00000 23.60000
182.00000 22.50000
183.00000 23.00000
184.00000 24.10000
185.00000 23.00000
186.00000 25.10000
187.00000 24.10000
188.00000 24.60000
189.00000 23.00000
190.00000 24.10000
191.00000 24.60000
192.00000 25.10000
193.00000 2.09000
194.00000 35.90000
195.00000 24.10000
196.00000 24.10000
197.00000 23.00000
198.00000 23.00000
199.00000 24.10000
200.00000 22.50000
201.00000 23.60000
202.00000 23.00000
203.00000 22.50000
204.00000 23.00000
205.00000 22.50000
206.00000 23.00000
207.00000 21.50000
208.00000 22.50000
209.00000 23.00000
210.00000 21.50000
211.00000 23.00000
212.00000 23.00000
213.00000 23.00000
214.00000 24.10000
215.00000 11.78000
216.00000 23.00000
217.00000 24.10000
218.00000 23.60000
219.00000 25.10000
220.00000 24.10000
221.00000 24.10000
222.00000 24.10000
223.00000 24.10000
224.00000 24.10000
225.00000 25.10000
226.00000 22.50000
227.00000 22.50000
228.00000 23.60000
229.00000 24.10000
230.00000 22.00000
231.00000 24.60000
232.00000 24.10000
233.00000 21.50000
234.00000 24.10000
235.00000 24.10000
236.00000 11.26000
237.00000 24.10000
238.00000 24.10000
239.00000 24.10000
240.00000 24.10000
241.00000 23.60000
242.00000 24.10000
243.00000 24.60000
244.00000 24.60000
245.00000 23.60000
246.00000 23.00000
247.00000 3.13000
248.00000 40.60000
249.00000 23.60000
250.00000 20.40000
251.00000 23.60000
252.00000 22.00000
253.00000 22.50000
254.00000 22.50000
255.00000 22.50000
256.00000 23.00000
257.00000 22.50000
258.00000 11.78000
259.00000 24.10000
260.00000 23.60000
261.00000 24.10000
262.00000 24.10000
263.00000 24.10000
264.00000 23.60000
265.00000 24.60000
266.00000 24.10000
267.00000 23.60000
268.00000 24.10000
269.00000 24.10000
270.00000 23.60000
271.00000 23.60000
272.00000 23.60000
273.00000 24.60000
274.00000 23.00000
275.00000 23.00000
276.00000 23.60000
277.00000 23.60000
278.00000 23.60000
279.00000 11.78000
280.00000 24.10000
281.00000 24.10000
282.00000 23.60000
283.00000 24.10000
284.00000 24.60000
285.00000 24.10000
286.00000 22.50000
287.00000 24.60000
288.00000 23.00000
289.00000 23.60000
290.00000 22.50000
291.00000 22.50000
292.00000 24.10000
293.00000 23.00000
294.00000 24.10000
295.00000 23.00000
296.00000 24.10000
297.00000 24.10000
298.00000 29.70000
299.00000 26.80000
