1.00000 2.61000
2.00000 3.13000
3.00000 10.21000
4.00000 12.30000
5.00000 10.21000
6.00000 3.13000
7.00000 3.65000
8.00000 1.56000
9.00000 1.04000
10.00000 2.09000
11.00000 1.04000
12.00000 1.56000
13.00000 2.61000
14.00000 1.04000
15.00000 2.61000
16.00000 2.61000
17.00000 1.56000
18.00000 0.52000
19.00000 2.09000
20.00000 3.13000
21.00000 2.09000
22.00000 3.13000
23.00000 2.09000
24.00000 2.61000
25.00000 3.13000
26.00000 2.61000
27.00000 3.65000
28.00000 4.17000
29.00000 2.09000
30.00000 2.09000
31.00000 0.52000
32.00000 0.52000
33.00000 1.04000
34.00000 1.56000
35.00000 0.00000
36.00000 0.00000
37.00000 2.61000
38.00000 1.04000
39.00000 1.04000
40.00000 1.04000
41.00000 2.09000
42.00000 2.09000
43.00000 2.09000
44.00000 2.09000
45.00000 3.65000
46.00000 4.69000
47.00000 13.34000
48.00000 14.91000
49.00000 22.50000
50.00000 20.40000
51.00000 21.50000
52.00000 14.91000
53.00000 22.00000
54.00000 14.39000
55.00000 14.91000
56.00000 14.39000
57.00000 12.30000
58.00000 14.39000
59.00000 14.39000
60.00000 21.00000
61.00000 14.91000
62.00000 10.74000
63.00000 13.86000
64.00000 14.39000
65.00000 13.34000
66.00000 14.91000
67.00000 2.09000
68.00000 12.82000
69.00000 13.34000
70.00000 13.34000
71.00000 12.30000
72.00000 14.91000
73.00000 12.82000
74.00000 10.21000
75.00000 11.78000
76.00000 11.78000
77.00000 11.78000
78.00000 4.69000
79.00000 11.26000
80.00000 10.21000
81.00000 10.74000
82.00000 10.74000
83.00000 14.91000
84.00000 2.61000
85.00000 13.34000
86.00000 11.26000
87.00000 11.78000
88.00000 21.00000
89.00000 20.40000
90.00000 10.74000
91.00000 12.82000
92.00000 11.26000
93.00000 21.00000
94.00000 13.34000
95.00000 12.30000
96.00000 14.39000
97.00000 14.91000
98.00000 21.00000
99.00000 14.91000
100.00000 12.30000
101.00000 14.39000
102.00000 14.39000
103.00000 12.82000
104.00000 21.00000
105.00000 4.69000
106.00000 21.00000
107.00000 13.87000
108.00000 11.78000
109.00000 12.30000
110.00000 14.91000
111.00000 14.39000
112.00000 13.34000
113.00000 14.39000
114.00000 13.87000
115.00000 4.17000
116.00000 26.20000
117.00000 13.34000
118.00000 12.30000
119.00000 14.91000
120.00000 12.82000
121.00000 10.21000
122.00000 23.00000
123.00000 13.34000
124.00000 20.40000
125.00000 14.91000
126.00000 11.26000
127.00000 3.13000
128.00000 26.70000
129.00000 21.50000
130.00000 22.50000
131.00000 21.50000
132.00000 21.50000
133.00000 21.00000
134.00000 13.34000
135.00000 21.00000
136.00000 12.82000
137.00000 21.50000
138.00000 13.34000
139.00000 13.87000
140.00000 14.91000
141.00000 13.34000
142.00000 21.50000
143.00000 11.26000
144.00000 13.34000
145.00000 11.78000
146.00000 13.87000
147.00000 12.30000
148.00000 0.52000
149.00000 21.50000
150.00000 12.82000
151.00000 3.65000
152.00000 12.30000
153.00000 11.78000
154.00000 11.26000
155.00000 4.17000
156.00000 14.91000
157.00000 12.82000
158.00000 4.69000
159.00000 4.69000
160.00000 12.82000
161.00000 14.39000
162.00000 10.74000
163.00000 10.74000
164.00000 12.30000
165.00000 11.26000
166.00000 10.74000
167.00000 4.69000
168.00000 3.65000
169.00000 2.61000
170.00000 3.13000
171.00000 4.69000
172.00000 2.09000
173.00000 4.69000
174.00000 3.13000
175.00000 1.56000
176.00000 0.52000
177.00000 2.61000
178.00000 3.65000
179.00000 3.13000
180.00000 4.69000
181.00000 12.30000
182.00000 22.50000
183.00000 11.26000
184.00000 4.17000
185.00000 23.00000
186.00000 22.00000
187.00000 22.00000
188.00000 12.82000
189.00000 14.39000
190.00000 3.65000
191.00000 10.74000
192.00000 13.87000
193.00000 20.40000
194.00000 14.91000
195.00000 12.82000
196.00000 13.87000
197.00000 13.87000
198.00000 14.91000
199.00000 13.34000
200.00000 12.82000
201.00000 11.26000
202.00000 12.82000
203.00000 13.34000
204.00000 11.26000
205.00000 12.82000
206.00000 10.74000
207.00000 14.91000
208.00000 3.65000
209.00000 3.13000
210.00000 4.69000
211.00000 13.87000
212.00000 2.61000
213.00000 10.21000
214.00000 1.56000
215.00000 11.26000
216.00000 10.21000
217.00000 10.21000
218.00000 11.26000
219.00000 11.78000
220.00000 10.21000
221.00000 4.17000
222.00000 4.17000
223.00000 11.26000
224.00000 12.30000
225.00000 12.30000
226.00000 12.82000
227.00000 12.30000
228.00000 14.91000
229.00000 25.10000
230.00000 23.00000
231.00000 23.60000
232.00000 20.40000
233.00000 4.69000
234.00000 4.69000
235.00000 27.70000
236.00000 4.69000
237.00000 27.70000
238.00000 10.21000
239.00000 21.50000
240.00000 10.21000
241.00000 14.91000
242.00000 11.26000
243.00000 4.69000
244.00000 11.26000
245.00000 4.17000
246.00000 13.87000
247.00000 13.34000
248.00000 14.91000
249.00000 20.40000
250.00000 13.34000
251.00000 12.82000
252.00000 14.39000
253.00000 10.74000
254.00000 10.21000
255.00000 10.74000
256.00000 11.78000
257.00000 14.91000
258.00000 14.39000
259.00000 12.82000
260.00000 21.00000
261.00000 10.21000
262.00000 4.69000
263.00000 13.87000
264.00000 12.30000
265.00000 10.74000
266.00000 20.40000
267.00000 11.78000
268.00000 11.78000
269.00000 12.30000
270.00000 4.17000
271.00000 4.69000
272.00000 12.30000
273.00000 4.17000
274.00000 4.69000
275.00000 11.78000
276.00000 4.17000
277.00000 11.78000
278.00000 3.65000
279.00000 4.17000
280.00000 12.82000
281.00000 12.30000
282.00000 13.34000
283.00000 3.13000
284.00000 4.69000
285.00000 10.74000
286.00000 12.30000
287.00000 13.34000
288.00000 14.91000
289.00000 14.39000
290.00000 12.30000
291.00000 13.87000
292.00000 21.50000
293.00000 20.40000
294.00000 23.00000
295.00000 13.34000
296.00000 23.00000
297.00000 4.69000
298.00000 27.10000
299.00000 4.17000
