1.00000 11.78000
2.00000 13.34000
3.00000 3.65000
4.00000 1.56000
5.00000 3.13000
6.00000 12.30000
7.00000 12.30000
8.00000 3.13000
9.00000 2.61000
10.00000 4.17000
11.00000 4.69000
12.00000 11.26000
13.00000 12.82000
14.00000 11.78000
15.00000 12.30000
16.00000 12.30000
17.00000 12.82000
18.00000 11.26000
19.00000 0.52000
20.00000 1.56000
21.00000 2.09000
22.00000 1.04000
23.00000 3.13000
24.00000 12.30000
25.00000 13.87000
26.00000 12.82000
27.00000 11.78000
28.00000 12.30000
29.00000 14.91000
30.00000 12.82000
31.00000 14.91000
32.00000 27.80000
33.00000 21.90000
34.00000 29.80000
35.00000 22.00000
36.00000 22.00000
37.00000 22.60000
38.00000 24.00000
39.00000 23.60000
40.00000 27.70000
41.00000 23.60000
42.00000 36.00000
43.00000 41.20000
44.00000 23.20000
45.00000 41.20000
46.00000 23.40000
47.00000 23.60000
48.00000 29.90000
49.00000 38.10000
50.00000 26.80000
51.00000 26.80000
52.00000 28.90000
53.00000 37.30000
54.00000 39.00000
55.00000 39.00000
56.00000 35.90000
57.00000 47.30000
58.00000 42.60000
59.00000 36.40000
60.00000 27.70000
61.00000 26.70000
62.00000 26.70000
63.00000 25.60000
64.00000 26.70000
65.00000 25.10000
66.00000 14.39000
67.00000 26.70000
68.00000 25.60000
69.00000 26.70000
70.00000 26.70000
71.00000 24.10000
72.00000 22.50000
73.00000 14.39000
74.00000 13.34000
75.00000 22.50000
76.00000 10.74000
77.00000 20.40000
78.00000 12.82000
79.00000 13.87000
80.00000 21.00000
81.00000 14.91000
82.00000 11.78000
83.00000 13.34000
84.00000 12.30000
85.00000 10.21000
86.00000 0.00000
87.00000 24.10000
88.00000 23.00000
89.00000 13.34000
90.00000 2.61000
91.00000 3.65000
92.00000 1.04000
93.00000 3.13000
94.00000 1.56000
95.00000 2.09000
96.00000 2.09000
97.00000 3.13000
98.00000 1.56000
99.00000 2.61000
100.00000 2.61000
101.00000 1.04000
102.00000 3.65000
103.00000 2.61000
104.00000 4.17000
105.00000 2.61000
106.00000 4.17000
107.00000 3.13000
108.00000 3.65000
109.00000 2.09000
110.00000 2.61000
111.00000 4.69000
112.00000 2.61000
113.00000 3.13000
114.00000 3.65000
115.00000 3.65000
116.00000 1.56000
117.00000 1.56000
118.00000 3.65000
119.00000 0.52000
120.00000 3.13000
121.00000 1.56000
122.00000 4.17000
123.00000 2.61000
124.00000 2.61000
125.00000 3.65000
126.00000 3.65000
127.00000 3.65000
128.00000 4.17000
129.00000 10.74000
130.00000 4.17000
131.00000 4.69000
132.00000 4.17000
133.00000 2.61000
134.00000 3.13000
135.00000 2.09000
136.00000 2.09000
137.00000 2.09000
138.00000 1.56000
139.00000 1.56000
140.00000 1.56000
141.00000 3.13000
142.00000 3.65000
143.00000 10.74000
144.00000 13.34000
145.00000 14.91000
146.00000 14.91000
147.00000 23.60000
148.00000 26.70000
149.00000 29.80000
150.00000 39.00000
151.00000 35.30000
152.00000 26.20000
153.00000 28.80000
154.00000 26.20000
155.00000 22.50000
156.00000 25.10000
157.00000 37.90000
158.00000 28.80000
159.00000 29.80000
160.00000 21.50000
161.00000 1.56000
162.00000 21.50000
163.00000 14.39000
164.00000 20.40000
165.00000 22.00000
166.00000 21.50000
167.00000 23.00000
168.00000 14.91000
169.00000 11.78000
170.00000 11.78000
171.00000 12.82000
172.00000 12.30000
173.00000 1.04000
174.00000 20.40000
175.00000 12.82000
176.00000 12.30000
177.00000 12.30000
178.00000 12.30000
179.00000 3.65000
180.00000 36.40000
181.00000 41.60000
182.00000 42.20000
183.00000 27.70000
184.00000 47.30000
185.00000 50.50000
186.00000 51.00000
187.00000 51.50000
188.00000 50.50000
189.00000 47.90000
190.00000 44.70000
191.00000 45.80000
192.00000 39.00000
193.00000 43.70000
194.00000 44.70000
195.00000 47.90000
196.00000 50.50000
197.00000 44.20000
198.00000 43.20000
199.00000 43.20000
200.00000 37.90000
201.00000 11.78000
202.00000 12.30000
203.00000 2.09000
204.00000 1.56000
205.00000 42.10000
206.00000 39.50000
207.00000 38.50000
208.00000 38.50000
209.00000 12.82000
210.00000 21.00000
211.00000 11.78000
212.00000 13.34000
213.00000 12.82000
214.00000 13.34000
215.00000 12.30000
216.00000 14.91000
217.00000 2.09000
218.00000 1.56000
219.00000 21.50000
220.00000 22.00000
221.00000 22.00000
222.00000 23.00000
223.00000 23.00000
224.00000 14.39000
225.00000 3.65000
226.00000 12.82000
227.00000 11.78000
228.00000 1.56000
229.00000 12.82000
230.00000 2.09000
231.00000 10.74000
232.00000 4.17000
233.00000 10.74000
234.00000 13.87000
235.00000 13.87000
236.00000 11.78000
237.00000 11.26000
238.00000 1.04000
239.00000 0.52000
240.00000 0.00000
241.00000 0.52000
242.00000 0.00000
243.00000 0.52000
244.00000 0.00000
245.00000 0.52000
246.00000 0.52000
247.00000 0.52000
248.00000 0.00000
249.00000 0.00000
250.00000 0.00000
251.00000 0.00000
252.00000 10.21000
253.00000 10.21000
254.00000 13.34000
255.00000 10.74000
256.00000 10.21000
257.00000 1.04000
258.00000 0.00000
259.00000 0.52000
260.00000 0.00000
261.00000 0.52000
262.00000 0.52000
263.00000 1.04000
264.00000 0.52000
265.00000 0.00000
266.00000 1.56000
267.00000 0.52000
268.00000 0.00000
269.00000 1.04000
270.00000 0.52000
271.00000 0.00000
272.00000 0.52000
273.00000 0.52000
274.00000 0.52000
275.00000 1.04000
276.00000 0.52000
277.00000 0.00000
278.00000 2.09000
279.00000 1.56000
280.00000 1.04000
281.00000 1.04000
282.00000 1.04000
283.00000 2.09000
284.00000 2.09000
285.00000 1.56000
286.00000 1.04000
287.00000 1.56000
288.00000 1.56000
289.00000 0.00000
290.00000 2.09000
291.00000 0.00000
292.00000 1.04000
293.00000 4.17000
294.00000 2.09000
295.00000 4.17000
296.00000 3.65000
297.00000 11.78000
298.00000 27.10000
299.00000 0.52000
