1.00000 22.60000
2.00000 23.60000
3.00000 26.00000
4.00000 25.60000
5.00000 26.20000
6.00000 25.60000
7.00000 26.20000
8.00000 25.10000
9.00000 24.60000
10.00000 27.20000
11.00000 38.50000
12.00000 22.00000
13.00000 10.74000
14.00000 21.50000
15.00000 23.60000
16.00000 23.00000
17.00000 22.50000
18.00000 22.00000
19.00000 22.50000
20.00000 21.50000
21.00000 23.00000
22.00000 23.60000
23.00000 22.00000
24.00000 22.00000
25.00000 21.50000
26.00000 22.50000
27.00000 23.00000
28.00000 22.50000
29.00000 23.00000
30.00000 22.50000
31.00000 23.00000
32.00000 21.50000
33.00000 22.50000
34.00000 10.74000
35.00000 22.00000
36.00000 22.00000
37.00000 23.00000
38.00000 22.00000
39.00000 23.60000
40.00000 23.60000
41.00000 3.65000
42.00000 37.90000
43.00000 22.50000
44.00000 23.60000
45.00000 23.60000
46.00000 23.60000
47.00000 23.60000
48.00000 22.50000
49.00000 23.00000
50.00000 23.00000
51.00000 22.00000
52.00000 24.10000
53.00000 22.50000
54.00000 22.00000
55.00000 22.00000
56.00000 11.26000
57.00000 23.00000
58.00000 23.00000
59.00000 23.60000
60.00000 23.60000
61.00000 24.60000
62.00000 23.00000
63.00000 23.60000
64.00000 22.00000
65.00000 23.00000
66.00000 21.50000
67.00000 21.50000
68.00000 22.00000
69.00000 20.40000
70.00000 20.40000
71.00000 21.50000
72.00000 22.00000
73.00000 21.50000
74.00000 21.00000
75.00000 21.50000
76.00000 22.00000
77.00000 10.74000
78.00000 21.00000
79.00000 22.50000
80.00000 22.50000
81.00000 23.00000
82.00000 23.60000
83.00000 23.00000
84.00000 23.00000
85.00000 23.60000
86.00000 22.00000
87.00000 23.00000
88.00000 21.50000
89.00000 21.50000
90.00000 23.00000
91.00000 22.50000
92.00000 23.00000
93.00000 22.50000
94.00000 22.00000
95.00000 21.00000
96.00000 22.50000
97.00000 11.26000
98.00000 22.50000
99.00000 13.87000
100.00000 2.09000
101.00000 41.60000
102.00000 21.00000
103.00000 22.50000
104.00000 21.50000
105.00000 21.00000
106.00000 20.40000
107.00000 21.50000
108.00000 21.00000
109.00000 22.00000
110.00000 22.50000
111.00000 22.00000
112.00000 22.00000
113.00000 22.50000
114.00000 21.50000
115.00000 22.00000
116.00000 22.00000
117.00000 22.50000
118.00000 11.26000
119.00000 21.50000
120.00000 14.91000
121.00000 22.00000
122.00000 21.00000
123.00000 14.91000
124.00000 21.50000
125.00000 20.40000
126.00000 21.50000
127.00000 21.50000
128.00000 22.50000
129.00000 23.00000
130.00000 22.00000
131.00000 21.50000
132.00000 22.00000
133.00000 21.50000
134.00000 22.50000
135.00000 22.00000
136.00000 14.91000
137.00000 20.40000
138.00000 20.40000
139.00000 20.40000
140.00000 10.74000
141.00000 21.00000
142.00000 20.40000
143.00000 21.00000
144.00000 21.00000
145.00000 14.39000
146.00000 20.40000
147.00000 21.00000
148.00000 20.40000
149.00000 22.00000
150.00000 20.40000
151.00000 21.50000
152.00000 22.00000
153.00000 22.00000
154.00000 22.00000
155.00000 21.00000
156.00000 21.00000
157.00000 21.50000
158.00000 21.50000
159.00000 21.50000
160.00000 22.00000
161.00000 11.78000
162.00000 20.40000
163.00000 11.78000
164.00000 27.20000
165.00000 22.00000
166.00000 13.87000
167.00000 20.40000
168.00000 13.87000
169.00000 20.40000
170.00000 14.91000
171.00000 14.91000
172.00000 21.00000
173.00000 22.00000
174.00000 22.00000
175.00000 22.00000
176.00000 22.50000
177.00000 22.50000
178.00000 22.00000
179.00000 22.50000
180.00000 21.00000
181.00000 22.00000
182.00000 10.74000
183.00000 20.40000
184.00000 14.91000
185.00000 20.40000
186.00000 14.91000
187.00000 22.00000
188.00000 21.00000
189.00000 22.00000
190.00000 22.50000
191.00000 23.00000
192.00000 22.00000
193.00000 22.00000
194.00000 22.00000
195.00000 22.00000
196.00000 23.60000
197.00000 23.00000
198.00000 24.10000
199.00000 24.10000
200.00000 22.50000
201.00000 22.00000
202.00000 22.50000
203.00000 22.50000
204.00000 11.78000
205.00000 22.00000
206.00000 24.60000
207.00000 23.60000
208.00000 25.10000
209.00000 24.60000
210.00000 22.50000
211.00000 23.60000
212.00000 23.00000
213.00000 22.50000
214.00000 22.00000
215.00000 21.00000
216.00000 21.50000
217.00000 20.40000
218.00000 20.40000
219.00000 21.50000
220.00000 21.00000
221.00000 20.40000
222.00000 21.00000
223.00000 22.00000
224.00000 11.26000
225.00000 0.52000
226.00000 37.90000
227.00000 22.00000
228.00000 21.50000
229.00000 21.00000
230.00000 20.40000
231.00000 14.91000
232.00000 21.50000
233.00000 13.34000
234.00000 14.91000
235.00000 14.39000
236.00000 20.40000
237.00000 22.50000
238.00000 20.40000
239.00000 14.91000
240.00000 14.39000
241.00000 14.91000
242.00000 22.00000
243.00000 22.50000
244.00000 21.50000
245.00000 21.50000
246.00000 10.74000
247.00000 21.00000
248.00000 21.50000
249.00000 20.40000
250.00000 22.50000
251.00000 20.40000
252.00000 21.00000
253.00000 23.60000
254.00000 21.50000
255.00000 21.50000
256.00000 20.40000
257.00000 14.39000
258.00000 14.91000
259.00000 14.91000
260.00000 14.39000
261.00000 13.87000
262.00000 21.00000
263.00000 21.50000
264.00000 20.40000
265.00000 20.40000
266.00000 14.39000
267.00000 14.39000
268.00000 4.69000
269.00000 12.82000
270.00000 20.40000
271.00000 20.40000
272.00000 14.91000
273.00000 14.39000
274.00000 14.91000
275.00000 14.91000
276.00000 20.40000
277.00000 14.39000
278.00000 11.26000
279.00000 14.91000
280.00000 20.40000
281.00000 22.00000
282.00000 21.50000
283.00000 23.00000
284.00000 21.00000
285.00000 21.50000
286.00000 23.00000
287.00000 22.00000
288.00000 22.50000
289.00000 11.26000
290.00000 21.50000
291.00000 22.50000
292.00000 14.39000
293.00000 1.04000
294.00000 37.40000
295.00000 21.00000
296.00000 22.00000
297.00000 22.00000
298.00000 29.40000
299.00000 26.40000
