1.00000 26.80000
2.00000 21.50000
3.00000 25.00000
4.00000 13.34000
5.00000 12.30000
6.00000 10.74000
7.00000 21.00000
8.00000 13.34000
9.00000 21.00000
10.00000 25.10000
11.00000 26.20000
12.00000 13.34000
13.00000 22.50000
14.00000 13.87000
15.00000 13.87000
16.00000 11.26000
17.00000 13.34000
18.00000 13.87000
19.00000 13.34000
20.00000 22.50000
21.00000 27.20000
22.00000 22.50000
23.00000 20.40000
24.00000 23.60000
25.00000 12.82000
26.00000 24.60000
27.00000 13.34000
28.00000 21.00000
29.00000 24.10000
30.00000 13.87000
31.00000 14.91000
32.00000 14.39000
33.00000 21.00000
34.00000 1.04000
35.00000 23.60000
36.00000 12.30000
37.00000 12.82000
38.00000 11.78000
39.00000 2.61000
40.00000 13.87000
41.00000 1.56000
42.00000 24.10000
43.00000 11.26000
44.00000 11.78000
45.00000 13.34000
46.00000 10.21000
47.00000 0.52000
48.00000 3.65000
49.00000 14.39000
50.00000 4.69000
51.00000 4.17000
52.00000 11.78000
53.00000 11.78000
54.00000 12.82000
55.00000 13.87000
56.00000 21.00000
57.00000 12.30000
58.00000 10.21000
59.00000 13.34000
60.00000 14.91000
61.00000 11.78000
62.00000 4.17000
63.00000 11.26000
64.00000 11.78000
65.00000 11.26000
66.00000 11.78000
67.00000 11.26000
68.00000 11.78000
69.00000 10.21000
70.00000 3.65000
71.00000 11.26000
72.00000 12.82000
73.00000 12.82000
74.00000 11.78000
75.00000 12.30000
76.00000 13.34000
77.00000 13.87000
78.00000 14.39000
79.00000 21.50000
80.00000 21.00000
81.00000 13.34000
82.00000 14.39000
83.00000 11.78000
84.00000 11.26000
85.00000 13.87000
86.00000 10.74000
87.00000 3.65000
88.00000 14.39000
89.00000 13.34000
90.00000 12.82000
91.00000 3.65000
92.00000 10.21000
93.00000 0.52000
94.00000 13.34000
95.00000 13.34000
96.00000 1.56000
97.00000 12.82000
98.00000 4.69000
99.00000 11.26000
100.00000 26.20000
101.00000 28.80000
102.00000 3.65000
103.00000 13.87000
104.00000 10.74000
105.00000 3.65000
106.00000 4.17000
107.00000 10.74000
108.00000 10.21000
109.00000 2.09000
110.00000 3.65000
111.00000 3.13000
112.00000 1.04000
113.00000 3.13000
114.00000 2.09000
115.00000 2.61000
116.00000 1.56000
117.00000 3.13000
118.00000 10.21000
119.00000 3.13000
120.00000 1.04000
121.00000 4.17000
122.00000 3.65000
123.00000 2.61000
124.00000 1.56000
125.00000 3.65000
126.00000 2.09000
127.00000 2.09000
128.00000 3.65000
129.00000 3.13000
130.00000 3.13000
131.00000 10.21000
132.00000 2.61000
133.00000 3.65000
134.00000 1.04000
135.00000 2.61000
136.00000 2.09000
137.00000 1.04000
138.00000 1.56000
139.00000 2.61000
140.00000 2.09000
141.00000 1.56000
142.00000 2.61000
143.00000 4.17000
144.00000 3.65000
145.00000 2.09000
146.00000 3.13000
147.00000 2.61000
148.00000 3.65000
149.00000 22.50000
150.00000 23.00000
151.00000 24.10000
152.00000 23.00000
153.00000 23.00000
154.00000 21.00000
155.00000 10.74000
156.00000 24.60000
157.00000 27.20000
158.00000 35.30000
159.00000 36.40000
160.00000 36.90000
161.00000 36.40000
162.00000 25.60000
163.00000 27.70000
164.00000 45.20000
165.00000 41.10000
166.00000 38.50000
167.00000 46.80000
168.00000 39.00000
169.00000 22.50000
170.00000 27.70000
171.00000 44.70000
172.00000 51.50000
173.00000 46.80000
174.00000 49.40000
175.00000 46.40000
176.00000 56.70000
177.00000 51.00000
178.00000 54.60000
179.00000 56.70000
180.00000 60.10000
181.00000 62.20000
182.00000 60.10000
183.00000 59.10000
184.00000 60.10000
185.00000 83.20000
186.00000 59.80000
187.00000 60.10000
188.00000 61.10000
189.00000 60.10000
190.00000 58.60000
191.00000 49.50000
192.00000 54.00000
193.00000 55.90000
194.00000 59.80000
195.00000 58.30000
196.00000 83.20000
197.00000 60.00000
198.00000 60.20000
199.00000 58.30000
200.00000 54.10000
201.00000 57.90000
202.00000 60.40000
203.00000 60.10000
204.00000 59.50000
205.00000 57.90000
206.00000 60.20000
207.00000 51.60000
208.00000 58.20000
209.00000 59.40000
210.00000 61.10000
211.00000 81.90000
212.00000 41.10000
213.00000 51.50000
214.00000 73.40000
215.00000 60.10000
216.00000 61.10000
217.00000 60.10000
218.00000 61.10000
219.00000 60.10000
220.00000 83.20000
221.00000 61.10000
222.00000 60.10000
223.00000 85.30000
224.00000 60.10000
225.00000 83.20000
226.00000 83.20000
227.00000 60.10000
228.00000 83.20000
229.00000 60.10000
230.00000 83.20000
231.00000 59.00000
232.00000 83.20000
233.00000 83.20000
234.00000 60.10000
235.00000 63.20000
236.00000 82.10000
237.00000 61.10000
238.00000 83.20000
239.00000 50.10000
240.00000 36.90000
241.00000 42.60000
242.00000 41.10000
243.00000 42.10000
244.00000 45.20000
245.00000 42.10000
246.00000 44.20000
247.00000 41.60000
248.00000 25.10000
249.00000 45.80000
250.00000 42.10000
251.00000 43.20000
252.00000 36.40000
253.00000 35.90000
254.00000 39.50000
255.00000 44.70000
256.00000 45.20000
257.00000 47.30000
258.00000 46.80000
259.00000 45.80000
260.00000 45.20000
261.00000 41.60000
262.00000 40.60000
263.00000 41.10000
264.00000 40.00000
265.00000 41.10000
266.00000 45.20000
267.00000 45.80000
268.00000 47.30000
269.00000 46.90000
270.00000 28.70000
271.00000 48.40000
272.00000 53.10000
273.00000 13.87000
274.00000 23.00000
275.00000 22.50000
276.00000 23.60000
277.00000 25.10000
278.00000 25.10000
279.00000 14.91000
280.00000 21.00000
281.00000 14.39000
282.00000 22.50000
283.00000 22.50000
284.00000 22.00000
285.00000 20.40000
286.00000 21.50000
287.00000 23.60000
288.00000 37.40000
289.00000 39.50000
290.00000 36.90000
291.00000 26.70000
292.00000 41.10000
293.00000 40.00000
294.00000 40.00000
295.00000 38.50000
296.00000 38.50000
297.00000 37.90000
298.00000 36.40000
299.00000 37.90000
