0.0 4.112
1.0 0.0
2.0 0.0
3.0 0.0
4.0 0.0
5.0 0.0
6.0 8.24
7.0 16.48
8.0 12.32
9.0 20.72
10.0 12.16
11.0 28.96
12.0 29.12
13.0 32.56
14.0 32.88
15.0 20.4
16.0 16.48
17.0 24.8
18.0 12.32
19.0 20.4
20.0 28.96
21.0 24.64
22.0 12.16
23.0 33.04
24.0 24.64
25.0 24.64
26.0 41.6
27.0 28.64
28.0 24.32
29.0 32.88
30.0 24.64
31.0 8.08
32.0 8.24
33.0 8.24
34.0 8.24
35.0 8.24
36.0 8.24
37.0 4.112
38.0 8.24
39.0 8.24
40.0 4.112
41.0 0.0
42.0 0.0
43.0 0.0
44.0 0.0
45.0 0.0
46.0 0.0
47.0 4.112
48.0 8.24
49.0 4.112
50.0 8.24
51.0 24.8
52.0 28.8
53.0 49.68
54.0 36.72
55.0 32.88
56.0 24.64
57.0 33.2
58.0 41.92
59.0 50.32
60.0 30.8
61.0 8.08
62.0 0.0
63.0 0.0
64.0 4.112
65.0 0.0
66.0 4.112
67.0 0.0
68.0 4.112
69.0 0.0
70.0 4.112
71.0 0.0
72.0 4.112
73.0 0.0
74.0 0.0
75.0 4.112
76.0 8.24
77.0 4.112
78.0 12.32
79.0 8.24
80.0 4.112
81.0 12.32
82.0 4.112
83.0 12.32
84.0 8.24
85.0 12.32
86.0 0.0
87.0 12.32
88.0 8.24
89.0 12.32
90.0 8.24
91.0 8.24
92.0 20.72
93.0 12.16
94.0 28.96
95.0 24.64
96.0 12.16
97.0 12.32
98.0 28.96
99.0 28.8
100.0 41.92
101.0 33.52
102.0 48.56
103.0 53.12
104.0 41.92
105.0 15.12
106.0 12.32
107.0 16.48
108.0 8.24
109.0 12.32
110.0 12.32
111.0 12.32
112.0 0.0
113.0 12.32
114.0 8.24
115.0 12.32
116.0 33.04
117.0 16.32
118.0 28.96
119.0 12.16
120.0 20.56
121.0 24.8
122.0 33.2
123.0 58.08
124.0 58.72
125.0 58.72
126.0 58.72
127.0 50.32
128.0 58.72
129.0 75.52
130.0 50.32
131.0 58.72
132.0 67.12
133.0 58.72
134.0 12.08
135.0 0.0
136.0 12.48
137.0 16.48
138.0 28.8
139.0 28.8
140.0 28.8
141.0 32.88
142.0 37.04
143.0 33.2
144.0 28.48
145.0 16.32
146.0 24.8
147.0 20.56
148.0 8.08
149.0 28.96
150.0 24.64
151.0 3.952
152.0 8.24
153.0 12.32
154.0 20.56
155.0 28.96
156.0 32.88
157.0 41.6
158.0 37.04
159.0 58.72
160.0 58.72
161.0 30.16
162.0 33.52
163.0 50.32
164.0 41.92
165.0 26.32
166.0 12.16
167.0 20.56
168.0 16.48
169.0 12.32
170.0 8.24
171.0 12.32
172.0 16.48
173.0 12.32
174.0 12.32
175.0 8.24
176.0 4.112
177.0 4.112
178.0 0.0
179.0 0.0
180.0 0.0
181.0 0.0
182.0 0.0
183.0 0.0
184.0 4.112
185.0 4.112
186.0 12.32
187.0 12.32
188.0 16.48
189.0 24.8
190.0 20.56
191.0 12.16
192.0 28.96
193.0 24.64
194.0 28.8
195.0 20.4
196.0 8.24
197.0 12.32
198.0 8.24
199.0 12.32
200.0 8.24
201.0 12.32
202.0 12.32
203.0 8.24
204.0 8.24
205.0 4.112
206.0 8.24
207.0 8.24
208.0 8.24
209.0 12.32
210.0 12.32
211.0 4.112
212.0 0.0
213.0 0.0
214.0 0.0
215.0 0.0
216.0 0.0
217.0 0.0
218.0 0.0
219.0 0.0
220.0 0.0
221.0 0.0
222.0 0.0
223.0 0.0
224.0 0.0
225.0 0.0
226.0 0.0
227.0 0.0
228.0 0.0
229.0 0.0
230.0 0.0
231.0 0.0
232.0 0.0
233.0 0.0
234.0 0.0
235.0 0.0
236.0 0.0
237.0 0.0
238.0 0.0
239.0 0.0
240.0 0.0
241.0 0.0
242.0 0.0
243.0 0.0
244.0 0.0
245.0 0.0
246.0 0.0
247.0 0.0
248.0 0.0
249.0 0.0
