0.0 50.32
1.0 67.12
2.0 67.12
3.0 67.12
4.0 50.32
5.0 50.32
6.0 33.52
7.0 50.32
8.0 50.32
9.0 33.52
10.0 41.92
11.0 50.32
12.0 58.72
13.0 26.4
14.0 32.88
15.0 33.52
16.0 33.52
17.0 31.28
18.0 53.76
19.0 33.52
20.0 40.0
21.0 12.32
22.0 4.112
23.0 4.112
24.0 4.112
25.0 8.24
26.0 0.0
27.0 8.24
28.0 4.112
29.0 4.112
30.0 4.112
31.0 4.112
32.0 0.0
33.0 0.0
34.0 4.112
35.0 4.112
36.0 8.24
37.0 24.8
38.0 20.56
39.0 24.64
40.0 28.8
41.0 33.52
42.0 33.52
43.0 31.92
44.0 32.56
45.0 32.88
46.0 33.52
47.0 32.24
48.0 32.88
49.0 24.64
50.0 32.88
51.0 3.952
52.0 58.72
53.0 67.12
54.0 67.12
55.0 58.72
56.0 92.0
57.0 92.0
58.0 84.0
59.0 92.0
60.0 100.8
61.0 92.0
62.0 75.52
63.0 67.12
64.0 92.0
65.0 45.52
66.0 24.8
67.0 3.952
68.0 33.04
69.0 50.0
70.0 41.92
71.0 33.52
72.0 26.64
73.0 28.8
74.0 28.8
75.0 41.6
76.0 33.52
77.0 19.28
78.0 24.8
79.0 24.64
80.0 16.32
81.0 24.8
82.0 28.8
83.0 28.8
84.0 24.64
85.0 3.952
86.0 0.0
87.0 0.0
88.0 0.0
89.0 0.0
90.0 24.8
91.0 24.64
92.0 12.32
93.0 45.92
94.0 33.52
95.0 35.68
96.0 3.952
97.0 0.0
98.0 0.0
99.0 4.112
100.0 4.112
101.0 4.112
102.0 4.112
103.0 4.112
104.0 4.112
105.0 8.24
106.0 8.24
107.0 8.24
108.0 8.24
109.0 4.112
110.0 4.112
111.0 4.112
112.0 12.32
113.0 16.48
114.0 24.8
115.0 24.64
116.0 28.8
117.0 16.32
118.0 12.32
119.0 16.48
120.0 16.48
121.0 16.48
122.0 33.04
123.0 16.32
124.0 28.96
125.0 16.32
126.0 8.24
127.0 33.04
128.0 20.56
129.0 16.32
130.0 28.96
131.0 24.64
132.0 16.48
133.0 54.32
134.0 33.52
135.0 23.04
136.0 20.56
137.0 4.112
138.0 0.0
139.0 0.0
140.0 0.0
141.0 0.0
142.0 0.0
143.0 12.32
144.0 33.04
145.0 12.16
146.0 4.112
147.0 0.0
148.0 4.112
149.0 12.32
150.0 0.0
151.0 4.112
152.0 24.8
153.0 3.952
154.0 16.48
155.0 16.48
156.0 20.72
157.0 24.64
158.0 28.8
159.0 33.52
160.0 33.52
161.0 27.52
162.0 28.8
163.0 24.64
164.0 8.08
165.0 16.48
166.0 24.8
167.0 12.16
168.0 20.56
169.0 28.96
170.0 12.16
171.0 28.96
172.0 28.8
173.0 32.88
174.0 29.12
175.0 50.32
176.0 33.52
177.0 58.72
178.0 33.52
179.0 58.72
180.0 28.32
181.0 33.52
182.0 50.32
183.0 58.72
184.0 33.52
185.0 41.52
186.0 24.64
187.0 24.64
188.0 16.32
189.0 16.48
190.0 28.96
191.0 24.64
192.0 12.32
193.0 28.8
194.0 24.64
195.0 12.16
196.0 20.56
197.0 16.48
198.0 12.32
199.0 4.112
200.0 4.112
201.0 0.0
202.0 4.112
203.0 4.112
204.0 4.112
205.0 4.112
206.0 0.0
207.0 0.0
208.0 0.0
209.0 0.0
210.0 0.0
211.0 4.112
212.0 0.0
213.0 0.0
214.0 4.112
215.0 0.0
216.0 4.112
217.0 8.24
218.0 8.24
219.0 4.112
220.0 0.0
221.0 0.0
222.0 0.0
223.0 0.0
224.0 0.0
225.0 0.0
226.0 0.0
227.0 4.112
228.0 8.24
229.0 4.112
230.0 0.0
231.0 0.0
232.0 4.112
233.0 4.112
234.0 4.112
235.0 4.112
236.0 12.32
237.0 16.48
238.0 16.48
239.0 12.32
240.0 16.48
241.0 16.64
242.0 20.56
243.0 8.08
244.0 12.32
245.0 12.32
246.0 8.24
247.0 24.8
248.0 20.56
249.0 12.16
