0.00000 0.45840
5.00000 0.25586
10.00000 0.43651
15.00000 0.00000
20.00000 0.37417
25.00000 0.26411
30.00000 0.55078
35.00000 0.54510
40.00000 0.55345
45.00000 0.55331
50.00000 0.54824
55.00000 0.48057
60.00000 0.40237
65.00000 0.53788
70.00000 0.53683
75.00000 0.52101
80.00000 0.28797
85.00000 0.54527
90.00000 0.54362
95.00000 0.54007
100.00000 0.55091
105.00000 0.53787
110.00000 0.54027
115.00000 0.54542
120.00000 0.55294
125.00000 0.57532
130.00000 0.56996
135.00000 0.50722
140.00000 0.58348
145.00000 0.58868
150.00000 0.58487
155.00000 0.58248
160.00000 0.58157
165.00000 0.57368
170.00000 0.55921
175.00000 0.57383
180.00000 0.56866
185.00000 0.55962
190.00000 0.57666
195.00000 0.58287
200.00000 0.58160
205.00000 0.57103
210.00000 0.57589
215.00000 0.55684
220.00000 0.57708
225.00000 0.56283
230.00000 0.57185
235.00000 0.57342
240.00000 0.58661
245.00000 0.57638
250.00000 0.58742
255.00000 0.58780
260.00000 0.58326
265.00000 0.58540
270.00000 0.58758
275.00000 0.56872
280.00000 0.58001
285.00000 0.58387
290.00000 0.54344
295.00000 0.54674
300.00000 0.58268
305.00000 0.57326
310.00000 0.57950
315.00000 0.58280
320.00000 0.57808
