0.00000 0.58239
5.00000 0.41448
10.00000 0.60094
15.00000 0.58934
20.00000 0.61436
25.00000 0.60463
30.00000 0.61164
35.00000 0.61723
40.00000 0.61642
45.00000 0.60938
50.00000 0.61847
55.00000 0.44682
60.00000 0.53345
65.00000 0.61819
70.00000 0.61327
75.00000 0.49308
80.00000 0.61680
85.00000 0.61790
90.00000 0.61274
95.00000 0.61208
100.00000 0.58330
105.00000 0.61625
110.00000 0.59858
115.00000 0.60671
120.00000 0.00000
125.00000 0.57127
130.00000 0.16437
135.00000 0.57030
140.00000 0.59954
145.00000 0.61534
150.00000 0.61926
155.00000 0.60932
160.00000 0.61398
165.00000 0.60891
170.00000 0.53448
175.00000 0.61100
180.00000 0.38322
185.00000 0.54603
190.00000 0.61270
195.00000 0.58736
200.00000 0.58685
205.00000 0.46633
210.00000 0.61341
215.00000 0.60467
220.00000 0.61385
225.00000 0.62122
230.00000 0.62337
235.00000 0.62258
240.00000 0.61598
245.00000 0.61738
250.00000 0.61451
255.00000 0.62411
260.00000 0.61993
265.00000 0.62466
270.00000 0.62391
275.00000 0.62434
280.00000 0.61465
285.00000 0.62431
290.00000 0.62214
295.00000 0.60582
300.00000 0.62398
305.00000 0.62362
310.00000 0.61891
315.00000 0.62617
320.00000 0.62137
