0.00000 1.06800
1.00000 1.08000
2.00000 1.06800
3.00000 1.08000
4.00000 1.06800
5.00000 1.23600
6.00000 1.22400
7.00000 1.23600
8.00000 1.23600
9.00000 1.23600
10.00000 1.23600
11.00000 1.24800
12.00000 1.24800
13.00000 1.23600
14.00000 1.24800
15.00000 1.22400
16.00000 1.23600
17.00000 1.22400
18.00000 1.23600
19.00000 1.22400
20.00000 1.18800
21.00000 1.18800
22.00000 1.18800
23.00000 1.18800
24.00000 1.18800
25.00000 1.23600
26.00000 1.23600
27.00000 1.23600
28.00000 1.22400
29.00000 1.23600
30.00000 1.24800
31.00000 1.24800
32.00000 1.24800
33.00000 1.24800
34.00000 1.26000
35.00000 1.21200
36.00000 1.22400
37.00000 1.22400
38.00000 1.22400
39.00000 1.22400
40.00000 1.20000
41.00000 1.22400
42.00000 1.21200
43.00000 1.22400
44.00000 1.21200
45.00000 1.21200
46.00000 1.21200
47.00000 1.21200
48.00000 1.21200
49.00000 1.22400
50.00000 1.18800
51.00000 1.18800
52.00000 1.20000
53.00000 1.20000
54.00000 1.18800
55.00000 1.18800
56.00000 1.18800
57.00000 1.18800
58.00000 1.20000
59.00000 1.18800
60.00000 1.21200
61.00000 1.21200
62.00000 1.20000
63.00000 1.21200
64.00000 1.21200
65.00000 0.52800
66.00000 0.51600
67.00000 0.52800
68.00000 0.51600
69.00000 0.51600
70.00000 0.52800
71.00000 0.51600
72.00000 0.52800
73.00000 0.52800
74.00000 0.51600
75.00000 0.62400
76.00000 0.61200
77.00000 0.62400
78.00000 0.61200
79.00000 0.62400
80.00000 0.60000
81.00000 0.61200
82.00000 0.61200
83.00000 0.61200
84.00000 0.61200
85.00000 0.62400
86.00000 0.62400
87.00000 0.62400
88.00000 0.62400
89.00000 0.61200
90.00000 0.61200
91.00000 0.60000
92.00000 0.61200
93.00000 0.60000
94.00000 0.61200
95.00000 0.61200
96.00000 0.61200
97.00000 0.61200
98.00000 0.62400
99.00000 0.61200
100.00000 0.61200
101.00000 0.62400
102.00000 0.62400
103.00000 0.62400
104.00000 0.61200
105.00000 0.62400
106.00000 0.62400
107.00000 0.62400
108.00000 0.62400
109.00000 0.62400
110.00000 0.52800
111.00000 0.55200
112.00000 0.54000
113.00000 0.54000
114.00000 0.54000
115.00000 0.63600
116.00000 0.62400
117.00000 0.63600
118.00000 0.62400
119.00000 0.63600
120.00000 0.61200
121.00000 0.62400
122.00000 0.62400
123.00000 0.62400
124.00000 0.62400
125.00000 0.54000
126.00000 0.55200
127.00000 0.55200
128.00000 0.55200
129.00000 0.55200
130.00000 0.60000
131.00000 0.62400
132.00000 0.61200
133.00000 0.61200
134.00000 0.61200
135.00000 0.62400
136.00000 0.62400
137.00000 0.62400
138.00000 0.62400
139.00000 0.62400
140.00000 0.60000
141.00000 0.60000
142.00000 0.61200
143.00000 0.61200
144.00000 0.60000
145.00000 0.61200
146.00000 0.61200
147.00000 0.60000
148.00000 0.61200
149.00000 0.61200
150.00000 0.61200
151.00000 0.63600
152.00000 0.62400
153.00000 0.62400
154.00000 0.62400
155.00000 0.60000
156.00000 0.60000
157.00000 0.61200
158.00000 0.60000
159.00000 0.61200
160.00000 0.60000
161.00000 0.61200
162.00000 0.61200
163.00000 0.61200
164.00000 0.61200
165.00000 0.60000
166.00000 0.61200
167.00000 0.60000
168.00000 0.61200
169.00000 0.61200
170.00000 0.60000
171.00000 0.62400
172.00000 0.61200
173.00000 0.61200
174.00000 0.62400
175.00000 0.60000
176.00000 0.61200
177.00000 0.61200
178.00000 0.61200
179.00000 0.60000
180.00000 0.61200
181.00000 0.61200
182.00000 0.61200
183.00000 0.61200
184.00000 0.61200
185.00000 0.62400
186.00000 0.61200
187.00000 0.61200
188.00000 0.62400
189.00000 0.61200
190.00000 0.60000
191.00000 0.61200
192.00000 0.62400
193.00000 0.61200
194.00000 0.61200
195.00000 0.58800
196.00000 0.60000
197.00000 0.60000
198.00000 0.61200
199.00000 0.60000
200.00000 0.60000
201.00000 0.60000
202.00000 0.60000
203.00000 0.61200
204.00000 0.60000
205.00000 0.61200
206.00000 0.61200
207.00000 0.62400
208.00000 0.61200
209.00000 0.61200
210.00000 0.60000
211.00000 0.61200
212.00000 0.60000
213.00000 0.61200
214.00000 0.61200
215.00000 0.60000
216.00000 0.62400
217.00000 0.61200
218.00000 0.62400
219.00000 0.61200
220.00000 0.61200
221.00000 0.62400
222.00000 0.62400
223.00000 0.62400
224.00000 0.62400
225.00000 0.62400
226.00000 0.62400
227.00000 0.62400
228.00000 0.63600
229.00000 0.62400
230.00000 0.63600
231.00000 0.62400
232.00000 0.62400
233.00000 0.63600
234.00000 0.62400
235.00000 0.60000
236.00000 0.60000
237.00000 0.60000
238.00000 0.61200
239.00000 0.60000
240.00000 0.61200
241.00000 0.62400
242.00000 0.61200
243.00000 0.61200
244.00000 0.62400
245.00000 0.58800
246.00000 0.60000
247.00000 0.60000
248.00000 0.60000
249.00000 0.60000
250.00000 0.62400
251.00000 0.61200
252.00000 0.62400
253.00000 0.62400
254.00000 0.61200
255.00000 0.62400
256.00000 0.63600
257.00000 0.62400
258.00000 0.63600
259.00000 0.62400
260.00000 0.61200
261.00000 0.62400
262.00000 0.62400
263.00000 0.63600
264.00000 0.62400
265.00000 0.62400
266.00000 0.62400
267.00000 0.62400
268.00000 0.63600
269.00000 0.62400
270.00000 0.61200
271.00000 0.62400
272.00000 0.61200
273.00000 0.61200
274.00000 0.62400
275.00000 0.60000
276.00000 0.61200
277.00000 0.61200
278.00000 0.61200
279.00000 0.60000
280.00000 0.61200
281.00000 0.61200
282.00000 0.61200
283.00000 0.61200
284.00000 0.61200
285.00000 0.58800
286.00000 0.61200
287.00000 0.60000
288.00000 0.60000
289.00000 0.61200
290.00000 0.60000
291.00000 0.62400
292.00000 0.61200
293.00000 0.61200
294.00000 0.62400
295.00000 0.60000
296.00000 0.61200
297.00000 0.60000
298.00000 0.61200
299.00000 0.61200
300.00000 0.60000
301.00000 0.61200
302.00000 0.61200
303.00000 0.61200
304.00000 0.61200
305.00000 0.62400
306.00000 0.62400
307.00000 0.62400
308.00000 0.63600
309.00000 0.62400
310.00000 0.61200
311.00000 0.63600
312.00000 0.62400
313.00000 0.62400
314.00000 0.63600
315.00000 0.61200
316.00000 0.61200
317.00000 0.62400
318.00000 0.61200
