0.00000 2.26800
1.00000 2.25600
2.00000 2.25600
3.00000 2.26800
4.00000 2.25600
5.00000 2.38800
6.00000 2.38800
7.00000 2.40000
8.00000 2.38800
9.00000 2.40000
10.00000 0.76800
11.00000 0.78000
12.00000 0.78000
13.00000 0.78000
14.00000 0.76800
15.00000 2.50800
16.00000 2.50800
17.00000 2.50800
18.00000 2.50800
19.00000 2.50800
20.00000 0.96000
21.00000 0.96000
22.00000 0.97200
23.00000 0.97200
24.00000 0.96000
25.00000 2.41200
26.00000 2.42400
27.00000 2.41200
28.00000 2.42400
29.00000 2.42400
30.00000 0.93600
31.00000 0.94800
32.00000 0.94800
33.00000 0.93600
34.00000 0.94800
35.00000 0.69600
36.00000 0.70800
37.00000 0.70800
38.00000 0.70800
39.00000 0.70800
40.00000 2.62800
41.00000 2.62800
42.00000 2.64000
43.00000 2.64000
44.00000 2.62800
45.00000 2.53200
46.00000 2.53200
47.00000 2.53200
48.00000 2.53200
49.00000 2.54400
50.00000 2.66400
51.00000 2.66400
52.00000 2.67600
53.00000 2.66400
54.00000 2.67600
55.00000 2.73600
56.00000 2.73600
57.00000 2.74800
58.00000 2.74800
59.00000 2.73600
60.00000 2.70000
61.00000 2.70000
62.00000 2.70000
63.00000 2.71200
64.00000 2.70000
65.00000 2.28000
66.00000 2.29200
67.00000 2.29200
68.00000 2.28000
69.00000 2.29200
70.00000 1.45200
71.00000 1.45200
72.00000 1.46400
73.00000 1.45200
74.00000 1.46400
75.00000 2.22000
76.00000 2.22000
77.00000 2.23200
78.00000 2.23200
79.00000 2.22000
80.00000 2.74800
81.00000 2.74800
82.00000 2.76000
83.00000 2.76000
84.00000 2.74800
85.00000 0.91200
86.00000 0.91200
87.00000 0.91200
88.00000 0.92400
89.00000 0.91200
90.00000 2.66400
91.00000 2.67600
92.00000 2.66400
93.00000 2.67600
94.00000 2.67600
95.00000 2.41200
96.00000 2.42400
97.00000 2.41200
98.00000 2.42400
99.00000 2.41200
100.00000 2.14800
101.00000 2.14800
102.00000 2.14800
103.00000 2.14800
104.00000 2.14800
105.00000 2.59200
106.00000 2.60400
107.00000 2.60400
108.00000 2.60400
109.00000 2.60400
110.00000 2.79600
111.00000 2.79600
112.00000 2.80800
113.00000 2.79600
114.00000 2.80800
115.00000 2.52000
116.00000 2.53200
117.00000 2.53200
118.00000 2.53200
119.00000 2.52000
120.00000 2.35200
121.00000 2.35200
122.00000 2.34000
123.00000 2.35200
124.00000 2.35200
125.00000 2.06400
126.00000 2.06400
127.00000 2.07600
128.00000 2.07600
129.00000 2.06400
130.00000 1.33200
131.00000 1.34400
132.00000 1.34400
133.00000 1.33200
134.00000 1.34400
135.00000 1.15200
136.00000 1.15200
137.00000 1.16400
138.00000 1.15200
139.00000 1.16400
140.00000 0.72000
141.00000 0.73200
142.00000 0.73200
143.00000 0.73200
144.00000 0.73200
145.00000 1.47600
146.00000 1.47600
147.00000 1.47600
148.00000 1.47600
149.00000 1.47600
150.00000 2.04000
151.00000 2.04000
152.00000 2.05200
153.00000 2.04000
154.00000 2.05200
155.00000 0.66000
156.00000 0.66000
157.00000 0.66000
158.00000 0.66000
159.00000 0.66000
160.00000 2.53200
161.00000 2.54400
162.00000 2.54400
163.00000 2.54400
164.00000 2.54400
165.00000 0.70800
166.00000 0.69600
167.00000 0.69600
168.00000 0.70800
169.00000 0.69600
170.00000 2.42400
171.00000 2.42400
172.00000 2.42400
173.00000 2.42400
174.00000 2.43600
175.00000 2.31600
176.00000 2.34000
177.00000 2.32800
178.00000 2.32800
179.00000 2.32800
180.00000 0.97200
181.00000 0.97200
182.00000 0.97200
183.00000 0.98400
184.00000 0.97200
185.00000 0.10800
186.00000 0.10800
187.00000 0.10800
188.00000 0.12000
189.00000 0.10800
190.00000 1.17600
191.00000 1.18800
192.00000 1.18800
193.00000 1.18800
194.00000 1.17600
195.00000 1.08000
196.00000 1.08000
197.00000 1.08000
198.00000 1.08000
199.00000 1.08000
200.00000 0.96000
201.00000 0.96000
202.00000 0.96000
203.00000 0.96000
204.00000 0.97200
205.00000 2.83200
206.00000 2.84400
207.00000 2.84400
208.00000 2.84400
209.00000 2.83200
210.00000 1.03200
211.00000 1.02000
212.00000 1.02000
213.00000 1.03200
214.00000 1.02000
215.00000 3.00000
216.00000 3.01200
217.00000 3.00000
218.00000 3.01200
219.00000 3.01200
220.00000 0.46800
221.00000 0.48000
222.00000 0.46800
223.00000 0.48000
224.00000 0.46800
225.00000 0.92400
226.00000 0.93600
227.00000 0.92400
228.00000 0.93600
229.00000 0.92400
230.00000 2.61600
231.00000 2.61600
232.00000 2.62800
233.00000 2.61600
234.00000 2.62800
235.00000 2.30400
236.00000 2.31600
237.00000 2.30400
238.00000 2.31600
239.00000 2.31600
240.00000 0.96000
241.00000 0.96000
242.00000 0.96000
243.00000 0.97200
244.00000 0.96000
245.00000 1.36800
246.00000 1.36800
247.00000 1.36800
248.00000 1.38000
249.00000 1.36800
250.00000 2.83200
251.00000 2.84400
252.00000 2.84400
253.00000 2.84400
254.00000 2.84400
255.00000 2.70000
256.00000 2.68800
257.00000 2.70000
258.00000 2.68800
259.00000 2.70000
260.00000 1.02000
261.00000 1.03200
262.00000 1.03200
263.00000 1.03200
264.00000 1.03200
265.00000 0.86400
266.00000 0.87600
267.00000 0.87600
268.00000 0.87600
269.00000 0.87600
270.00000 0.81600
271.00000 0.81600
272.00000 0.81600
273.00000 0.81600
274.00000 0.81600
275.00000 0.86400
276.00000 0.87600
277.00000 0.87600
278.00000 0.86400
279.00000 0.87600
280.00000 2.55600
281.00000 2.55600
282.00000 2.55600
283.00000 2.56800
284.00000 2.55600
285.00000 0.94800
286.00000 0.96000
287.00000 0.96000
288.00000 0.94800
289.00000 0.96000
290.00000 2.70000
291.00000 2.70000
292.00000 2.71200
293.00000 2.70000
294.00000 2.71200
295.00000 0.93600
296.00000 0.93600
297.00000 0.93600
298.00000 0.93600
299.00000 0.93600
300.00000 2.25600
301.00000 2.26800
302.00000 2.26800
303.00000 2.26800
304.00000 2.26800
305.00000 2.47200
306.00000 2.47200
307.00000 2.48400
308.00000 2.48400
309.00000 2.47200
310.00000 2.70000
311.00000 2.72400
312.00000 2.71200
313.00000 2.71200
314.00000 2.71200
315.00000 1.46400
316.00000 1.46400
317.00000 1.45200
318.00000 1.46400
