0.00000 0.73895
5.00000 0.82141
10.00000 0.86448
15.00000 0.87068
20.00000 0.86890
25.00000 0.85099
30.00000 0.87291
35.00000 0.87096
40.00000 0.84542
45.00000 0.87471
50.00000 0.87926
55.00000 0.88229
60.00000 0.86893
65.00000 0.87106
70.00000 0.50162
75.00000 0.88175
80.00000 0.86641
85.00000 0.86562
90.00000 0.87875
95.00000 0.87890
100.00000 0.88595
105.00000 0.86524
110.00000 0.82566
115.00000 0.00000
120.00000 0.51478
125.00000 0.59329
130.00000 0.81103
135.00000 0.87105
140.00000 0.87904
145.00000 0.70286
150.00000 0.84994
155.00000 0.87605
160.00000 0.86625
165.00000 0.77644
170.00000 0.87749
175.00000 0.88641
180.00000 0.86683
185.00000 0.86867
190.00000 0.00000
195.00000 0.62546
200.00000 0.64252
205.00000 0.63576
210.00000 0.84902
215.00000 0.82135
220.00000 0.86693
225.00000 0.87345
230.00000 0.87104
235.00000 0.74909
240.00000 0.80171
245.00000 0.86001
250.00000 0.86218
255.00000 0.88283
260.00000 0.87337
265.00000 0.86382
270.00000 0.89676
275.00000 0.69233
280.00000 0.86453
285.00000 0.87832
290.00000 0.88320
295.00000 0.88213
300.00000 0.81818
305.00000 0.88740
310.00000 0.78792
315.00000 0.87503
320.00000 0.87632
