0.00000 0.90251
5.00000 0.90206
10.00000 0.90122
15.00000 0.89918
20.00000 0.80738
25.00000 0.89959
30.00000 0.90119
35.00000 0.90122
40.00000 0.90204
45.00000 0.90266
50.00000 0.90178
55.00000 0.81570
60.00000 0.90042
65.00000 0.89904
70.00000 0.90162
75.00000 0.83858
80.00000 0.90197
85.00000 0.90130
90.00000 0.90086
95.00000 0.90138
100.00000 0.90123
105.00000 0.89815
110.00000 0.90222
115.00000 0.89970
120.00000 0.90065
125.00000 0.90194
130.00000 0.90187
135.00000 0.89985
140.00000 0.90207
145.00000 0.90159
150.00000 0.89906
155.00000 0.88517
160.00000 0.90112
165.00000 0.90112
170.00000 0.90106
175.00000 0.89895
180.00000 0.89942
185.00000 0.90072
190.00000 0.89946
195.00000 0.89706
200.00000 0.82320
205.00000 0.90109
210.00000 0.90148
215.00000 0.89842
220.00000 0.90142
225.00000 0.90018
230.00000 0.89974
235.00000 0.90027
240.00000 0.90154
245.00000 0.90111
250.00000 0.90144
255.00000 0.90183
260.00000 0.90070
265.00000 0.90087
270.00000 0.90098
275.00000 0.90136
280.00000 0.89955
285.00000 0.89933
290.00000 0.90116
295.00000 0.90123
300.00000 0.90220
305.00000 0.90145
310.00000 0.90100
315.00000 0.87395
320.00000 0.90089
