0.00000 1.57200
1.00000 1.57200
2.00000 1.57200
3.00000 1.57200
4.00000 1.57200
5.00000 1.52400
6.00000 1.52400
7.00000 1.52400
8.00000 1.52400
9.00000 1.52400
10.00000 2.88000
11.00000 2.88000
12.00000 2.86800
13.00000 2.88000
14.00000 2.88000
15.00000 2.84400
16.00000 2.86800
17.00000 2.85600
18.00000 2.86800
19.00000 2.85600
20.00000 3.00000
21.00000 3.02400
22.00000 3.01200
23.00000 3.02400
24.00000 3.01200
25.00000 2.91600
26.00000 2.91600
27.00000 2.91600
28.00000 2.91600
29.00000 2.92800
30.00000 2.36400
31.00000 2.37600
32.00000 2.38800
33.00000 2.37600
34.00000 2.37600
35.00000 2.77200
36.00000 2.78400
37.00000 2.78400
38.00000 2.78400
39.00000 2.78400
40.00000 2.94000
41.00000 2.96400
42.00000 2.95200
43.00000 2.96400
44.00000 2.95200
45.00000 3.14400
46.00000 3.14400
47.00000 3.14400
48.00000 3.14400
49.00000 3.14400
50.00000 1.65600
51.00000 1.65600
52.00000 1.66800
53.00000 1.65600
54.00000 1.66800
55.00000 2.68800
56.00000 2.70000
57.00000 2.70000
58.00000 2.68800
59.00000 2.70000
60.00000 2.61600
61.00000 2.62800
62.00000 2.61600
63.00000 2.62800
64.00000 2.61600
65.00000 2.25600
66.00000 2.25600
67.00000 2.26800
68.00000 2.25600
69.00000 2.25600
70.00000 2.95200
71.00000 2.95200
72.00000 2.95200
73.00000 2.95200
74.00000 2.95200
75.00000 1.06800
76.00000 1.06800
77.00000 1.06800
78.00000 1.06800
79.00000 1.06800
80.00000 0.82800
81.00000 0.81600
82.00000 0.81600
83.00000 0.81600
84.00000 0.81600
85.00000 1.04400
86.00000 1.04400
87.00000 1.05600
88.00000 1.04400
89.00000 1.05600
90.00000 0.85200
91.00000 0.85200
92.00000 0.85200
93.00000 0.86400
94.00000 0.85200
95.00000 0.86400
96.00000 0.87600
97.00000 0.87600
98.00000 0.88800
99.00000 0.87600
100.00000 0.88800
101.00000 0.90000
102.00000 0.90000
103.00000 0.88800
104.00000 0.90000
105.00000 0.43200
106.00000 0.43200
107.00000 0.43200
108.00000 0.43200
109.00000 0.43200
110.00000 3.00000
111.00000 3.02400
112.00000 3.01200
113.00000 3.01200
114.00000 3.02400
115.00000 2.94000
116.00000 2.96400
117.00000 2.95200
118.00000 2.95200
119.00000 2.95200
120.00000 0.84000
121.00000 0.84000
122.00000 0.84000
123.00000 0.84000
124.00000 0.84000
125.00000 2.88000
126.00000 2.89200
127.00000 2.89200
128.00000 2.89200
129.00000 2.89200
130.00000 2.35200
131.00000 2.35200
132.00000 2.36400
133.00000 2.36400
134.00000 2.36400
135.00000 2.94000
136.00000 2.94000
137.00000 2.95200
138.00000 2.95200
139.00000 2.94000
140.00000 2.86800
141.00000 2.88000
142.00000 2.86800
143.00000 2.86800
144.00000 2.86800
145.00000 2.90400
146.00000 2.89200
147.00000 2.90400
148.00000 2.89200
149.00000 2.90400
150.00000 2.78400
151.00000 2.80800
152.00000 2.79600
153.00000 2.79600
154.00000 2.80800
155.00000 1.57200
156.00000 1.58400
157.00000 1.58400
158.00000 1.58400
159.00000 1.58400
160.00000 2.88000
161.00000 2.89200
162.00000 2.88000
163.00000 2.89200
164.00000 2.89200
165.00000 2.50800
166.00000 2.52000
167.00000 2.52000
168.00000 2.52000
169.00000 2.52000
170.00000 2.56800
171.00000 2.58000
172.00000 2.56800
173.00000 2.58000
174.00000 2.56800
175.00000 2.85600
176.00000 2.86800
177.00000 2.86800
178.00000 2.86800
179.00000 2.86800
180.00000 1.56000
181.00000 1.57200
182.00000 1.58400
183.00000 1.57200
184.00000 1.57200
185.00000 2.86800
186.00000 2.86800
187.00000 2.88000
188.00000 2.86800
189.00000 2.88000
190.00000 2.96400
191.00000 2.96400
192.00000 2.96400
193.00000 2.96400
194.00000 2.96400
195.00000 3.07200
196.00000 3.08400
197.00000 3.08400
198.00000 3.08400
199.00000 3.08400
200.00000 2.86800
201.00000 2.86800
202.00000 2.85600
203.00000 2.86800
204.00000 2.86800
205.00000 2.86800
206.00000 2.85600
207.00000 2.85600
208.00000 2.86800
209.00000 2.85600
210.00000 3.04800
211.00000 3.03600
212.00000 3.04800
213.00000 3.04800
214.00000 3.03600
215.00000 2.64000
216.00000 2.64000
217.00000 2.64000
218.00000 2.65200
219.00000 2.64000
220.00000 2.95200
221.00000 2.96400
222.00000 2.97600
223.00000 2.96400
224.00000 2.96400
225.00000 2.96400
226.00000 2.96400
227.00000 2.96400
228.00000 2.97600
229.00000 2.96400
230.00000 1.62000
231.00000 1.63200
232.00000 1.63200
233.00000 1.63200
234.00000 1.63200
235.00000 2.97600
236.00000 2.98800
237.00000 2.98800
238.00000 2.98800
239.00000 2.98800
240.00000 2.84400
241.00000 2.83200
242.00000 2.84400
243.00000 2.83200
244.00000 2.84400
245.00000 0.90000
246.00000 0.91200
247.00000 0.91200
248.00000 0.91200
249.00000 0.91200
250.00000 0.82800
251.00000 0.82800
252.00000 0.84000
253.00000 0.82800
254.00000 0.82800
255.00000 0.13200
256.00000 0.12000
257.00000 0.13200
258.00000 0.12000
259.00000 0.13200
260.00000 0.87600
261.00000 0.88800
262.00000 0.87600
263.00000 0.88800
264.00000 0.88800
265.00000 0.63600
266.00000 0.64800
267.00000 0.64800
268.00000 0.64800
269.00000 0.64800
270.00000 0.90000
271.00000 0.90000
272.00000 0.90000
273.00000 0.90000
274.00000 0.90000
275.00000 0.79200
276.00000 0.80400
277.00000 0.80400
278.00000 0.80400
279.00000 0.80400
280.00000 0.75600
281.00000 0.75600
282.00000 0.75600
283.00000 0.74400
284.00000 0.75600
285.00000 0.87600
286.00000 0.88800
287.00000 0.88800
288.00000 0.88800
289.00000 0.88800
290.00000 2.67600
291.00000 2.66400
292.00000 2.67600
293.00000 2.66400
294.00000 2.67600
295.00000 2.74800
296.00000 2.77200
297.00000 2.76000
298.00000 2.77200
299.00000 2.76000
300.00000 1.53600
301.00000 1.52400
302.00000 1.52400
303.00000 1.52400
304.00000 1.53600
305.00000 2.82000
306.00000 2.83200
307.00000 2.83200
308.00000 2.83200
309.00000 2.83200
310.00000 2.77200
311.00000 2.77200
312.00000 2.77200
313.00000 2.77200
314.00000 2.76000
315.00000 0.58800
316.00000 0.58800
317.00000 0.57600
318.00000 0.58800
