0.00000 0.97900
5.00000 1.15754
10.00000 1.37552
15.00000 1.25060
20.00000 1.32652
25.00000 0.74982
30.00000 1.33708
35.00000 1.25638
40.00000 1.19459
45.00000 1.26161
50.00000 1.34096
55.00000 1.24743
60.00000 0.88539
65.00000 1.34333
70.00000 1.26048
75.00000 1.22747
80.00000 1.30768
85.00000 1.22785
90.00000 0.95916
95.00000 1.21642
100.00000 1.26759
105.00000 0.38390
110.00000 1.27602
115.00000 0.94457
120.00000 1.44202
125.00000 0.37338
130.00000 0.49092
135.00000 0.53507
140.00000 2.36823
145.00000 2.35426
150.00000 1.93002
155.00000 1.94302
160.00000 1.88767
165.00000 2.14263
170.00000 2.35274
175.00000 1.80905
180.00000 1.89842
185.00000 1.97859
190.00000 2.30761
195.00000 2.33140
200.00000 2.37338
205.00000 0.73454
210.00000 2.32373
215.00000 2.35326
220.00000 2.30626
225.00000 2.34179
230.00000 2.22986
235.00000 1.91069
240.00000 1.33205
245.00000 0.87008
250.00000 2.36040
255.00000 2.34535
260.00000 2.33637
265.00000 2.32901
270.00000 2.16255
275.00000 2.35204
280.00000 2.34454
285.00000 2.31000
290.00000 2.35298
295.00000 2.35074
300.00000 1.90822
305.00000 2.32234
310.00000 2.05209
315.00000 1.98479
320.00000 2.36514
