0.00000 0.73200
1.00000 0.73200
2.00000 0.73200
3.00000 0.73200
4.00000 0.73200
5.00000 3.43200
6.00000 3.46800
7.00000 3.45600
8.00000 3.46800
9.00000 3.46800
10.00000 0.30000
11.00000 0.27600
12.00000 0.28800
13.00000 0.27600
14.00000 0.28800
15.00000 3.44400
16.00000 3.46800
17.00000 3.48000
18.00000 3.48000
19.00000 3.48000
20.00000 3.80400
21.00000 3.82800
22.00000 3.81600
23.00000 3.81600
24.00000 3.81600
25.00000 3.68400
26.00000 3.68400
27.00000 3.69600
28.00000 3.68400
29.00000 3.69600
30.00000 3.64800
31.00000 3.66000
32.00000 3.66000
33.00000 3.66000
34.00000 3.66000
35.00000 3.46800
36.00000 3.48000
37.00000 3.46800
38.00000 3.48000
39.00000 3.46800
40.00000 3.64800
41.00000 3.66000
42.00000 3.66000
43.00000 3.66000
44.00000 3.66000
45.00000 3.67200
46.00000 3.67200
47.00000 3.68400
48.00000 3.67200
49.00000 3.67200
50.00000 3.39600
51.00000 3.37200
52.00000 3.38400
53.00000 3.38400
54.00000 3.38400
55.00000 3.62400
56.00000 3.63600
57.00000 3.63600
58.00000 3.63600
59.00000 3.63600
60.00000 3.32400
61.00000 3.32400
62.00000 3.32400
63.00000 3.32400
64.00000 3.33600
65.00000 3.45600
66.00000 3.46800
67.00000 3.46800
68.00000 3.48000
69.00000 3.46800
70.00000 3.57600
71.00000 3.57600
72.00000 3.58800
73.00000 3.57600
74.00000 3.58800
75.00000 3.61200
76.00000 3.61200
77.00000 3.61200
78.00000 3.61200
79.00000 3.61200
80.00000 3.67200
81.00000 3.68400
82.00000 3.68400
83.00000 3.67200
84.00000 3.68400
85.00000 3.67200
86.00000 3.68400
87.00000 3.67200
88.00000 3.68400
89.00000 3.68400
90.00000 3.32400
91.00000 3.32400
92.00000 3.32400
93.00000 3.32400
94.00000 3.33600
95.00000 3.44400
96.00000 3.46800
97.00000 3.46800
98.00000 3.46800
99.00000 3.46800
100.00000 3.55200
101.00000 3.56400
102.00000 3.56400
103.00000 3.56400
104.00000 3.55200
105.00000 3.66000
106.00000 3.67200
107.00000 3.67200
108.00000 3.66000
109.00000 3.67200
110.00000 2.53200
111.00000 2.54400
112.00000 2.53200
113.00000 2.53200
114.00000 2.53200
115.00000 3.63600
116.00000 3.66000
117.00000 3.64800
118.00000 3.66000
119.00000 3.66000
120.00000 3.26400
121.00000 3.27600
122.00000 3.26400
123.00000 3.27600
124.00000 3.26400
125.00000 3.67200
126.00000 3.68400
127.00000 3.68400
128.00000 3.68400
129.00000 3.68400
130.00000 3.45600
131.00000 3.46800
132.00000 3.45600
133.00000 3.46800
134.00000 3.46800
135.00000 3.32400
136.00000 3.32400
137.00000 3.33600
138.00000 3.32400
139.00000 3.32400
140.00000 2.32800
141.00000 2.31600
142.00000 2.31600
143.00000 2.31600
144.00000 2.31600
145.00000 3.31200
146.00000 3.32400
147.00000 3.33600
148.00000 3.32400
149.00000 3.32400
150.00000 3.50400
151.00000 3.50400
152.00000 3.51600
153.00000 3.50400
154.00000 3.50400
155.00000 2.68800
156.00000 2.68800
157.00000 2.68800
158.00000 2.68800
159.00000 2.67600
160.00000 3.56400
161.00000 3.56400
162.00000 3.56400
163.00000 3.56400
164.00000 3.57600
165.00000 3.60000
166.00000 3.60000
167.00000 3.60000
168.00000 3.60000
169.00000 3.60000
170.00000 3.67200
171.00000 3.67200
172.00000 3.67200
173.00000 3.67200
174.00000 3.67200
175.00000 3.46800
176.00000 3.46800
177.00000 3.48000
178.00000 3.46800
179.00000 3.48000
180.00000 3.75600
181.00000 3.76800
182.00000 3.76800
183.00000 3.76800
184.00000 3.76800
185.00000 3.67200
186.00000 3.68400
187.00000 3.67200
188.00000 3.68400
189.00000 3.67200
190.00000 3.66000
191.00000 3.67200
192.00000 3.66000
193.00000 3.67200
194.00000 3.67200
195.00000 3.27600
196.00000 3.26400
197.00000 3.27600
198.00000 3.27600
199.00000 3.27600
200.00000 3.67200
201.00000 3.68400
202.00000 3.67200
203.00000 3.68400
204.00000 3.67200
205.00000 3.68400
206.00000 3.69600
207.00000 3.69600
208.00000 3.69600
209.00000 3.69600
210.00000 3.49200
211.00000 3.49200
212.00000 3.49200
213.00000 3.50400
214.00000 3.49200
215.00000 3.73200
216.00000 3.73200
217.00000 3.74400
218.00000 3.73200
219.00000 3.73200
220.00000 2.55600
221.00000 2.53200
222.00000 2.54400
223.00000 2.54400
224.00000 2.53200
225.00000 1.23600
226.00000 1.23600
227.00000 1.23600
228.00000 1.23600
229.00000 1.22400
230.00000 3.56400
231.00000 3.58800
232.00000 3.58800
233.00000 3.58800
234.00000 3.60000
235.00000 3.33600
236.00000 3.33600
237.00000 3.33600
238.00000 3.33600
239.00000 3.33600
240.00000 3.63600
241.00000 3.63600
242.00000 3.63600
243.00000 3.63600
244.00000 3.64800
245.00000 3.74400
246.00000 3.74400
247.00000 3.75600
248.00000 3.74400
249.00000 3.75600
250.00000 3.84000
251.00000 3.85200
252.00000 3.85200
253.00000 3.85200
254.00000 3.86400
255.00000 3.85200
256.00000 3.86400
257.00000 3.86400
258.00000 3.85200
259.00000 3.86400
260.00000 3.82800
261.00000 3.84000
262.00000 3.82800
263.00000 3.84000
264.00000 3.82800
265.00000 3.86400
266.00000 3.85200
267.00000 3.85200
268.00000 3.85200
269.00000 3.85200
270.00000 2.96400
271.00000 2.94000
272.00000 2.95200
273.00000 2.94000
274.00000 2.95200
275.00000 3.67200
276.00000 3.68400
277.00000 3.69600
278.00000 3.68400
279.00000 3.69600
280.00000 3.66000
281.00000 3.67200
282.00000 3.67200
283.00000 3.67200
284.00000 3.67200
285.00000 3.61200
286.00000 3.61200
287.00000 3.61200
288.00000 3.61200
289.00000 3.62400
290.00000 3.49200
291.00000 3.49200
292.00000 3.49200
293.00000 3.49200
294.00000 3.50400
295.00000 3.64800
296.00000 3.66000
297.00000 3.66000
298.00000 3.66000
299.00000 3.66000
300.00000 0.78000
301.00000 0.75600
302.00000 0.76800
303.00000 0.75600
304.00000 0.75600
305.00000 0.74400
306.00000 0.75600
307.00000 0.74400
308.00000 0.74400
309.00000 0.75600
310.00000 0.76800
311.00000 0.78000
312.00000 0.79200
313.00000 0.78000
314.00000 0.78000
315.00000 0.82800
316.00000 0.84000
317.00000 0.82800
318.00000 0.82800
