0.00000 1.38519
5.00000 1.37648
10.00000 1.35480
15.00000 1.35964
20.00000 1.38205
25.00000 1.34472
30.00000 1.34648
35.00000 1.37697
40.00000 1.37586
45.00000 1.31154
50.00000 1.29469
55.00000 1.38738
60.00000 1.30827
65.00000 1.37591
70.00000 1.38511
75.00000 1.36894
80.00000 1.36104
85.00000 1.36182
90.00000 1.37422
95.00000 1.36341
100.00000 1.36872
105.00000 1.36103
110.00000 1.36566
115.00000 1.36805
120.00000 1.37610
125.00000 1.36629
130.00000 1.33723
135.00000 1.38469
140.00000 1.38030
145.00000 1.37370
150.00000 1.27910
155.00000 1.36547
160.00000 1.35858
165.00000 1.36860
170.00000 1.37785
175.00000 1.37517
180.00000 1.35961
185.00000 1.35485
190.00000 1.37363
195.00000 1.37502
200.00000 0.17750
205.00000 1.37484
210.00000 1.36434
215.00000 1.36447
220.00000 1.36701
225.00000 1.35754
230.00000 1.36147
235.00000 1.36905
240.00000 1.36895
245.00000 1.29692
250.00000 1.29614
255.00000 1.38804
260.00000 1.36918
265.00000 1.37168
270.00000 1.37891
275.00000 1.36680
280.00000 1.37293
285.00000 1.29713
290.00000 1.37684
295.00000 1.36251
300.00000 1.38706
305.00000 1.32310
310.00000 1.37047
315.00000 1.29322
320.00000 0.15534
