0.00000 1.20000
1.00000 1.20000
2.00000 1.18800
3.00000 1.20000
4.00000 1.20000
5.00000 1.14000
6.00000 1.15200
7.00000 1.15200
8.00000 1.15200
9.00000 1.14000
10.00000 0.92400
11.00000 0.92400
12.00000 0.93600
13.00000 0.92400
14.00000 0.92400
15.00000 1.23600
16.00000 1.23600
17.00000 1.24800
18.00000 1.24800
19.00000 1.23600
20.00000 1.14000
21.00000 1.15200
22.00000 1.15200
23.00000 1.15200
24.00000 1.15200
25.00000 0.84000
26.00000 0.85200
27.00000 0.84000
28.00000 0.85200
29.00000 0.85200
30.00000 1.20000
31.00000 1.20000
32.00000 1.21200
33.00000 1.21200
34.00000 1.20000
35.00000 0.73200
36.00000 0.74400
37.00000 0.74400
38.00000 0.74400
39.00000 0.74400
40.00000 1.14000
41.00000 1.16400
42.00000 1.15200
43.00000 1.15200
44.00000 1.15200
45.00000 1.14000
46.00000 1.14000
47.00000 1.14000
48.00000 1.14000
49.00000 1.15200
50.00000 1.12800
51.00000 1.14000
52.00000 1.14000
53.00000 1.14000
54.00000 1.14000
55.00000 1.23600
56.00000 1.24800
57.00000 1.24800
58.00000 1.24800
59.00000 1.24800
60.00000 0.48000
61.00000 0.49200
62.00000 0.48000
63.00000 0.49200
64.00000 0.49200
65.00000 1.08000
66.00000 1.08000
67.00000 1.09200
68.00000 1.08000
69.00000 1.09200
70.00000 0.84000
71.00000 0.84000
72.00000 0.84000
73.00000 0.84000
74.00000 0.85200
75.00000 1.24800
76.00000 1.26000
77.00000 1.26000
78.00000 1.26000
79.00000 1.24800
80.00000 1.14000
81.00000 1.14000
82.00000 1.15200
83.00000 1.14000
84.00000 1.15200
85.00000 1.11600
86.00000 1.12800
87.00000 1.12800
88.00000 1.14000
89.00000 1.12800
90.00000 1.14000
91.00000 1.15200
92.00000 1.15200
93.00000 1.16400
94.00000 1.15200
95.00000 0.54000
96.00000 0.54000
97.00000 0.55200
98.00000 0.54000
99.00000 0.55200
100.00000 1.10400
101.00000 1.11600
102.00000 1.11600
103.00000 1.11600
104.00000 1.10400
105.00000 0.40800
106.00000 0.40800
107.00000 0.42000
108.00000 0.40800
109.00000 0.40800
110.00000 1.11600
111.00000 1.12800
112.00000 1.12800
113.00000 1.11600
114.00000 1.12800
115.00000 1.09200
116.00000 1.09200
117.00000 1.09200
118.00000 1.09200
119.00000 1.10400
120.00000 1.11600
121.00000 1.11600
122.00000 1.11600
123.00000 1.12800
124.00000 1.11600
125.00000 1.10400
126.00000 1.12800
127.00000 1.11600
128.00000 1.11600
129.00000 1.11600
130.00000 0.64800
131.00000 0.64800
132.00000 0.66000
133.00000 0.64800
134.00000 0.64800
135.00000 1.11600
136.00000 1.11600
137.00000 1.11600
138.00000 1.11600
139.00000 1.12800
140.00000 1.14000
141.00000 1.14000
142.00000 1.14000
143.00000 1.14000
144.00000 1.14000
145.00000 1.12800
146.00000 1.12800
147.00000 1.12800
148.00000 1.12800
149.00000 1.14000
150.00000 1.23600
151.00000 1.24800
152.00000 1.24800
153.00000 1.23600
154.00000 1.24800
155.00000 1.20000
156.00000 1.21200
157.00000 1.21200
158.00000 1.21200
159.00000 1.20000
160.00000 1.08000
161.00000 1.08000
162.00000 1.09200
163.00000 1.08000
164.00000 1.09200
165.00000 0.09600
166.00000 0.09600
167.00000 0.10800
168.00000 0.09600
169.00000 0.10800
170.00000 1.12800
171.00000 1.14000
172.00000 1.14000
173.00000 1.12800
174.00000 1.14000
175.00000 1.24800
176.00000 1.24800
177.00000 1.26000
178.00000 1.24800
179.00000 1.26000
180.00000 0.56400
181.00000 0.56400
182.00000 0.57600
183.00000 0.56400
184.00000 0.57600
185.00000 0.50400
186.00000 0.51600
187.00000 0.50400
188.00000 0.51600
189.00000 0.51600
190.00000 1.05600
191.00000 1.06800
192.00000 1.06800
193.00000 1.05600
194.00000 1.06800
195.00000 0.52800
196.00000 0.52800
197.00000 0.52800
198.00000 0.54000
199.00000 0.52800
200.00000 0.03600
201.00000 0.03600
202.00000 0.04800
203.00000 0.03600
204.00000 0.04800
205.00000 0.76800
206.00000 0.78000
207.00000 0.76800
208.00000 0.78000
209.00000 0.76800
210.00000 1.12800
211.00000 1.12800
212.00000 1.14000
213.00000 1.12800
214.00000 1.12800
215.00000 0.73200
216.00000 0.73200
217.00000 0.72000
218.00000 0.73200
219.00000 0.72000
220.00000 0.87600
221.00000 0.87600
222.00000 0.87600
223.00000 0.87600
224.00000 0.87600
225.00000 1.27200
226.00000 1.27200
227.00000 1.27200
228.00000 1.27200
229.00000 1.27200
230.00000 0.72000
231.00000 0.74400
232.00000 0.73200
233.00000 0.73200
234.00000 0.73200
235.00000 0.97200
236.00000 0.98400
237.00000 0.98400
238.00000 0.98400
239.00000 0.98400
240.00000 0.66000
241.00000 0.66000
242.00000 0.66000
243.00000 0.66000
244.00000 0.66000
245.00000 0.91200
246.00000 0.91200
247.00000 0.92400
248.00000 0.91200
249.00000 0.91200
250.00000 0.28800
251.00000 0.28800
252.00000 0.28800
253.00000 0.30000
254.00000 0.28800
255.00000 1.12800
256.00000 1.14000
257.00000 1.12800
258.00000 1.14000
259.00000 1.12800
260.00000 1.00800
261.00000 1.02000
262.00000 1.00800
263.00000 1.02000
264.00000 1.00800
265.00000 0.73200
266.00000 0.74400
267.00000 0.74400
268.00000 0.74400
269.00000 0.74400
270.00000 1.11600
271.00000 1.12800
272.00000 1.12800
273.00000 1.11600
274.00000 1.12800
275.00000 1.10400
276.00000 1.12800
277.00000 1.11600
278.00000 1.11600
279.00000 1.11600
280.00000 1.11600
281.00000 1.12800
282.00000 1.11600
283.00000 1.12800
284.00000 1.12800
285.00000 0.43200
286.00000 0.43200
287.00000 0.44400
288.00000 0.43200
289.00000 0.44400
290.00000 1.21200
291.00000 1.22400
292.00000 1.22400
293.00000 1.21200
294.00000 1.22400
295.00000 1.09200
296.00000 1.09200
297.00000 1.09200
298.00000 1.09200
299.00000 1.09200
300.00000 1.20000
301.00000 1.20000
302.00000 1.20000
303.00000 1.20000
304.00000 1.20000
305.00000 0.90000
306.00000 0.90000
307.00000 0.91200
308.00000 0.90000
309.00000 0.90000
310.00000 1.15200
311.00000 1.14000
312.00000 1.15200
313.00000 1.14000
314.00000 1.15200
315.00000 0.60000
316.00000 0.60000
317.00000 0.61200
318.00000 0.60000
