0.00000 0.46800
1.00000 0.46800
2.00000 0.46800
3.00000 0.46800
4.00000 0.48000
5.00000 0.45600
6.00000 0.45600
7.00000 0.46800
8.00000 0.46800
9.00000 0.46800
10.00000 0.51600
11.00000 0.52800
12.00000 0.52800
13.00000 0.52800
14.00000 0.52800
15.00000 0.51600
16.00000 0.52800
17.00000 0.52800
18.00000 0.52800
19.00000 0.54000
20.00000 0.51600
21.00000 0.52800
22.00000 0.52800
23.00000 0.52800
24.00000 0.52800
25.00000 0.49200
26.00000 0.50400
27.00000 0.50400
28.00000 0.50400
29.00000 0.49200
30.00000 0.52800
31.00000 0.52800
32.00000 0.54000
33.00000 0.52800
34.00000 0.52800
35.00000 0.52800
36.00000 0.51600
37.00000 0.52800
38.00000 0.52800
39.00000 0.52800
40.00000 0.51600
41.00000 0.52800
42.00000 0.52800
43.00000 0.52800
44.00000 0.52800
45.00000 0.51600
46.00000 0.52800
47.00000 0.52800
48.00000 0.52800
49.00000 0.52800
50.00000 0.50400
51.00000 0.52800
52.00000 0.51600
53.00000 0.52800
54.00000 0.51600
55.00000 0.46800
56.00000 0.48000
57.00000 0.46800
58.00000 0.46800
59.00000 0.48000
60.00000 0.45600
61.00000 0.46800
62.00000 0.46800
63.00000 0.48000
64.00000 0.46800
65.00000 0.49200
66.00000 0.50400
67.00000 0.51600
68.00000 0.50400
69.00000 0.50400
70.00000 0.49200
71.00000 0.50400
72.00000 0.50400
73.00000 0.49200
74.00000 0.50400
75.00000 0.50400
76.00000 0.50400
77.00000 0.49200
78.00000 0.50400
79.00000 0.50400
80.00000 0.49200
81.00000 0.49200
82.00000 0.49200
83.00000 0.49200
84.00000 0.50400
85.00000 0.49200
86.00000 0.50400
87.00000 0.49200
88.00000 0.50400
89.00000 0.50400
90.00000 0.50400
91.00000 0.50400
92.00000 0.50400
93.00000 0.51600
94.00000 0.50400
95.00000 0.48000
96.00000 0.50400
97.00000 0.49200
98.00000 0.49200
99.00000 0.50400
100.00000 0.50400
101.00000 0.50400
102.00000 0.50400
103.00000 0.50400
104.00000 0.50400
105.00000 0.50400
106.00000 0.49200
107.00000 0.50400
108.00000 0.50400
109.00000 0.50400
110.00000 0.46800
111.00000 0.46800
112.00000 0.46800
113.00000 0.46800
114.00000 0.46800
115.00000 0.48000
116.00000 0.48000
117.00000 0.48000
118.00000 0.48000
119.00000 0.46800
120.00000 0.46800
121.00000 0.46800
122.00000 0.46800
123.00000 0.46800
124.00000 0.46800
125.00000 0.50400
126.00000 0.49200
127.00000 0.50400
128.00000 0.50400
129.00000 0.50400
130.00000 0.50400
131.00000 0.50400
132.00000 0.50400
133.00000 0.49200
134.00000 0.50400
135.00000 0.50400
136.00000 0.49200
137.00000 0.50400
138.00000 0.50400
139.00000 0.50400
140.00000 0.48000
141.00000 0.49200
142.00000 0.49200
143.00000 0.50400
144.00000 0.49200
145.00000 0.50400
146.00000 0.50400
147.00000 0.50400
148.00000 0.50400
149.00000 0.50400
150.00000 0.48000
151.00000 0.50400
152.00000 0.50400
153.00000 0.49200
154.00000 0.50400
155.00000 0.49200
156.00000 0.50400
157.00000 0.50400
158.00000 0.49200
159.00000 0.50400
160.00000 0.50400
161.00000 0.50400
162.00000 0.49200
163.00000 0.50400
164.00000 0.50400
165.00000 0.44400
166.00000 0.44400
167.00000 0.44400
168.00000 0.44400
169.00000 0.45600
170.00000 0.45600
171.00000 0.48000
172.00000 0.46800
173.00000 0.48000
174.00000 0.46800
175.00000 0.46800
176.00000 0.48000
177.00000 0.48000
178.00000 0.46800
179.00000 0.48000
180.00000 0.50400
181.00000 0.49200
182.00000 0.50400
183.00000 0.50400
184.00000 0.50400
185.00000 0.49200
186.00000 0.50400
187.00000 0.50400
188.00000 0.49200
189.00000 0.50400
190.00000 0.50400
191.00000 0.49200
192.00000 0.50400
193.00000 0.50400
194.00000 0.50400
195.00000 0.52800
196.00000 0.54000
197.00000 0.54000
198.00000 0.52800
199.00000 0.54000
200.00000 0.50400
201.00000 0.50400
202.00000 0.50400
203.00000 0.50400
204.00000 0.50400
205.00000 0.33600
206.00000 0.34800
207.00000 0.33600
208.00000 0.34800
209.00000 0.33600
210.00000 0.50400
211.00000 0.50400
212.00000 0.50400
213.00000 0.50400
214.00000 0.50400
215.00000 0.49200
216.00000 0.50400
217.00000 0.50400
218.00000 0.50400
219.00000 0.49200
220.00000 0.43200
221.00000 0.43200
222.00000 0.43200
223.00000 0.43200
224.00000 0.43200
225.00000 0.46800
226.00000 0.48000
227.00000 0.46800
228.00000 0.46800
229.00000 0.48000
230.00000 0.46800
231.00000 0.46800
232.00000 0.48000
233.00000 0.48000
234.00000 0.48000
235.00000 0.45600
236.00000 0.48000
237.00000 0.46800
238.00000 0.48000
239.00000 0.46800
240.00000 0.49200
241.00000 0.50400
242.00000 0.49200
243.00000 0.50400
244.00000 0.49200
245.00000 0.50400
246.00000 0.50400
247.00000 0.50400
248.00000 0.49200
249.00000 0.50400
250.00000 0.50400
251.00000 0.50400
252.00000 0.50400
253.00000 0.50400
254.00000 0.51600
255.00000 0.48000
256.00000 0.49200
257.00000 0.49200
258.00000 0.50400
259.00000 0.49200
260.00000 0.52800
261.00000 0.52800
262.00000 0.54000
263.00000 0.52800
264.00000 0.54000
265.00000 0.48000
266.00000 0.50400
267.00000 0.50400
268.00000 0.50400
269.00000 0.49200
270.00000 0.50400
271.00000 0.50400
272.00000 0.50400
273.00000 0.50400
274.00000 0.50400
275.00000 0.48000
276.00000 0.50400
277.00000 0.50400
278.00000 0.49200
279.00000 0.50400
280.00000 0.45600
281.00000 0.46800
282.00000 0.46800
283.00000 0.45600
284.00000 0.46800
285.00000 0.44400
286.00000 0.45600
287.00000 0.45600
288.00000 0.44400
289.00000 0.45600
290.00000 0.44400
291.00000 0.45600
292.00000 0.44400
293.00000 0.45600
294.00000 0.45600
295.00000 0.43200
296.00000 0.44400
297.00000 0.45600
298.00000 0.44400
299.00000 0.44400
300.00000 0.46800
301.00000 0.48000
302.00000 0.48000
303.00000 0.46800
304.00000 0.48000
305.00000 0.48000
306.00000 0.48000
307.00000 0.48000
308.00000 0.48000
309.00000 0.48000
310.00000 0.46800
311.00000 0.48000
312.00000 0.46800
313.00000 0.48000
314.00000 0.46800
315.00000 0.48000
316.00000 0.46800
317.00000 0.48000
318.00000 0.48000
