0.00000 0.47839
5.00000 0.39884
10.00000 0.47590
15.00000 0.48491
20.00000 0.47518
25.00000 0.45948
30.00000 0.47602
35.00000 0.48007
40.00000 0.47487
45.00000 0.47579
50.00000 0.45368
55.00000 0.46181
60.00000 0.40738
65.00000 0.00000
70.00000 0.47980
75.00000 0.47192
80.00000 0.47618
85.00000 0.42650
90.00000 0.00000
95.00000 0.47014
100.00000 0.48436
105.00000 0.41197
110.00000 0.41162
115.00000 0.49458
120.00000 0.48645
125.00000 0.48118
130.00000 0.47665
135.00000 0.48199
140.00000 0.35743
145.00000 0.48638
150.00000 0.48019
155.00000 0.49067
160.00000 0.41270
165.00000 0.41135
170.00000 0.48437
175.00000 0.47926
180.00000 0.48704
185.00000 0.47130
190.00000 0.48050
195.00000 0.48082
200.00000 0.48240
205.00000 0.40612
210.00000 0.48490
215.00000 0.49210
220.00000 0.46362
225.00000 0.48304
230.00000 0.46447
235.00000 0.49458
240.00000 0.48590
245.00000 0.48450
250.00000 0.48530
255.00000 0.48639
260.00000 0.48419
265.00000 0.47249
270.00000 0.47989
275.00000 0.47032
280.00000 0.00000
285.00000 0.44552
290.00000 0.48371
295.00000 0.48186
300.00000 0.46942
305.00000 0.48158
310.00000 0.47496
315.00000 0.48016
320.00000 0.47631
