0.00000 0.78486
5.00000 0.76874
10.00000 0.75162
15.00000 0.35699
20.00000 0.76014
25.00000 0.79026
30.00000 0.75593
35.00000 0.74959
40.00000 0.77875
45.00000 0.78950
50.00000 0.61673
55.00000 0.77995
60.00000 0.32919
65.00000 0.70601
70.00000 0.78352
75.00000 0.78245
80.00000 0.76713
85.00000 0.76158
90.00000 0.76538
95.00000 0.78117
100.00000 0.77965
105.00000 0.28422
110.00000 0.72604
115.00000 0.74674
120.00000 0.28458
125.00000 0.05674
130.00000 0.69464
135.00000 0.78550
140.00000 0.40302
145.00000 0.76531
150.00000 0.75200
155.00000 0.47103
160.00000 0.77025
165.00000 0.78235
170.00000 0.77950
175.00000 0.78602
180.00000 0.70566
185.00000 0.77353
190.00000 0.57118
195.00000 0.36394
200.00000 0.77691
205.00000 0.78150
210.00000 0.77815
215.00000 0.77139
220.00000 0.49385
225.00000 0.78445
230.00000 0.78855
235.00000 0.78272
240.00000 0.78330
245.00000 0.77769
250.00000 0.78164
255.00000 0.62458
260.00000 0.77076
265.00000 0.77413
270.00000 0.74944
275.00000 0.75294
280.00000 0.76324
285.00000 0.78628
290.00000 0.78614
295.00000 0.76667
300.00000 0.77379
305.00000 0.77946
310.00000 0.75186
315.00000 0.78813
320.00000 0.78114
