0.00000 1.30800
1.00000 1.30800
2.00000 1.29600
3.00000 1.30800
4.00000 1.30800
5.00000 2.83200
6.00000 2.85600
7.00000 2.84400
8.00000 2.84400
9.00000 2.85600
10.00000 2.96400
11.00000 2.97600
12.00000 2.97600
13.00000 2.97600
14.00000 2.97600
15.00000 0.85200
16.00000 0.85200
17.00000 0.86400
18.00000 0.85200
19.00000 0.85200
20.00000 0.94800
21.00000 0.94800
22.00000 0.93600
23.00000 0.94800
24.00000 0.94800
25.00000 2.65200
26.00000 2.65200
27.00000 2.66400
28.00000 2.65200
29.00000 2.66400
30.00000 2.70000
31.00000 2.70000
32.00000 2.71200
33.00000 2.71200
34.00000 2.71200
35.00000 2.30400
36.00000 2.32800
37.00000 2.31600
38.00000 2.31600
39.00000 2.32800
40.00000 3.02400
41.00000 3.02400
42.00000 3.03600
43.00000 3.02400
44.00000 3.03600
45.00000 2.92800
46.00000 2.95200
47.00000 2.94000
48.00000 2.94000
49.00000 2.95200
50.00000 2.95200
51.00000 2.96400
52.00000 2.96400
53.00000 2.95200
54.00000 2.96400
55.00000 2.88000
56.00000 2.88000
57.00000 2.88000
58.00000 2.88000
59.00000 2.88000
60.00000 2.80800
61.00000 2.83200
62.00000 2.82000
63.00000 2.83200
64.00000 2.82000
65.00000 2.80800
66.00000 2.80800
67.00000 2.82000
68.00000 2.80800
69.00000 2.80800
70.00000 0.91200
71.00000 0.91200
72.00000 0.91200
73.00000 0.90000
74.00000 0.91200
75.00000 0.82800
76.00000 0.82800
77.00000 0.82800
78.00000 0.84000
79.00000 0.82800
80.00000 1.04400
81.00000 1.06800
82.00000 1.05600
83.00000 1.05600
84.00000 1.05600
85.00000 1.06800
86.00000 1.08000
87.00000 1.08000
88.00000 1.08000
89.00000 1.06800
90.00000 1.00800
91.00000 0.99600
92.00000 1.00800
93.00000 1.00800
94.00000 0.99600
95.00000 2.50800
96.00000 2.53200
97.00000 2.52000
98.00000 2.52000
99.00000 2.52000
100.00000 2.67600
101.00000 2.67600
102.00000 2.67600
103.00000 2.67600
104.00000 2.67600
105.00000 2.01600
106.00000 2.01600
107.00000 2.01600
108.00000 2.02800
109.00000 2.01600
110.00000 2.83200
111.00000 2.85600
112.00000 2.84400
113.00000 2.85600
114.00000 2.84400
115.00000 2.65200
116.00000 2.65200
117.00000 2.65200
118.00000 2.65200
119.00000 2.65200
120.00000 2.60400
121.00000 2.59200
122.00000 2.60400
123.00000 2.59200
124.00000 2.59200
125.00000 0.57600
126.00000 0.57600
127.00000 0.57600
128.00000 0.57600
129.00000 0.56400
130.00000 0.70800
131.00000 0.72000
132.00000 0.72000
133.00000 0.72000
134.00000 0.70800
135.00000 0.85200
136.00000 0.84000
137.00000 0.85200
138.00000 0.84000
139.00000 0.85200
140.00000 2.72400
141.00000 2.73600
142.00000 2.73600
143.00000 2.73600
144.00000 2.73600
145.00000 2.61600
146.00000 2.64000
147.00000 2.62800
148.00000 2.64000
149.00000 2.62800
150.00000 1.03200
151.00000 1.02000
152.00000 1.02000
153.00000 1.02000
154.00000 1.02000
155.00000 0.99600
156.00000 1.00800
157.00000 1.00800
158.00000 0.99600
159.00000 1.00800
160.00000 2.47200
161.00000 2.47200
162.00000 2.48400
163.00000 2.47200
164.00000 2.48400
165.00000 0.12000
166.00000 0.13200
167.00000 0.13200
168.00000 0.13200
169.00000 0.12000
170.00000 2.72400
171.00000 2.73600
172.00000 2.73600
173.00000 2.74800
174.00000 2.73600
175.00000 2.64000
176.00000 2.66400
177.00000 2.65200
178.00000 2.65200
179.00000 2.65200
180.00000 0.13200
181.00000 0.13200
182.00000 0.12000
183.00000 0.13200
184.00000 0.12000
185.00000 0.87600
186.00000 0.87600
187.00000 0.87600
188.00000 0.88800
189.00000 0.87600
190.00000 2.83200
191.00000 2.84400
192.00000 2.85600
193.00000 2.84400
194.00000 2.84400
195.00000 0.66000
196.00000 0.66000
197.00000 0.67200
198.00000 0.66000
199.00000 0.67200
200.00000 0.76800
201.00000 0.76800
202.00000 0.76800
203.00000 0.78000
204.00000 0.76800
205.00000 0.92400
206.00000 0.93600
207.00000 0.93600
208.00000 0.92400
209.00000 0.93600
210.00000 1.02000
211.00000 1.02000
212.00000 1.02000
213.00000 1.02000
214.00000 1.02000
215.00000 0.54000
216.00000 0.52800
217.00000 0.52800
218.00000 0.54000
219.00000 0.52800
220.00000 0.40800
221.00000 0.42000
222.00000 0.42000
223.00000 0.42000
224.00000 0.42000
225.00000 0.84000
226.00000 0.85200
227.00000 0.85200
228.00000 0.84000
229.00000 0.85200
230.00000 2.85600
231.00000 2.86800
232.00000 2.86800
233.00000 2.88000
234.00000 2.86800
235.00000 2.71200
236.00000 2.72400
237.00000 2.72400
238.00000 2.73600
239.00000 2.72400
240.00000 0.85200
241.00000 0.86400
242.00000 0.85200
243.00000 0.86400
244.00000 0.86400
245.00000 0.97200
246.00000 0.97200
247.00000 0.98400
248.00000 0.98400
249.00000 0.97200
250.00000 2.70000
251.00000 2.71200
252.00000 2.71200
253.00000 2.71200
254.00000 2.71200
255.00000 2.90400
256.00000 2.91600
257.00000 2.90400
258.00000 2.90400
259.00000 2.90400
260.00000 2.10000
261.00000 2.10000
262.00000 2.08800
263.00000 2.10000
264.00000 2.10000
265.00000 0.99600
266.00000 0.99600
267.00000 0.99600
268.00000 1.00800
269.00000 0.99600
270.00000 2.80800
271.00000 2.82000
272.00000 2.80800
273.00000 2.82000
274.00000 2.82000
275.00000 2.49600
276.00000 2.50800
277.00000 2.52000
278.00000 2.50800
279.00000 2.50800
280.00000 2.61600
281.00000 2.64000
282.00000 2.62800
283.00000 2.64000
284.00000 2.62800
285.00000 2.67600
286.00000 2.68800
287.00000 2.67600
288.00000 2.67600
289.00000 2.67600
290.00000 2.78400
291.00000 2.78400
292.00000 2.78400
293.00000 2.78400
294.00000 2.78400
295.00000 2.62800
296.00000 2.65200
297.00000 2.64000
298.00000 2.64000
299.00000 2.65200
300.00000 2.71200
301.00000 2.71200
302.00000 2.71200
303.00000 2.72400
304.00000 2.71200
305.00000 2.90400
306.00000 2.91600
307.00000 2.90400
308.00000 2.90400
309.00000 2.91600
310.00000 1.56000
311.00000 1.58400
312.00000 1.57200
313.00000 1.57200
314.00000 1.57200
315.00000 2.72400
316.00000 2.74800
317.00000 2.73600
318.00000 2.74800
