0.00000 0.49200
1.00000 0.48000
2.00000 0.49200
3.00000 0.49200
4.00000 0.48000
5.00000 1.08000
6.00000 1.09200
7.00000 1.08000
8.00000 1.09200
9.00000 1.08000
10.00000 0.84000
11.00000 0.84000
12.00000 0.85200
13.00000 0.84000
14.00000 0.84000
15.00000 1.24800
16.00000 1.26000
17.00000 1.26000
18.00000 1.26000
19.00000 1.26000
20.00000 1.12800
21.00000 1.15200
22.00000 1.14000
23.00000 1.15200
24.00000 1.14000
25.00000 1.12800
26.00000 1.12800
27.00000 1.12800
28.00000 1.12800
29.00000 1.12800
30.00000 1.15200
31.00000 1.15200
32.00000 1.15200
33.00000 1.15200
34.00000 1.15200
35.00000 0.55200
36.00000 0.54000
37.00000 0.55200
38.00000 0.54000
39.00000 0.54000
40.00000 1.11600
41.00000 1.10400
42.00000 1.11600
43.00000 1.11600
44.00000 1.11600
45.00000 0.40800
46.00000 0.40800
47.00000 0.40800
48.00000 0.42000
49.00000 0.40800
50.00000 1.10400
51.00000 1.12800
52.00000 1.12800
53.00000 1.12800
54.00000 1.11600
55.00000 1.09200
56.00000 1.09200
57.00000 1.10400
58.00000 1.09200
59.00000 1.09200
60.00000 1.11600
61.00000 1.11600
62.00000 1.12800
63.00000 1.11600
64.00000 1.11600
65.00000 1.11600
66.00000 1.11600
67.00000 1.11600
68.00000 1.11600
69.00000 1.11600
70.00000 0.64800
71.00000 0.66000
72.00000 0.64800
73.00000 0.66000
74.00000 0.64800
75.00000 1.10400
76.00000 1.11600
77.00000 1.12800
78.00000 1.11600
79.00000 1.11600
80.00000 1.14000
81.00000 1.14000
82.00000 1.14000
83.00000 1.15200
84.00000 1.14000
85.00000 1.11600
86.00000 1.12800
87.00000 1.14000
88.00000 1.12800
89.00000 1.12800
90.00000 1.23600
91.00000 1.24800
92.00000 1.24800
93.00000 1.24800
94.00000 1.24800
95.00000 1.18800
96.00000 1.21200
97.00000 1.21200
98.00000 1.21200
99.00000 1.21200
100.00000 1.06800
101.00000 1.09200
102.00000 1.08000
103.00000 1.09200
104.00000 1.08000
105.00000 0.10800
106.00000 0.09600
107.00000 0.10800
108.00000 0.09600
109.00000 0.10800
110.00000 1.11600
111.00000 1.14000
112.00000 1.14000
113.00000 1.14000
114.00000 1.12800
115.00000 1.24800
116.00000 1.26000
117.00000 1.24800
118.00000 1.26000
119.00000 1.24800
120.00000 0.57600
121.00000 0.56400
122.00000 0.57600
123.00000 0.56400
124.00000 0.57600
125.00000 0.50400
126.00000 0.51600
127.00000 0.50400
128.00000 0.51600
129.00000 0.51600
130.00000 1.05600
131.00000 1.05600
132.00000 1.06800
133.00000 1.06800
134.00000 1.05600
135.00000 0.52800
136.00000 0.54000
137.00000 0.52800
138.00000 0.52800
139.00000 0.52800
140.00000 0.04800
141.00000 0.03600
142.00000 0.04800
143.00000 0.03600
144.00000 0.04800
145.00000 0.76800
146.00000 0.76800
147.00000 0.78000
148.00000 0.76800
149.00000 0.78000
150.00000 1.11600
151.00000 1.14000
152.00000 1.12800
153.00000 1.12800
154.00000 1.14000
155.00000 0.73200
156.00000 0.72000
157.00000 0.73200
158.00000 0.72000
159.00000 0.73200
160.00000 0.86400
161.00000 0.87600
162.00000 0.87600
163.00000 0.88800
164.00000 0.87600
165.00000 1.26000
166.00000 1.27200
167.00000 1.27200
168.00000 1.27200
169.00000 1.28400
170.00000 0.72000
171.00000 0.73200
172.00000 0.73200
173.00000 0.73200
174.00000 0.73200
175.00000 0.98400
176.00000 0.98400
177.00000 0.98400
178.00000 0.98400
179.00000 0.98400
180.00000 0.64800
181.00000 0.66000
182.00000 0.66000
183.00000 0.66000
184.00000 0.67200
185.00000 0.90000
186.00000 0.92400
187.00000 0.91200
188.00000 0.91200
189.00000 0.92400
190.00000 0.28800
191.00000 0.28800
192.00000 0.28800
193.00000 0.28800
194.00000 0.30000
195.00000 1.11600
196.00000 1.14000
197.00000 1.14000
198.00000 1.12800
199.00000 1.14000
200.00000 0.99600
201.00000 1.02000
202.00000 1.00800
203.00000 1.02000
204.00000 1.02000
205.00000 0.73200
206.00000 0.74400
207.00000 0.74400
208.00000 0.74400
209.00000 0.73200
210.00000 1.11600
211.00000 1.12800
212.00000 1.12800
213.00000 1.12800
214.00000 1.11600
215.00000 1.11600
216.00000 1.11600
217.00000 1.11600
218.00000 1.11600
219.00000 1.11600
220.00000 1.11600
221.00000 1.12800
222.00000 1.12800
223.00000 1.11600
224.00000 1.12800
225.00000 0.44400
226.00000 0.43200
227.00000 0.44400
228.00000 0.43200
229.00000 0.44400
230.00000 1.20000
231.00000 1.22400
232.00000 1.22400
233.00000 1.22400
234.00000 1.21200
235.00000 1.09200
236.00000 1.09200
237.00000 1.09200
238.00000 1.09200
239.00000 1.09200
240.00000 1.20000
241.00000 1.20000
242.00000 1.20000
243.00000 1.20000
244.00000 1.20000
245.00000 0.90000
246.00000 0.91200
247.00000 0.90000
248.00000 0.91200
249.00000 0.90000
250.00000 1.14000
251.00000 1.15200
252.00000 1.14000
253.00000 1.15200
254.00000 1.14000
255.00000 0.61200
256.00000 0.60000
257.00000 0.60000
258.00000 0.61200
259.00000 0.60000
260.00000 1.12800
261.00000 1.12800
262.00000 1.14000
263.00000 1.12800
264.00000 1.14000
265.00000 1.11600
266.00000 1.12800
267.00000 1.12800
268.00000 1.12800
269.00000 1.12800
270.00000 0.96000
271.00000 0.97200
272.00000 0.97200
273.00000 0.96000
274.00000 0.97200
275.00000 1.09200
276.00000 1.09200
277.00000 1.09200
278.00000 1.09200
279.00000 1.09200
280.00000 0.97200
281.00000 0.97200
282.00000 0.98400
283.00000 0.97200
284.00000 0.97200
285.00000 1.18800
286.00000 1.17600
287.00000 1.18800
288.00000 1.18800
289.00000 1.18800
290.00000 1.05600
291.00000 1.05600
292.00000 1.06800
293.00000 1.05600
294.00000 1.05600
295.00000 0.73200
296.00000 0.73200
297.00000 0.73200
298.00000 0.73200
299.00000 0.73200
300.00000 0.91200
301.00000 0.93600
302.00000 0.92400
303.00000 0.92400
304.00000 0.93600
305.00000 1.14000
306.00000 1.16400
307.00000 1.16400
308.00000 1.16400
309.00000 1.15200
310.00000 0.66000
311.00000 0.64800
312.00000 0.66000
313.00000 0.66000
314.00000 0.66000
315.00000 0.69600
316.00000 0.70800
317.00000 0.72000
318.00000 0.70800
319.00000 0.70800
