0.00000 0.52544
5.00000 0.53106
10.00000 0.52929
15.00000 0.53040
20.00000 0.53263
25.00000 0.51741
30.00000 0.51197
35.00000 0.53080
40.00000 0.50508
45.00000 0.52271
50.00000 0.52778
55.00000 0.51885
60.00000 0.52271
65.00000 0.52912
70.00000 0.52912
75.00000 0.52529
80.00000 0.52274
85.00000 0.52444
90.00000 0.51509
95.00000 0.51941
100.00000 0.52630
105.00000 0.45766
110.00000 0.52929
115.00000 0.52941
120.00000 0.54005
125.00000 0.52850
130.00000 0.54069
135.00000 0.53986
140.00000 0.53955
145.00000 0.53853
150.00000 0.53550
155.00000 0.53494
160.00000 0.48390
165.00000 0.53392
170.00000 0.53345
175.00000 0.53954
180.00000 0.54598
185.00000 0.54048
190.00000 0.53628
195.00000 0.53631
200.00000 0.51566
205.00000 0.53737
210.00000 0.53803
215.00000 0.52693
220.00000 0.52983
225.00000 0.53531
230.00000 0.52765
235.00000 0.51714
240.00000 0.53938
245.00000 0.53608
250.00000 0.55804
255.00000 0.55393
260.00000 0.56470
265.00000 0.55219
270.00000 0.55914
275.00000 0.56916
280.00000 0.55630
285.00000 0.56722
290.00000 0.55205
295.00000 0.56006
300.00000 0.55438
305.00000 0.55787
310.00000 0.14537
315.00000 0.56255
320.00000 0.56915
