0.00000 0.50400
1.00000 0.49200
2.00000 0.50400
3.00000 0.49200
4.00000 0.50400
5.00000 1.15200
6.00000 1.15200
7.00000 1.15200
8.00000 1.15200
9.00000 1.15200
10.00000 0.87600
11.00000 0.87600
12.00000 0.86400
13.00000 0.87600
14.00000 0.86400
15.00000 1.11600
16.00000 1.12800
17.00000 1.11600
18.00000 1.12800
19.00000 1.12800
20.00000 1.26000
21.00000 1.27200
22.00000 1.26000
23.00000 1.27200
24.00000 1.26000
25.00000 1.29600
26.00000 1.29600
27.00000 1.29600
28.00000 1.28400
29.00000 1.29600
30.00000 1.10400
31.00000 1.10400
32.00000 1.11600
33.00000 1.10400
34.00000 1.11600
35.00000 1.00800
36.00000 1.02000
37.00000 1.00800
38.00000 1.02000
39.00000 1.00800
40.00000 1.12800
41.00000 1.14000
42.00000 1.12800
43.00000 1.14000
44.00000 1.14000
45.00000 1.00800
46.00000 1.00800
47.00000 1.00800
48.00000 1.00800
49.00000 1.02000
50.00000 1.24800
51.00000 1.24800
52.00000 1.24800
53.00000 1.26000
54.00000 1.24800
55.00000 1.11600
56.00000 1.11600
57.00000 1.12800
58.00000 1.11600
59.00000 1.11600
60.00000 1.10400
61.00000 1.10400
62.00000 1.11600
63.00000 1.10400
64.00000 1.10400
65.00000 1.11600
66.00000 1.11600
67.00000 1.12800
68.00000 1.11600
69.00000 1.11600
70.00000 1.11600
71.00000 1.11600
72.00000 1.11600
73.00000 1.11600
74.00000 1.11600
75.00000 1.26000
76.00000 1.26000
77.00000 1.27200
78.00000 1.26000
79.00000 1.26000
80.00000 0.82800
81.00000 0.84000
82.00000 0.82800
83.00000 0.82800
84.00000 0.82800
85.00000 1.16400
86.00000 1.18800
87.00000 1.17600
88.00000 1.17600
89.00000 1.17600
90.00000 1.24800
91.00000 1.26000
92.00000 1.26000
93.00000 1.26000
94.00000 1.26000
95.00000 1.20000
96.00000 1.20000
97.00000 1.20000
98.00000 1.21200
99.00000 1.20000
100.00000 0.76800
101.00000 0.78000
102.00000 0.76800
103.00000 0.78000
104.00000 0.78000
105.00000 1.06800
106.00000 1.06800
107.00000 1.08000
108.00000 1.06800
109.00000 1.08000
110.00000 1.11600
111.00000 1.11600
112.00000 1.12800
113.00000 1.11600
114.00000 1.12800
115.00000 1.10400
116.00000 1.11600
117.00000 1.11600
118.00000 1.11600
119.00000 1.11600
120.00000 1.26000
121.00000 1.26000
122.00000 1.26000
123.00000 1.27200
124.00000 1.26000
125.00000 0.62400
126.00000 0.62400
127.00000 0.62400
128.00000 0.62400
129.00000 0.62400
130.00000 0.60000
131.00000 0.60000
132.00000 0.60000
133.00000 0.60000
134.00000 0.60000
135.00000 1.10400
136.00000 1.11600
137.00000 1.10400
138.00000 1.11600
139.00000 1.11600
140.00000 1.00800
141.00000 1.02000
142.00000 1.02000
143.00000 1.00800
144.00000 1.02000
145.00000 1.26000
146.00000 1.27200
147.00000 1.26000
148.00000 1.27200
149.00000 1.26000
150.00000 1.27200
151.00000 1.27200
152.00000 1.27200
153.00000 1.27200
154.00000 1.27200
155.00000 1.24800
156.00000 1.24800
157.00000 1.24800
158.00000 1.24800
159.00000 1.23600
160.00000 1.23600
161.00000 1.24800
162.00000 1.24800
163.00000 1.23600
164.00000 1.24800
165.00000 1.24800
166.00000 1.24800
167.00000 1.26000
168.00000 1.24800
169.00000 1.26000
170.00000 1.14000
171.00000 1.15200
172.00000 1.15200
173.00000 1.15200
174.00000 1.15200
175.00000 1.26000
176.00000 1.28400
177.00000 1.27200
178.00000 1.27200
179.00000 1.27200
180.00000 1.28400
181.00000 1.29600
182.00000 1.28400
183.00000 1.29600
184.00000 1.28400
185.00000 1.15200
186.00000 1.15200
187.00000 1.16400
188.00000 1.15200
189.00000 1.15200
190.00000 0.64800
191.00000 0.63600
192.00000 0.64800
193.00000 0.63600
194.00000 0.63600
195.00000 0.52800
196.00000 0.51600
197.00000 0.51600
198.00000 0.51600
199.00000 0.52800
200.00000 1.24800
201.00000 1.24800
202.00000 1.24800
203.00000 1.26000
204.00000 1.24800
205.00000 1.27200
206.00000 1.27200
207.00000 1.27200
208.00000 1.27200
209.00000 1.27200
210.00000 0.97200
211.00000 0.99600
212.00000 0.98400
213.00000 0.98400
214.00000 0.98400
215.00000 1.11600
216.00000 1.11600
217.00000 1.12800
218.00000 1.11600
219.00000 1.12800
220.00000 1.11600
221.00000 1.11600
222.00000 1.12800
223.00000 1.11600
224.00000 1.12800
225.00000 1.20000
226.00000 1.21200
227.00000 1.21200
228.00000 1.21200
229.00000 1.21200
230.00000 1.23600
231.00000 1.24800
232.00000 1.24800
233.00000 1.23600
234.00000 1.24800
235.00000 1.11600
236.00000 1.12800
237.00000 1.12800
238.00000 1.12800
239.00000 1.12800
240.00000 1.23600
241.00000 1.23600
242.00000 1.23600
243.00000 1.24800
244.00000 1.23600
245.00000 1.22400
246.00000 1.22400
247.00000 1.22400
248.00000 1.23600
249.00000 1.22400
250.00000 1.10400
251.00000 1.10400
252.00000 1.11600
253.00000 1.10400
254.00000 1.10400
255.00000 1.14000
256.00000 1.14000
257.00000 1.14000
258.00000 1.15200
259.00000 1.14000
260.00000 0.99600
261.00000 1.00800
262.00000 0.99600
263.00000 1.00800
264.00000 1.00800
265.00000 1.11600
266.00000 1.11600
267.00000 1.11600
268.00000 1.11600
269.00000 1.11600
270.00000 1.11600
271.00000 1.12800
272.00000 1.14000
273.00000 1.12800
274.00000 1.12800
275.00000 1.14000
276.00000 1.15200
277.00000 1.14000
278.00000 1.15200
279.00000 1.14000
280.00000 1.23600
281.00000 1.24800
282.00000 1.24800
283.00000 1.24800
284.00000 1.24800
285.00000 1.12800
286.00000 1.14000
287.00000 1.15200
288.00000 1.14000
289.00000 1.14000
290.00000 1.15200
291.00000 1.15200
292.00000 1.15200
293.00000 1.15200
294.00000 1.15200
295.00000 1.14000
296.00000 1.12800
297.00000 1.14000
298.00000 1.12800
299.00000 1.12800
300.00000 1.27200
301.00000 1.27200
302.00000 1.27200
303.00000 1.27200
304.00000 1.27200
305.00000 1.20000
306.00000 1.21200
307.00000 1.21200
308.00000 1.21200
309.00000 1.21200
310.00000 1.30800
311.00000 1.30800
312.00000 1.30800
313.00000 1.30800
314.00000 1.30800
315.00000 1.14000
316.00000 1.15200
317.00000 1.15200
318.00000 1.14000
