0.00000 1.76400
1.00000 1.76400
2.00000 1.76400
3.00000 1.76400
4.00000 1.76400
5.00000 0.86400
6.00000 0.86400
7.00000 0.86400
8.00000 0.86400
9.00000 0.87600
10.00000 1.64400
11.00000 1.65600
12.00000 1.66800
13.00000 1.65600
14.00000 1.65600
15.00000 1.76400
16.00000 1.77600
17.00000 1.77600
18.00000 1.77600
19.00000 1.77600
20.00000 1.66800
21.00000 1.66800
22.00000 1.68000
23.00000 1.66800
24.00000 1.68000
25.00000 1.65600
26.00000 1.66800
27.00000 1.66800
28.00000 1.65600
29.00000 1.66800
30.00000 1.68000
31.00000 1.68000
32.00000 1.69200
33.00000 1.68000
34.00000 1.69200
35.00000 1.59600
36.00000 1.62000
37.00000 1.60800
38.00000 1.60800
39.00000 1.60800
40.00000 1.71600
41.00000 1.71600
42.00000 1.71600
43.00000 1.71600
44.00000 1.71600
45.00000 1.68000
46.00000 1.68000
47.00000 1.68000
48.00000 1.69200
49.00000 1.68000
50.00000 1.65600
51.00000 1.66800
52.00000 1.66800
53.00000 1.68000
54.00000 1.66800
55.00000 1.69200
56.00000 1.70400
57.00000 1.70400
58.00000 1.70400
59.00000 1.70400
60.00000 1.66800
61.00000 1.68000
62.00000 1.69200
63.00000 1.68000
64.00000 1.68000
65.00000 1.65600
66.00000 1.68000
67.00000 1.66800
68.00000 1.66800
69.00000 1.66800
70.00000 1.71600
71.00000 1.72800
72.00000 1.71600
73.00000 1.71600
74.00000 1.71600
75.00000 1.75200
76.00000 1.74000
77.00000 1.75200
78.00000 1.75200
79.00000 1.74000
80.00000 1.64400
81.00000 1.63200
82.00000 1.64400
83.00000 1.64400
84.00000 1.63200
85.00000 1.69200
86.00000 1.69200
87.00000 1.70400
88.00000 1.70400
89.00000 1.69200
90.00000 1.54800
91.00000 1.54800
92.00000 1.54800
93.00000 1.54800
94.00000 1.56000
95.00000 1.72800
96.00000 1.74000
97.00000 1.74000
98.00000 1.74000
99.00000 1.74000
100.00000 1.64400
101.00000 1.65600
102.00000 1.65600
103.00000 1.64400
104.00000 1.65600
105.00000 1.68000
106.00000 1.66800
107.00000 1.68000
108.00000 1.66800
109.00000 1.68000
110.00000 0.88800
111.00000 0.90000
112.00000 0.88800
113.00000 0.90000
114.00000 0.88800
115.00000 1.75200
116.00000 1.76400
117.00000 1.75200
118.00000 1.75200
119.00000 1.76400
120.00000 1.68000
121.00000 1.69200
122.00000 1.68000
123.00000 1.69200
124.00000 1.69200
125.00000 1.64400
126.00000 1.64400
127.00000 1.65600
128.00000 1.64400
129.00000 1.65600
130.00000 1.66800
131.00000 1.66800
132.00000 1.66800
133.00000 1.68000
134.00000 1.66800
135.00000 1.69200
136.00000 1.69200
137.00000 1.69200
138.00000 1.70400
139.00000 1.69200
140.00000 1.71600
141.00000 1.74000
142.00000 1.72800
143.00000 1.72800
144.00000 1.74000
145.00000 1.56000
146.00000 1.56000
147.00000 1.56000
148.00000 1.57200
149.00000 1.56000
150.00000 1.26000
151.00000 1.27200
152.00000 1.26000
153.00000 1.27200
154.00000 1.27200
155.00000 1.68000
156.00000 1.68000
157.00000 1.68000
158.00000 1.69200
159.00000 1.68000
160.00000 1.62000
161.00000 1.63200
162.00000 1.63200
163.00000 1.63200
164.00000 1.63200
165.00000 0.86400
166.00000 0.86400
167.00000 0.86400
168.00000 0.86400
169.00000 0.87600
170.00000 1.63200
171.00000 1.64400
172.00000 1.63200
173.00000 1.64400
174.00000 1.64400
175.00000 1.58400
176.00000 1.58400
177.00000 1.58400
178.00000 1.58400
179.00000 1.59600
180.00000 1.68000
181.00000 1.70400
182.00000 1.69200
183.00000 1.69200
184.00000 1.69200
185.00000 1.34400
186.00000 1.33200
187.00000 1.34400
188.00000 1.33200
189.00000 1.34400
190.00000 1.65600
191.00000 1.66800
192.00000 1.66800
193.00000 1.66800
194.00000 1.66800
195.00000 1.74000
196.00000 1.75200
197.00000 1.74000
198.00000 1.75200
199.00000 1.74000
200.00000 1.57200
201.00000 1.57200
202.00000 1.57200
203.00000 1.57200
204.00000 1.56000
205.00000 1.76400
206.00000 1.76400
207.00000 1.76400
208.00000 1.76400
209.00000 1.75200
210.00000 1.63200
211.00000 1.63200
212.00000 1.63200
213.00000 1.64400
214.00000 1.63200
215.00000 1.66800
216.00000 1.66800
217.00000 1.68000
218.00000 1.68000
219.00000 1.66800
220.00000 1.68000
221.00000 1.68000
222.00000 1.68000
223.00000 1.69200
224.00000 1.68000
225.00000 1.48800
226.00000 1.50000
227.00000 1.48800
228.00000 1.48800
229.00000 1.48800
230.00000 1.45200
231.00000 1.46400
232.00000 1.45200
233.00000 1.46400
234.00000 1.46400
235.00000 1.42800
236.00000 1.42800
237.00000 1.42800
238.00000 1.44000
239.00000 1.42800
240.00000 1.54800
241.00000 1.56000
242.00000 1.56000
243.00000 1.56000
244.00000 1.56000
245.00000 1.24800
246.00000 1.26000
247.00000 1.26000
248.00000 1.26000
249.00000 1.26000
250.00000 0.80400
251.00000 0.80400
252.00000 0.80400
253.00000 0.80400
254.00000 0.80400
255.00000 1.58400
256.00000 1.59600
257.00000 1.59600
258.00000 1.59600
259.00000 1.59600
260.00000 0.79200
261.00000 0.79200
262.00000 0.80400
263.00000 0.79200
264.00000 0.80400
265.00000 1.52400
266.00000 1.53600
267.00000 1.53600
268.00000 1.53600
269.00000 1.53600
270.00000 1.52400
271.00000 1.52400
272.00000 1.53600
273.00000 1.53600
274.00000 1.52400
275.00000 0.79200
276.00000 0.79200
277.00000 0.79200
278.00000 0.79200
279.00000 0.79200
280.00000 1.53600
281.00000 1.53600
282.00000 1.54800
283.00000 1.53600
284.00000 1.54800
285.00000 0.79200
286.00000 0.79200
287.00000 0.80400
288.00000 0.79200
289.00000 0.80400
290.00000 1.50000
291.00000 1.52400
292.00000 1.51200
293.00000 1.51200
294.00000 1.51200
295.00000 1.57200
296.00000 1.58400
297.00000 1.58400
298.00000 1.58400
299.00000 1.58400
300.00000 1.52400
301.00000 1.51200
302.00000 1.52400
303.00000 1.51200
304.00000 1.52400
305.00000 1.54800
306.00000 1.54800
307.00000 1.56000
308.00000 1.54800
309.00000 1.56000
310.00000 1.62000
311.00000 1.62000
312.00000 1.62000
313.00000 1.62000
314.00000 1.63200
315.00000 1.54800
316.00000 1.56000
317.00000 1.57200
318.00000 1.56000
