0.00000 0.77142
5.00000 0.79220
10.00000 0.79211
15.00000 0.79337
20.00000 0.75951
25.00000 0.73277
30.00000 0.76633
35.00000 0.72105
40.00000 0.72508
45.00000 0.72146
50.00000 0.79063
55.00000 0.85538
60.00000 0.78554
65.00000 0.80725
70.00000 0.76170
75.00000 0.81395
80.00000 2.79516
85.00000 2.71686
90.00000 2.82266
95.00000 2.60373
100.00000 2.61689
105.00000 2.80426
110.00000 2.74270
115.00000 2.88666
120.00000 2.91767
125.00000 2.92798
130.00000 2.68603
135.00000 1.83866
140.00000 2.97773
145.00000 1.49744
150.00000 2.30935
155.00000 1.45999
160.00000 1.99311
165.00000 2.21511
170.00000 3.03499
175.00000 3.04778
180.00000 3.07228
185.00000 0.80430
190.00000 0.80828
195.00000 0.76383
200.00000 2.87327
205.00000 2.68410
210.00000 1.92211
215.00000 1.99109
220.00000 2.40674
225.00000 2.77435
230.00000 2.93489
235.00000 2.95779
240.00000 3.10521
245.00000 2.85222
250.00000 2.76134
255.00000 2.65360
260.00000 2.66333
265.00000 2.54754
270.00000 2.55813
275.00000 2.31552
280.00000 1.91767
285.00000 2.66142
290.00000 2.71562
295.00000 2.90309
300.00000 2.93556
305.00000 2.75836
310.00000 2.93578
315.00000 2.25881
320.00000 2.81036
