0.00000 0.85993
5.00000 0.74998
10.00000 0.90298
15.00000 0.94491
20.00000 0.93779
25.00000 0.92831
30.00000 0.94143
35.00000 0.91846
40.00000 0.94043
45.00000 0.90288
50.00000 0.94156
55.00000 0.94623
60.00000 0.91025
65.00000 0.91163
70.00000 0.90180
75.00000 0.92654
80.00000 0.94813
85.00000 0.89634
90.00000 0.91380
95.00000 0.92319
100.00000 0.93354
105.00000 0.92702
110.00000 0.92522
115.00000 0.92824
120.00000 0.90515
125.00000 0.88977
130.00000 5.07276
135.00000 5.00738
140.00000 4.08012
145.00000 4.47742
150.00000 4.78346
155.00000 4.92485
160.00000 5.46443
165.00000 5.08871
170.00000 4.46012
175.00000 5.17198
180.00000 4.51535
185.00000 4.42323
190.00000 4.78598
195.00000 4.85788
200.00000 0.89970
205.00000 4.99788
210.00000 4.82705
215.00000 4.86797
220.00000 5.25097
225.00000 4.74957
230.00000 0.90718
235.00000 5.00438
240.00000 4.47022
245.00000 5.16268
250.00000 3.94252
255.00000 4.25379
260.00000 4.78265
265.00000 4.83534
270.00000 5.13281
275.00000 5.10596
280.00000 4.93400
285.00000 4.74446
290.00000 4.18908
295.00000 4.50723
300.00000 1.33018
305.00000 4.25291
310.00000 4.45388
315.00000 4.43177
320.00000 0.90694
