0.00000 0.59246
5.00000 1.19032
10.00000 1.75082
15.00000 1.78950
20.00000 1.79943
25.00000 1.91413
30.00000 1.74973
35.00000 1.76542
40.00000 1.80386
45.00000 1.41902
50.00000 0.98079
55.00000 0.89392
60.00000 1.12989
65.00000 1.66850
70.00000 1.74732
75.00000 1.79270
80.00000 1.83700
85.00000 1.78896
90.00000 1.74888
95.00000 1.77228
100.00000 0.60602
105.00000 1.62675
110.00000 1.42943
115.00000 1.70408
120.00000 1.78455
125.00000 1.83229
130.00000 1.84520
135.00000 1.80918
140.00000 1.88633
145.00000 1.78545
150.00000 1.79894
155.00000 0.96545
160.00000 1.71211
165.00000 0.58262
170.00000 1.77807
175.00000 1.85707
180.00000 1.78050
185.00000 1.78322
190.00000 1.97719
195.00000 1.70673
200.00000 1.80762
205.00000 1.74836
210.00000 1.85349
215.00000 1.86652
220.00000 1.12586
225.00000 0.91719
230.00000 0.92792
235.00000 0.78498
240.00000 0.94296
245.00000 0.91693
250.00000 0.93000
255.00000 0.94434
260.00000 0.95266
265.00000 0.93844
270.00000 0.91093
275.00000 0.64584
280.00000 0.50694
285.00000 0.87843
290.00000 0.95873
295.00000 0.94342
300.00000 0.92394
305.00000 0.96018
310.00000 0.97065
315.00000 0.94014
320.00000 0.96650
