0.00000 0.66450
5.00000 0.66354
10.00000 0.65233
15.00000 0.65527
20.00000 0.66263
25.00000 0.65612
30.00000 0.67710
35.00000 0.66552
40.00000 0.66842
45.00000 0.67283
50.00000 0.64396
55.00000 0.64840
60.00000 0.66525
65.00000 0.66150
70.00000 0.63912
75.00000 0.64483
80.00000 0.66466
85.00000 0.65431
90.00000 0.64638
95.00000 0.65588
100.00000 0.65449
105.00000 0.65485
110.00000 0.66947
115.00000 0.64546
120.00000 0.65095
125.00000 0.65759
130.00000 0.48804
135.00000 0.65507
140.00000 0.65530
145.00000 0.65187
150.00000 0.66015
155.00000 0.66115
160.00000 0.64694
165.00000 0.64924
170.00000 0.64899
175.00000 0.66714
180.00000 0.65256
185.00000 0.65032
190.00000 0.65831
195.00000 0.65034
200.00000 0.65806
205.00000 0.65557
210.00000 0.65559
215.00000 0.64862
220.00000 0.64914
225.00000 0.66207
230.00000 0.67094
235.00000 0.65762
240.00000 0.65126
245.00000 0.64229
250.00000 0.67383
255.00000 0.66478
260.00000 0.67512
265.00000 0.65384
270.00000 0.64352
275.00000 0.64275
280.00000 0.65218
285.00000 0.65490
290.00000 0.66418
295.00000 0.62007
300.00000 0.61673
305.00000 0.50847
310.00000 0.61285
315.00000 0.61058
320.00000 0.63274
