0.00000 1.47600
1.00000 1.46400
2.00000 1.46400
3.00000 1.47600
4.00000 1.46400
5.00000 1.39200
6.00000 1.39200
7.00000 1.40400
8.00000 1.39200
9.00000 1.40400
10.00000 1.52400
11.00000 1.53600
12.00000 1.53600
13.00000 1.53600
14.00000 1.54800
15.00000 1.56000
16.00000 1.57200
17.00000 1.57200
18.00000 1.58400
19.00000 1.57200
20.00000 1.56000
21.00000 1.57200
22.00000 1.57200
23.00000 1.57200
24.00000 1.57200
25.00000 0.74400
26.00000 0.74400
27.00000 0.74400
28.00000 0.74400
29.00000 0.74400
30.00000 1.35600
31.00000 1.35600
32.00000 1.36800
33.00000 1.35600
34.00000 1.36800
35.00000 1.47600
36.00000 1.47600
37.00000 1.48800
38.00000 1.47600
39.00000 1.48800
40.00000 1.46400
41.00000 1.47600
42.00000 1.47600
43.00000 1.47600
44.00000 1.47600
45.00000 1.28400
46.00000 1.29600
47.00000 1.29600
48.00000 1.29600
49.00000 1.29600
50.00000 1.54800
51.00000 1.56000
52.00000 1.56000
53.00000 1.57200
54.00000 1.56000
55.00000 1.46400
56.00000 1.46400
57.00000 1.46400
58.00000 1.47600
59.00000 1.46400
60.00000 1.45200
61.00000 1.45200
62.00000 1.45200
63.00000 1.44000
64.00000 1.45200
65.00000 1.40400
66.00000 1.41600
67.00000 1.41600
68.00000 1.40400
69.00000 1.41600
70.00000 1.44000
71.00000 1.45200
72.00000 1.45200
73.00000 1.45200
74.00000 1.45200
75.00000 1.48800
76.00000 1.50000
77.00000 1.48800
78.00000 1.50000
79.00000 1.48800
80.00000 1.47600
81.00000 1.46400
82.00000 1.47600
83.00000 1.46400
84.00000 1.47600
85.00000 1.39200
86.00000 1.39200
87.00000 1.39200
88.00000 1.39200
89.00000 1.40400
90.00000 1.36800
91.00000 1.36800
92.00000 1.38000
93.00000 1.36800
94.00000 1.38000
95.00000 1.50000
96.00000 1.51200
97.00000 1.51200
98.00000 1.51200
99.00000 1.51200
100.00000 1.38000
101.00000 1.39200
102.00000 1.38000
103.00000 1.39200
104.00000 1.39200
105.00000 1.36800
106.00000 1.38000
107.00000 1.38000
108.00000 1.36800
109.00000 1.38000
110.00000 1.40400
111.00000 1.41600
112.00000 1.41600
113.00000 1.41600
114.00000 1.41600
115.00000 1.54800
116.00000 1.54800
117.00000 1.56000
118.00000 1.56000
119.00000 1.54800
120.00000 1.50000
121.00000 1.50000
122.00000 1.50000
123.00000 1.50000
124.00000 1.51200
125.00000 1.50000
126.00000 1.51200
127.00000 1.51200
128.00000 1.51200
129.00000 1.51200
130.00000 1.46400
131.00000 1.48800
132.00000 1.47600
133.00000 1.47600
134.00000 1.47600
135.00000 1.58400
136.00000 1.59600
137.00000 1.60800
138.00000 1.59600
139.00000 1.59600
140.00000 1.51200
141.00000 1.51200
142.00000 1.52400
143.00000 1.51200
144.00000 1.52400
145.00000 1.42800
146.00000 1.44000
147.00000 1.42800
148.00000 1.44000
149.00000 1.42800
150.00000 1.24800
151.00000 1.23600
152.00000 1.23600
153.00000 1.24800
154.00000 1.23600
155.00000 1.29600
156.00000 1.29600
157.00000 1.30800
158.00000 1.29600
159.00000 1.29600
160.00000 1.36800
161.00000 1.38000
162.00000 1.36800
163.00000 1.36800
164.00000 1.36800
165.00000 1.41600
166.00000 1.41600
167.00000 1.41600
168.00000 1.41600
169.00000 1.42800
170.00000 1.41600
171.00000 1.41600
172.00000 1.41600
173.00000 1.42800
174.00000 1.41600
175.00000 1.41600
176.00000 1.42800
177.00000 1.41600
178.00000 1.42800
179.00000 1.42800
180.00000 1.40400
181.00000 1.42800
182.00000 1.41600
183.00000 1.41600
184.00000 1.41600
185.00000 1.54800
186.00000 1.54800
187.00000 1.56000
188.00000 1.54800
189.00000 1.56000
190.00000 1.34400
191.00000 1.34400
192.00000 1.35600
193.00000 1.34400
194.00000 1.35600
195.00000 1.46400
196.00000 1.47600
197.00000 1.48800
198.00000 1.47600
199.00000 1.47600
200.00000 1.44000
201.00000 1.45200
202.00000 1.44000
203.00000 1.45200
204.00000 1.44000
205.00000 1.44000
206.00000 1.44000
207.00000 1.44000
208.00000 1.44000
209.00000 1.44000
210.00000 1.45200
211.00000 1.45200
212.00000 1.46400
213.00000 1.45200
214.00000 1.46400
215.00000 1.44000
216.00000 1.44000
217.00000 1.44000
218.00000 1.45200
219.00000 1.44000
220.00000 1.35600
221.00000 1.36800
222.00000 1.36800
223.00000 1.36800
224.00000 1.36800
225.00000 1.36800
226.00000 1.39200
227.00000 1.38000
228.00000 1.38000
229.00000 1.38000
230.00000 1.40400
231.00000 1.40400
232.00000 1.41600
233.00000 1.40400
234.00000 1.41600
235.00000 1.41600
236.00000 1.42800
237.00000 1.42800
238.00000 1.42800
239.00000 1.44000
240.00000 0.60000
241.00000 0.60000
242.00000 0.60000
243.00000 0.60000
244.00000 0.60000
245.00000 1.48800
246.00000 1.50000
247.00000 1.50000
248.00000 1.48800
249.00000 1.50000
250.00000 1.56000
251.00000 1.56000
252.00000 1.57200
253.00000 1.56000
254.00000 1.57200
255.00000 1.50000
256.00000 1.52400
257.00000 1.51200
258.00000 1.51200
259.00000 1.51200
260.00000 0.74400
261.00000 0.74400
262.00000 0.75600
263.00000 0.74400
264.00000 0.75600
265.00000 1.44000
266.00000 1.44000
267.00000 1.45200
268.00000 1.44000
269.00000 1.44000
270.00000 1.42800
271.00000 1.41600
272.00000 1.41600
273.00000 1.42800
274.00000 1.41600
275.00000 1.45200
276.00000 1.45200
277.00000 1.45200
278.00000 1.46400
279.00000 1.45200
280.00000 1.33200
281.00000 1.34400
282.00000 1.33200
283.00000 1.34400
284.00000 1.34400
285.00000 1.34400
286.00000 1.35600
287.00000 1.35600
288.00000 1.34400
289.00000 1.35600
290.00000 1.36800
291.00000 1.36800
292.00000 1.38000
293.00000 1.36800
294.00000 1.38000
295.00000 1.48800
296.00000 1.50000
297.00000 1.50000
298.00000 1.48800
299.00000 1.50000
300.00000 1.47600
301.00000 1.48800
302.00000 1.47600
303.00000 1.48800
304.00000 1.48800
305.00000 1.47600
306.00000 1.48800
307.00000 1.47600
308.00000 1.48800
309.00000 1.48800
310.00000 1.48800
311.00000 1.50000
312.00000 1.50000
313.00000 1.50000
314.00000 1.50000
315.00000 1.53600
316.00000 1.53600
317.00000 1.53600
318.00000 1.54800
