0.00000 0.47631
5.00000 0.46234
10.00000 0.48072
15.00000 0.41030
20.00000 0.47964
25.00000 0.48688
30.00000 0.47661
35.00000 0.47915
40.00000 0.48422
45.00000 0.47738
50.00000 0.48891
55.00000 0.47623
60.00000 0.47182
65.00000 0.48022
70.00000 0.47850
75.00000 0.48497
80.00000 0.47406
85.00000 0.47345
90.00000 0.47913
95.00000 0.48247
100.00000 0.48146
105.00000 0.48777
110.00000 0.46836
115.00000 0.46632
120.00000 0.47378
125.00000 0.48263
130.00000 0.48310
135.00000 0.46078
140.00000 0.48016
145.00000 0.47366
150.00000 0.48178
155.00000 0.47952
160.00000 0.48102
165.00000 0.54097
170.00000 0.55569
175.00000 0.51397
180.00000 0.53789
185.00000 0.56158
190.00000 0.56245
195.00000 0.54866
200.00000 0.55786
205.00000 0.55736
210.00000 0.56027
215.00000 0.55197
220.00000 0.56330
225.00000 0.54577
230.00000 0.54163
235.00000 0.47923
240.00000 0.49457
245.00000 0.56371
250.00000 0.56533
255.00000 0.56479
260.00000 0.56448
265.00000 0.54638
270.00000 0.56152
275.00000 0.56026
280.00000 0.53742
285.00000 0.56928
290.00000 0.56245
295.00000 0.00000
300.00000 0.56179
305.00000 0.56477
310.00000 0.55370
315.00000 0.54958
320.00000 0.55806
