0.00000 0.29798
5.00000 0.58740
10.00000 0.58755
15.00000 0.58509
20.00000 0.58869
25.00000 0.57686
30.00000 0.56198
35.00000 0.57407
40.00000 0.57398
45.00000 0.43269
50.00000 0.52731
55.00000 0.55730
60.00000 0.48622
65.00000 0.54917
70.00000 0.54371
75.00000 0.55813
80.00000 0.53794
85.00000 0.53526
90.00000 0.54046
95.00000 0.54111
100.00000 0.54042
105.00000 0.54797
110.00000 0.40552
115.00000 0.54919
120.00000 0.54758
125.00000 0.54094
130.00000 0.54978
135.00000 0.55547
140.00000 0.55127
145.00000 0.55677
150.00000 0.53618
155.00000 0.54433
160.00000 0.05918
165.00000 0.55918
170.00000 0.54293
175.00000 0.54327
180.00000 0.54228
185.00000 0.54882
190.00000 0.53154
195.00000 0.43630
200.00000 0.53566
205.00000 0.53566
210.00000 0.55526
215.00000 0.55243
220.00000 0.53914
225.00000 0.36934
230.00000 0.55269
235.00000 0.54463
240.00000 0.54324
245.00000 0.54884
250.00000 0.55978
255.00000 0.43362
260.00000 0.53644
265.00000 0.53604
270.00000 0.52739
275.00000 0.53686
280.00000 0.54397
285.00000 0.54488
290.00000 0.31262
295.00000 0.00000
300.00000 0.00000
305.00000 0.48560
310.00000 0.29210
315.00000 0.16986
320.00000 0.45840
