0.00000 1.09200
1.00000 1.09200
2.00000 1.09200
3.00000 1.10400
4.00000 1.09200
5.00000 1.08000
6.00000 1.08000
7.00000 1.09200
8.00000 1.09200
9.00000 1.08000
10.00000 0.92400
11.00000 0.92400
12.00000 0.92400
13.00000 0.92400
14.00000 0.92400
15.00000 0.75600
16.00000 0.74400
17.00000 0.74400
18.00000 0.75600
19.00000 0.74400
20.00000 1.11600
21.00000 1.11600
22.00000 1.12800
23.00000 1.11600
24.00000 1.11600
25.00000 1.08000
26.00000 1.09200
27.00000 1.09200
28.00000 1.09200
29.00000 1.09200
30.00000 0.79200
31.00000 0.79200
32.00000 0.80400
33.00000 0.79200
34.00000 0.79200
35.00000 1.09200
36.00000 1.09200
37.00000 1.09200
38.00000 1.10400
39.00000 1.09200
40.00000 1.11600
41.00000 1.14000
42.00000 1.12800
43.00000 1.12800
44.00000 1.12800
45.00000 0.88800
46.00000 0.88800
47.00000 0.87600
48.00000 0.88800
49.00000 0.88800
50.00000 0.54000
51.00000 0.55200
52.00000 0.55200
53.00000 0.55200
54.00000 0.55200
55.00000 0.85200
56.00000 0.87600
57.00000 0.86400
58.00000 0.86400
59.00000 0.86400
60.00000 1.24800
61.00000 1.24800
62.00000 1.26000
63.00000 1.24800
64.00000 1.26000
65.00000 0.33600
66.00000 0.33600
67.00000 0.34800
68.00000 0.33600
69.00000 0.33600
70.00000 1.09200
71.00000 1.10400
72.00000 1.09200
73.00000 1.09200
74.00000 1.10400
75.00000 1.05600
76.00000 1.05600
77.00000 1.05600
78.00000 1.06800
79.00000 1.05600
80.00000 1.10400
81.00000 1.09200
82.00000 1.10400
83.00000 1.10400
84.00000 1.09200
85.00000 1.09200
86.00000 1.09200
87.00000 1.09200
88.00000 1.09200
89.00000 1.09200
90.00000 1.23600
91.00000 1.26000
92.00000 1.24800
93.00000 1.24800
94.00000 1.26000
95.00000 1.08000
96.00000 1.09200
97.00000 1.09200
98.00000 1.09200
99.00000 1.09200
100.00000 1.08000
101.00000 1.09200
102.00000 1.09200
103.00000 1.10400
104.00000 1.09200
105.00000 1.22400
106.00000 1.23600
107.00000 1.23600
108.00000 1.24800
109.00000 1.23600
110.00000 0.67200
111.00000 0.68400
112.00000 0.68400
113.00000 0.67200
114.00000 0.68400
115.00000 1.09200
116.00000 1.10400
117.00000 1.11600
118.00000 1.10400
119.00000 1.10400
120.00000 1.11600
121.00000 1.14000
122.00000 1.12800
123.00000 1.14000
124.00000 1.12800
125.00000 1.10400
126.00000 1.12800
127.00000 1.11600
128.00000 1.11600
129.00000 1.11600
130.00000 1.15200
131.00000 1.14000
132.00000 1.15200
133.00000 1.15200
134.00000 1.14000
135.00000 1.15200
136.00000 1.16400
137.00000 1.15200
138.00000 1.15200
139.00000 1.15200
140.00000 0.73200
141.00000 0.72000
142.00000 0.72000
143.00000 0.73200
144.00000 0.72000
145.00000 1.11600
146.00000 1.12800
147.00000 1.12800
148.00000 1.12800
149.00000 1.12800
150.00000 0.81600
151.00000 0.81600
152.00000 0.82800
153.00000 0.82800
154.00000 0.81600
155.00000 1.02000
156.00000 1.02000
157.00000 1.02000
158.00000 1.00800
159.00000 1.02000
160.00000 1.14000
161.00000 1.15200
162.00000 1.14000
163.00000 1.14000
164.00000 1.14000
165.00000 0.90000
166.00000 0.90000
167.00000 0.90000
168.00000 0.88800
169.00000 0.90000
170.00000 1.10400
171.00000 1.11600
172.00000 1.11600
173.00000 1.11600
174.00000 1.11600
175.00000 0.98400
176.00000 0.98400
177.00000 0.98400
178.00000 0.99600
179.00000 0.98400
180.00000 1.22400
181.00000 1.22400
182.00000 1.21200
183.00000 1.22400
184.00000 1.22400
185.00000 1.22400
186.00000 1.22400
187.00000 1.23600
188.00000 1.23600
189.00000 1.22400
190.00000 0.91200
191.00000 0.90000
192.00000 0.91200
193.00000 0.90000
194.00000 0.90000
195.00000 1.08000
196.00000 1.08000
197.00000 1.08000
198.00000 1.08000
199.00000 1.08000
200.00000 1.06800
201.00000 1.08000
202.00000 1.08000
203.00000 1.09200
204.00000 1.08000
205.00000 1.00800
206.00000 1.00800
207.00000 1.00800
208.00000 1.02000
209.00000 1.00800
210.00000 1.11600
211.00000 1.12800
212.00000 1.11600
213.00000 1.12800
214.00000 1.12800
215.00000 1.24800
216.00000 1.24800
217.00000 1.26000
218.00000 1.26000
219.00000 1.26000
220.00000 1.27200
221.00000 1.28400
222.00000 1.29600
223.00000 1.28400
224.00000 1.28400
225.00000 1.09200
226.00000 1.09200
227.00000 1.09200
228.00000 1.09200
229.00000 1.09200
230.00000 0.52800
231.00000 0.52800
232.00000 0.52800
233.00000 0.54000
234.00000 0.52800
235.00000 1.12800
236.00000 1.15200
237.00000 1.14000
238.00000 1.14000
239.00000 1.14000
240.00000 0.90000
241.00000 0.91200
242.00000 0.90000
243.00000 0.90000
244.00000 0.90000
245.00000 1.12800
246.00000 1.12800
247.00000 1.14000
248.00000 1.12800
249.00000 1.12800
250.00000 0.68400
251.00000 0.68400
252.00000 0.67200
253.00000 0.68400
254.00000 0.68400
255.00000 0.94800
256.00000 0.96000
257.00000 0.96000
258.00000 0.96000
259.00000 0.96000
260.00000 1.23600
261.00000 1.26000
262.00000 1.24800
263.00000 1.24800
264.00000 1.24800
265.00000 1.23600
266.00000 1.23600
267.00000 1.22400
268.00000 1.23600
269.00000 1.23600
270.00000 1.14000
271.00000 1.14000
272.00000 1.14000
273.00000 1.15200
274.00000 1.14000
275.00000 1.27200
276.00000 1.26000
277.00000 1.27200
278.00000 1.27200
279.00000 1.26000
280.00000 1.12800
281.00000 1.14000
282.00000 1.12800
283.00000 1.12800
284.00000 1.14000
285.00000 1.27200
286.00000 1.29600
287.00000 1.28400
288.00000 1.28400
289.00000 1.28400
290.00000 0.42000
291.00000 0.40800
292.00000 0.40800
293.00000 0.42000
294.00000 0.40800
295.00000 0.50400
296.00000 0.50400
297.00000 0.51600
298.00000 0.50400
299.00000 0.51600
300.00000 0.69600
301.00000 0.72000
302.00000 0.70800
303.00000 0.70800
304.00000 0.70800
305.00000 1.27200
306.00000 1.28400
307.00000 1.28400
308.00000 1.28400
309.00000 1.28400
310.00000 0.86400
311.00000 0.86400
312.00000 0.86400
313.00000 0.85200
314.00000 0.86400
315.00000 1.06800
316.00000 1.06800
317.00000 1.08000
318.00000 1.06800
