0.00000 0.57808
5.00000 0.58523
10.00000 0.39947
15.00000 0.58289
20.00000 0.53284
25.00000 0.52406
30.00000 0.54916
35.00000 0.59058
40.00000 0.57608
45.00000 0.51944
50.00000 0.56732
55.00000 0.54898
60.00000 0.56245
65.00000 0.53734
70.00000 0.57578
75.00000 0.53721
80.00000 0.57333
85.00000 0.57194
90.00000 0.57216
95.00000 0.56815
100.00000 0.56658
105.00000 0.57586
110.00000 0.57533
115.00000 0.55866
120.00000 0.59066
125.00000 0.00000
130.00000 0.58322
135.00000 0.58634
140.00000 0.58017
145.00000 0.57243
150.00000 0.58054
155.00000 0.57670
160.00000 0.57555
165.00000 0.56370
170.00000 0.58754
175.00000 0.58059
180.00000 0.46567
185.00000 0.52361
190.00000 0.51308
195.00000 0.57754
200.00000 0.57010
205.00000 0.54746
210.00000 0.58005
215.00000 0.57070
220.00000 0.56563
225.00000 0.57197
230.00000 0.56470
235.00000 0.57726
240.00000 0.50729
245.00000 0.48736
250.00000 0.51962
255.00000 0.56860
260.00000 0.56948
265.00000 0.59178
270.00000 0.22606
275.00000 0.61322
280.00000 0.60857
285.00000 0.45015
290.00000 0.61127
295.00000 0.58301
300.00000 0.59790
305.00000 0.58998
310.00000 0.59968
315.00000 0.59714
320.00000 0.59491
