0.00000 0.76800
1.00000 0.78000
2.00000 0.78000
3.00000 0.76800
4.00000 0.78000
5.00000 0.80400
6.00000 0.80400
7.00000 0.81600
8.00000 0.80400
9.00000 0.80400
10.00000 0.76800
11.00000 0.78000
12.00000 0.76800
13.00000 0.78000
14.00000 0.76800
15.00000 0.60000
16.00000 0.57600
17.00000 0.58800
18.00000 0.58800
19.00000 0.58800
20.00000 0.75600
21.00000 0.76800
22.00000 0.76800
23.00000 0.75600
24.00000 0.76800
25.00000 0.73200
26.00000 0.74400
27.00000 0.74400
28.00000 0.74400
29.00000 0.74400
30.00000 0.73200
31.00000 0.74400
32.00000 0.73200
33.00000 0.74400
34.00000 0.73200
35.00000 0.73200
36.00000 0.74400
37.00000 0.74400
38.00000 0.74400
39.00000 0.74400
40.00000 0.81600
41.00000 0.82800
42.00000 0.82800
43.00000 0.84000
44.00000 0.82800
45.00000 0.55200
46.00000 0.54000
47.00000 0.55200
48.00000 0.55200
49.00000 0.55200
50.00000 0.80400
51.00000 0.81600
52.00000 0.81600
53.00000 0.81600
54.00000 0.81600
55.00000 0.75600
56.00000 0.75600
57.00000 0.75600
58.00000 0.75600
59.00000 0.76800
60.00000 0.76800
61.00000 0.76800
62.00000 0.76800
63.00000 0.76800
64.00000 0.76800
65.00000 0.80400
66.00000 0.81600
67.00000 0.81600
68.00000 0.81600
69.00000 0.81600
70.00000 0.72000
71.00000 0.73200
72.00000 0.73200
73.00000 0.73200
74.00000 0.72000
75.00000 0.84000
76.00000 0.85200
77.00000 0.85200
78.00000 0.85200
79.00000 0.85200
80.00000 0.82800
81.00000 0.82800
82.00000 0.82800
83.00000 0.82800
84.00000 0.82800
85.00000 0.76800
86.00000 0.76800
87.00000 0.75600
88.00000 0.76800
89.00000 0.76800
90.00000 0.80400
91.00000 0.81600
92.00000 0.81600
93.00000 0.81600
94.00000 0.80400
95.00000 0.78000
96.00000 0.78000
97.00000 0.78000
98.00000 0.79200
99.00000 0.78000
100.00000 0.76800
101.00000 0.79200
102.00000 0.78000
103.00000 0.78000
104.00000 0.78000
105.00000 0.74400
106.00000 0.75600
107.00000 0.74400
108.00000 0.75600
109.00000 0.74400
110.00000 0.73200
111.00000 0.74400
112.00000 0.74400
113.00000 0.74400
114.00000 0.74400
115.00000 0.76800
116.00000 0.75600
117.00000 0.76800
118.00000 0.76800
119.00000 0.75600
120.00000 0.73200
121.00000 0.75600
122.00000 0.74400
123.00000 0.74400
124.00000 0.74400
125.00000 0.61200
126.00000 0.61200
127.00000 0.61200
128.00000 0.61200
129.00000 0.61200
130.00000 0.76800
131.00000 0.78000
132.00000 0.78000
133.00000 0.78000
134.00000 0.78000
135.00000 0.21600
136.00000 0.21600
137.00000 0.22800
138.00000 0.21600
139.00000 0.21600
140.00000 0.78000
141.00000 0.79200
142.00000 0.80400
143.00000 0.80400
144.00000 0.79200
145.00000 0.80400
146.00000 0.80400
147.00000 0.80400
148.00000 0.81600
149.00000 0.80400
150.00000 0.79200
151.00000 0.80400
152.00000 0.80400
153.00000 0.80400
154.00000 0.80400
155.00000 0.79200
156.00000 0.79200
157.00000 0.79200
158.00000 0.79200
159.00000 0.79200
160.00000 0.74400
161.00000 0.74400
162.00000 0.73200
163.00000 0.74400
164.00000 0.73200
165.00000 0.72000
166.00000 0.72000
167.00000 0.72000
168.00000 0.72000
169.00000 0.72000
170.00000 0.79200
171.00000 0.80400
172.00000 0.80400
173.00000 0.80400
174.00000 0.79200
175.00000 0.75600
176.00000 0.76800
177.00000 0.76800
178.00000 0.76800
179.00000 0.76800
180.00000 0.81600
181.00000 0.81600
182.00000 0.81600
183.00000 0.81600
184.00000 0.82800
185.00000 0.78000
186.00000 0.79200
187.00000 0.79200
188.00000 0.79200
189.00000 0.79200
190.00000 0.72000
191.00000 0.73200
192.00000 0.73200
193.00000 0.72000
194.00000 0.73200
195.00000 0.73200
196.00000 0.73200
197.00000 0.73200
198.00000 0.73200
199.00000 0.73200
200.00000 0.81600
201.00000 0.82800
202.00000 0.82800
203.00000 0.82800
204.00000 0.82800
205.00000 0.79200
206.00000 0.80400
207.00000 0.81600
208.00000 0.80400
209.00000 0.80400
210.00000 0.75600
211.00000 0.75600
212.00000 0.75600
213.00000 0.76800
214.00000 0.75600
215.00000 0.72000
216.00000 0.72000
217.00000 0.72000
218.00000 0.72000
219.00000 0.72000
220.00000 0.79200
221.00000 0.80400
222.00000 0.81600
223.00000 0.80400
224.00000 0.80400
225.00000 0.79200
226.00000 0.79200
227.00000 0.79200
228.00000 0.79200
229.00000 0.79200
230.00000 0.27600
231.00000 0.26400
232.00000 0.26400
233.00000 0.26400
234.00000 0.27600
235.00000 0.78000
236.00000 0.79200
237.00000 0.80400
238.00000 0.79200
239.00000 0.80400
240.00000 0.69600
241.00000 0.69600
242.00000 0.69600
243.00000 0.69600
244.00000 0.69600
245.00000 0.78000
246.00000 0.79200
247.00000 0.79200
248.00000 0.78000
249.00000 0.79200
250.00000 0.76800
251.00000 0.76800
252.00000 0.76800
253.00000 0.76800
254.00000 0.76800
255.00000 0.80400
256.00000 0.81600
257.00000 0.82800
258.00000 0.81600
259.00000 0.81600
260.00000 0.76800
261.00000 0.76800
262.00000 0.76800
263.00000 0.78000
264.00000 0.76800
265.00000 0.78000
266.00000 0.79200
267.00000 0.79200
268.00000 0.79200
269.00000 0.79200
270.00000 3.62400
271.00000 3.68400
272.00000 3.68400
273.00000 3.68400
274.00000 3.67200
275.00000 3.66000
276.00000 3.67200
277.00000 3.66000
278.00000 3.66000
279.00000 3.66000
280.00000 3.66000
281.00000 3.68400
282.00000 3.67200
283.00000 3.67200
284.00000 3.67200
285.00000 3.63600
286.00000 3.63600
287.00000 3.63600
288.00000 3.64800
289.00000 3.63600
290.00000 3.78000
291.00000 3.78000
292.00000 3.78000
293.00000 3.79200
294.00000 3.78000
295.00000 3.56400
296.00000 3.57600
297.00000 3.56400
298.00000 3.57600
299.00000 3.57600
300.00000 3.48000
301.00000 3.48000
302.00000 3.49200
303.00000 3.48000
304.00000 3.48000
305.00000 3.68400
306.00000 3.68400
307.00000 3.69600
308.00000 3.69600
309.00000 3.68400
310.00000 3.84000
311.00000 3.86400
312.00000 3.85200
313.00000 3.85200
314.00000 3.86400
315.00000 3.72000
316.00000 3.72000
317.00000 3.73200
318.00000 3.73200
319.00000 3.72000
