0.00000 3.26400
1.00000 3.27600
2.00000 3.26400
3.00000 3.27600
4.00000 3.26400
5.00000 3.68400
6.00000 3.68400
7.00000 3.68400
8.00000 3.67200
9.00000 3.68400
10.00000 3.46800
11.00000 3.45600
12.00000 3.46800
13.00000 3.45600
14.00000 3.46800
15.00000 3.32400
16.00000 3.33600
17.00000 3.32400
18.00000 3.32400
19.00000 3.33600
20.00000 2.30400
21.00000 2.31600
22.00000 2.31600
23.00000 2.32800
24.00000 2.31600
25.00000 3.31200
26.00000 3.33600
27.00000 3.32400
28.00000 3.32400
29.00000 3.32400
30.00000 3.50400
31.00000 3.51600
32.00000 3.50400
33.00000 3.50400
34.00000 3.51600
35.00000 2.67600
36.00000 2.68800
37.00000 2.68800
38.00000 2.67600
39.00000 2.68800
40.00000 3.56400
41.00000 3.56400
42.00000 3.57600
43.00000 3.56400
44.00000 3.56400
45.00000 3.60000
46.00000 3.60000
47.00000 3.60000
48.00000 3.60000
49.00000 3.61200
50.00000 3.66000
51.00000 3.67200
52.00000 3.67200
53.00000 3.67200
54.00000 3.67200
55.00000 3.46800
56.00000 3.48000
57.00000 3.46800
58.00000 3.48000
59.00000 3.46800
60.00000 3.76800
61.00000 3.76800
62.00000 3.76800
63.00000 3.76800
64.00000 3.76800
65.00000 3.66000
66.00000 3.68400
67.00000 3.67200
68.00000 3.68400
69.00000 3.68400
70.00000 3.66000
71.00000 3.66000
72.00000 3.67200
73.00000 3.66000
74.00000 3.67200
75.00000 3.27600
76.00000 3.27600
77.00000 3.26400
78.00000 3.27600
79.00000 3.27600
80.00000 3.67200
81.00000 3.68400
82.00000 3.68400
83.00000 3.67200
84.00000 3.68400
85.00000 3.68400
86.00000 3.69600
87.00000 3.69600
88.00000 3.68400
89.00000 3.69600
90.00000 3.49200
91.00000 3.49200
92.00000 3.50400
93.00000 3.49200
94.00000 3.49200
95.00000 3.73200
96.00000 3.74400
97.00000 3.73200
98.00000 3.73200
99.00000 3.74400
100.00000 2.54400
101.00000 2.53200
102.00000 2.54400
103.00000 2.53200
104.00000 2.54400
105.00000 1.22400
106.00000 1.23600
107.00000 1.23600
108.00000 1.22400
109.00000 1.23600
110.00000 3.57600
111.00000 3.58800
112.00000 3.60000
113.00000 3.58800
114.00000 3.58800
115.00000 3.33600
116.00000 3.33600
117.00000 3.33600
118.00000 3.33600
119.00000 3.33600
120.00000 3.63600
121.00000 3.63600
122.00000 3.64800
123.00000 3.63600
124.00000 3.63600
125.00000 3.74400
126.00000 3.75600
127.00000 3.74400
128.00000 3.75600
129.00000 3.74400
130.00000 3.85200
131.00000 3.85200
132.00000 3.85200
133.00000 3.85200
134.00000 3.85200
135.00000 3.86400
136.00000 3.85200
137.00000 3.86400
138.00000 3.86400
139.00000 3.86400
140.00000 3.81600
141.00000 3.84000
142.00000 3.84000
143.00000 3.82800
144.00000 3.84000
145.00000 3.85200
146.00000 3.85200
147.00000 3.86400
148.00000 3.85200
149.00000 3.85200
150.00000 2.95200
151.00000 2.94000
152.00000 2.95200
153.00000 2.94000
154.00000 2.95200
155.00000 3.67200
156.00000 3.69600
157.00000 3.68400
158.00000 3.69600
159.00000 3.68400
160.00000 3.67200
161.00000 3.67200
162.00000 3.66000
163.00000 3.67200
164.00000 3.67200
165.00000 3.61200
166.00000 3.61200
167.00000 3.62400
168.00000 3.61200
169.00000 3.61200
170.00000 3.49200
171.00000 3.49200
172.00000 3.50400
173.00000 3.49200
174.00000 3.49200
175.00000 3.64800
176.00000 3.66000
177.00000 3.66000
178.00000 3.67200
179.00000 3.66000
180.00000 0.75600
181.00000 0.75600
182.00000 0.75600
183.00000 0.75600
184.00000 0.76800
185.00000 0.74400
186.00000 0.74400
187.00000 0.75600
188.00000 0.74400
189.00000 0.74400
190.00000 0.78000
191.00000 0.78000
192.00000 0.78000
193.00000 0.79200
194.00000 0.78000
195.00000 0.82800
196.00000 0.82800
197.00000 0.84000
198.00000 0.82800
199.00000 0.82800
200.00000 0.75600
201.00000 0.76800
202.00000 0.76800
203.00000 0.76800
204.00000 0.75600
205.00000 0.75600
206.00000 0.75600
207.00000 0.74400
208.00000 0.75600
209.00000 0.74400
210.00000 0.79200
211.00000 0.79200
212.00000 0.79200
213.00000 0.79200
214.00000 0.79200
215.00000 0.79200
216.00000 0.80400
217.00000 0.79200
218.00000 0.80400
219.00000 0.80400
220.00000 0.79200
221.00000 0.80400
222.00000 0.79200
223.00000 0.80400
224.00000 0.80400
225.00000 0.73200
226.00000 0.74400
227.00000 0.74400
228.00000 0.74400
229.00000 0.74400
230.00000 0.73200
231.00000 0.73200
232.00000 0.73200
233.00000 0.73200
234.00000 0.73200
235.00000 0.68400
236.00000 0.69600
237.00000 0.69600
238.00000 0.68400
239.00000 0.69600
240.00000 0.72000
241.00000 0.72000
242.00000 0.72000
243.00000 0.72000
244.00000 0.72000
245.00000 0.80400
246.00000 0.80400
247.00000 0.80400
248.00000 0.79200
249.00000 0.80400
250.00000 0.74400
251.00000 0.75600
252.00000 0.74400
253.00000 0.75600
254.00000 0.74400
255.00000 0.78000
256.00000 0.79200
257.00000 0.79200
258.00000 0.79200
259.00000 0.78000
260.00000 0.69600
261.00000 0.69600
262.00000 0.69600
263.00000 0.69600
264.00000 0.69600
265.00000 0.64800
266.00000 0.64800
267.00000 0.64800
268.00000 0.64800
269.00000 0.64800
270.00000 0.80400
271.00000 0.80400
272.00000 0.81600
273.00000 0.80400
274.00000 0.80400
275.00000 0.79200
276.00000 0.78000
277.00000 0.78000
278.00000 0.78000
279.00000 0.78000
280.00000 0.84000
281.00000 0.84000
282.00000 0.84000
283.00000 0.84000
284.00000 0.84000
285.00000 0.79200
286.00000 0.79200
287.00000 0.79200
288.00000 0.80400
289.00000 0.79200
290.00000 0.70800
291.00000 0.70800
292.00000 0.72000
293.00000 0.70800
294.00000 0.72000
295.00000 0.74400
296.00000 0.74400
297.00000 0.74400
298.00000 0.74400
299.00000 0.74400
300.00000 0.70800
301.00000 0.70800
302.00000 0.70800
303.00000 0.70800
304.00000 0.70800
305.00000 0.26400
306.00000 0.26400
307.00000 0.25200
308.00000 0.26400
309.00000 0.25200
310.00000 0.82800
311.00000 0.84000
312.00000 0.84000
313.00000 0.84000
314.00000 0.84000
315.00000 0.82800
316.00000 0.81600
317.00000 0.81600
318.00000 0.81600
