0.00000 4.72317
5.00000 4.84110
10.00000 4.08335
15.00000 6.57391
20.00000 4.68556
25.00000 4.44950
30.00000 4.50942
35.00000 4.40974
40.00000 4.42800
45.00000 0.91686
50.00000 0.89266
55.00000 0.89449
60.00000 0.87685
65.00000 0.93684
70.00000 0.93053
75.00000 0.90433
80.00000 0.92371
85.00000 0.89926
90.00000 0.89590
95.00000 0.93182
100.00000 0.93678
105.00000 0.90607
110.00000 0.91573
115.00000 0.91985
120.00000 0.94347
125.00000 0.91922
130.00000 0.88274
135.00000 0.87339
140.00000 0.93647
145.00000 0.91371
150.00000 0.91115
155.00000 0.89258
160.00000 0.93292
165.00000 0.93905
170.00000 0.91544
175.00000 0.93856
180.00000 0.95236
185.00000 0.91819
190.00000 0.92355
195.00000 0.93111
200.00000 0.87819
205.00000 0.91891
210.00000 0.90701
215.00000 0.90463
220.00000 0.87290
225.00000 0.93803
230.00000 0.91599
235.00000 0.93702
240.00000 0.93960
245.00000 0.91060
250.00000 0.91481
255.00000 0.92260
260.00000 0.93250
265.00000 0.92154
270.00000 0.89898
275.00000 0.88986
280.00000 0.93455
285.00000 0.89585
290.00000 0.91874
295.00000 0.95073
300.00000 0.90298
305.00000 0.93778
310.00000 0.91342
315.00000 0.93161
320.00000 0.91810
