0.00000 1.41600
1.00000 1.41600
2.00000 1.41600
3.00000 1.41600
4.00000 1.42800
5.00000 1.53600
6.00000 1.56000
7.00000 1.54800
8.00000 1.56000
9.00000 1.54800
10.00000 1.34400
11.00000 1.35600
12.00000 1.35600
13.00000 1.34400
14.00000 1.35600
15.00000 1.46400
16.00000 1.47600
17.00000 1.47600
18.00000 1.47600
19.00000 1.47600
20.00000 1.45200
21.00000 1.44000
22.00000 1.45200
23.00000 1.44000
24.00000 1.45200
25.00000 1.44000
26.00000 1.44000
27.00000 1.44000
28.00000 1.44000
29.00000 1.44000
30.00000 1.44000
31.00000 1.46400
32.00000 1.45200
33.00000 1.46400
34.00000 1.45200
35.00000 1.44000
36.00000 1.45200
37.00000 1.44000
38.00000 1.44000
39.00000 1.45200
40.00000 1.35600
41.00000 1.36800
42.00000 1.36800
43.00000 1.36800
44.00000 1.36800
45.00000 1.36800
46.00000 1.38000
47.00000 1.38000
48.00000 1.38000
49.00000 1.39200
50.00000 1.39200
51.00000 1.41600
52.00000 1.40400
53.00000 1.41600
54.00000 1.40400
55.00000 1.42800
56.00000 1.42800
57.00000 1.42800
58.00000 1.42800
59.00000 1.42800
60.00000 0.60000
61.00000 0.61200
62.00000 0.60000
63.00000 0.60000
64.00000 0.60000
65.00000 1.48800
66.00000 1.48800
67.00000 1.50000
68.00000 1.50000
69.00000 1.50000
70.00000 1.54800
71.00000 1.57200
72.00000 1.56000
73.00000 1.57200
74.00000 1.56000
75.00000 1.51200
76.00000 1.51200
77.00000 1.51200
78.00000 1.51200
79.00000 1.52400
80.00000 0.74400
81.00000 0.74400
82.00000 0.75600
83.00000 0.74400
84.00000 0.75600
85.00000 1.42800
86.00000 1.45200
87.00000 1.44000
88.00000 1.45200
89.00000 1.44000
90.00000 1.41600
91.00000 1.42800
92.00000 1.41600
93.00000 1.42800
94.00000 1.41600
95.00000 1.44000
96.00000 1.46400
97.00000 1.45200
98.00000 1.45200
99.00000 1.46400
100.00000 1.33200
101.00000 1.33200
102.00000 1.34400
103.00000 1.34400
104.00000 1.33200
105.00000 1.35600
106.00000 1.34400
107.00000 1.35600
108.00000 1.35600
109.00000 1.35600
110.00000 1.35600
111.00000 1.38000
112.00000 1.38000
113.00000 1.36800
114.00000 1.38000
115.00000 1.48800
116.00000 1.48800
117.00000 1.50000
118.00000 1.50000
119.00000 1.50000
120.00000 1.47600
121.00000 1.47600
122.00000 1.48800
123.00000 1.48800
124.00000 1.48800
125.00000 1.47600
126.00000 1.47600
127.00000 1.48800
128.00000 1.48800
129.00000 1.47600
130.00000 1.50000
131.00000 1.50000
132.00000 1.50000
133.00000 1.50000
134.00000 1.50000
135.00000 1.53600
136.00000 1.53600
137.00000 1.53600
138.00000 1.53600
139.00000 1.53600
140.00000 1.35600
141.00000 1.35600
142.00000 1.36800
143.00000 1.35600
144.00000 1.35600
145.00000 1.39200
146.00000 1.40400
147.00000 1.39200
148.00000 1.40400
149.00000 1.40400
150.00000 1.46400
151.00000 1.47600
152.00000 1.46400
153.00000 1.46400
154.00000 1.46400
155.00000 1.48800
156.00000 1.47600
157.00000 1.48800
158.00000 1.48800
159.00000 1.48800
160.00000 1.40400
161.00000 1.42800
162.00000 1.42800
163.00000 1.41600
164.00000 1.42800
165.00000 1.74000
166.00000 1.75200
167.00000 1.75200
168.00000 1.75200
169.00000 1.75200
170.00000 1.54800
171.00000 1.57200
172.00000 1.56000
173.00000 1.56000
174.00000 1.57200
175.00000 1.39200
176.00000 1.41600
177.00000 1.41600
178.00000 1.40400
179.00000 1.41600
180.00000 1.64400
181.00000 1.66800
182.00000 1.66800
183.00000 1.65600
184.00000 1.66800
185.00000 1.71600
186.00000 1.72800
187.00000 1.72800
188.00000 1.72800
189.00000 1.72800
190.00000 1.66800
191.00000 1.68000
192.00000 1.68000
193.00000 1.69200
194.00000 1.68000
195.00000 1.64400
196.00000 1.64400
197.00000 1.65600
198.00000 1.64400
199.00000 1.64400
200.00000 1.74000
201.00000 1.75200
202.00000 1.74000
203.00000 1.74000
204.00000 1.75200
205.00000 1.57200
206.00000 1.57200
207.00000 1.58400
208.00000 1.58400
209.00000 1.58400
210.00000 1.54800
211.00000 1.56000
212.00000 1.56000
213.00000 1.56000
214.00000 1.56000
215.00000 1.57200
216.00000 1.58400
217.00000 1.57200
218.00000 1.57200
219.00000 1.58400
220.00000 1.68000
221.00000 1.69200
222.00000 1.69200
223.00000 1.70400
224.00000 1.69200
225.00000 1.41600
226.00000 1.42800
227.00000 1.41600
228.00000 1.42800
229.00000 1.41600
230.00000 1.46400
231.00000 1.46400
232.00000 1.46400
233.00000 1.45200
234.00000 1.46400
235.00000 1.82400
236.00000 1.83600
237.00000 1.83600
238.00000 1.82400
239.00000 1.83600
240.00000 1.74000
241.00000 1.75200
242.00000 1.75200
243.00000 1.75200
244.00000 1.75200
245.00000 1.64400
246.00000 1.65600
247.00000 1.65600
248.00000 1.65600
249.00000 1.65600
250.00000 1.71600
251.00000 1.72800
252.00000 1.72800
253.00000 1.72800
254.00000 1.71600
255.00000 1.63200
256.00000 1.63200
257.00000 1.64400
258.00000 1.63200
259.00000 1.63200
260.00000 1.69200
261.00000 1.69200
262.00000 1.70400
263.00000 1.69200
264.00000 1.69200
265.00000 1.30800
266.00000 1.32000
267.00000 1.30800
268.00000 1.32000
269.00000 1.30800
270.00000 1.59600
271.00000 1.59600
272.00000 1.59600
273.00000 1.60800
274.00000 1.59600
275.00000 1.74000
276.00000 1.76400
277.00000 1.76400
278.00000 1.76400
279.00000 1.75200
280.00000 1.53600
281.00000 1.53600
282.00000 1.53600
283.00000 1.53600
284.00000 1.54800
285.00000 1.64400
286.00000 1.65600
287.00000 1.65600
288.00000 1.66800
289.00000 1.65600
290.00000 1.68000
291.00000 1.70400
292.00000 1.69200
293.00000 1.70400
294.00000 1.69200
295.00000 1.62000
296.00000 1.60800
297.00000 1.62000
298.00000 1.62000
299.00000 1.62000
300.00000 1.58400
301.00000 1.59600
302.00000 1.60800
303.00000 1.59600
304.00000 1.59600
305.00000 1.56000
306.00000 1.56000
307.00000 1.56000
308.00000 1.56000
309.00000 1.57200
310.00000 1.72800
311.00000 1.74000
312.00000 1.74000
313.00000 1.74000
314.00000 1.74000
315.00000 1.62000
316.00000 1.60800
317.00000 1.62000
318.00000 1.62000
319.00000 1.62000
