0.00000 0.62400
1.00000 0.62400
2.00000 0.63600
3.00000 0.62400
4.00000 0.62400
5.00000 0.63600
6.00000 0.62400
7.00000 0.63600
8.00000 0.63600
9.00000 0.62400
10.00000 0.62400
11.00000 0.62400
12.00000 0.63600
13.00000 0.62400
14.00000 0.62400
15.00000 0.62400
16.00000 0.63600
17.00000 0.62400
18.00000 0.62400
19.00000 0.63600
20.00000 0.58800
21.00000 0.60000
22.00000 0.58800
23.00000 0.60000
24.00000 0.60000
25.00000 0.62400
26.00000 0.63600
27.00000 0.63600
28.00000 0.62400
29.00000 0.63600
30.00000 0.62400
31.00000 0.63600
32.00000 0.63600
33.00000 0.63600
34.00000 0.64800
35.00000 0.62400
36.00000 0.62400
37.00000 0.63600
38.00000 0.62400
39.00000 0.63600
40.00000 0.62400
41.00000 0.63600
42.00000 0.63600
43.00000 0.62400
44.00000 0.63600
45.00000 0.61200
46.00000 0.63600
47.00000 0.62400
48.00000 0.62400
49.00000 0.63600
50.00000 0.60000
51.00000 0.61200
52.00000 0.62400
53.00000 0.61200
54.00000 0.61200
55.00000 0.61200
56.00000 0.61200
57.00000 0.61200
58.00000 0.61200
59.00000 0.62400
60.00000 0.61200
61.00000 0.62400
62.00000 0.61200
63.00000 0.62400
64.00000 0.62400
65.00000 0.62400
66.00000 0.62400
67.00000 0.62400
68.00000 0.62400
69.00000 0.62400
70.00000 0.63600
71.00000 0.62400
72.00000 0.63600
73.00000 0.62400
74.00000 0.63600
75.00000 0.62400
76.00000 0.62400
77.00000 0.61200
78.00000 0.62400
79.00000 0.62400
80.00000 0.62400
81.00000 0.62400
82.00000 0.63600
83.00000 0.62400
84.00000 0.62400
85.00000 0.63600
86.00000 0.63600
87.00000 0.62400
88.00000 0.63600
89.00000 0.63600
90.00000 0.60000
91.00000 0.61200
92.00000 0.61200
93.00000 0.61200
94.00000 0.62400
95.00000 0.62400
96.00000 0.64800
97.00000 0.63600
98.00000 0.64800
99.00000 0.63600
100.00000 0.62400
101.00000 0.62400
102.00000 0.62400
103.00000 0.62400
104.00000 0.62400
105.00000 0.61200
106.00000 0.62400
107.00000 0.61200
108.00000 0.62400
109.00000 0.61200
110.00000 1.20000
111.00000 1.20000
112.00000 1.20000
113.00000 1.21200
114.00000 1.20000
115.00000 1.17600
116.00000 1.17600
117.00000 1.18800
118.00000 1.17600
119.00000 1.18800
120.00000 1.18800
121.00000 1.20000
122.00000 1.20000
123.00000 1.20000
124.00000 1.20000
125.00000 1.23600
126.00000 1.24800
127.00000 1.24800
128.00000 1.24800
129.00000 1.23600
130.00000 1.23600
131.00000 1.23600
132.00000 1.23600
133.00000 1.23600
134.00000 1.23600
135.00000 1.22400
136.00000 1.23600
137.00000 1.24800
138.00000 1.23600
139.00000 1.23600
140.00000 1.22400
141.00000 1.23600
142.00000 1.22400
143.00000 1.23600
144.00000 1.23600
145.00000 1.22400
146.00000 1.23600
147.00000 1.24800
148.00000 1.23600
149.00000 1.23600
150.00000 1.21200
151.00000 1.21200
152.00000 1.22400
153.00000 1.21200
154.00000 1.21200
155.00000 1.22400
156.00000 1.22400
157.00000 1.23600
158.00000 1.22400
159.00000 1.23600
160.00000 1.17600
161.00000 1.18800
162.00000 1.18800
163.00000 1.18800
164.00000 1.17600
165.00000 1.22400
166.00000 1.22400
167.00000 1.22400
168.00000 1.21200
169.00000 1.22400
170.00000 1.21200
171.00000 1.21200
172.00000 1.21200
173.00000 1.22400
174.00000 1.21200
175.00000 1.23600
176.00000 1.24800
177.00000 1.23600
178.00000 1.24800
179.00000 1.24800
180.00000 1.21200
181.00000 1.22400
182.00000 1.21200
183.00000 1.22400
184.00000 1.21200
185.00000 0.64800
186.00000 0.66000
187.00000 0.64800
188.00000 0.66000
189.00000 0.64800
190.00000 1.21200
191.00000 1.23600
192.00000 1.22400
193.00000 1.22400
194.00000 1.22400
195.00000 1.21200
196.00000 1.21200
197.00000 1.21200
198.00000 1.21200
199.00000 1.21200
200.00000 1.22400
201.00000 1.23600
202.00000 1.23600
203.00000 1.24800
204.00000 1.23600
205.00000 1.30800
206.00000 1.32000
207.00000 1.30800
208.00000 1.32000
209.00000 1.30800
210.00000 1.26000
211.00000 1.26000
212.00000 1.26000
213.00000 1.26000
214.00000 1.24800
215.00000 0.57600
216.00000 0.56400
217.00000 0.56400
218.00000 0.56400
219.00000 0.56400
220.00000 1.17600
221.00000 1.20000
222.00000 1.20000
223.00000 1.20000
224.00000 1.20000
225.00000 1.22400
226.00000 1.23600
227.00000 1.23600
228.00000 1.23600
229.00000 1.23600
230.00000 1.18800
231.00000 1.20000
232.00000 1.18800
233.00000 1.20000
234.00000 1.18800
235.00000 0.88800
236.00000 0.88800
237.00000 0.88800
238.00000 0.88800
239.00000 0.88800
240.00000 1.18800
241.00000 1.20000
242.00000 1.20000
243.00000 1.20000
244.00000 1.20000
245.00000 1.27200
246.00000 1.28400
247.00000 1.27200
248.00000 1.28400
249.00000 1.28400
250.00000 1.29600
251.00000 1.30800
252.00000 1.30800
253.00000 1.30800
254.00000 1.30800
255.00000 1.22400
256.00000 1.22400
257.00000 1.23600
258.00000 1.22400
259.00000 1.23600
260.00000 1.15200
261.00000 1.15200
262.00000 1.16400
263.00000 1.15200
264.00000 1.16400
265.00000 1.23600
266.00000 1.24800
267.00000 1.24800
268.00000 1.23600
269.00000 1.24800
270.00000 0.54000
271.00000 0.55200
272.00000 0.54000
273.00000 0.54000
274.00000 0.55200
275.00000 1.22400
276.00000 1.24800
277.00000 1.23600
278.00000 1.24800
279.00000 1.24800
280.00000 1.22400
281.00000 1.23600
282.00000 1.23600
283.00000 1.22400
284.00000 1.23600
285.00000 1.24800
286.00000 1.26000
287.00000 1.24800
288.00000 1.26000
289.00000 1.26000
290.00000 1.21200
291.00000 1.21200
292.00000 1.21200
293.00000 1.21200
294.00000 1.22400
295.00000 1.18800
296.00000 1.20000
297.00000 1.18800
298.00000 1.20000
299.00000 1.18800
300.00000 0.63600
301.00000 0.63600
302.00000 0.63600
303.00000 0.63600
304.00000 0.63600
305.00000 1.23600
306.00000 1.23600
307.00000 1.23600
308.00000 1.23600
309.00000 1.23600
310.00000 1.21200
311.00000 1.21200
312.00000 1.21200
313.00000 1.22400
314.00000 1.21200
315.00000 1.26000
316.00000 1.26000
317.00000 1.26000
318.00000 1.27200
319.00000 1.26000
