0.00000 0.67658
5.00000 0.63580
10.00000 0.56038
15.00000 0.49996
20.00000 0.43822
25.00000 0.47559
30.00000 0.46945
35.00000 0.59710
40.00000 0.67792
45.00000 0.62342
50.00000 0.55413
55.00000 0.52242
60.00000 0.71245
65.00000 0.47282
70.00000 0.69034
75.00000 0.49436
80.00000 0.48966
85.00000 0.49450
90.00000 0.84625
95.00000 0.74528
100.00000 0.56006
105.00000 0.54864
110.00000 0.54026
115.00000 0.66743
120.00000 0.58839
125.00000 0.66896
130.00000 0.50585
135.00000 0.55441
140.00000 0.76868
145.00000 0.69073
150.00000 0.66644
155.00000 0.64144
160.00000 0.68366
165.00000 0.62978
170.00000 0.47999
175.00000 0.44467
180.00000 0.00000
185.00000 0.74596
190.00000 0.82062
195.00000 0.82275
200.00000 0.81930
205.00000 0.80997
210.00000 0.87936
215.00000 0.67594
220.00000 0.90906
225.00000 0.52675
230.00000 0.43583
235.00000 0.57334
240.00000 0.69980
245.00000 0.72450
250.00000 0.94950
255.00000 0.85277
260.00000 0.65734
265.00000 0.48750
270.00000 0.82822
275.00000 0.50026
280.00000 0.67233
285.00000 0.62329
290.00000 0.57089
295.00000 0.72574
300.00000 0.69162
305.00000 0.69209
310.00000 0.75559
315.00000 0.55790
320.00000 0.71273
