0.00000 0.48566
5.00000 0.50884
10.00000 0.49781
15.00000 0.51018
20.00000 0.50074
25.00000 0.49890
30.00000 0.49408
35.00000 0.49304
40.00000 0.49574
45.00000 0.49585
50.00000 0.49253
55.00000 0.49554
60.00000 0.49958
65.00000 0.52520
70.00000 0.49694
75.00000 0.00000
80.00000 0.48839
85.00000 0.49426
90.00000 0.49894
95.00000 0.51842
100.00000 0.50639
105.00000 0.49703
110.00000 0.50437
115.00000 0.51126
120.00000 0.50499
125.00000 0.49474
130.00000 0.49863
135.00000 0.56592
140.00000 0.59529
145.00000 0.55504
150.00000 0.59501
155.00000 0.57864
160.00000 0.58426
165.00000 0.58228
170.00000 0.57861
175.00000 0.58016
180.00000 0.58187
185.00000 0.58386
190.00000 0.58567
195.00000 0.57038
200.00000 0.57377
205.00000 0.58379
210.00000 0.58961
215.00000 0.57722
220.00000 0.58486
225.00000 0.58168
230.00000 0.49882
235.00000 0.58612
240.00000 0.59158
245.00000 0.58206
250.00000 0.57594
255.00000 0.58226
260.00000 0.58727
265.00000 0.58401
270.00000 0.57877
275.00000 0.47578
280.00000 0.59246
285.00000 0.00000
290.00000 0.58109
295.00000 0.57223
300.00000 0.58938
305.00000 0.58583
310.00000 0.58167
315.00000 0.56270
320.00000 0.29798
