0.00000 0.40142
5.00000 0.77162
10.00000 0.77138
15.00000 0.75261
20.00000 0.78086
25.00000 0.78898
30.00000 0.77890
35.00000 0.74878
40.00000 0.78554
45.00000 0.78414
50.00000 0.78250
55.00000 0.78686
60.00000 0.78850
65.00000 0.77822
70.00000 0.40432
75.00000 0.74784
80.00000 0.78458
85.00000 0.78198
90.00000 0.78886
95.00000 0.79018
100.00000 0.78275
105.00000 0.38063
110.00000 0.76374
115.00000 0.78481
120.00000 0.78801
125.00000 0.78585
130.00000 0.77481
135.00000 0.76085
140.00000 0.78516
145.00000 0.78307
150.00000 0.77186
155.00000 0.78584
160.00000 0.76634
165.00000 0.67233
170.00000 0.77606
175.00000 0.69413
180.00000 0.76936
185.00000 0.78191
190.00000 0.75942
195.00000 0.78728
200.00000 0.62582
205.00000 0.77919
210.00000 0.76789
215.00000 0.78430
220.00000 0.76508
225.00000 0.78854
230.00000 0.76771
235.00000 0.78838
240.00000 0.71142
245.00000 0.77294
250.00000 0.77686
255.00000 0.78364
260.00000 0.78708
265.00000 0.77222
270.00000 0.77698
275.00000 0.59174
280.00000 0.78781
285.00000 0.75351
290.00000 0.78694
295.00000 0.77416
300.00000 0.25945
305.00000 0.34041
310.00000 0.78259
315.00000 0.77790
320.00000 0.78486
