0.00000 0.63600
1.00000 0.63600
2.00000 0.64800
3.00000 0.63600
4.00000 0.63600
5.00000 0.62400
6.00000 0.61200
7.00000 0.62400
8.00000 0.62400
9.00000 0.62400
10.00000 0.60000
11.00000 0.60000
12.00000 0.61200
13.00000 0.60000
14.00000 0.60000
15.00000 0.62400
16.00000 0.63600
17.00000 0.62400
18.00000 0.62400
19.00000 0.63600
20.00000 0.62400
21.00000 0.63600
22.00000 0.62400
23.00000 0.63600
24.00000 0.63600
25.00000 0.62400
26.00000 0.62400
27.00000 0.63600
28.00000 0.62400
29.00000 0.62400
30.00000 0.54000
31.00000 0.55200
32.00000 0.55200
33.00000 0.54000
34.00000 0.55200
35.00000 0.62400
36.00000 0.64800
37.00000 0.64800
38.00000 0.63600
39.00000 0.64800
40.00000 0.62400
41.00000 0.63600
42.00000 0.63600
43.00000 0.62400
44.00000 0.63600
45.00000 0.60000
46.00000 0.62400
47.00000 0.61200
48.00000 0.62400
49.00000 0.61200
50.00000 0.62400
51.00000 0.62400
52.00000 0.62400
53.00000 0.61200
54.00000 0.62400
55.00000 0.61200
56.00000 0.62400
57.00000 0.61200
58.00000 0.62400
59.00000 0.61200
60.00000 0.62400
61.00000 0.62400
62.00000 0.63600
63.00000 0.62400
64.00000 0.62400
65.00000 0.63600
66.00000 0.62400
67.00000 0.63600
68.00000 0.63600
69.00000 0.62400
70.00000 0.62400
71.00000 0.62400
72.00000 0.63600
73.00000 0.62400
74.00000 0.62400
75.00000 0.62400
76.00000 0.63600
77.00000 0.62400
78.00000 0.62400
79.00000 0.63600
80.00000 0.58800
81.00000 0.58800
82.00000 0.60000
83.00000 0.60000
84.00000 0.60000
85.00000 0.62400
86.00000 0.63600
87.00000 0.62400
88.00000 0.63600
89.00000 0.63600
90.00000 0.62400
91.00000 0.63600
92.00000 0.63600
93.00000 0.63600
94.00000 0.64800
95.00000 0.61200
96.00000 0.63600
97.00000 0.63600
98.00000 0.62400
99.00000 0.63600
100.00000 0.62400
101.00000 0.63600
102.00000 0.63600
103.00000 0.62400
104.00000 0.63600
105.00000 0.61200
106.00000 0.63600
107.00000 0.62400
108.00000 0.62400
109.00000 0.63600
110.00000 0.60000
111.00000 0.61200
112.00000 0.62400
113.00000 0.61200
114.00000 0.61200
115.00000 0.61200
116.00000 0.61200
117.00000 0.61200
118.00000 0.61200
119.00000 0.62400
120.00000 0.61200
121.00000 0.62400
122.00000 0.61200
123.00000 0.62400
124.00000 0.62400
125.00000 0.62400
126.00000 0.62400
127.00000 0.62400
128.00000 0.62400
129.00000 0.62400
130.00000 0.62400
131.00000 0.63600
132.00000 0.63600
133.00000 0.62400
134.00000 0.63600
135.00000 0.62400
136.00000 0.61200
137.00000 0.62400
138.00000 0.62400
139.00000 0.62400
140.00000 0.62400
141.00000 0.62400
142.00000 0.63600
143.00000 0.62400
144.00000 0.62400
145.00000 0.63600
146.00000 0.62400
147.00000 0.63600
148.00000 0.63600
149.00000 0.63600
150.00000 0.60000
151.00000 0.61200
152.00000 0.61200
153.00000 0.61200
154.00000 0.61200
155.00000 0.63600
156.00000 0.64800
157.00000 0.63600
158.00000 0.64800
159.00000 0.63600
160.00000 0.62400
161.00000 0.62400
162.00000 0.62400
163.00000 0.62400
164.00000 0.62400
165.00000 0.61200
166.00000 0.62400
167.00000 0.61200
168.00000 0.62400
169.00000 0.61200
170.00000 1.20000
171.00000 1.20000
172.00000 1.20000
173.00000 1.21200
174.00000 1.20000
175.00000 1.17600
176.00000 1.17600
177.00000 1.18800
178.00000 1.17600
179.00000 1.18800
180.00000 1.18800
181.00000 1.20000
182.00000 1.20000
183.00000 1.20000
184.00000 1.20000
185.00000 1.23600
186.00000 1.24800
187.00000 1.24800
188.00000 1.23600
189.00000 1.24800
190.00000 1.23600
191.00000 1.23600
192.00000 1.23600
193.00000 1.23600
194.00000 1.22400
195.00000 1.23600
196.00000 1.23600
197.00000 1.23600
198.00000 1.23600
199.00000 1.23600
200.00000 1.23600
201.00000 1.22400
202.00000 1.23600
203.00000 1.23600
204.00000 1.22400
205.00000 1.23600
206.00000 1.23600
207.00000 1.23600
208.00000 1.23600
209.00000 1.23600
210.00000 1.22400
211.00000 1.21200
212.00000 1.21200
213.00000 1.22400
214.00000 1.21200
215.00000 1.22400
216.00000 1.22400
217.00000 1.23600
218.00000 1.22400
219.00000 1.22400
220.00000 1.18800
221.00000 1.18800
222.00000 1.18800
223.00000 1.17600
224.00000 1.18800
225.00000 1.22400
226.00000 1.22400
227.00000 1.21200
228.00000 1.22400
229.00000 1.22400
230.00000 1.21200
231.00000 1.21200
232.00000 1.21200
233.00000 1.22400
234.00000 1.21200
235.00000 1.23600
236.00000 1.23600
237.00000 1.24800
238.00000 1.24800
239.00000 1.23600
240.00000 1.22400
241.00000 1.21200
242.00000 1.22400
243.00000 1.21200
244.00000 1.22400
245.00000 0.64800
246.00000 0.66000
247.00000 0.64800
248.00000 0.66000
249.00000 0.64800
250.00000 1.21200
251.00000 1.22400
252.00000 1.23600
253.00000 1.22400
254.00000 1.22400
255.00000 1.20000
256.00000 1.21200
257.00000 1.22400
258.00000 1.21200
259.00000 1.21200
260.00000 1.22400
261.00000 1.23600
262.00000 1.23600
263.00000 1.23600
264.00000 1.23600
265.00000 1.32000
266.00000 1.30800
267.00000 1.32000
268.00000 1.32000
269.00000 1.30800
270.00000 1.26000
271.00000 1.26000
272.00000 1.26000
273.00000 1.24800
274.00000 1.26000
275.00000 0.57600
276.00000 0.56400
277.00000 0.56400
278.00000 0.56400
279.00000 0.56400
280.00000 1.17600
281.00000 1.20000
282.00000 1.20000
283.00000 1.20000
284.00000 1.20000
285.00000 1.22400
286.00000 1.23600
287.00000 1.23600
288.00000 1.23600
289.00000 1.23600
290.00000 1.18800
291.00000 1.18800
292.00000 1.20000
293.00000 1.18800
294.00000 1.20000
295.00000 0.88800
296.00000 0.88800
297.00000 0.88800
298.00000 0.88800
299.00000 0.88800
300.00000 1.18800
301.00000 1.20000
302.00000 1.20000
303.00000 1.20000
304.00000 1.18800
305.00000 1.28400
306.00000 1.28400
307.00000 1.27200
308.00000 1.28400
309.00000 1.28400
310.00000 1.29600
311.00000 1.30800
312.00000 1.30800
313.00000 1.30800
314.00000 1.30800
315.00000 1.22400
316.00000 1.22400
317.00000 1.23600
318.00000 1.22400
319.00000 1.23600
