0.00000 1.59600
1.00000 1.58400
2.00000 1.59600
3.00000 1.58400
4.00000 1.59600
5.00000 1.56000
6.00000 1.57200
7.00000 1.57200
8.00000 1.57200
9.00000 1.57200
10.00000 1.56000
11.00000 1.56000
12.00000 1.56000
13.00000 1.57200
14.00000 1.56000
15.00000 1.63200
16.00000 1.64400
17.00000 1.63200
18.00000 1.63200
19.00000 1.63200
20.00000 1.59600
21.00000 1.60800
22.00000 1.59600
23.00000 1.59600
24.00000 1.59600
25.00000 1.51200
26.00000 1.51200
27.00000 1.51200
28.00000 1.50000
29.00000 1.51200
30.00000 1.51200
31.00000 1.52400
32.00000 1.51200
33.00000 1.51200
34.00000 1.52400
35.00000 1.54800
36.00000 1.54800
37.00000 1.56000
38.00000 1.56000
39.00000 1.54800
40.00000 1.60800
41.00000 1.60800
42.00000 1.60800
43.00000 1.59600
44.00000 1.60800
45.00000 1.54800
46.00000 1.53600
47.00000 1.54800
48.00000 1.54800
49.00000 1.54800
50.00000 1.53600
51.00000 1.54800
52.00000 1.54800
53.00000 1.54800
54.00000 1.54800
55.00000 1.48800
56.00000 1.50000
57.00000 1.50000
58.00000 1.50000
59.00000 1.50000
60.00000 1.56000
61.00000 1.56000
62.00000 1.57200
63.00000 1.57200
64.00000 1.56000
65.00000 1.56000
66.00000 1.56000
67.00000 1.56000
68.00000 1.56000
69.00000 1.56000
70.00000 1.64400
71.00000 1.64400
72.00000 1.64400
73.00000 1.64400
74.00000 1.64400
75.00000 1.54800
76.00000 1.53600
77.00000 1.54800
78.00000 1.53600
79.00000 1.54800
80.00000 1.58400
81.00000 1.58400
82.00000 1.59600
83.00000 1.59600
84.00000 1.58400
85.00000 1.52400
86.00000 1.53600
87.00000 1.52400
88.00000 1.52400
89.00000 1.52400
90.00000 1.56000
91.00000 1.54800
92.00000 1.54800
93.00000 1.56000
94.00000 1.54800
95.00000 1.59600
96.00000 1.59600
97.00000 1.59600
98.00000 1.59600
99.00000 1.59600
100.00000 0.96000
101.00000 0.96000
102.00000 0.97200
103.00000 0.96000
104.00000 0.96000
105.00000 1.53600
106.00000 1.53600
107.00000 1.53600
108.00000 1.54800
109.00000 1.53600
110.00000 1.51200
111.00000 1.52400
112.00000 1.52400
113.00000 1.52400
114.00000 1.52400
115.00000 1.50000
116.00000 1.51200
117.00000 1.51200
118.00000 1.51200
119.00000 1.51200
120.00000 1.52400
121.00000 1.52400
122.00000 1.52400
123.00000 1.53600
124.00000 1.52400
125.00000 1.58400
126.00000 1.57200
127.00000 1.58400
128.00000 1.57200
129.00000 1.58400
130.00000 1.62000
131.00000 1.62000
132.00000 1.63200
133.00000 1.62000
134.00000 1.63200
135.00000 1.59600
136.00000 1.60800
137.00000 1.60800
138.00000 1.59600
139.00000 1.60800
140.00000 1.56000
141.00000 1.56000
142.00000 1.56000
143.00000 1.56000
144.00000 1.56000
145.00000 1.14000
146.00000 1.15200
147.00000 1.14000
148.00000 1.15200
149.00000 1.15200
150.00000 1.57200
151.00000 1.58400
152.00000 1.57200
153.00000 1.58400
154.00000 1.58400
155.00000 1.60800
156.00000 1.63200
157.00000 1.62000
158.00000 1.62000
159.00000 1.62000
160.00000 1.60800
161.00000 1.60800
162.00000 1.60800
163.00000 1.60800
164.00000 1.62000
165.00000 1.52400
166.00000 1.54800
167.00000 1.53600
168.00000 1.53600
169.00000 1.54800
170.00000 1.53600
171.00000 1.54800
172.00000 1.54800
173.00000 1.54800
174.00000 1.54800
175.00000 1.58400
176.00000 1.57200
177.00000 1.57200
178.00000 1.58400
179.00000 1.57200
180.00000 1.57200
181.00000 1.57200
182.00000 1.57200
183.00000 1.57200
184.00000 1.57200
185.00000 1.65600
186.00000 1.65600
187.00000 1.66800
188.00000 1.65600
189.00000 1.66800
190.00000 1.64400
191.00000 1.65600
192.00000 1.66800
193.00000 1.65600
194.00000 1.65600
195.00000 1.54800
196.00000 1.54800
197.00000 1.56000
198.00000 1.54800
199.00000 1.56000
200.00000 1.54800
201.00000 1.54800
202.00000 1.56000
203.00000 1.54800
204.00000 1.56000
205.00000 1.48800
206.00000 1.50000
207.00000 1.50000
208.00000 1.50000
209.00000 1.50000
210.00000 1.56000
211.00000 1.57200
212.00000 1.56000
213.00000 1.56000
214.00000 1.56000
215.00000 1.60800
216.00000 1.59600
217.00000 1.60800
218.00000 1.59600
219.00000 1.60800
220.00000 1.54800
221.00000 1.57200
222.00000 1.56000
223.00000 1.56000
224.00000 1.56000
225.00000 1.58400
226.00000 1.59600
227.00000 1.58400
228.00000 1.58400
229.00000 1.58400
230.00000 1.64400
231.00000 1.64400
232.00000 1.64400
233.00000 1.65600
234.00000 1.64400
235.00000 1.20000
236.00000 1.21200
237.00000 1.21200
238.00000 1.21200
239.00000 1.22400
240.00000 1.29600
241.00000 1.30800
242.00000 1.30800
243.00000 1.30800
244.00000 1.30800
245.00000 1.24800
246.00000 1.26000
247.00000 1.26000
248.00000 1.26000
249.00000 1.26000
250.00000 1.64400
251.00000 1.64400
252.00000 1.65600
253.00000 1.65600
254.00000 1.64400
255.00000 1.59600
256.00000 1.59600
257.00000 1.59600
258.00000 1.59600
259.00000 1.59600
260.00000 1.54800
261.00000 1.56000
262.00000 1.56000
263.00000 1.54800
264.00000 1.56000
265.00000 1.48800
266.00000 1.48800
267.00000 1.48800
268.00000 1.48800
269.00000 1.48800
270.00000 1.65600
271.00000 1.65600
272.00000 1.65600
273.00000 1.64400
274.00000 1.65600
275.00000 1.66800
276.00000 1.66800
277.00000 1.65600
278.00000 1.66800
279.00000 1.66800
280.00000 1.63200
281.00000 1.65600
282.00000 1.64400
283.00000 1.64400
284.00000 1.64400
285.00000 1.59600
286.00000 1.60800
287.00000 1.59600
288.00000 1.59600
289.00000 1.60800
290.00000 1.57200
291.00000 1.58400
292.00000 1.57200
293.00000 1.58400
294.00000 1.58400
295.00000 1.64400
296.00000 1.64400
297.00000 1.64400
298.00000 1.65600
299.00000 1.64400
300.00000 1.22400
301.00000 1.22400
302.00000 1.22400
303.00000 1.23600
304.00000 1.22400
305.00000 1.21200
306.00000 1.22400
307.00000 1.22400
308.00000 1.22400
309.00000 1.23600
310.00000 1.62000
311.00000 1.64400
312.00000 1.63200
313.00000 1.63200
314.00000 1.64400
315.00000 1.63200
316.00000 1.65600
317.00000 1.64400
318.00000 1.64400
319.00000 1.64400
