0.00000 0.96531
5.00000 1.07703
10.00000 1.13835
15.00000 0.98388
20.00000 0.85286
25.00000 1.09856
30.00000 1.14246
35.00000 1.11756
40.00000 1.06456
45.00000 1.06086
50.00000 1.07214
55.00000 1.08685
60.00000 1.05759
65.00000 0.88605
70.00000 1.05886
75.00000 1.07874
80.00000 1.00784
85.00000 1.03178
90.00000 1.08274
95.00000 1.06529
100.00000 1.05314
105.00000 1.04813
110.00000 0.88229
115.00000 1.04486
120.00000 1.09880
125.00000 1.05924
130.00000 1.11707
135.00000 1.11274
140.00000 1.15195
145.00000 1.03439
150.00000 1.13233
155.00000 1.08566
160.00000 1.03616
165.00000 0.93889
170.00000 1.09302
175.00000 1.00466
180.00000 1.18117
185.00000 1.16714
190.00000 0.95562
195.00000 1.07172
200.00000 0.56516
205.00000 0.98946
210.00000 1.04276
215.00000 1.06304
220.00000 1.02208
225.00000 1.06642
230.00000 1.09622
235.00000 1.14119
240.00000 1.06414
245.00000 1.12471
250.00000 1.10290
255.00000 1.02947
260.00000 1.08855
265.00000 1.12612
270.00000 1.16537
275.00000 1.14854
280.00000 1.09074
285.00000 1.16293
290.00000 1.24262
295.00000 1.16836
300.00000 1.14143
305.00000 1.09357
310.00000 1.14741
315.00000 1.06645
320.00000 1.08331
