0.00000 0.56433
5.00000 0.54981
10.00000 0.56861
15.00000 0.56186
20.00000 0.56367
25.00000 0.54418
30.00000 0.55086
35.00000 0.55229
40.00000 0.57003
45.00000 0.54741
50.00000 0.54086
55.00000 0.55432
60.00000 0.56410
65.00000 0.55521
70.00000 0.57125
75.00000 0.56201
80.00000 0.56268
85.00000 0.53455
90.00000 0.54971
95.00000 0.56255
100.00000 0.55536
105.00000 0.54529
110.00000 0.56970
115.00000 0.57671
120.00000 0.56482
125.00000 0.57897
130.00000 0.58467
135.00000 0.57074
140.00000 0.56140
145.00000 0.57222
150.00000 0.57124
155.00000 0.52151
160.00000 0.55790
165.00000 0.55837
170.00000 0.56947
175.00000 0.57860
180.00000 0.58312
185.00000 0.57675
190.00000 0.58110
195.00000 0.57803
200.00000 0.56226
205.00000 0.55974
210.00000 0.56304
215.00000 0.56770
220.00000 0.58331
225.00000 0.57811
230.00000 0.55006
235.00000 0.56181
240.00000 0.58183
245.00000 0.58303
250.00000 0.56323
255.00000 0.41796
260.00000 0.56040
265.00000 0.57033
270.00000 0.56803
275.00000 0.58027
280.00000 0.58235
285.00000 0.55842
290.00000 0.54936
295.00000 0.56122
300.00000 0.53249
305.00000 0.57731
310.00000 0.53106
315.00000 0.56402
320.00000 0.56350
