0.00000 3.73200
1.00000 3.73200
2.00000 3.72000
3.00000 3.73200
4.00000 3.73200
5.00000 3.57600
6.00000 3.57600
7.00000 3.58800
8.00000 3.58800
9.00000 3.57600
10.00000 3.67200
11.00000 3.67200
12.00000 3.67200
13.00000 3.67200
14.00000 3.66000
15.00000 3.81600
16.00000 3.81600
17.00000 3.81600
18.00000 3.81600
19.00000 3.81600
20.00000 3.64800
21.00000 3.66000
22.00000 3.66000
23.00000 3.66000
24.00000 3.66000
25.00000 3.48000
26.00000 3.49200
27.00000 3.49200
28.00000 3.49200
29.00000 3.49200
30.00000 3.56400
31.00000 3.57600
32.00000 3.56400
33.00000 3.57600
34.00000 3.57600
35.00000 3.78000
36.00000 3.78000
37.00000 3.79200
38.00000 3.79200
39.00000 3.78000
40.00000 3.67200
41.00000 3.68400
42.00000 3.67200
43.00000 3.67200
44.00000 3.67200
45.00000 3.50400
46.00000 3.51600
47.00000 3.50400
48.00000 3.50400
49.00000 3.50400
50.00000 3.46800
51.00000 3.46800
52.00000 3.46800
53.00000 3.46800
54.00000 3.46800
55.00000 0.79200
56.00000 0.80400
57.00000 0.80400
58.00000 0.80400
59.00000 0.80400
60.00000 3.68400
61.00000 3.68400
62.00000 3.69600
63.00000 3.68400
64.00000 3.69600
65.00000 3.31200
66.00000 3.31200
67.00000 3.31200
68.00000 3.32400
69.00000 3.31200
70.00000 3.66000
71.00000 3.67200
72.00000 3.67200
73.00000 3.67200
74.00000 3.66000
75.00000 3.68400
76.00000 3.67200
77.00000 3.68400
78.00000 3.67200
79.00000 3.68400
80.00000 3.78000
81.00000 3.78000
82.00000 3.78000
83.00000 3.79200
84.00000 3.78000
85.00000 0.80400
86.00000 0.80400
87.00000 0.81600
88.00000 0.80400
89.00000 0.81600
90.00000 3.48000
91.00000 3.49200
92.00000 3.49200
93.00000 3.49200
94.00000 3.49200
95.00000 3.32400
96.00000 3.33600
97.00000 3.33600
98.00000 3.33600
99.00000 3.33600
100.00000 0.79200
101.00000 0.78000
102.00000 0.78000
103.00000 0.78000
104.00000 0.78000
105.00000 3.66000
106.00000 3.67200
107.00000 3.67200
108.00000 3.67200
109.00000 3.67200
110.00000 3.90000
111.00000 3.90000
112.00000 3.90000
113.00000 3.90000
114.00000 3.91200
115.00000 3.36000
116.00000 3.38400
117.00000 3.37200
118.00000 3.37200
119.00000 3.37200
120.00000 3.57600
121.00000 3.56400
122.00000 3.57600
123.00000 3.57600
124.00000 3.56400
125.00000 3.84000
126.00000 3.85200
127.00000 3.85200
128.00000 3.85200
129.00000 3.85200
130.00000 3.67200
131.00000 3.68400
132.00000 3.68400
133.00000 3.68400
134.00000 3.67200
135.00000 3.73200
136.00000 3.72000
137.00000 3.73200
138.00000 3.73200
139.00000 3.72000
140.00000 3.68400
141.00000 3.68400
142.00000 3.68400
143.00000 3.68400
144.00000 3.67200
145.00000 3.69600
146.00000 3.70800
147.00000 3.69600
148.00000 3.69600
149.00000 3.69600
150.00000 3.86400
151.00000 3.87600
152.00000 3.87600
153.00000 3.87600
154.00000 3.87600
155.00000 3.64800
156.00000 3.64800
157.00000 3.64800
158.00000 3.66000
159.00000 3.64800
160.00000 3.58800
161.00000 3.61200
162.00000 3.60000
163.00000 3.60000
164.00000 3.60000
165.00000 3.66000
166.00000 3.64800
167.00000 3.64800
168.00000 3.66000
169.00000 3.64800
170.00000 3.73200
171.00000 3.74400
172.00000 3.73200
173.00000 3.74400
174.00000 3.74400
175.00000 0.51600
176.00000 0.52800
177.00000 0.51600
178.00000 0.52800
179.00000 0.51600
180.00000 3.18000
181.00000 3.20400
182.00000 3.19200
183.00000 3.19200
184.00000 3.19200
185.00000 3.43200
186.00000 3.42000
187.00000 3.43200
188.00000 3.43200
189.00000 3.42000
190.00000 3.39600
191.00000 3.39600
192.00000 3.40800
193.00000 3.39600
194.00000 3.39600
195.00000 0.06000
196.00000 0.06000
197.00000 0.06000
198.00000 0.06000
199.00000 0.06000
200.00000 3.49200
201.00000 3.50400
202.00000 3.50400
203.00000 3.50400
204.00000 3.50400
205.00000 3.70800
206.00000 3.72000
207.00000 3.73200
208.00000 3.72000
209.00000 3.72000
210.00000 3.85200
211.00000 3.86400
212.00000 3.86400
213.00000 3.85200
214.00000 3.86400
215.00000 3.64800
216.00000 3.64800
217.00000 3.64800
218.00000 3.66000
219.00000 3.64800
220.00000 3.51600
221.00000 3.51600
222.00000 3.51600
223.00000 3.51600
224.00000 3.51600
225.00000 3.63600
226.00000 3.64800
227.00000 3.64800
228.00000 3.64800
229.00000 3.64800
230.00000 3.64800
231.00000 3.66000
232.00000 3.66000
233.00000 3.64800
234.00000 3.66000
235.00000 0.76800
236.00000 0.76800
237.00000 0.76800
238.00000 0.76800
239.00000 0.76800
240.00000 0.73200
241.00000 0.73200
242.00000 0.73200
243.00000 0.73200
244.00000 0.73200
245.00000 3.45600
246.00000 3.45600
247.00000 3.46800
248.00000 3.46800
249.00000 3.45600
250.00000 0.27600
251.00000 0.27600
252.00000 0.28800
253.00000 0.27600
254.00000 0.28800
255.00000 3.46800
256.00000 3.48000
257.00000 3.48000
258.00000 3.48000
259.00000 3.48000
260.00000 3.80400
261.00000 3.81600
262.00000 3.82800
263.00000 3.81600
264.00000 3.81600
265.00000 3.68400
266.00000 3.68400
267.00000 3.69600
268.00000 3.68400
269.00000 3.68400
270.00000 3.66000
271.00000 3.66000
272.00000 3.66000
273.00000 3.66000
274.00000 3.66000
275.00000 3.46800
276.00000 3.46800
277.00000 3.48000
278.00000 3.46800
279.00000 3.48000
280.00000 3.64800
281.00000 3.66000
282.00000 3.66000
283.00000 3.66000
284.00000 3.66000
285.00000 3.67200
286.00000 3.67200
287.00000 3.67200
288.00000 3.68400
289.00000 3.67200
290.00000 3.38400
291.00000 3.38400
292.00000 3.38400
293.00000 3.38400
294.00000 3.38400
295.00000 3.62400
296.00000 3.63600
297.00000 3.63600
298.00000 3.63600
299.00000 3.63600
300.00000 3.31200
301.00000 3.33600
302.00000 3.32400
303.00000 3.32400
304.00000 3.32400
305.00000 3.45600
306.00000 3.48000
307.00000 3.46800
308.00000 3.46800
309.00000 3.48000
310.00000 3.57600
311.00000 3.57600
312.00000 3.58800
313.00000 3.57600
314.00000 3.58800
315.00000 3.60000
316.00000 3.61200
317.00000 3.62400
318.00000 3.61200
