0.00000 2.71200
1.00000 2.72400
2.00000 2.71200
3.00000 2.71200
4.00000 2.72400
5.00000 2.90400
6.00000 2.90400
7.00000 2.90400
8.00000 2.91600
9.00000 2.90400
10.00000 1.57200
11.00000 1.57200
12.00000 1.57200
13.00000 1.58400
14.00000 1.57200
15.00000 2.72400
16.00000 2.73600
17.00000 2.74800
18.00000 2.73600
19.00000 2.74800
20.00000 2.66400
21.00000 2.68800
22.00000 2.67600
23.00000 2.68800
24.00000 2.67600
25.00000 2.62800
26.00000 2.64000
27.00000 2.64000
28.00000 2.64000
29.00000 2.64000
30.00000 2.80800
31.00000 2.83200
32.00000 2.83200
33.00000 2.83200
34.00000 2.83200
35.00000 2.74800
36.00000 2.74800
37.00000 2.74800
38.00000 2.74800
39.00000 2.74800
40.00000 2.71200
41.00000 2.71200
42.00000 2.72400
43.00000 2.71200
44.00000 2.71200
45.00000 2.32800
46.00000 2.31600
47.00000 2.32800
48.00000 2.32800
49.00000 2.32800
50.00000 2.53200
51.00000 2.53200
52.00000 2.53200
53.00000 2.53200
54.00000 2.53200
55.00000 2.48400
56.00000 2.48400
57.00000 2.48400
58.00000 2.48400
59.00000 2.49600
60.00000 2.54400
61.00000 2.54400
62.00000 2.55600
63.00000 2.55600
64.00000 2.55600
65.00000 2.88000
66.00000 2.89200
67.00000 2.89200
68.00000 2.89200
69.00000 2.89200
70.00000 2.70000
71.00000 2.71200
72.00000 2.71200
73.00000 2.70000
74.00000 2.71200
75.00000 2.71200
76.00000 2.71200
77.00000 2.71200
78.00000 2.71200
79.00000 2.71200
80.00000 2.38800
81.00000 2.38800
82.00000 2.37600
83.00000 2.38800
84.00000 2.38800
85.00000 2.40000
86.00000 2.40000
87.00000 2.40000
88.00000 2.40000
89.00000 2.40000
90.00000 2.67600
91.00000 2.67600
92.00000 2.67600
93.00000 2.68800
94.00000 2.67600
95.00000 2.65200
96.00000 2.66400
97.00000 2.65200
98.00000 2.66400
99.00000 2.66400
100.00000 2.48400
101.00000 2.50800
102.00000 2.49600
103.00000 2.50800
104.00000 2.50800
105.00000 2.74800
106.00000 2.76000
107.00000 2.77200
108.00000 2.76000
109.00000 2.77200
110.00000 2.47200
111.00000 2.47200
112.00000 2.48400
113.00000 2.48400
114.00000 2.48400
115.00000 2.62800
116.00000 2.64000
117.00000 2.64000
118.00000 2.64000
119.00000 2.62800
120.00000 1.93200
121.00000 1.94400
122.00000 1.93200
123.00000 1.94400
124.00000 1.93200
125.00000 2.67600
126.00000 2.67600
127.00000 2.67600
128.00000 2.67600
129.00000 2.67600
130.00000 2.84400
131.00000 2.85600
132.00000 2.85600
133.00000 2.84400
134.00000 2.85600
135.00000 3.06000
136.00000 3.06000
137.00000 3.06000
138.00000 3.06000
139.00000 3.07200
140.00000 2.50800
141.00000 2.50800
142.00000 2.52000
143.00000 2.50800
144.00000 2.52000
145.00000 0.88800
146.00000 0.90000
147.00000 0.90000
148.00000 0.90000
149.00000 0.90000
150.00000 0.93600
151.00000 0.94800
152.00000 0.94800
153.00000 0.94800
154.00000 0.94800
155.00000 0.55200
156.00000 0.57600
157.00000 0.56400
158.00000 0.56400
159.00000 0.56400
160.00000 0.12000
161.00000 0.12000
162.00000 0.13200
163.00000 0.12000
164.00000 0.12000
165.00000 0.40800
166.00000 0.40800
167.00000 0.40800
168.00000 0.40800
169.00000 0.40800
170.00000 2.78400
171.00000 2.80800
172.00000 2.79600
173.00000 2.80800
174.00000 2.79600
175.00000 0.51600
176.00000 0.51600
177.00000 0.50400
178.00000 0.51600
179.00000 0.50400
180.00000 0.93600
181.00000 0.96000
182.00000 0.94800
183.00000 0.94800
184.00000 0.94800
185.00000 0.90000
186.00000 0.88800
187.00000 0.88800
188.00000 0.90000
189.00000 0.88800
190.00000 0.90000
191.00000 0.91200
192.00000 0.92400
193.00000 0.91200
194.00000 0.91200
195.00000 0.82800
196.00000 0.84000
197.00000 0.82800
198.00000 0.84000
199.00000 0.84000
200.00000 0.61200
201.00000 0.62400
202.00000 0.62400
203.00000 0.62400
204.00000 0.62400
205.00000 0.98400
206.00000 0.99600
207.00000 0.99600
208.00000 1.00800
209.00000 0.99600
210.00000 0.96000
211.00000 0.97200
212.00000 0.97200
213.00000 0.96000
214.00000 0.97200
215.00000 0.01200
216.00000 0.01200
217.00000 0.01200
218.00000 0.01200
219.00000 0.01200
220.00000 2.65200
221.00000 2.72400
222.00000 2.73600
223.00000 2.72400
224.00000 2.73600
225.00000 0.93600
226.00000 0.93600
227.00000 0.92400
228.00000 0.93600
229.00000 0.93600
230.00000 0.76800
231.00000 0.76800
232.00000 0.76800
233.00000 0.76800
234.00000 0.78000
235.00000 1.02000
236.00000 1.02000
237.00000 1.02000
238.00000 1.03200
239.00000 1.02000
240.00000 0.78000
241.00000 0.78000
242.00000 0.79200
243.00000 0.78000
244.00000 0.79200
245.00000 0.96000
246.00000 0.97200
247.00000 0.96000
248.00000 0.97200
249.00000 0.97200
250.00000 0.82800
251.00000 0.84000
252.00000 0.84000
253.00000 0.84000
254.00000 0.84000
255.00000 1.06800
256.00000 1.08000
257.00000 1.09200
258.00000 1.08000
259.00000 1.08000
260.00000 0.99600
261.00000 1.00800
262.00000 0.99600
263.00000 1.00800
264.00000 1.00800
265.00000 1.08000
266.00000 1.09200
267.00000 1.10400
268.00000 1.09200
269.00000 1.09200
270.00000 1.14000
271.00000 1.14000
272.00000 1.15200
273.00000 1.14000
274.00000 1.15200
275.00000 0.98400
276.00000 0.99600
277.00000 0.98400
278.00000 0.99600
279.00000 0.99600
280.00000 0.97200
281.00000 0.99600
282.00000 0.98400
283.00000 0.98400
284.00000 0.98400
285.00000 1.68000
286.00000 1.68000
287.00000 1.66800
288.00000 1.68000
289.00000 1.68000
290.00000 0.15600
291.00000 0.14400
292.00000 0.14400
293.00000 0.14400
294.00000 0.15600
295.00000 2.43600
296.00000 2.43600
297.00000 2.44800
298.00000 2.44800
299.00000 2.44800
300.00000 1.57200
301.00000 1.57200
302.00000 1.57200
303.00000 1.57200
304.00000 1.57200
305.00000 1.52400
306.00000 1.52400
307.00000 1.52400
308.00000 1.52400
309.00000 1.52400
310.00000 2.86800
311.00000 2.88000
312.00000 2.88000
313.00000 2.88000
314.00000 2.86800
315.00000 2.85600
316.00000 2.85600
317.00000 2.86800
318.00000 2.85600
319.00000 2.85600
