0.00000 0.57154
5.00000 0.60516
10.00000 0.58726
15.00000 0.59997
20.00000 0.58419
25.00000 0.61562
30.00000 0.61542
35.00000 0.60800
40.00000 0.60919
45.00000 0.59313
50.00000 0.58230
55.00000 0.61478
60.00000 0.60723
65.00000 0.60339
70.00000 0.60525
75.00000 0.60695
80.00000 0.44184
85.00000 0.58360
90.00000 0.60391
95.00000 0.59496
100.00000 0.59586
105.00000 0.61774
110.00000 0.61130
115.00000 0.59233
120.00000 0.59558
125.00000 0.43565
130.00000 0.61297
135.00000 0.61133
140.00000 0.59016
145.00000 0.60039
150.00000 0.58698
155.00000 0.61162
160.00000 0.59427
165.00000 0.60304
170.00000 0.60687
175.00000 0.60240
180.00000 0.60142
185.00000 0.63696
190.00000 0.64442
195.00000 0.64606
200.00000 0.65197
205.00000 0.64688
210.00000 0.64561
215.00000 0.61810
220.00000 0.63660
225.00000 0.63873
230.00000 0.64094
235.00000 0.61974
240.00000 0.63539
245.00000 0.62619
250.00000 0.64946
255.00000 0.63613
260.00000 0.64046
265.00000 0.64010
270.00000 0.64710
275.00000 0.53463
280.00000 0.63514
285.00000 0.65244
290.00000 0.61605
295.00000 0.63033
300.00000 0.65082
305.00000 0.64676
310.00000 0.62736
315.00000 0.64411
320.00000 0.64317
