0.00000 1.08331
5.00000 1.15263
10.00000 1.03100
15.00000 1.03443
20.00000 1.00610
25.00000 0.99801
30.00000 1.11656
35.00000 0.98394
40.00000 1.13516
45.00000 0.88622
50.00000 1.09304
55.00000 1.12752
60.00000 1.08046
65.00000 1.10894
70.00000 1.11466
75.00000 1.13506
80.00000 1.07827
85.00000 1.02140
90.00000 1.05754
95.00000 1.04920
100.00000 1.06945
105.00000 1.12572
110.00000 1.16353
115.00000 1.19017
120.00000 0.97342
125.00000 1.07832
130.00000 1.05448
135.00000 1.11217
140.00000 1.03842
145.00000 1.09555
150.00000 1.04632
155.00000 1.09774
160.00000 1.02908
165.00000 1.01442
170.00000 1.08892
175.00000 1.12897
180.00000 0.95094
185.00000 1.10467
190.00000 1.12344
195.00000 1.15813
200.00000 1.08050
205.00000 1.10898
210.00000 1.02397
215.00000 0.83234
220.00000 1.02878
225.00000 0.99559
230.00000 0.97094
235.00000 1.13113
240.00000 1.03019
245.00000 1.12942
250.00000 1.12827
255.00000 1.11403
260.00000 1.00763
265.00000 1.11802
270.00000 1.03682
275.00000 1.10946
280.00000 1.06494
285.00000 1.14066
290.00000 1.14015
295.00000 1.12628
300.00000 1.09832
305.00000 1.25568
310.00000 1.19410
315.00000 1.12362
320.00000 1.11775
