0.00000 0.62400
1.00000 0.63600
2.00000 0.63600
3.00000 0.63600
4.00000 0.63600
5.00000 0.60000
6.00000 0.60000
7.00000 0.60000
8.00000 0.61200
9.00000 0.60000
10.00000 0.62400
11.00000 0.62400
12.00000 0.63600
13.00000 0.62400
14.00000 0.62400
15.00000 0.63600
16.00000 0.63600
17.00000 0.63600
18.00000 0.63600
19.00000 0.63600
20.00000 0.62400
21.00000 0.62400
22.00000 0.62400
23.00000 0.62400
24.00000 0.62400
25.00000 0.62400
26.00000 0.63600
27.00000 0.63600
28.00000 0.63600
29.00000 0.62400
30.00000 0.62400
31.00000 0.63600
32.00000 0.63600
33.00000 0.62400
34.00000 0.63600
35.00000 0.61200
36.00000 0.62400
37.00000 0.61200
38.00000 0.61200
39.00000 0.62400
40.00000 0.63600
41.00000 0.62400
42.00000 0.63600
43.00000 0.63600
44.00000 0.63600
45.00000 0.61200
46.00000 0.62400
47.00000 0.61200
48.00000 0.62400
49.00000 0.61200
50.00000 0.62400
51.00000 0.62400
52.00000 0.62400
53.00000 0.62400
54.00000 0.62400
55.00000 0.61200
56.00000 0.62400
57.00000 0.62400
58.00000 0.61200
59.00000 0.62400
60.00000 0.60000
61.00000 0.60000
62.00000 0.61200
63.00000 0.60000
64.00000 0.61200
65.00000 0.61200
66.00000 0.62400
67.00000 0.62400
68.00000 0.62400
69.00000 0.62400
70.00000 0.62400
71.00000 0.62400
72.00000 0.62400
73.00000 0.62400
74.00000 0.62400
75.00000 0.62400
76.00000 0.62400
77.00000 0.63600
78.00000 0.62400
79.00000 0.62400
80.00000 0.62400
81.00000 0.61200
82.00000 0.62400
83.00000 0.62400
84.00000 0.62400
85.00000 0.62400
86.00000 0.63600
87.00000 0.63600
88.00000 0.62400
89.00000 0.63600
90.00000 0.62400
91.00000 0.63600
92.00000 0.63600
93.00000 0.62400
94.00000 0.63600
95.00000 0.62400
96.00000 0.62400
97.00000 0.62400
98.00000 0.61200
99.00000 0.62400
100.00000 0.62400
101.00000 0.62400
102.00000 0.63600
103.00000 0.62400
104.00000 0.63600
105.00000 0.62400
106.00000 0.61200
107.00000 0.62400
108.00000 0.62400
109.00000 0.62400
110.00000 0.62400
111.00000 0.62400
112.00000 0.62400
113.00000 0.63600
114.00000 0.62400
115.00000 0.62400
116.00000 0.63600
117.00000 0.63600
118.00000 0.63600
119.00000 0.62400
120.00000 0.63600
121.00000 0.64800
122.00000 0.63600
123.00000 0.64800
124.00000 0.64800
125.00000 0.62400
126.00000 0.63600
127.00000 0.62400
128.00000 0.63600
129.00000 0.62400
130.00000 0.44400
131.00000 0.45600
132.00000 0.44400
133.00000 0.45600
134.00000 0.44400
135.00000 0.54000
136.00000 0.54000
137.00000 0.52800
138.00000 0.54000
139.00000 0.54000
140.00000 0.60000
141.00000 0.61200
142.00000 0.60000
143.00000 0.60000
144.00000 0.61200
145.00000 0.62400
146.00000 0.63600
147.00000 0.62400
148.00000 0.63600
149.00000 0.62400
150.00000 0.62400
151.00000 0.62400
152.00000 0.62400
153.00000 0.62400
154.00000 0.62400
155.00000 0.61200
156.00000 0.62400
157.00000 0.62400
158.00000 0.62400
159.00000 0.62400
160.00000 0.62400
161.00000 0.62400
162.00000 0.63600
163.00000 0.62400
164.00000 0.62400
165.00000 0.61200
166.00000 0.61200
167.00000 0.62400
168.00000 0.61200
169.00000 0.62400
170.00000 0.62400
171.00000 0.63600
172.00000 0.62400
173.00000 0.63600
174.00000 0.63600
175.00000 0.62400
176.00000 0.63600
177.00000 0.62400
178.00000 0.63600
179.00000 0.63600
180.00000 0.62400
181.00000 0.61200
182.00000 0.62400
183.00000 0.62400
184.00000 0.62400
185.00000 0.61200
186.00000 0.62400
187.00000 0.62400
188.00000 0.61200
189.00000 0.62400
190.00000 0.62400
191.00000 0.62400
192.00000 0.62400
193.00000 0.63600
194.00000 0.62400
195.00000 0.62400
196.00000 0.62400
197.00000 0.62400
198.00000 0.62400
199.00000 0.62400
200.00000 0.62400
201.00000 0.63600
202.00000 0.62400
203.00000 0.63600
204.00000 0.62400
205.00000 0.57600
206.00000 0.58800
207.00000 0.57600
208.00000 0.57600
209.00000 0.58800
210.00000 0.63600
211.00000 0.63600
212.00000 0.63600
213.00000 0.63600
214.00000 0.63600
215.00000 0.62400
216.00000 0.62400
217.00000 0.62400
218.00000 0.63600
219.00000 0.62400
220.00000 0.61200
221.00000 0.61200
222.00000 0.61200
223.00000 0.61200
224.00000 0.61200
225.00000 0.60000
226.00000 0.61200
227.00000 0.61200
228.00000 0.61200
229.00000 0.62400
230.00000 0.48000
231.00000 0.49200
232.00000 0.49200
233.00000 0.49200
234.00000 0.48000
235.00000 0.61200
236.00000 0.62400
237.00000 0.62400
238.00000 0.62400
239.00000 0.61200
240.00000 0.63600
241.00000 0.63600
242.00000 0.64800
243.00000 0.63600
244.00000 0.63600
245.00000 0.61200
246.00000 0.62400
247.00000 0.62400
248.00000 0.62400
249.00000 0.62400
250.00000 0.60000
251.00000 0.60000
252.00000 0.61200
253.00000 0.60000
254.00000 0.60000
255.00000 0.62400
256.00000 0.62400
257.00000 0.63600
258.00000 0.62400
259.00000 0.63600
260.00000 0.61200
261.00000 0.63600
262.00000 0.63600
263.00000 0.63600
264.00000 0.63600
265.00000 0.62400
266.00000 0.62400
267.00000 0.62400
268.00000 0.63600
269.00000 0.62400
270.00000 0.54000
271.00000 0.55200
272.00000 0.54000
273.00000 0.55200
274.00000 0.55200
275.00000 0.62400
276.00000 0.64800
277.00000 0.64800
278.00000 0.63600
279.00000 0.64800
280.00000 0.62400
281.00000 0.63600
282.00000 0.62400
283.00000 0.63600
284.00000 0.63600
285.00000 0.60000
286.00000 0.61200
287.00000 0.62400
288.00000 0.61200
289.00000 0.62400
290.00000 0.62400
291.00000 0.61200
292.00000 0.62400
293.00000 0.62400
294.00000 0.62400
295.00000 0.61200
296.00000 0.62400
297.00000 0.61200
298.00000 0.62400
299.00000 0.61200
300.00000 0.62400
301.00000 0.62400
302.00000 0.62400
303.00000 0.63600
304.00000 0.62400
305.00000 0.62400
306.00000 0.63600
307.00000 0.63600
308.00000 0.62400
309.00000 0.63600
310.00000 0.62400
311.00000 0.62400
312.00000 0.62400
313.00000 0.63600
314.00000 0.62400
315.00000 0.62400
316.00000 0.62400
317.00000 0.63600
318.00000 0.62400
319.00000 0.62400
