0.00000 3.57262
5.00000 3.06062
10.00000 3.24070
15.00000 2.23570
20.00000 2.78614
25.00000 2.46318
30.00000 2.61258
35.00000 2.39308
40.00000 2.66113
45.00000 3.23929
50.00000 2.53294
55.00000 3.43012
60.00000 2.73582
65.00000 3.00494
70.00000 2.57691
75.00000 2.32301
80.00000 2.32002
85.00000 2.29939
90.00000 3.32014
95.00000 3.20170
100.00000 2.47762
105.00000 3.50150
110.00000 2.32748
115.00000 2.68078
120.00000 3.33455
125.00000 3.15450
130.00000 2.85122
135.00000 2.83816
140.00000 2.37997
145.00000 3.64222
150.00000 2.92315
155.00000 2.56442
160.00000 2.45338
165.00000 2.48183
170.00000 2.44153
175.00000 2.23979
180.00000 3.48806
185.00000 1.59962
190.00000 2.43986
195.00000 2.36077
200.00000 2.28246
205.00000 2.20592
210.00000 2.39655
215.00000 2.85458
220.00000 2.57263
225.00000 2.06721
230.00000 2.60315
235.00000 2.40577
240.00000 2.75192
245.00000 1.96699
250.00000 2.34043
255.00000 3.61878
260.00000 2.58701
265.00000 2.51928
270.00000 2.78330
275.00000 2.44296
280.00000 2.70721
285.00000 2.78949
290.00000 3.14833
295.00000 3.55575
300.00000 2.58364
305.00000 1.74558
310.00000 2.57102
315.00000 3.17683
320.00000 2.43169
