0.00000 4.37985
5.00000 1.18970
10.00000 1.19584
15.00000 1.16167
20.00000 1.19174
25.00000 1.11722
30.00000 1.21638
35.00000 1.17395
40.00000 1.17832
45.00000 1.17866
50.00000 1.16747
55.00000 1.16520
60.00000 1.16859
65.00000 1.13965
70.00000 1.16184
75.00000 1.14194
80.00000 1.19397
85.00000 1.17950
90.00000 1.16932
95.00000 1.18620
100.00000 1.16068
105.00000 1.18119
110.00000 1.22210
115.00000 1.17811
120.00000 1.17939
125.00000 1.12868
130.00000 1.18654
135.00000 1.08947
140.00000 1.08385
145.00000 1.13074
150.00000 1.16290
155.00000 1.17476
160.00000 1.23543
165.00000 1.19342
170.00000 1.15470
175.00000 1.21468
180.00000 1.19003
185.00000 1.17148
190.00000 1.14898
195.00000 1.20430
200.00000 1.16532
205.00000 1.20201
210.00000 1.13538
215.00000 1.18456
220.00000 1.20935
225.00000 1.13765
230.00000 1.19010
235.00000 1.19146
240.00000 1.12933
245.00000 1.16434
250.00000 1.17670
255.00000 1.20018
260.00000 1.17461
265.00000 1.16851
270.00000 1.13278
275.00000 1.13668
280.00000 1.23451
285.00000 1.22815
290.00000 1.20997
295.00000 1.20091
300.00000 1.17891
305.00000 1.11399
310.00000 1.16595
315.00000 1.18278
320.00000 1.13094
