0.00000 1.21206
5.00000 1.21036
10.00000 1.25573
15.00000 1.21413
20.00000 1.22092
25.00000 1.21495
30.00000 1.21224
35.00000 1.20004
40.00000 1.24558
45.00000 1.26191
50.00000 1.16807
55.00000 1.26572
60.00000 1.19603
65.00000 1.17679
70.00000 1.23650
75.00000 1.25209
80.00000 1.21124
85.00000 1.23374
90.00000 1.20967
95.00000 1.20037
100.00000 1.22819
105.00000 1.21642
110.00000 2.42283
115.00000 2.49102
120.00000 4.31247
125.00000 4.34639
130.00000 4.38176
135.00000 2.43858
140.00000 2.45742
145.00000 2.64052
150.00000 2.59138
155.00000 2.42763
160.00000 2.40923
165.00000 2.12977
170.00000 4.30425
175.00000 4.31652
180.00000 4.29234
185.00000 4.18805
190.00000 4.23950
195.00000 4.12232
200.00000 2.62248
205.00000 1.19020
210.00000 1.93061
215.00000 4.43442
220.00000 4.45229
225.00000 4.30642
230.00000 4.26918
235.00000 4.24523
240.00000 1.03742
245.00000 2.42559
250.00000 2.46550
255.00000 2.55955
260.00000 3.76273
265.00000 4.18788
270.00000 3.62126
275.00000 0.78539
280.00000 0.77462
285.00000 0.73782
290.00000 0.77710
295.00000 0.75931
300.00000 0.80287
305.00000 0.77290
310.00000 0.75569
315.00000 0.71494
320.00000 0.78074
