0.00000 1.23600
1.00000 1.22400
2.00000 1.23600
3.00000 1.22400
4.00000 1.23600
5.00000 1.20000
6.00000 1.21200
7.00000 1.21200
8.00000 1.20000
9.00000 1.21200
10.00000 1.20000
11.00000 1.20000
12.00000 1.20000
13.00000 1.20000
14.00000 1.20000
15.00000 1.24800
16.00000 1.27200
17.00000 1.26000
18.00000 1.26000
19.00000 1.26000
20.00000 1.23600
21.00000 1.23600
22.00000 1.23600
23.00000 1.23600
24.00000 1.23600
25.00000 1.22400
26.00000 1.23600
27.00000 1.22400
28.00000 1.23600
29.00000 1.23600
30.00000 1.20000
31.00000 1.21200
32.00000 1.20000
33.00000 1.21200
34.00000 1.21200
35.00000 1.18800
36.00000 1.20000
37.00000 1.18800
38.00000 1.20000
39.00000 1.18800
40.00000 1.22400
41.00000 1.22400
42.00000 1.22400
43.00000 1.22400
44.00000 1.22400
45.00000 1.24800
46.00000 1.24800
47.00000 1.24800
48.00000 1.24800
49.00000 1.24800
50.00000 1.20000
51.00000 1.21200
52.00000 1.20000
53.00000 1.21200
54.00000 1.21200
55.00000 1.16400
56.00000 1.17600
57.00000 1.17600
58.00000 1.17600
59.00000 1.17600
60.00000 1.06800
61.00000 1.06800
62.00000 1.08000
63.00000 1.06800
64.00000 1.06800
65.00000 1.23600
66.00000 1.23600
67.00000 1.23600
68.00000 1.23600
69.00000 1.22400
70.00000 1.24800
71.00000 1.24800
72.00000 1.23600
73.00000 1.24800
74.00000 1.24800
75.00000 1.22400
76.00000 1.22400
77.00000 1.23600
78.00000 1.23600
79.00000 1.22400
80.00000 1.17600
81.00000 1.20000
82.00000 1.18800
83.00000 1.18800
84.00000 1.18800
85.00000 1.22400
86.00000 1.23600
87.00000 1.23600
88.00000 1.23600
89.00000 1.23600
90.00000 1.24800
91.00000 1.24800
92.00000 1.24800
93.00000 1.24800
94.00000 1.24800
95.00000 1.21200
96.00000 1.22400
97.00000 1.22400
98.00000 1.22400
99.00000 1.22400
100.00000 1.21200
101.00000 1.21200
102.00000 1.22400
103.00000 1.21200
104.00000 1.22400
105.00000 1.21200
106.00000 1.21200
107.00000 1.21200
108.00000 1.21200
109.00000 1.21200
110.00000 1.18800
111.00000 1.20000
112.00000 1.20000
113.00000 1.18800
114.00000 1.20000
115.00000 1.18800
116.00000 1.18800
117.00000 1.18800
118.00000 1.18800
119.00000 1.18800
120.00000 1.21200
121.00000 1.21200
122.00000 1.21200
123.00000 1.21200
124.00000 1.21200
125.00000 0.51600
126.00000 0.51600
127.00000 0.52800
128.00000 0.51600
129.00000 0.52800
130.00000 0.51600
131.00000 0.52800
132.00000 0.51600
133.00000 0.52800
134.00000 0.52800
135.00000 0.61200
136.00000 0.61200
137.00000 0.62400
138.00000 0.62400
139.00000 0.61200
140.00000 0.60000
141.00000 0.62400
142.00000 0.61200
143.00000 0.61200
144.00000 0.61200
145.00000 0.61200
146.00000 0.62400
147.00000 0.62400
148.00000 0.62400
149.00000 0.62400
150.00000 0.60000
151.00000 0.60000
152.00000 0.61200
153.00000 0.61200
154.00000 0.60000
155.00000 0.61200
156.00000 0.61200
157.00000 0.62400
158.00000 0.61200
159.00000 0.61200
160.00000 0.61200
161.00000 0.62400
162.00000 0.62400
163.00000 0.62400
164.00000 0.62400
165.00000 0.61200
166.00000 0.62400
167.00000 0.62400
168.00000 0.62400
169.00000 0.62400
170.00000 0.54000
171.00000 0.54000
172.00000 0.54000
173.00000 0.54000
174.00000 0.55200
175.00000 0.62400
176.00000 0.63600
177.00000 0.62400
178.00000 0.63600
179.00000 0.62400
180.00000 0.61200
181.00000 0.62400
182.00000 0.62400
183.00000 0.62400
184.00000 0.62400
185.00000 0.54000
186.00000 0.55200
187.00000 0.55200
188.00000 0.55200
189.00000 0.55200
190.00000 0.61200
191.00000 0.61200
192.00000 0.61200
193.00000 0.61200
194.00000 0.62400
195.00000 0.61200
196.00000 0.62400
197.00000 0.62400
198.00000 0.62400
199.00000 0.62400
200.00000 0.60000
201.00000 0.61200
202.00000 0.60000
203.00000 0.61200
204.00000 0.61200
205.00000 0.60000
206.00000 0.61200
207.00000 0.61200
208.00000 0.61200
209.00000 0.60000
210.00000 0.62400
211.00000 0.62400
212.00000 0.62400
213.00000 0.62400
214.00000 0.62400
215.00000 0.60000
216.00000 0.61200
217.00000 0.60000
218.00000 0.61200
219.00000 0.60000
220.00000 0.60000
221.00000 0.61200
222.00000 0.61200
223.00000 0.61200
224.00000 0.61200
225.00000 0.60000
226.00000 0.61200
227.00000 0.61200
228.00000 0.61200
229.00000 0.60000
230.00000 0.61200
231.00000 0.61200
232.00000 0.61200
233.00000 0.62400
234.00000 0.61200
235.00000 0.60000
236.00000 0.61200
237.00000 0.61200
238.00000 0.61200
239.00000 0.61200
240.00000 0.60000
241.00000 0.61200
242.00000 0.61200
243.00000 0.61200
244.00000 0.62400
245.00000 0.61200
246.00000 0.61200
247.00000 0.62400
248.00000 0.61200
249.00000 0.61200
250.00000 0.61200
251.00000 0.61200
252.00000 0.61200
253.00000 0.61200
254.00000 0.61200
255.00000 0.60000
256.00000 0.60000
257.00000 0.60000
258.00000 0.60000
259.00000 0.60000
260.00000 0.60000
261.00000 0.60000
262.00000 0.61200
263.00000 0.60000
264.00000 0.61200
265.00000 0.61200
266.00000 0.61200
267.00000 0.61200
268.00000 0.61200
269.00000 0.61200
270.00000 0.60000
271.00000 0.61200
272.00000 0.61200
273.00000 0.60000
274.00000 0.61200
275.00000 0.61200
276.00000 0.61200
277.00000 0.61200
278.00000 0.62400
279.00000 0.61200
280.00000 0.61200
281.00000 0.62400
282.00000 0.62400
283.00000 0.62400
284.00000 0.62400
285.00000 0.62400
286.00000 0.62400
287.00000 0.63600
288.00000 0.62400
289.00000 0.63600
290.00000 0.62400
291.00000 0.62400
292.00000 0.63600
293.00000 0.62400
294.00000 0.62400
295.00000 0.60000
296.00000 0.60000
297.00000 0.61200
298.00000 0.60000
299.00000 0.61200
300.00000 0.61200
301.00000 0.61200
302.00000 0.61200
303.00000 0.62400
304.00000 0.61200
305.00000 0.60000
306.00000 0.60000
307.00000 0.60000
308.00000 0.60000
309.00000 0.60000
310.00000 0.61200
311.00000 0.62400
312.00000 0.61200
313.00000 0.62400
314.00000 0.62400
315.00000 0.62400
316.00000 0.62400
317.00000 0.62400
318.00000 0.63600
