0.00000 0.03729
5.00000 0.41902
10.00000 0.41253
15.00000 0.48274
20.00000 0.48258
25.00000 0.48359
30.00000 0.48077
35.00000 0.48356
40.00000 0.34132
45.00000 0.47711
50.00000 0.46809
55.00000 0.42786
60.00000 0.38173
65.00000 0.44068
70.00000 0.44289
75.00000 0.44164
80.00000 0.43248
85.00000 0.44217
90.00000 0.44297
95.00000 0.47618
100.00000 0.43909
105.00000 0.44210
110.00000 0.15075
115.00000 0.45118
120.00000 0.45425
125.00000 0.44761
130.00000 0.44498
135.00000 0.45374
140.00000 0.45525
145.00000 0.45382
150.00000 0.44350
155.00000 0.44833
160.00000 0.45521
165.00000 0.44758
170.00000 0.48738
175.00000 0.45392
180.00000 0.45106
185.00000 0.47742
190.00000 0.41553
195.00000 0.47119
200.00000 0.47848
205.00000 0.47769
210.00000 0.22562
215.00000 0.47940
220.00000 0.47358
225.00000 0.45470
230.00000 0.47721
235.00000 0.47788
240.00000 0.44474
245.00000 0.00000
250.00000 0.47742
255.00000 0.47503
260.00000 0.47608
265.00000 0.11825
270.00000 0.47346
275.00000 0.47758
280.00000 0.47237
285.00000 0.47476
290.00000 0.47117
295.00000 0.47727
300.00000 0.48273
305.00000 0.48261
310.00000 0.48257
315.00000 0.48019
320.00000 0.51917
