0.00000 0.63600
1.00000 0.62400
2.00000 0.62400
3.00000 0.63600
4.00000 0.62400
5.00000 1.24800
6.00000 1.24800
7.00000 1.24800
8.00000 1.24800
9.00000 1.24800
10.00000 1.22400
11.00000 1.23600
12.00000 1.23600
13.00000 1.23600
14.00000 1.24800
15.00000 0.63600
16.00000 0.63600
17.00000 0.64800
18.00000 0.64800
19.00000 0.63600
20.00000 1.18800
21.00000 1.18800
22.00000 1.17600
23.00000 1.18800
24.00000 1.18800
25.00000 1.21200
26.00000 1.20000
27.00000 1.21200
28.00000 1.20000
29.00000 1.21200
30.00000 1.21200
31.00000 1.20000
32.00000 1.21200
33.00000 1.21200
34.00000 1.20000
35.00000 1.20000
36.00000 1.20000
37.00000 1.20000
38.00000 1.20000
39.00000 1.20000
40.00000 1.20000
41.00000 1.21200
42.00000 1.21200
43.00000 1.20000
44.00000 1.21200
45.00000 1.20000
46.00000 1.20000
47.00000 1.20000
48.00000 1.20000
49.00000 1.20000
50.00000 1.20000
51.00000 1.20000
52.00000 1.20000
53.00000 1.20000
54.00000 1.20000
55.00000 1.22400
56.00000 1.22400
57.00000 1.22400
58.00000 1.22400
59.00000 1.22400
60.00000 0.63600
61.00000 0.63600
62.00000 0.64800
63.00000 0.63600
64.00000 0.63600
65.00000 1.18800
66.00000 1.21200
67.00000 1.20000
68.00000 1.21200
69.00000 1.21200
70.00000 1.21200
71.00000 1.23600
72.00000 1.22400
73.00000 1.23600
74.00000 1.22400
75.00000 1.22400
76.00000 1.23600
77.00000 1.22400
78.00000 1.22400
79.00000 1.23600
80.00000 1.17600
81.00000 1.18800
82.00000 1.18800
83.00000 1.17600
84.00000 1.18800
85.00000 1.22400
86.00000 1.21200
87.00000 1.22400
88.00000 1.22400
89.00000 1.21200
90.00000 1.21200
91.00000 1.21200
92.00000 1.20000
93.00000 1.21200
94.00000 1.21200
95.00000 1.18800
96.00000 1.20000
97.00000 1.18800
98.00000 1.18800
99.00000 1.20000
100.00000 1.20000
101.00000 1.22400
102.00000 1.22400
103.00000 1.21200
104.00000 1.22400
105.00000 1.17600
106.00000 1.18800
107.00000 1.18800
108.00000 1.18800
109.00000 1.18800
110.00000 1.20000
111.00000 1.20000
112.00000 1.21200
113.00000 1.20000
114.00000 1.20000
115.00000 1.17600
116.00000 1.16400
117.00000 1.17600
118.00000 1.16400
119.00000 1.17600
120.00000 0.66000
121.00000 0.64800
122.00000 0.64800
123.00000 0.66000
124.00000 0.64800
125.00000 1.24800
126.00000 1.24800
127.00000 1.26000
128.00000 1.26000
129.00000 1.24800
130.00000 1.21200
131.00000 1.22400
132.00000 1.21200
133.00000 1.22400
134.00000 1.21200
135.00000 1.22400
136.00000 1.23600
137.00000 1.22400
138.00000 1.22400
139.00000 1.22400
140.00000 1.24800
141.00000 1.24800
142.00000 1.24800
143.00000 1.24800
144.00000 1.24800
145.00000 1.22400
146.00000 1.24800
147.00000 1.23600
148.00000 1.24800
149.00000 1.23600
150.00000 1.21200
151.00000 1.21200
152.00000 1.22400
153.00000 1.21200
154.00000 1.21200
155.00000 1.23600
156.00000 1.23600
157.00000 1.23600
158.00000 1.23600
159.00000 1.24800
160.00000 1.22400
161.00000 1.22400
162.00000 1.23600
163.00000 1.22400
164.00000 1.23600
165.00000 1.24800
166.00000 1.26000
167.00000 1.26000
168.00000 1.24800
169.00000 1.26000
170.00000 1.22400
171.00000 1.23600
172.00000 1.23600
173.00000 1.23600
174.00000 1.24800
175.00000 1.21200
176.00000 1.23600
177.00000 1.22400
178.00000 1.23600
179.00000 1.22400
180.00000 1.22400
181.00000 1.23600
182.00000 1.22400
183.00000 1.23600
184.00000 1.22400
185.00000 1.21200
186.00000 1.20000
187.00000 1.21200
188.00000 1.21200
189.00000 1.21200
190.00000 1.18800
191.00000 1.20000
192.00000 1.20000
193.00000 1.20000
194.00000 1.21200
195.00000 1.24800
196.00000 1.26000
197.00000 1.26000
198.00000 1.26000
199.00000 1.26000
200.00000 1.23600
201.00000 1.23600
202.00000 1.23600
203.00000 1.24800
204.00000 1.23600
205.00000 1.22400
206.00000 1.22400
207.00000 1.23600
208.00000 1.23600
209.00000 1.22400
210.00000 1.21200
211.00000 1.20000
212.00000 1.21200
213.00000 1.21200
214.00000 1.20000
215.00000 1.20000
216.00000 1.18800
217.00000 1.20000
218.00000 1.18800
219.00000 1.20000
220.00000 1.22400
221.00000 1.22400
222.00000 1.22400
223.00000 1.22400
224.00000 1.21200
225.00000 1.24800
226.00000 1.24800
227.00000 1.24800
228.00000 1.24800
229.00000 1.26000
230.00000 1.20000
231.00000 1.20000
232.00000 1.21200
233.00000 1.20000
234.00000 1.21200
235.00000 1.17600
236.00000 1.17600
237.00000 1.17600
238.00000 1.17600
239.00000 1.17600
240.00000 1.05600
241.00000 1.08000
242.00000 1.06800
243.00000 1.08000
244.00000 1.06800
245.00000 1.23600
246.00000 1.23600
247.00000 1.22400
248.00000 1.23600
249.00000 1.23600
250.00000 1.24800
251.00000 1.23600
252.00000 1.24800
253.00000 1.24800
254.00000 1.23600
255.00000 1.22400
256.00000 1.23600
257.00000 1.22400
258.00000 1.23600
259.00000 1.23600
260.00000 1.17600
261.00000 1.18800
262.00000 1.18800
263.00000 1.18800
264.00000 1.18800
265.00000 1.23600
266.00000 1.23600
267.00000 1.23600
268.00000 1.23600
269.00000 1.22400
270.00000 1.24800
271.00000 1.24800
272.00000 1.24800
273.00000 1.26000
274.00000 1.24800
275.00000 1.21200
276.00000 1.22400
277.00000 1.22400
278.00000 1.22400
279.00000 1.22400
280.00000 1.20000
281.00000 1.22400
282.00000 1.21200
283.00000 1.22400
284.00000 1.21200
285.00000 1.21200
286.00000 1.21200
287.00000 1.21200
288.00000 1.22400
289.00000 1.21200
290.00000 1.18800
291.00000 1.18800
292.00000 1.20000
293.00000 1.20000
294.00000 1.18800
295.00000 1.18800
296.00000 1.18800
297.00000 1.20000
298.00000 1.18800
299.00000 1.18800
300.00000 1.21200
301.00000 1.21200
302.00000 1.21200
303.00000 1.20000
304.00000 1.21200
305.00000 0.52800
306.00000 0.51600
307.00000 0.52800
308.00000 0.51600
309.00000 0.52800
310.00000 0.51600
311.00000 0.52800
312.00000 0.51600
313.00000 0.52800
314.00000 0.51600
315.00000 0.62400
316.00000 0.61200
317.00000 0.62400
318.00000 0.61200
