0.00000 0.62400
1.00000 0.61200
2.00000 0.61200
3.00000 0.61200
4.00000 0.62400
5.00000 0.58800
6.00000 0.60000
7.00000 0.60000
8.00000 0.61200
9.00000 0.60000
10.00000 0.61200
11.00000 0.62400
12.00000 0.61200
13.00000 0.62400
14.00000 0.61200
15.00000 0.63600
16.00000 0.62400
17.00000 0.62400
18.00000 0.63600
19.00000 0.62400
20.00000 0.61200
21.00000 0.63600
22.00000 0.62400
23.00000 0.62400
24.00000 0.62400
25.00000 0.62400
26.00000 0.62400
27.00000 0.63600
28.00000 0.62400
29.00000 0.62400
30.00000 0.62400
31.00000 0.61200
32.00000 0.61200
33.00000 0.61200
34.00000 0.62400
35.00000 0.60000
36.00000 0.61200
37.00000 0.61200
38.00000 0.61200
39.00000 0.61200
40.00000 0.60000
41.00000 0.61200
42.00000 0.61200
43.00000 0.61200
44.00000 0.61200
45.00000 0.60000
46.00000 0.60000
47.00000 0.60000
48.00000 0.61200
49.00000 0.60000
50.00000 0.61200
51.00000 0.61200
52.00000 0.61200
53.00000 0.62400
54.00000 0.61200
55.00000 0.60000
56.00000 0.61200
57.00000 0.61200
58.00000 0.60000
59.00000 0.61200
60.00000 0.60000
61.00000 0.61200
62.00000 0.61200
63.00000 0.61200
64.00000 0.62400
65.00000 0.61200
66.00000 0.62400
67.00000 0.63600
68.00000 0.62400
69.00000 0.62400
70.00000 0.62400
71.00000 0.62400
72.00000 0.62400
73.00000 0.62400
74.00000 0.63600
75.00000 0.61200
76.00000 0.61200
77.00000 0.62400
78.00000 0.62400
79.00000 0.61200
80.00000 0.62400
81.00000 0.62400
82.00000 0.62400
83.00000 0.63600
84.00000 0.62400
85.00000 0.61200
86.00000 0.62400
87.00000 0.62400
88.00000 0.62400
89.00000 0.62400
90.00000 0.60000
91.00000 0.62400
92.00000 0.61200
93.00000 0.61200
94.00000 0.61200
95.00000 0.61200
96.00000 0.62400
97.00000 0.62400
98.00000 0.61200
99.00000 0.62400
100.00000 0.61200
101.00000 0.62400
102.00000 0.61200
103.00000 0.62400
104.00000 0.62400
105.00000 0.60000
106.00000 0.61200
107.00000 0.61200
108.00000 0.61200
109.00000 0.61200
110.00000 0.61200
111.00000 0.62400
112.00000 0.62400
113.00000 0.62400
114.00000 0.62400
115.00000 0.61200
116.00000 0.61200
117.00000 0.61200
118.00000 0.61200
119.00000 0.61200
120.00000 0.61200
121.00000 0.61200
122.00000 0.61200
123.00000 0.60000
124.00000 0.61200
125.00000 0.60000
126.00000 0.60000
127.00000 0.60000
128.00000 0.60000
129.00000 0.61200
130.00000 0.61200
131.00000 0.62400
132.00000 0.62400
133.00000 0.62400
134.00000 0.62400
135.00000 0.58800
136.00000 0.60000
137.00000 0.60000
138.00000 0.60000
139.00000 0.60000
140.00000 0.60000
141.00000 0.61200
142.00000 0.60000
143.00000 0.61200
144.00000 0.60000
145.00000 0.61200
146.00000 0.60000
147.00000 0.61200
148.00000 0.60000
149.00000 0.61200
150.00000 0.61200
151.00000 0.62400
152.00000 0.62400
153.00000 0.62400
154.00000 0.62400
155.00000 0.61200
156.00000 0.62400
157.00000 0.62400
158.00000 0.61200
159.00000 0.62400
160.00000 0.60000
161.00000 0.62400
162.00000 0.61200
163.00000 0.61200
164.00000 0.61200
165.00000 0.58800
166.00000 0.60000
167.00000 0.60000
168.00000 0.60000
169.00000 0.60000
170.00000 0.60000
171.00000 0.61200
172.00000 0.61200
173.00000 0.60000
174.00000 0.61200
175.00000 0.61200
176.00000 0.62400
177.00000 0.62400
178.00000 0.62400
179.00000 0.62400
180.00000 0.62400
181.00000 0.62400
182.00000 0.62400
183.00000 0.63600
184.00000 0.62400
185.00000 0.61200
186.00000 0.63600
187.00000 0.62400
188.00000 0.62400
189.00000 0.62400
190.00000 0.62400
191.00000 0.62400
192.00000 0.62400
193.00000 0.63600
194.00000 0.62400
195.00000 0.61200
196.00000 0.62400
197.00000 0.62400
198.00000 0.61200
199.00000 0.62400
200.00000 0.61200
201.00000 0.63600
202.00000 0.62400
203.00000 0.62400
204.00000 0.62400
205.00000 0.61200
206.00000 0.63600
207.00000 0.62400
208.00000 0.62400
209.00000 0.62400
210.00000 0.58800
211.00000 0.60000
212.00000 0.58800
213.00000 0.60000
214.00000 0.60000
215.00000 0.61200
216.00000 0.63600
217.00000 0.62400
218.00000 0.62400
219.00000 0.62400
220.00000 0.58800
221.00000 0.61200
222.00000 0.60000
223.00000 0.60000
224.00000 0.60000
225.00000 0.60000
226.00000 0.61200
227.00000 0.61200
228.00000 0.61200
229.00000 0.61200
230.00000 0.62400
231.00000 0.63600
232.00000 0.63600
233.00000 0.63600
234.00000 0.63600
235.00000 0.61200
236.00000 0.61200
237.00000 0.61200
238.00000 0.60000
239.00000 0.61200
240.00000 0.49200
241.00000 0.49200
242.00000 0.49200
243.00000 0.49200
244.00000 0.49200
245.00000 0.49200
246.00000 0.49200
247.00000 0.50400
248.00000 0.49200
249.00000 0.50400
250.00000 0.61200
251.00000 0.62400
252.00000 0.62400
253.00000 0.62400
254.00000 0.62400
255.00000 0.61200
256.00000 0.62400
257.00000 0.62400
258.00000 0.61200
259.00000 0.62400
260.00000 0.61200
261.00000 0.61200
262.00000 0.61200
263.00000 0.62400
264.00000 0.61200
265.00000 0.61200
266.00000 0.62400
267.00000 0.61200
268.00000 0.62400
269.00000 0.62400
270.00000 1.21200
271.00000 1.22400
272.00000 1.22400
273.00000 1.22400
274.00000 1.22400
275.00000 1.20000
276.00000 1.20000
277.00000 1.21200
278.00000 1.20000
279.00000 1.21200
280.00000 1.17600
281.00000 1.18800
282.00000 1.17600
283.00000 1.18800
284.00000 1.18800
285.00000 1.21200
286.00000 1.21200
287.00000 1.22400
288.00000 1.22400
289.00000 1.21200
290.00000 1.16400
291.00000 1.15200
292.00000 1.16400
293.00000 1.15200
294.00000 1.16400
295.00000 0.62400
296.00000 0.63600
297.00000 0.63600
298.00000 0.63600
299.00000 0.64800
300.00000 1.12800
301.00000 1.14000
302.00000 1.14000
303.00000 1.14000
304.00000 1.14000
305.00000 1.23600
306.00000 1.24800
307.00000 1.23600
308.00000 1.23600
309.00000 1.24800
310.00000 1.18800
311.00000 1.18800
312.00000 1.18800
313.00000 1.20000
314.00000 1.18800
315.00000 1.23600
316.00000 1.23600
317.00000 1.23600
318.00000 1.23600
