0.00000 1.24800
1.00000 1.24800
2.00000 1.24800
3.00000 1.24800
4.00000 1.26000
5.00000 1.62000
6.00000 1.63200
7.00000 1.63200
8.00000 1.63200
9.00000 1.64400
10.00000 1.70400
11.00000 1.71600
12.00000 1.70400
13.00000 1.71600
14.00000 1.71600
15.00000 1.59600
16.00000 1.62000
17.00000 1.60800
18.00000 1.60800
19.00000 1.60800
20.00000 1.54800
21.00000 1.54800
22.00000 1.54800
23.00000 1.54800
24.00000 1.54800
25.00000 1.64400
26.00000 1.64400
27.00000 1.64400
28.00000 1.64400
29.00000 1.64400
30.00000 1.69200
31.00000 1.70400
32.00000 1.69200
33.00000 1.69200
34.00000 1.69200
35.00000 1.52400
36.00000 1.51200
37.00000 1.52400
38.00000 1.51200
39.00000 1.52400
40.00000 1.75200
41.00000 1.76400
42.00000 1.76400
43.00000 1.76400
44.00000 1.76400
45.00000 1.64400
46.00000 1.65600
47.00000 1.65600
48.00000 1.65600
49.00000 1.65600
50.00000 1.64400
51.00000 1.66800
52.00000 1.65600
53.00000 1.65600
54.00000 1.66800
55.00000 1.22400
56.00000 1.23600
57.00000 1.23600
58.00000 1.23600
59.00000 1.22400
60.00000 1.29600
61.00000 1.29600
62.00000 1.30800
63.00000 1.29600
64.00000 1.29600
65.00000 1.76400
66.00000 1.77600
67.00000 1.77600
68.00000 1.77600
69.00000 1.78800
70.00000 1.65600
71.00000 1.65600
72.00000 1.65600
73.00000 1.66800
74.00000 1.65600
75.00000 1.64400
76.00000 1.63200
77.00000 1.64400
78.00000 1.64400
79.00000 1.64400
80.00000 1.42800
81.00000 1.44000
82.00000 1.44000
83.00000 1.45200
84.00000 1.44000
85.00000 1.53600
86.00000 1.56000
87.00000 1.54800
88.00000 1.56000
89.00000 1.54800
90.00000 1.65600
91.00000 1.66800
92.00000 1.66800
93.00000 1.66800
94.00000 1.65600
95.00000 1.51200
96.00000 1.51200
97.00000 1.51200
98.00000 1.51200
99.00000 1.51200
100.00000 1.64400
101.00000 1.65600
102.00000 1.66800
103.00000 1.65600
104.00000 1.65600
105.00000 1.62000
106.00000 1.63200
107.00000 1.64400
108.00000 1.63200
109.00000 1.63200
110.00000 1.26000
111.00000 1.26000
112.00000 1.27200
113.00000 1.27200
114.00000 1.26000
115.00000 1.23600
116.00000 1.23600
117.00000 1.24800
118.00000 1.23600
119.00000 1.23600
120.00000 1.21200
121.00000 1.23600
122.00000 1.22400
123.00000 1.22400
124.00000 1.23600
125.00000 1.68000
126.00000 1.70400
127.00000 1.69200
128.00000 1.70400
129.00000 1.69200
130.00000 1.71600
131.00000 1.74000
132.00000 1.72800
133.00000 1.72800
134.00000 1.72800
135.00000 1.66800
136.00000 1.65600
137.00000 1.65600
138.00000 1.66800
139.00000 1.65600
140.00000 1.64400
141.00000 1.64400
142.00000 1.64400
143.00000 1.63200
144.00000 1.64400
145.00000 1.64400
146.00000 1.64400
147.00000 1.64400
148.00000 1.64400
149.00000 1.65600
150.00000 1.58400
151.00000 1.59600
152.00000 1.58400
153.00000 1.59600
154.00000 1.59600
155.00000 1.72800
156.00000 1.74000
157.00000 1.72800
158.00000 1.74000
159.00000 1.74000
160.00000 1.68000
161.00000 1.68000
162.00000 1.69200
163.00000 1.68000
164.00000 1.69200
165.00000 1.16400
166.00000 1.17600
167.00000 1.16400
168.00000 1.17600
169.00000 1.17600
170.00000 1.28400
171.00000 1.29600
172.00000 1.29600
173.00000 1.29600
174.00000 1.29600
175.00000 1.23600
176.00000 1.24800
177.00000 1.26000
178.00000 1.24800
179.00000 1.24800
180.00000 1.21200
181.00000 1.21200
182.00000 1.22400
183.00000 1.22400
184.00000 1.21200
185.00000 1.59600
186.00000 1.58400
187.00000 1.58400
188.00000 1.59600
189.00000 1.58400
190.00000 1.77600
191.00000 1.77600
192.00000 1.77600
193.00000 1.77600
194.00000 1.78800
195.00000 1.68000
196.00000 1.68000
197.00000 1.69200
198.00000 1.69200
199.00000 1.68000
200.00000 1.76400
201.00000 1.77600
202.00000 1.76400
203.00000 1.76400
204.00000 1.77600
205.00000 1.59600
206.00000 1.59600
207.00000 1.60800
208.00000 1.59600
209.00000 1.60800
210.00000 1.56000
211.00000 1.57200
212.00000 1.58400
213.00000 1.57200
214.00000 1.57200
215.00000 1.64400
216.00000 1.64400
217.00000 1.65600
218.00000 1.65600
219.00000 1.64400
220.00000 1.62000
221.00000 1.62000
222.00000 1.60800
223.00000 1.62000
224.00000 1.62000
225.00000 1.20000
226.00000 1.20000
227.00000 1.21200
228.00000 1.20000
229.00000 1.21200
230.00000 1.16400
231.00000 1.16400
232.00000 1.17600
233.00000 1.17600
234.00000 1.16400
235.00000 1.17600
236.00000 1.18800
237.00000 1.18800
238.00000 1.20000
239.00000 1.18800
240.00000 1.62000
241.00000 1.64400
242.00000 1.63200
243.00000 1.63200
244.00000 1.64400
245.00000 1.62000
246.00000 1.63200
247.00000 1.63200
248.00000 1.63200
249.00000 1.62000
250.00000 1.52400
251.00000 1.51200
252.00000 1.51200
253.00000 1.52400
254.00000 1.51200
255.00000 1.65600
256.00000 1.64400
257.00000 1.65600
258.00000 1.64400
259.00000 1.65600
260.00000 1.40400
261.00000 1.40400
262.00000 1.40400
263.00000 1.41600
264.00000 1.40400
265.00000 1.63200
266.00000 1.64400
267.00000 1.65600
268.00000 1.64400
269.00000 1.64400
270.00000 1.51200
271.00000 1.53600
272.00000 1.52400
273.00000 1.53600
274.00000 1.52400
275.00000 1.12800
276.00000 1.14000
277.00000 1.14000
278.00000 1.14000
279.00000 1.14000
280.00000 1.16400
281.00000 1.16400
282.00000 1.17600
283.00000 1.17600
284.00000 1.16400
285.00000 1.16400
286.00000 1.15200
287.00000 1.16400
288.00000 1.16400
289.00000 1.15200
290.00000 1.11600
291.00000 1.12800
292.00000 1.12800
293.00000 1.12800
294.00000 1.11600
295.00000 1.59600
296.00000 1.59600
297.00000 1.59600
298.00000 1.60800
299.00000 1.59600
300.00000 1.54800
301.00000 1.54800
302.00000 1.56000
303.00000 1.56000
304.00000 1.54800
305.00000 1.58400
306.00000 1.58400
307.00000 1.58400
308.00000 1.57200
309.00000 1.58400
310.00000 1.58400
311.00000 1.57200
312.00000 1.57200
313.00000 1.58400
314.00000 1.57200
315.00000 1.51200
316.00000 1.51200
317.00000 1.51200
318.00000 1.51200
319.00000 1.51200
