0.00000 0.74497
5.00000 0.77227
10.00000 0.82242
15.00000 0.74130
20.00000 0.64957
25.00000 0.77679
30.00000 0.73594
35.00000 0.67024
40.00000 0.15370
45.00000 0.30340
50.00000 0.75768
55.00000 0.78337
60.00000 0.76204
65.00000 0.74601
70.00000 0.71771
75.00000 0.75680
80.00000 0.74630
85.00000 0.81264
90.00000 0.83785
95.00000 0.22394
100.00000 0.81879
105.00000 0.81234
110.00000 0.81109
115.00000 0.73626
120.00000 0.70322
125.00000 0.73270
130.00000 0.74814
135.00000 0.76947
140.00000 0.73814
145.00000 0.75049
150.00000 0.72469
155.00000 0.52896
160.00000 0.83114
165.00000 0.64937
170.00000 0.63876
175.00000 0.84386
180.00000 0.82146
185.00000 0.55529
190.00000 0.81937
195.00000 0.79278
200.00000 0.73909
205.00000 0.79179
210.00000 0.76027
215.00000 0.73313
220.00000 0.43629
225.00000 0.48770
230.00000 0.55363
235.00000 0.65102
240.00000 0.78546
245.00000 0.80409
250.00000 0.77596
255.00000 0.75229
260.00000 0.64356
265.00000 0.86990
270.00000 0.73294
275.00000 0.10310
280.00000 0.25194
285.00000 0.42772
290.00000 0.66936
295.00000 0.67568
300.00000 0.82429
305.00000 0.83682
310.00000 0.76442
315.00000 0.85540
320.00000 0.87868
