0.00000 0.54000
1.00000 0.52800
2.00000 0.52800
3.00000 0.54000
4.00000 0.52800
5.00000 0.52800
6.00000 0.52800
7.00000 0.52800
8.00000 0.54000
9.00000 0.52800
10.00000 0.51600
11.00000 0.52800
12.00000 0.52800
13.00000 0.52800
14.00000 0.52800
15.00000 0.52800
16.00000 0.54000
17.00000 0.54000
18.00000 0.54000
19.00000 0.54000
20.00000 0.51600
21.00000 0.52800
22.00000 0.52800
23.00000 0.52800
24.00000 0.52800
25.00000 0.48000
26.00000 0.48000
27.00000 0.48000
28.00000 0.48000
29.00000 0.48000
30.00000 0.46800
31.00000 0.48000
32.00000 0.48000
33.00000 0.48000
34.00000 0.46800
35.00000 0.52800
36.00000 0.54000
37.00000 0.52800
38.00000 0.54000
39.00000 0.54000
40.00000 0.52800
41.00000 0.54000
42.00000 0.52800
43.00000 0.54000
44.00000 0.52800
45.00000 0.52800
46.00000 0.54000
47.00000 0.54000
48.00000 0.54000
49.00000 0.54000
50.00000 0.52800
51.00000 0.54000
52.00000 0.54000
53.00000 0.54000
54.00000 0.54000
55.00000 0.52800
56.00000 0.52800
57.00000 0.52800
58.00000 0.52800
59.00000 0.52800
60.00000 0.52800
61.00000 0.54000
62.00000 0.52800
63.00000 0.54000
64.00000 0.52800
65.00000 0.46800
66.00000 0.48000
67.00000 0.48000
68.00000 0.48000
69.00000 0.48000
70.00000 0.48000
71.00000 0.48000
72.00000 0.48000
73.00000 0.48000
74.00000 0.48000
75.00000 0.54000
76.00000 0.54000
77.00000 0.54000
78.00000 0.54000
79.00000 0.55200
80.00000 0.54000
81.00000 0.54000
82.00000 0.54000
83.00000 0.54000
84.00000 0.54000
85.00000 0.52800
86.00000 0.52800
87.00000 0.54000
88.00000 0.52800
89.00000 0.54000
90.00000 0.60000
91.00000 0.61200
92.00000 0.60000
93.00000 0.61200
94.00000 0.60000
95.00000 0.60000
96.00000 0.60000
97.00000 0.60000
98.00000 0.60000
99.00000 0.61200
100.00000 0.58800
101.00000 0.60000
102.00000 0.60000
103.00000 0.60000
104.00000 0.60000
105.00000 0.52800
106.00000 0.54000
107.00000 0.54000
108.00000 0.52800
109.00000 0.54000
110.00000 0.52800
111.00000 0.54000
112.00000 0.52800
113.00000 0.54000
114.00000 0.54000
115.00000 0.52800
116.00000 0.52800
117.00000 0.52800
118.00000 0.54000
119.00000 0.52800
120.00000 0.46800
121.00000 0.48000
122.00000 0.48000
123.00000 0.48000
124.00000 0.46800
125.00000 0.48000
126.00000 0.49200
127.00000 0.48000
128.00000 0.49200
129.00000 0.49200
130.00000 0.52800
131.00000 0.54000
132.00000 0.52800
133.00000 0.54000
134.00000 0.52800
135.00000 0.54000
136.00000 0.54000
137.00000 0.54000
138.00000 0.54000
139.00000 0.54000
140.00000 0.52800
141.00000 0.52800
142.00000 0.54000
143.00000 0.52800
144.00000 0.52800
145.00000 0.54000
146.00000 0.54000
147.00000 0.54000
148.00000 0.54000
149.00000 0.54000
150.00000 0.52800
151.00000 0.54000
152.00000 0.52800
153.00000 0.54000
154.00000 0.54000
155.00000 0.52800
156.00000 0.52800
157.00000 0.54000
158.00000 0.52800
159.00000 0.54000
160.00000 0.52800
161.00000 0.54000
162.00000 0.52800
163.00000 0.54000
164.00000 0.54000
165.00000 0.51600
166.00000 0.52800
167.00000 0.52800
168.00000 0.52800
169.00000 0.52800
170.00000 0.49200
171.00000 0.50400
172.00000 0.50400
173.00000 0.50400
174.00000 0.50400
175.00000 0.43200
176.00000 0.44400
177.00000 0.43200
178.00000 0.44400
179.00000 0.44400
180.00000 0.43200
181.00000 0.43200
182.00000 0.43200
183.00000 0.43200
184.00000 0.43200
185.00000 0.44400
186.00000 0.44400
187.00000 0.45600
188.00000 0.44400
189.00000 0.45600
190.00000 0.49200
191.00000 0.49200
192.00000 0.50400
193.00000 0.49200
194.00000 0.49200
195.00000 0.49200
196.00000 0.50400
197.00000 0.50400
198.00000 0.50400
199.00000 0.50400
200.00000 0.49200
201.00000 0.49200
202.00000 0.50400
203.00000 0.49200
204.00000 0.50400
205.00000 0.49200
206.00000 0.49200
207.00000 0.49200
208.00000 0.49200
209.00000 0.50400
210.00000 0.48000
211.00000 0.48000
212.00000 0.49200
213.00000 0.48000
214.00000 0.49200
215.00000 0.48000
216.00000 0.49200
217.00000 0.49200
218.00000 0.49200
219.00000 0.49200
220.00000 0.48000
221.00000 0.49200
222.00000 0.49200
223.00000 0.49200
224.00000 0.48000
225.00000 0.39600
226.00000 0.40800
227.00000 0.39600
228.00000 0.40800
229.00000 0.39600
230.00000 0.33600
231.00000 0.33600
232.00000 0.33600
233.00000 0.34800
234.00000 0.33600
235.00000 0.43200
236.00000 0.43200
237.00000 0.43200
238.00000 0.44400
239.00000 0.43200
240.00000 0.43200
241.00000 0.43200
242.00000 0.43200
243.00000 0.43200
244.00000 0.43200
245.00000 0.44400
246.00000 0.44400
247.00000 0.45600
248.00000 0.44400
249.00000 0.45600
250.00000 0.52800
251.00000 0.52800
252.00000 0.54000
253.00000 0.52800
254.00000 0.54000
255.00000 0.49200
256.00000 0.50400
257.00000 0.49200
258.00000 0.50400
259.00000 0.50400
260.00000 0.48000
261.00000 0.49200
262.00000 0.49200
263.00000 0.49200
264.00000 0.49200
265.00000 0.49200
266.00000 0.49200
267.00000 0.49200
268.00000 0.49200
269.00000 0.50400
270.00000 0.49200
271.00000 0.49200
272.00000 0.49200
273.00000 0.50400
274.00000 0.49200
275.00000 0.45600
276.00000 0.46800
277.00000 0.46800
278.00000 0.45600
279.00000 0.46800
280.00000 0.37200
281.00000 0.38400
282.00000 0.38400
283.00000 0.38400
284.00000 0.38400
285.00000 0.44400
286.00000 0.44400
287.00000 0.44400
288.00000 0.44400
289.00000 0.45600
290.00000 0.44400
291.00000 0.44400
292.00000 0.44400
293.00000 0.45600
294.00000 0.44400
295.00000 0.44400
296.00000 0.45600
297.00000 0.45600
298.00000 0.44400
299.00000 0.45600
300.00000 0.49200
301.00000 0.50400
302.00000 0.50400
303.00000 0.50400
304.00000 0.50400
305.00000 0.50400
306.00000 0.50400
307.00000 0.50400
308.00000 0.50400
309.00000 0.51600
310.00000 0.45600
311.00000 0.46800
312.00000 0.45600
313.00000 0.46800
314.00000 0.46800
315.00000 0.49200
316.00000 0.50400
317.00000 0.49200
318.00000 0.50400
