0.00000 2.22665
5.00000 1.80726
10.00000 1.98863
15.00000 1.80861
20.00000 2.20883
25.00000 2.05403
30.00000 2.29521
35.00000 1.15244
40.00000 1.20549
45.00000 1.15692
50.00000 1.16289
55.00000 1.17846
60.00000 1.14414
65.00000 1.18118
70.00000 1.12501
75.00000 1.19065
80.00000 1.14174
85.00000 1.17664
90.00000 1.17609
95.00000 1.16772
100.00000 1.22227
105.00000 1.13075
110.00000 1.18447
115.00000 1.12782
120.00000 1.13850
125.00000 1.19035
130.00000 1.12131
135.00000 0.82391
140.00000 1.17151
145.00000 1.19528
150.00000 1.15954
155.00000 1.03948
160.00000 1.04370
165.00000 1.18114
170.00000 1.13895
175.00000 1.18636
180.00000 1.19426
185.00000 1.18129
190.00000 1.19242
195.00000 1.14313
200.00000 1.19504
205.00000 1.17230
210.00000 1.21003
215.00000 1.16826
220.00000 1.21032
225.00000 1.16309
230.00000 1.15729
235.00000 1.14629
240.00000 1.14121
245.00000 1.12805
250.00000 1.07451
255.00000 1.12436
260.00000 1.17617
265.00000 1.18020
270.00000 1.14540
275.00000 1.17734
280.00000 1.19522
285.00000 1.15792
290.00000 1.19353
295.00000 1.10241
300.00000 1.13191
305.00000 1.19760
310.00000 1.21677
315.00000 1.18727
320.00000 1.16782
