0.00000 0.40835
5.00000 0.49757
10.00000 0.50706
15.00000 0.33927
20.00000 0.37912
25.00000 0.45134
30.00000 0.36942
35.00000 0.46848
40.00000 0.49572
45.00000 0.46598
50.00000 0.48343
55.00000 0.46165
60.00000 0.49344
65.00000 0.44765
70.00000 0.44954
75.00000 0.46926
80.00000 0.42029
85.00000 0.48893
90.00000 0.47697
95.00000 0.39982
100.00000 0.53774
105.00000 0.50910
110.00000 0.49900
115.00000 0.44693
120.00000 0.51346
125.00000 0.52641
130.00000 0.47489
135.00000 0.46173
140.00000 0.46125
145.00000 0.51234
150.00000 0.39576
155.00000 0.50695
160.00000 0.51329
165.00000 0.52780
170.00000 0.51971
175.00000 0.54922
180.00000 0.51340
185.00000 0.48706
190.00000 0.48651
195.00000 0.44023
200.00000 0.40874
205.00000 0.49470
210.00000 0.53255
215.00000 0.39402
220.00000 0.55001
225.00000 0.54030
230.00000 0.47546
235.00000 0.37839
240.00000 0.50615
245.00000 0.50664
250.00000 0.51054
255.00000 0.49479
260.00000 0.50450
265.00000 0.51509
270.00000 0.44747
275.00000 0.47263
280.00000 0.44211
285.00000 0.48645
290.00000 0.48233
295.00000 0.52744
300.00000 0.46982
305.00000 0.50248
310.00000 0.48532
315.00000 0.46790
320.00000 0.44518
