0.00000 0.62137
5.00000 0.61802
10.00000 0.62275
15.00000 0.62098
20.00000 0.62376
25.00000 0.53173
30.00000 0.56353
35.00000 0.61134
40.00000 0.61606
45.00000 0.53029
50.00000 0.62281
55.00000 0.60817
60.00000 0.62162
65.00000 0.62522
70.00000 0.20444
75.00000 0.61733
80.00000 0.41307
85.00000 0.21162
90.00000 0.62231
95.00000 0.61346
100.00000 0.59636
105.00000 0.62130
110.00000 0.61278
115.00000 0.61597
120.00000 0.59729
125.00000 0.61713
130.00000 0.62482
135.00000 0.62096
140.00000 0.62040
145.00000 0.62154
150.00000 0.61935
155.00000 0.59273
160.00000 0.59498
165.00000 0.61578
170.00000 0.60808
175.00000 0.61494
180.00000 0.61540
185.00000 0.60647
190.00000 0.62206
195.00000 0.61170
200.00000 0.31955
205.00000 0.56346
210.00000 0.58392
215.00000 0.61902
220.00000 0.62281
225.00000 0.61874
230.00000 0.62485
235.00000 0.62277
240.00000 0.60475
245.00000 0.59399
250.00000 0.61956
255.00000 0.38519
260.00000 0.60904
265.00000 0.16505
270.00000 0.19547
275.00000 0.62064
280.00000 0.61967
285.00000 0.61615
290.00000 0.21556
295.00000 0.33308
300.00000 0.61298
305.00000 0.61683
310.00000 0.61234
315.00000 0.61437
320.00000 0.60862
