0.00000 2.22195
5.00000 2.15434
10.00000 1.98544
15.00000 1.93939
20.00000 2.16601
25.00000 2.20677
30.00000 2.11418
35.00000 2.12725
40.00000 2.17589
45.00000 2.03435
50.00000 2.15088
55.00000 2.18970
60.00000 2.09347
65.00000 2.16115
70.00000 2.06750
75.00000 2.15691
80.00000 2.18613
85.00000 2.12419
90.00000 2.12050
95.00000 2.20751
100.00000 2.04266
105.00000 2.18205
110.00000 2.25805
115.00000 2.17400
120.00000 2.13210
125.00000 2.11782
130.00000 2.14226
135.00000 2.08261
140.00000 2.15298
145.00000 2.11524
150.00000 2.10578
155.00000 1.95431
160.00000 1.88791
165.00000 2.00542
170.00000 2.05221
175.00000 1.97669
180.00000 2.12657
185.00000 2.18865
190.00000 2.19173
195.00000 2.14194
200.00000 2.07351
205.00000 2.18272
210.00000 2.14498
215.00000 2.15297
220.00000 2.20255
225.00000 2.14641
230.00000 2.03796
235.00000 2.18219
240.00000 2.18450
245.00000 2.13938
250.00000 1.91204
255.00000 2.03702
260.00000 1.97604
265.00000 2.20236
270.00000 2.26354
275.00000 2.25342
280.00000 2.18385
285.00000 2.22950
290.00000 2.25046
295.00000 1.97223
300.00000 2.24441
305.00000 2.27896
310.00000 2.31011
315.00000 0.87659
320.00000 2.05804
