0.00000 0.55889
5.00000 0.51293
10.00000 0.41833
15.00000 0.52020
20.00000 0.55126
25.00000 0.55153
30.00000 0.53377
35.00000 0.52766
40.00000 0.54962
45.00000 0.50958
50.00000 0.55052
55.00000 0.54506
60.00000 0.55099
65.00000 0.55266
70.00000 0.54709
75.00000 0.54383
80.00000 0.52526
85.00000 0.55063
90.00000 0.55451
95.00000 0.55943
100.00000 0.55754
105.00000 0.55663
110.00000 0.51135
115.00000 0.49998
120.00000 0.48219
125.00000 0.54918
130.00000 0.55213
135.00000 0.55134
140.00000 0.27670
145.00000 0.09028
150.00000 0.55263
155.00000 0.55240
160.00000 0.54226
165.00000 0.23138
170.00000 0.18972
175.00000 0.00000
180.00000 0.53950
185.00000 0.55060
190.00000 0.19390
195.00000 0.55010
200.00000 0.54014
205.00000 0.00000
210.00000 0.47738
215.00000 0.55723
220.00000 0.55168
225.00000 0.54311
230.00000 0.56354
235.00000 0.54508
240.00000 0.55380
245.00000 0.48058
250.00000 0.55146
255.00000 0.55333
260.00000 0.46912
265.00000 0.55161
270.00000 0.56794
275.00000 0.50752
280.00000 0.14018
285.00000 0.55326
290.00000 0.08999
295.00000 0.55417
300.00000 0.55490
305.00000 0.47378
310.00000 0.29420
315.00000 0.44750
320.00000 0.46729
