0.00000 2.60400
1.00000 2.59200
2.00000 2.60400
3.00000 2.59200
4.00000 2.60400
5.00000 0.56400
6.00000 0.57600
7.00000 0.57600
8.00000 0.57600
9.00000 0.56400
10.00000 0.70800
11.00000 0.72000
12.00000 0.72000
13.00000 0.72000
14.00000 0.72000
15.00000 0.84000
16.00000 0.84000
17.00000 0.85200
18.00000 0.84000
19.00000 0.85200
20.00000 2.72400
21.00000 2.73600
22.00000 2.73600
23.00000 2.73600
24.00000 2.73600
25.00000 2.62800
26.00000 2.62800
27.00000 2.64000
28.00000 2.62800
29.00000 2.62800
30.00000 1.03200
31.00000 1.02000
32.00000 1.02000
33.00000 1.02000
34.00000 1.02000
35.00000 0.99600
36.00000 1.00800
37.00000 1.00800
38.00000 1.00800
39.00000 0.99600
40.00000 2.47200
41.00000 2.47200
42.00000 2.48400
43.00000 2.47200
44.00000 2.48400
45.00000 0.12000
46.00000 0.13200
47.00000 0.13200
48.00000 0.13200
49.00000 0.12000
50.00000 2.72400
51.00000 2.74800
52.00000 2.73600
53.00000 2.73600
54.00000 2.73600
55.00000 2.65200
56.00000 2.65200
57.00000 2.65200
58.00000 2.65200
59.00000 2.66400
60.00000 0.12000
61.00000 0.13200
62.00000 0.12000
63.00000 0.13200
64.00000 0.12000
65.00000 0.87600
66.00000 0.87600
67.00000 0.87600
68.00000 0.88800
69.00000 0.87600
70.00000 2.83200
71.00000 2.85600
72.00000 2.84400
73.00000 2.84400
74.00000 2.84400
75.00000 0.66000
76.00000 0.66000
77.00000 0.67200
78.00000 0.66000
79.00000 0.67200
80.00000 0.76800
81.00000 0.76800
82.00000 0.76800
83.00000 0.78000
84.00000 0.76800
85.00000 0.92400
86.00000 0.93600
87.00000 0.93600
88.00000 0.93600
89.00000 0.92400
90.00000 1.02000
91.00000 1.02000
92.00000 1.02000
93.00000 1.02000
94.00000 1.03200
95.00000 0.52800
96.00000 0.52800
97.00000 0.54000
98.00000 0.52800
99.00000 0.52800
100.00000 0.40800
101.00000 0.42000
102.00000 0.42000
103.00000 0.42000
104.00000 0.42000
105.00000 0.84000
106.00000 0.85200
107.00000 0.85200
108.00000 0.84000
109.00000 0.85200
110.00000 2.85600
111.00000 2.88000
112.00000 2.86800
113.00000 2.86800
114.00000 2.86800
115.00000 2.71200
116.00000 2.73600
117.00000 2.72400
118.00000 2.72400
119.00000 2.72400
120.00000 0.85200
121.00000 0.86400
122.00000 0.85200
123.00000 0.86400
124.00000 0.86400
125.00000 0.97200
126.00000 0.98400
127.00000 0.97200
128.00000 0.98400
129.00000 0.97200
130.00000 2.70000
131.00000 2.71200
132.00000 2.71200
133.00000 2.71200
134.00000 2.71200
135.00000 2.91600
136.00000 2.90400
137.00000 2.90400
138.00000 2.90400
139.00000 2.91600
140.00000 2.08800
141.00000 2.10000
142.00000 2.10000
143.00000 2.08800
144.00000 2.10000
145.00000 0.99600
146.00000 0.99600
147.00000 0.99600
148.00000 1.00800
149.00000 0.99600
150.00000 2.80800
151.00000 2.82000
152.00000 2.80800
153.00000 2.82000
154.00000 2.82000
155.00000 2.49600
156.00000 2.52000
157.00000 2.50800
158.00000 2.50800
159.00000 2.50800
160.00000 2.62800
161.00000 2.62800
162.00000 2.64000
163.00000 2.62800
164.00000 2.62800
165.00000 2.68800
166.00000 2.67600
167.00000 2.67600
168.00000 2.67600
169.00000 2.68800
170.00000 2.77200
171.00000 2.78400
172.00000 2.78400
173.00000 2.78400
174.00000 2.78400
175.00000 2.64000
176.00000 2.64000
177.00000 2.64000
178.00000 2.65200
179.00000 2.64000
180.00000 2.71200
181.00000 2.71200
182.00000 2.72400
183.00000 2.71200
184.00000 2.72400
185.00000 2.90400
186.00000 2.90400
187.00000 2.90400
188.00000 2.91600
189.00000 2.90400
190.00000 1.57200
191.00000 1.57200
192.00000 1.57200
193.00000 1.57200
194.00000 1.57200
195.00000 2.73600
196.00000 2.73600
197.00000 2.73600
198.00000 2.74800
199.00000 2.73600
200.00000 2.67600
201.00000 2.67600
202.00000 2.68800
203.00000 2.67600
204.00000 2.68800
205.00000 2.62800
206.00000 2.64000
207.00000 2.64000
208.00000 2.62800
209.00000 2.64000
210.00000 2.82000
211.00000 2.83200
212.00000 2.83200
213.00000 2.83200
214.00000 2.83200
215.00000 2.73600
216.00000 2.74800
217.00000 2.74800
218.00000 2.74800
219.00000 2.74800
220.00000 2.72400
221.00000 2.71200
222.00000 2.71200
223.00000 2.72400
224.00000 2.71200
225.00000 2.31600
226.00000 2.32800
227.00000 2.32800
228.00000 2.32800
229.00000 2.31600
230.00000 2.53200
231.00000 2.53200
232.00000 2.53200
233.00000 2.53200
234.00000 2.53200
235.00000 2.48400
236.00000 2.49600
237.00000 2.48400
238.00000 2.48400
239.00000 2.48400
240.00000 2.54400
241.00000 2.55600
242.00000 2.55600
243.00000 2.55600
244.00000 2.55600
245.00000 2.88000
246.00000 2.89200
247.00000 2.89200
248.00000 2.89200
249.00000 2.89200
250.00000 2.70000
251.00000 2.71200
252.00000 2.70000
253.00000 2.71200
254.00000 2.71200
255.00000 2.70000
256.00000 2.72400
257.00000 2.71200
258.00000 2.71200
259.00000 2.71200
260.00000 2.37600
261.00000 2.38800
262.00000 2.38800
263.00000 2.38800
264.00000 2.38800
265.00000 2.38800
266.00000 2.40000
267.00000 2.41200
268.00000 2.40000
269.00000 2.40000
270.00000 2.67600
271.00000 2.67600
272.00000 2.67600
273.00000 2.67600
274.00000 2.68800
275.00000 2.65200
276.00000 2.65200
277.00000 2.66400
278.00000 2.66400
279.00000 2.65200
280.00000 2.49600
281.00000 2.49600
282.00000 2.50800
283.00000 2.50800
284.00000 2.49600
285.00000 2.76000
286.00000 2.76000
287.00000 2.76000
288.00000 2.77200
289.00000 2.76000
290.00000 2.47200
291.00000 2.48400
292.00000 2.48400
293.00000 2.48400
294.00000 2.48400
295.00000 2.62800
296.00000 2.64000
297.00000 2.64000
298.00000 2.62800
299.00000 2.64000
300.00000 1.93200
301.00000 1.93200
302.00000 1.94400
303.00000 1.93200
304.00000 1.94400
305.00000 2.66400
306.00000 2.67600
307.00000 2.68800
308.00000 2.67600
309.00000 2.67600
310.00000 2.84400
311.00000 2.85600
312.00000 2.84400
313.00000 2.85600
314.00000 2.85600
315.00000 3.04800
316.00000 3.07200
317.00000 3.06000
318.00000 3.06000
319.00000 3.06000
