0.00000 0.36115
5.00000 0.36521
10.00000 0.36177
15.00000 0.38079
20.00000 0.36813
25.00000 0.62888
30.00000 0.11226
35.00000 0.62845
40.00000 0.62831
45.00000 0.63057
50.00000 0.63016
55.00000 0.63102
60.00000 0.63063
65.00000 0.62622
70.00000 0.63035
75.00000 0.63288
80.00000 0.62600
85.00000 0.35283
90.00000 0.63158
95.00000 0.62574
100.00000 0.62845
105.00000 0.62579
110.00000 0.62762
115.00000 0.62926
120.00000 0.63098
125.00000 0.63065
130.00000 0.63198
135.00000 0.63150
140.00000 0.61250
145.00000 0.63273
150.00000 0.63004
155.00000 0.62858
160.00000 0.62747
165.00000 0.63166
170.00000 0.61794
175.00000 0.63412
180.00000 0.62041
185.00000 0.63121
190.00000 0.63166
195.00000 0.62834
200.00000 0.61784
205.00000 0.61566
210.00000 0.61844
215.00000 0.61920
220.00000 0.62304
225.00000 0.62657
230.00000 0.37418
235.00000 0.37358
240.00000 0.37488
245.00000 0.37229
250.00000 0.37514
255.00000 0.37411
260.00000 0.37406
265.00000 0.37195
270.00000 0.14766
275.00000 0.36817
280.00000 0.37118
285.00000 0.37274
290.00000 0.36812
295.00000 0.36718
300.00000 0.37261
305.00000 0.37335
310.00000 0.34926
315.00000 0.37366
320.00000 0.36756
