0.00000 0.96650
5.00000 0.92738
10.00000 0.79400
15.00000 0.75822
20.00000 0.36085
25.00000 0.93614
30.00000 0.92878
35.00000 0.93394
40.00000 0.95007
45.00000 0.92014
50.00000 0.96514
55.00000 0.96955
60.00000 0.94240
65.00000 0.90734
70.00000 0.72813
75.00000 0.41222
80.00000 0.92315
85.00000 0.95401
90.00000 0.96726
95.00000 0.92729
100.00000 0.94883
105.00000 0.95811
110.00000 0.92924
115.00000 0.93464
120.00000 0.85726
125.00000 0.90314
130.00000 0.66157
135.00000 0.96235
140.00000 0.92554
145.00000 0.94531
150.00000 0.92251
155.00000 0.93602
160.00000 0.90198
165.00000 0.91390
170.00000 0.68766
175.00000 0.95589
180.00000 0.90484
185.00000 0.90314
190.00000 0.90449
195.00000 0.94148
200.00000 0.98247
205.00000 0.94378
210.00000 0.93886
215.00000 0.63579
220.00000 0.94147
225.00000 0.93946
230.00000 0.97869
235.00000 0.55719
240.00000 0.43997
245.00000 0.55862
250.00000 0.95011
255.00000 0.93426
260.00000 0.96670
265.00000 0.92995
270.00000 0.91036
275.00000 0.96253
280.00000 0.93730
285.00000 0.94276
290.00000 0.94606
295.00000 0.72454
300.00000 0.68344
305.00000 0.91670
310.00000 0.91942
315.00000 0.90574
320.00000 0.93826
