0.00000 1.58698
5.00000 1.65209
10.00000 1.62743
15.00000 1.59078
20.00000 1.54767
25.00000 1.58310
30.00000 1.61274
35.00000 1.58876
40.00000 1.56639
45.00000 1.54410
50.00000 1.71470
55.00000 1.66684
60.00000 1.53029
65.00000 1.56903
70.00000 1.63938
75.00000 1.58122
80.00000 1.42686
85.00000 1.51153
90.00000 1.49590
95.00000 1.59171
100.00000 1.61064
105.00000 1.66857
110.00000 1.67619
115.00000 1.45437
120.00000 1.39994
125.00000 1.51885
130.00000 1.59054
135.00000 1.52752
140.00000 1.61394
145.00000 1.49658
150.00000 1.53828
155.00000 1.63030
160.00000 1.71877
165.00000 1.77716
170.00000 1.61368
175.00000 1.61617
180.00000 1.52178
185.00000 1.67108
190.00000 1.48897
195.00000 1.55843
200.00000 1.70198
205.00000 1.66945
210.00000 1.66828
215.00000 1.63214
220.00000 1.58388
225.00000 1.63233
230.00000 1.52834
235.00000 1.19538
240.00000 1.54111
245.00000 1.62878
250.00000 1.59330
255.00000 1.68570
260.00000 1.74390
265.00000 1.71604
270.00000 1.65264
275.00000 1.59826
280.00000 1.57943
285.00000 1.56337
290.00000 1.67533
295.00000 1.70134
300.00000 1.63682
305.00000 1.71071
310.00000 1.68187
315.00000 1.58370
320.00000 1.66517
