0.00000 0.63600
1.00000 0.64800
2.00000 0.63600
3.00000 0.64800
4.00000 0.64800
5.00000 0.62400
6.00000 0.63600
7.00000 0.62400
8.00000 0.63600
9.00000 0.62400
10.00000 0.44400
11.00000 0.45600
12.00000 0.44400
13.00000 0.45600
14.00000 0.44400
15.00000 0.54000
16.00000 0.54000
17.00000 0.52800
18.00000 0.54000
19.00000 0.54000
20.00000 0.60000
21.00000 0.61200
22.00000 0.60000
23.00000 0.60000
24.00000 0.61200
25.00000 0.62400
26.00000 0.63600
27.00000 0.62400
28.00000 0.63600
29.00000 0.62400
30.00000 0.62400
31.00000 0.62400
32.00000 0.62400
33.00000 0.62400
34.00000 0.62400
35.00000 0.61200
36.00000 0.62400
37.00000 0.62400
38.00000 0.62400
39.00000 0.62400
40.00000 0.62400
41.00000 0.62400
42.00000 0.63600
43.00000 0.62400
44.00000 0.62400
45.00000 0.61200
46.00000 0.61200
47.00000 0.62400
48.00000 0.61200
49.00000 0.62400
50.00000 0.62400
51.00000 0.63600
52.00000 0.62400
53.00000 0.63600
54.00000 0.63600
55.00000 0.62400
56.00000 0.63600
57.00000 0.62400
58.00000 0.63600
59.00000 0.63600
60.00000 0.62400
61.00000 0.61200
62.00000 0.62400
63.00000 0.62400
64.00000 0.62400
65.00000 0.61200
66.00000 0.62400
67.00000 0.62400
68.00000 0.61200
69.00000 0.62400
70.00000 0.62400
71.00000 0.62400
72.00000 0.62400
73.00000 0.63600
74.00000 0.62400
75.00000 0.62400
76.00000 0.62400
77.00000 0.62400
78.00000 0.62400
79.00000 0.62400
80.00000 0.62400
81.00000 0.63600
82.00000 0.62400
83.00000 0.63600
84.00000 0.62400
85.00000 0.57600
86.00000 0.58800
87.00000 0.57600
88.00000 0.57600
89.00000 0.58800
90.00000 0.63600
91.00000 0.63600
92.00000 0.63600
93.00000 0.63600
94.00000 0.63600
95.00000 0.62400
96.00000 0.62400
97.00000 0.62400
98.00000 0.63600
99.00000 0.62400
100.00000 0.61200
101.00000 0.61200
102.00000 0.61200
103.00000 0.61200
104.00000 0.61200
105.00000 0.60000
106.00000 0.61200
107.00000 0.61200
108.00000 0.61200
109.00000 0.62400
110.00000 0.48000
111.00000 0.49200
112.00000 0.49200
113.00000 0.49200
114.00000 0.48000
115.00000 0.61200
116.00000 0.62400
117.00000 0.62400
118.00000 0.62400
119.00000 0.61200
120.00000 0.63600
121.00000 0.63600
122.00000 0.64800
123.00000 0.63600
124.00000 0.63600
125.00000 0.61200
126.00000 0.62400
127.00000 0.62400
128.00000 0.62400
129.00000 0.62400
130.00000 0.60000
131.00000 0.60000
132.00000 0.61200
133.00000 0.60000
134.00000 0.60000
135.00000 0.62400
136.00000 0.62400
137.00000 0.63600
138.00000 0.62400
139.00000 0.63600
140.00000 0.61200
141.00000 0.63600
142.00000 0.63600
143.00000 0.63600
144.00000 0.63600
145.00000 0.62400
146.00000 0.62400
147.00000 0.62400
148.00000 0.63600
149.00000 0.62400
150.00000 0.54000
151.00000 0.55200
152.00000 0.54000
153.00000 0.55200
154.00000 0.55200
155.00000 0.62400
156.00000 0.64800
157.00000 0.64800
158.00000 0.63600
159.00000 0.64800
160.00000 0.62400
161.00000 0.63600
162.00000 0.62400
163.00000 0.63600
164.00000 0.63600
165.00000 0.60000
166.00000 0.61200
167.00000 0.62400
168.00000 0.61200
169.00000 0.62400
170.00000 0.62400
171.00000 0.61200
172.00000 0.62400
173.00000 0.62400
174.00000 0.62400
175.00000 0.61200
176.00000 0.62400
177.00000 0.61200
178.00000 0.62400
179.00000 0.61200
180.00000 0.62400
181.00000 0.62400
182.00000 0.62400
183.00000 0.63600
184.00000 0.62400
185.00000 0.62400
186.00000 0.63600
187.00000 0.63600
188.00000 0.62400
189.00000 0.63600
190.00000 0.62400
191.00000 0.62400
192.00000 0.62400
193.00000 0.63600
194.00000 0.62400
195.00000 0.62400
196.00000 0.62400
197.00000 0.63600
198.00000 0.62400
199.00000 0.62400
200.00000 0.58800
201.00000 0.60000
202.00000 0.60000
203.00000 0.60000
204.00000 0.60000
205.00000 0.62400
206.00000 0.63600
207.00000 0.62400
208.00000 0.63600
209.00000 0.62400
210.00000 0.63600
211.00000 0.63600
212.00000 0.63600
213.00000 0.63600
214.00000 0.63600
215.00000 0.62400
216.00000 0.63600
217.00000 0.62400
218.00000 0.63600
219.00000 0.63600
220.00000 0.62400
221.00000 0.63600
222.00000 0.62400
223.00000 0.63600
224.00000 0.62400
225.00000 0.62400
226.00000 0.62400
227.00000 0.63600
228.00000 0.62400
229.00000 0.63600
230.00000 0.60000
231.00000 0.61200
232.00000 0.61200
233.00000 0.62400
234.00000 0.61200
235.00000 0.61200
236.00000 0.61200
237.00000 0.61200
238.00000 0.61200
239.00000 0.61200
240.00000 0.61200
241.00000 0.62400
242.00000 0.62400
243.00000 0.62400
244.00000 0.62400
245.00000 0.62400
246.00000 0.62400
247.00000 0.62400
248.00000 0.62400
249.00000 0.62400
250.00000 0.62400
251.00000 0.63600
252.00000 0.62400
253.00000 0.63600
254.00000 0.63600
255.00000 0.61200
256.00000 0.62400
257.00000 0.62400
258.00000 0.62400
259.00000 0.62400
260.00000 0.62400
261.00000 0.62400
262.00000 0.62400
263.00000 0.63600
264.00000 0.62400
265.00000 0.62400
266.00000 0.63600
267.00000 0.63600
268.00000 0.63600
269.00000 0.63600
270.00000 0.60000
271.00000 0.61200
272.00000 0.61200
273.00000 0.61200
274.00000 0.61200
275.00000 0.63600
276.00000 0.64800
277.00000 0.63600
278.00000 0.64800
279.00000 0.63600
280.00000 0.62400
281.00000 0.62400
282.00000 0.62400
283.00000 0.62400
284.00000 0.62400
285.00000 0.61200
286.00000 0.62400
287.00000 0.61200
288.00000 0.62400
289.00000 0.61200
290.00000 1.18800
291.00000 1.20000
292.00000 1.21200
293.00000 1.20000
294.00000 1.20000
295.00000 1.17600
296.00000 1.18800
297.00000 1.17600
298.00000 1.18800
299.00000 1.17600
300.00000 1.20000
301.00000 1.20000
302.00000 1.20000
303.00000 1.20000
304.00000 1.20000
305.00000 1.23600
306.00000 1.23600
307.00000 1.24800
308.00000 1.24800
309.00000 1.24800
310.00000 1.23600
311.00000 1.22400
312.00000 1.23600
313.00000 1.23600
314.00000 1.23600
315.00000 1.23600
316.00000 1.23600
317.00000 1.23600
318.00000 1.23600
319.00000 1.23600
