0.00000 1.66626
5.00000 1.70247
10.00000 1.62687
15.00000 1.07330
20.00000 1.65534
25.00000 1.18369
30.00000 1.05661
35.00000 1.33840
40.00000 1.67018
45.00000 1.19323
50.00000 1.63270
55.00000 1.42811
60.00000 1.65666
65.00000 1.68562
70.00000 1.64695
75.00000 1.28438
80.00000 1.59470
85.00000 1.64127
90.00000 1.47252
95.00000 1.65614
100.00000 1.66314
105.00000 1.43831
110.00000 1.64378
115.00000 1.65814
120.00000 1.62862
125.00000 1.69678
130.00000 0.46983
135.00000 1.62014
140.00000 1.46032
145.00000 1.13542
150.00000 1.52096
155.00000 1.58955
160.00000 1.47582
165.00000 1.31462
170.00000 1.69633
175.00000 1.66054
180.00000 1.66508
185.00000 1.69530
190.00000 1.64688
195.00000 1.25227
200.00000 0.63426
205.00000 1.41154
210.00000 1.47737
215.00000 1.70181
220.00000 0.45212
225.00000 1.90684
230.00000 1.73041
235.00000 1.72630
240.00000 1.70230
245.00000 1.70791
250.00000 1.38297
255.00000 1.69914
260.00000 1.88294
265.00000 1.15045
270.00000 1.43800
275.00000 1.14707
280.00000 1.39568
285.00000 2.01007
290.00000 1.96318
295.00000 1.27823
300.00000 1.98269
305.00000 1.95209
310.00000 1.31865
315.00000 0.96226
320.00000 1.92619
