0.00000 2.36514
5.00000 0.71673
10.00000 1.03855
15.00000 1.03630
20.00000 1.03630
25.00000 1.07388
30.00000 1.06227
35.00000 0.65786
40.00000 0.84290
45.00000 1.02366
50.00000 1.04309
55.00000 1.06959
60.00000 1.06852
65.00000 1.06693
70.00000 1.07215
75.00000 1.06680
80.00000 1.04940
85.00000 1.02954
90.00000 0.99050
95.00000 1.01845
100.00000 0.78274
105.00000 0.99836
110.00000 0.82963
115.00000 1.07657
120.00000 0.82682
125.00000 1.06943
130.00000 1.07312
135.00000 1.06702
140.00000 1.07668
145.00000 1.02215
150.00000 0.97479
155.00000 1.09047
160.00000 0.55074
165.00000 0.57293
170.00000 0.81814
175.00000 0.77841
180.00000 1.05802
185.00000 1.07402
190.00000 1.05478
195.00000 0.66950
200.00000 1.04031
205.00000 1.04795
210.00000 0.92578
215.00000 0.90247
220.00000 0.99706
225.00000 0.26790
230.00000 1.09133
235.00000 1.02106
240.00000 1.04970
245.00000 1.04863
250.00000 0.99494
255.00000 1.04763
260.00000 1.07401
265.00000 0.98075
270.00000 1.07480
275.00000 1.05958
280.00000 0.63343
285.00000 0.53410
290.00000 0.88885
295.00000 1.07962
300.00000 1.00278
305.00000 1.07729
310.00000 1.04394
315.00000 1.03663
320.00000 0.77160
