0.00000 4.28082
5.00000 4.25133
10.00000 3.80042
15.00000 4.29968
20.00000 4.15362
25.00000 4.25258
30.00000 1.67246
35.00000 1.05527
40.00000 1.03855
45.00000 1.10311
50.00000 1.01502
55.00000 1.12818
60.00000 1.10838
65.00000 1.09463
70.00000 1.09448
75.00000 1.13676
80.00000 1.09550
85.00000 1.06058
90.00000 1.12060
95.00000 1.11967
100.00000 1.02339
105.00000 1.12126
110.00000 1.09904
115.00000 1.11847
120.00000 1.11414
125.00000 1.05863
130.00000 1.10713
135.00000 0.30200
140.00000 1.09078
145.00000 1.10631
150.00000 1.09770
155.00000 1.03163
160.00000 1.14007
165.00000 1.05721
170.00000 1.10392
175.00000 0.99365
180.00000 1.09986
185.00000 0.30459
190.00000 1.05680
195.00000 1.05030
200.00000 1.11238
205.00000 1.11295
210.00000 1.12503
215.00000 1.07355
220.00000 1.06362
225.00000 1.06365
230.00000 1.12014
235.00000 1.14840
240.00000 1.09275
245.00000 1.07969
250.00000 1.06094
255.00000 1.10712
260.00000 1.11396
265.00000 1.05518
270.00000 1.06328
275.00000 1.09508
280.00000 1.07266
285.00000 1.06884
290.00000 1.12514
295.00000 1.09070
300.00000 1.10139
305.00000 1.11510
310.00000 1.10858
315.00000 0.97467
320.00000 1.10147
