0.00000 0.86507
5.00000 0.95114
10.00000 0.96242
15.00000 1.00232
20.00000 1.03595
25.00000 1.03282
30.00000 0.82181
35.00000 0.69651
40.00000 0.96248
45.00000 1.00814
50.00000 1.05396
55.00000 1.06086
60.00000 1.00537
65.00000 0.99494
70.00000 1.03945
75.00000 0.97226
80.00000 0.98978
85.00000 1.27467
90.00000 2.80350
95.00000 2.82278
100.00000 2.56882
105.00000 2.99982
110.00000 2.91973
115.00000 2.71305
120.00000 2.91138
125.00000 2.86744
130.00000 2.85707
135.00000 2.61597
140.00000 2.07742
145.00000 2.87299
150.00000 2.06378
155.00000 2.29830
160.00000 1.87074
165.00000 2.65123
170.00000 2.93027
175.00000 3.36569
180.00000 2.94751
185.00000 2.86938
190.00000 3.04305
195.00000 2.73338
200.00000 2.78873
205.00000 2.78438
210.00000 1.02466
215.00000 2.00105
220.00000 2.31766
225.00000 3.01532
230.00000 2.98970
235.00000 3.05646
240.00000 3.25923
245.00000 3.07916
250.00000 2.75178
255.00000 3.12445
260.00000 3.27461
265.00000 2.25334
270.00000 2.35514
275.00000 2.28522
280.00000 2.31551
285.00000 2.38484
290.00000 2.35721
295.00000 0.76456
300.00000 0.75652
305.00000 0.76248
310.00000 0.80309
315.00000 0.79574
320.00000 0.72182
