0.00000 1.68982
5.00000 1.67466
10.00000 1.65381
15.00000 1.63738
20.00000 1.21010
25.00000 1.54968
30.00000 1.60807
35.00000 1.46007
40.00000 1.64662
45.00000 1.70522
50.00000 1.76510
55.00000 1.74670
60.00000 1.32998
65.00000 1.73604
70.00000 1.70243
75.00000 1.66816
80.00000 1.59810
85.00000 1.77012
90.00000 1.70182
95.00000 1.81090
100.00000 1.67467
105.00000 1.84010
110.00000 1.75481
115.00000 1.84923
120.00000 1.73288
125.00000 1.78995
130.00000 0.81294
135.00000 1.59918
140.00000 1.80881
145.00000 1.73713
150.00000 1.64482
155.00000 1.75717
160.00000 1.68882
165.00000 1.84225
170.00000 1.84129
175.00000 1.73094
180.00000 1.68033
185.00000 1.70612
190.00000 1.87246
195.00000 1.81706
200.00000 1.42649
205.00000 1.80047
210.00000 1.39643
215.00000 1.49478
220.00000 1.60634
225.00000 1.78193
230.00000 1.75572
235.00000 1.76362
240.00000 1.70666
245.00000 1.69918
250.00000 1.65248
255.00000 1.77494
260.00000 0.00000
265.00000 0.00000
270.00000 0.00000
275.00000 0.00000
280.00000 0.00000
285.00000 0.00000
290.00000 0.00000
295.00000 0.00000
300.00000 0.00000
305.00000 0.00000
310.00000 0.00000
315.00000 0.00000
320.00000 0.00000
