0.00000 0.56915
5.00000 0.55866
10.00000 0.55920
15.00000 0.40661
20.00000 0.51695
25.00000 0.56317
30.00000 0.55249
35.00000 0.55438
40.00000 0.56370
45.00000 0.56033
50.00000 0.53738
55.00000 0.56408
60.00000 0.56046
65.00000 0.56285
70.00000 0.56142
75.00000 0.55935
80.00000 0.54135
85.00000 0.55225
90.00000 0.55950
95.00000 0.53448
100.00000 0.57270
105.00000 0.55150
110.00000 0.54478
115.00000 0.56144
120.00000 0.52867
125.00000 0.63356
130.00000 0.63082
135.00000 0.63534
140.00000 0.46895
145.00000 0.64301
150.00000 0.64540
155.00000 0.65965
160.00000 0.65210
165.00000 0.65374
170.00000 0.64330
175.00000 0.63921
180.00000 0.65881
185.00000 0.63313
190.00000 0.64838
195.00000 0.66160
200.00000 0.62744
205.00000 0.65647
210.00000 0.65118
215.00000 0.62967
220.00000 0.64408
225.00000 0.65089
230.00000 0.64959
235.00000 0.63708
240.00000 0.66110
245.00000 0.65763
250.00000 0.65896
255.00000 0.63161
260.00000 0.65639
265.00000 0.66028
270.00000 0.64838
275.00000 0.63426
280.00000 0.47716
285.00000 0.65932
290.00000 0.65773
295.00000 0.65140
300.00000 0.66239
305.00000 0.62339
310.00000 0.65986
315.00000 0.65874
320.00000 0.64951
