0.00000 0.49142
5.00000 0.13164
10.00000 0.00000
15.00000 0.21871
20.00000 0.49104
25.00000 0.49838
30.00000 0.48424
35.00000 0.50266
40.00000 0.46292
45.00000 0.49980
50.00000 0.49065
55.00000 0.50477
60.00000 0.49211
65.00000 0.49634
70.00000 0.49327
75.00000 0.49610
80.00000 0.48510
85.00000 0.50247
90.00000 0.48278
95.00000 0.42284
100.00000 0.50984
105.00000 0.45070
110.00000 0.50924
115.00000 0.50738
120.00000 0.50844
125.00000 0.49437
130.00000 0.49159
135.00000 0.47944
140.00000 0.50588
145.00000 0.48999
150.00000 0.50430
155.00000 0.50305
160.00000 0.50930
165.00000 0.50210
170.00000 0.50773
175.00000 0.49946
180.00000 0.50502
185.00000 0.30972
190.00000 0.49991
195.00000 0.49567
200.00000 0.50202
205.00000 0.24595
210.00000 0.50487
215.00000 0.47753
220.00000 0.48191
225.00000 0.47812
230.00000 0.49807
235.00000 0.48945
240.00000 0.49366
245.00000 0.51824
250.00000 0.38452
255.00000 0.35633
260.00000 0.50238
265.00000 0.49218
270.00000 0.00000
275.00000 0.50142
280.00000 0.49097
285.00000 0.50852
290.00000 0.50870
295.00000 0.49638
300.00000 0.50571
305.00000 0.50070
310.00000 0.49295
315.00000 0.48552
320.00000 0.48566
