0.00000 0.84000
1.00000 0.84000
2.00000 0.84000
3.00000 0.84000
4.00000 0.84000
5.00000 0.80400
6.00000 0.80400
7.00000 0.80400
8.00000 0.80400
9.00000 0.81600
10.00000 0.75600
11.00000 0.75600
12.00000 0.75600
13.00000 0.75600
14.00000 0.75600
15.00000 0.78000
16.00000 0.79200
17.00000 0.79200
18.00000 0.79200
19.00000 0.78000
20.00000 0.79200
21.00000 0.80400
22.00000 0.79200
23.00000 0.79200
24.00000 0.80400
25.00000 0.79200
26.00000 0.79200
27.00000 0.79200
28.00000 0.80400
29.00000 0.79200
30.00000 0.80400
31.00000 0.80400
32.00000 0.80400
33.00000 0.79200
34.00000 0.80400
35.00000 0.76800
36.00000 0.76800
37.00000 0.76800
38.00000 0.76800
39.00000 0.76800
40.00000 0.78000
41.00000 0.78000
42.00000 0.78000
43.00000 0.79200
44.00000 0.78000
45.00000 0.73200
46.00000 0.73200
47.00000 0.73200
48.00000 0.73200
49.00000 0.73200
50.00000 0.67200
51.00000 0.68400
52.00000 0.67200
53.00000 0.67200
54.00000 0.68400
55.00000 0.79200
56.00000 0.80400
57.00000 0.80400
58.00000 0.80400
59.00000 0.80400
60.00000 0.76800
61.00000 0.76800
62.00000 0.76800
63.00000 0.76800
64.00000 0.76800
65.00000 0.69600
66.00000 0.72000
67.00000 0.72000
68.00000 0.70800
69.00000 0.72000
70.00000 0.78000
71.00000 0.78000
72.00000 0.79200
73.00000 0.78000
74.00000 0.78000
75.00000 0.73200
76.00000 0.74400
77.00000 0.73200
78.00000 0.74400
79.00000 0.73200
80.00000 0.75600
81.00000 0.76800
82.00000 0.75600
83.00000 0.76800
84.00000 0.75600
85.00000 0.84000
86.00000 0.85200
87.00000 0.85200
88.00000 0.85200
89.00000 0.84000
90.00000 0.80400
91.00000 0.80400
92.00000 0.79200
93.00000 0.80400
94.00000 0.80400
95.00000 0.75600
96.00000 0.76800
97.00000 0.75600
98.00000 0.76800
99.00000 0.75600
100.00000 0.79200
101.00000 0.79200
102.00000 0.79200
103.00000 0.79200
104.00000 0.80400
105.00000 0.79200
106.00000 0.80400
107.00000 0.80400
108.00000 0.80400
109.00000 0.80400
110.00000 0.79200
111.00000 0.80400
112.00000 0.81600
113.00000 0.80400
114.00000 0.81600
115.00000 0.62400
116.00000 0.61200
117.00000 0.62400
118.00000 0.62400
119.00000 0.61200
120.00000 0.76800
121.00000 0.76800
122.00000 0.76800
123.00000 0.76800
124.00000 0.76800
125.00000 0.72000
126.00000 0.72000
127.00000 0.72000
128.00000 0.72000
129.00000 0.72000
130.00000 0.21600
131.00000 0.21600
132.00000 0.22800
133.00000 0.21600
134.00000 0.21600
135.00000 0.76800
136.00000 0.79200
137.00000 0.78000
138.00000 0.79200
139.00000 0.79200
140.00000 0.82800
141.00000 0.82800
142.00000 0.82800
143.00000 0.82800
144.00000 0.82800
145.00000 0.37200
146.00000 0.37200
147.00000 0.37200
148.00000 0.38400
149.00000 0.37200
150.00000 0.81600
151.00000 0.84000
152.00000 0.84000
153.00000 0.84000
154.00000 0.84000
155.00000 0.78000
156.00000 0.79200
157.00000 0.79200
158.00000 0.78000
159.00000 0.79200
160.00000 3.40800
161.00000 3.44400
162.00000 3.45600
163.00000 3.44400
164.00000 3.44400
165.00000 3.61200
166.00000 3.61200
167.00000 3.61200
168.00000 3.61200
169.00000 3.62400
170.00000 3.08400
171.00000 3.07200
172.00000 3.08400
173.00000 3.08400
174.00000 3.07200
175.00000 3.67200
176.00000 3.68400
177.00000 3.68400
178.00000 3.68400
179.00000 3.68400
180.00000 3.72000
181.00000 3.73200
182.00000 3.73200
183.00000 3.72000
184.00000 3.73200
185.00000 3.57600
186.00000 3.58800
187.00000 3.57600
188.00000 3.58800
189.00000 3.58800
190.00000 3.66000
191.00000 3.67200
192.00000 3.67200
193.00000 3.67200
194.00000 3.67200
195.00000 3.80400
196.00000 3.81600
197.00000 3.81600
198.00000 3.81600
199.00000 3.81600
200.00000 3.66000
201.00000 3.64800
202.00000 3.66000
203.00000 3.66000
204.00000 3.66000
205.00000 3.49200
206.00000 3.49200
207.00000 3.48000
208.00000 3.49200
209.00000 3.49200
210.00000 3.56400
211.00000 3.57600
212.00000 3.57600
213.00000 3.56400
214.00000 3.57600
215.00000 3.78000
216.00000 3.79200
217.00000 3.78000
218.00000 3.79200
219.00000 3.79200
220.00000 3.67200
221.00000 3.67200
222.00000 3.67200
223.00000 3.67200
224.00000 3.68400
225.00000 3.50400
226.00000 3.50400
227.00000 3.50400
228.00000 3.51600
229.00000 3.50400
230.00000 3.46800
231.00000 3.45600
232.00000 3.46800
233.00000 3.46800
234.00000 3.46800
235.00000 0.82800
236.00000 0.80400
237.00000 0.80400
238.00000 0.80400
239.00000 0.80400
240.00000 3.64800
241.00000 3.68400
242.00000 3.69600
243.00000 3.68400
244.00000 3.69600
245.00000 3.31200
246.00000 3.32400
247.00000 3.31200
248.00000 3.31200
249.00000 3.32400
250.00000 3.64800
251.00000 3.67200
252.00000 3.67200
253.00000 3.67200
254.00000 3.67200
255.00000 3.67200
256.00000 3.67200
257.00000 3.68400
258.00000 3.67200
259.00000 3.68400
260.00000 3.78000
261.00000 3.78000
262.00000 3.78000
263.00000 3.79200
264.00000 3.78000
265.00000 0.84000
266.00000 0.81600
267.00000 0.80400
268.00000 0.81600
269.00000 0.80400
270.00000 3.45600
271.00000 3.49200
272.00000 3.48000
273.00000 3.49200
274.00000 3.49200
275.00000 3.33600
276.00000 3.33600
277.00000 3.33600
278.00000 3.33600
279.00000 3.33600
280.00000 0.81600
281.00000 0.78000
282.00000 0.78000
283.00000 0.78000
284.00000 0.78000
285.00000 3.62400
286.00000 3.67200
287.00000 3.67200
288.00000 3.67200
289.00000 3.67200
290.00000 3.90000
291.00000 3.90000
292.00000 3.90000
293.00000 3.91200
294.00000 3.90000
295.00000 3.37200
296.00000 3.37200
297.00000 3.38400
298.00000 3.37200
299.00000 3.37200
300.00000 3.56400
301.00000 3.57600
302.00000 3.56400
303.00000 3.57600
304.00000 3.57600
305.00000 3.82800
306.00000 3.85200
307.00000 3.85200
308.00000 3.85200
309.00000 3.85200
310.00000 3.67200
311.00000 3.68400
312.00000 3.68400
313.00000 3.68400
314.00000 3.68400
315.00000 3.72000
316.00000 3.73200
317.00000 3.72000
318.00000 3.73200
319.00000 3.73200
