0.00000 2.16417
5.00000 1.71024
10.00000 1.96717
15.00000 1.70946
20.00000 1.88437
25.00000 1.35957
30.00000 1.48898
35.00000 2.14519
40.00000 1.97258
45.00000 1.34442
50.00000 2.00042
55.00000 1.49566
60.00000 1.63364
65.00000 2.12522
70.00000 1.55164
75.00000 1.99510
80.00000 1.80414
85.00000 1.54312
90.00000 1.83428
95.00000 2.08694
100.00000 1.77479
105.00000 1.85005
110.00000 1.93333
115.00000 1.79727
120.00000 1.70634
125.00000 2.12921
130.00000 1.74445
135.00000 1.48606
140.00000 1.60009
145.00000 1.35001
150.00000 1.70395
155.00000 2.17916
160.00000 2.18833
165.00000 1.63262
170.00000 1.55434
175.00000 1.71326
180.00000 2.04354
185.00000 2.08334
190.00000 1.37110
195.00000 1.30836
200.00000 1.68047
205.00000 1.51529
210.00000 1.33594
215.00000 1.62358
220.00000 2.11537
225.00000 1.96568
230.00000 2.18516
235.00000 2.13374
240.00000 2.13351
245.00000 1.97580
250.00000 2.18914
255.00000 2.00548
260.00000 1.79423
265.00000 1.62235
270.00000 1.77752
275.00000 1.61341
280.00000 1.63552
285.00000 1.28920
290.00000 1.99701
295.00000 1.81337
300.00000 1.61687
305.00000 1.60358
310.00000 1.32804
315.00000 1.48158
320.00000 1.86758
