0.00000 0.58271
5.00000 0.58301
10.00000 0.58459
15.00000 0.58591
20.00000 0.59148
25.00000 0.58950
30.00000 0.58766
35.00000 0.58610
40.00000 0.59363
45.00000 0.59429
50.00000 0.58666
55.00000 0.43662
60.00000 0.58344
65.00000 0.58694
70.00000 0.58767
75.00000 0.59100
80.00000 0.59113
85.00000 0.58843
90.00000 0.58573
95.00000 0.58510
100.00000 0.57135
105.00000 0.57226
110.00000 0.58124
115.00000 0.44158
120.00000 0.57732
125.00000 0.57908
130.00000 0.57798
135.00000 0.58460
140.00000 0.56898
145.00000 0.59670
150.00000 0.58353
155.00000 0.58707
160.00000 0.52346
165.00000 0.58492
170.00000 0.58952
175.00000 0.59139
180.00000 0.58444
185.00000 0.59246
190.00000 0.58559
195.00000 0.58864
200.00000 0.58849
205.00000 0.43798
210.00000 0.59270
215.00000 0.58042
220.00000 0.57859
225.00000 0.58265
230.00000 0.53556
235.00000 0.54328
240.00000 0.55187
245.00000 0.54892
250.00000 0.54654
255.00000 0.54534
260.00000 0.54104
265.00000 0.51998
270.00000 0.54399
275.00000 0.51948
280.00000 0.52490
285.00000 0.52354
290.00000 0.54760
295.00000 0.54015
300.00000 0.54448
305.00000 0.50402
310.00000 0.51964
315.00000 0.54314
320.00000 0.54285
