0.00000 3.82800
1.00000 3.82800
2.00000 3.82800
3.00000 3.82800
4.00000 3.80400
5.00000 3.67200
6.00000 3.67200
7.00000 3.67200
8.00000 3.67200
9.00000 3.64800
10.00000 3.33600
11.00000 3.33600
12.00000 3.33600
13.00000 3.33600
14.00000 3.32400
15.00000 3.37200
16.00000 3.37200
17.00000 3.37200
18.00000 3.36000
19.00000 3.36000
20.00000 3.34800
21.00000 3.33600
22.00000 3.34800
23.00000 3.33600
24.00000 3.33600
25.00000 3.49200
26.00000 3.48000
27.00000 3.48000
28.00000 3.49200
29.00000 3.46800
30.00000 3.72000
31.00000 3.72000
32.00000 3.70800
33.00000 3.72000
34.00000 3.70800
35.00000 3.72000
36.00000 3.70800
37.00000 3.70800
38.00000 3.70800
39.00000 3.69600
40.00000 3.66000
41.00000 3.66000
42.00000 3.64800
43.00000 3.66000
44.00000 3.64800
45.00000 3.80400
46.00000 3.80400
47.00000 3.79200
48.00000 3.80400
49.00000 3.79200
50.00000 3.55200
51.00000 3.55200
52.00000 3.55200
53.00000 3.55200
54.00000 3.54000
55.00000 3.84000
56.00000 3.84000
57.00000 3.84000
58.00000 3.82800
59.00000 3.82800
60.00000 3.69600
61.00000 3.68400
62.00000 3.68400
63.00000 3.68400
64.00000 3.67200
65.00000 3.79200
66.00000 3.78000
67.00000 3.79200
68.00000 3.78000
69.00000 3.78000
70.00000 3.73200
71.00000 3.73200
72.00000 3.73200
73.00000 3.73200
74.00000 3.72000
75.00000 3.40800
76.00000 3.40800
77.00000 3.42000
78.00000 3.40800
79.00000 3.39600
80.00000 3.48000
81.00000 3.46800
82.00000 3.46800
83.00000 3.46800
84.00000 3.46800
85.00000 3.75600
86.00000 3.75600
87.00000 3.74400
88.00000 3.75600
89.00000 3.74400
90.00000 3.86400
91.00000 3.86400
92.00000 3.85200
93.00000 3.86400
94.00000 3.85200
95.00000 3.03600
96.00000 3.02400
97.00000 3.02400
98.00000 3.02400
99.00000 3.02400
100.00000 3.87600
101.00000 3.86400
102.00000 3.87600
103.00000 3.86400
104.00000 3.86400
105.00000 3.68400
106.00000 3.68400
107.00000 3.68400
108.00000 3.68400
109.00000 3.68400
110.00000 3.64800
111.00000 3.63600
112.00000 3.64800
113.00000 3.63600
114.00000 3.63600
115.00000 3.70800
116.00000 3.69600
117.00000 3.69600
118.00000 3.70800
119.00000 3.68400
120.00000 2.56800
121.00000 2.56800
122.00000 2.56800
123.00000 2.56800
124.00000 2.55600
125.00000 3.32400
126.00000 3.32400
127.00000 3.33600
128.00000 3.32400
129.00000 3.31200
130.00000 3.80400
131.00000 3.79200
132.00000 3.80400
133.00000 3.79200
134.00000 3.79200
135.00000 3.44400
136.00000 3.44400
137.00000 3.44400
138.00000 3.44400
139.00000 3.42000
140.00000 3.54000
141.00000 3.54000
142.00000 3.54000
143.00000 3.54000
144.00000 3.52800
145.00000 3.27600
146.00000 3.27600
147.00000 3.27600
148.00000 3.27600
149.00000 3.26400
150.00000 3.19200
151.00000 3.20400
152.00000 3.19200
153.00000 3.19200
154.00000 3.18000
155.00000 3.76800
156.00000 3.75600
157.00000 3.75600
158.00000 3.76800
159.00000 3.74400
160.00000 3.40800
161.00000 3.40800
162.00000 3.40800
163.00000 3.40800
164.00000 3.39600
165.00000 3.49200
166.00000 3.49200
167.00000 3.48000
168.00000 3.49200
169.00000 3.48000
170.00000 3.87600
171.00000 3.87600
172.00000 3.86400
173.00000 3.87600
174.00000 3.86400
175.00000 3.76800
176.00000 3.76800
177.00000 3.75600
178.00000 3.76800
179.00000 3.75600
180.00000 3.57600
181.00000 3.58800
182.00000 3.57600
183.00000 3.57600
184.00000 3.56400
185.00000 3.62400
186.00000 3.62400
187.00000 3.62400
188.00000 3.62400
189.00000 3.61200
190.00000 3.43200
191.00000 3.42000
192.00000 3.43200
193.00000 3.43200
194.00000 3.40800
195.00000 3.68400
196.00000 3.68400
197.00000 3.69600
198.00000 3.68400
199.00000 3.67200
200.00000 3.75600
201.00000 3.75600
202.00000 3.75600
203.00000 3.74400
204.00000 3.74400
205.00000 0.45600
206.00000 0.45600
207.00000 0.45600
208.00000 0.45600
209.00000 0.45600
210.00000 0.80400
211.00000 0.80400
212.00000 0.80400
213.00000 0.80400
214.00000 0.79200
215.00000 0.79200
216.00000 0.79200
217.00000 0.79200
218.00000 0.80400
219.00000 0.79200
220.00000 0.73200
221.00000 0.74400
222.00000 0.74400
223.00000 0.74400
224.00000 0.73200
225.00000 0.79200
226.00000 0.80400
227.00000 0.80400
228.00000 0.79200
229.00000 0.80400
230.00000 0.80400
231.00000 0.80400
232.00000 0.81600
233.00000 0.80400
234.00000 0.80400
235.00000 0.80400
236.00000 0.80400
237.00000 0.80400
238.00000 0.80400
239.00000 0.80400
240.00000 0.70800
241.00000 0.70800
242.00000 0.70800
243.00000 0.70800
244.00000 0.70800
245.00000 0.80400
246.00000 0.81600
247.00000 0.80400
248.00000 0.81600
249.00000 0.80400
250.00000 0.74400
251.00000 0.74400
252.00000 0.75600
253.00000 0.74400
254.00000 0.75600
255.00000 0.78000
256.00000 0.79200
257.00000 0.79200
258.00000 0.79200
259.00000 0.78000
260.00000 0.78000
261.00000 0.76800
262.00000 0.78000
263.00000 0.78000
264.00000 0.78000
265.00000 0.76800
266.00000 0.78000
267.00000 0.78000
268.00000 0.78000
269.00000 0.78000
270.00000 0.80400
271.00000 0.79200
272.00000 0.80400
273.00000 0.80400
274.00000 0.80400
275.00000 0.82800
276.00000 0.84000
277.00000 0.84000
278.00000 0.82800
279.00000 0.84000
280.00000 0.67200
281.00000 0.68400
282.00000 0.67200
283.00000 0.68400
284.00000 0.67200
285.00000 0.73200
286.00000 0.74400
287.00000 0.74400
288.00000 0.74400
289.00000 0.73200
290.00000 0.75600
291.00000 0.76800
292.00000 0.75600
293.00000 0.76800
294.00000 0.75600
295.00000 0.73200
296.00000 0.74400
297.00000 0.74400
298.00000 0.73200
299.00000 0.74400
300.00000 0.45600
301.00000 0.45600
302.00000 0.45600
303.00000 0.45600
304.00000 0.45600
305.00000 0.72000
306.00000 0.72000
307.00000 0.72000
308.00000 0.73200
309.00000 0.72000
310.00000 0.79200
311.00000 0.80400
312.00000 0.79200
313.00000 0.80400
314.00000 0.79200
315.00000 0.81600
316.00000 0.82800
317.00000 0.81600
318.00000 0.82800
