0.00000 1.97879
5.00000 1.75681
10.00000 1.87816
15.00000 2.00592
20.00000 1.85285
25.00000 1.99074
30.00000 1.79010
35.00000 1.82318
40.00000 1.75939
45.00000 1.99379
50.00000 1.99495
55.00000 1.70702
60.00000 1.86202
65.00000 1.94430
70.00000 1.70247
75.00000 1.69299
80.00000 1.94526
85.00000 1.94158
90.00000 1.62834
95.00000 1.97425
100.00000 1.83437
105.00000 1.84968
110.00000 1.78831
115.00000 1.82088
120.00000 1.83147
125.00000 1.90453
130.00000 1.80350
135.00000 1.86134
140.00000 2.00197
145.00000 1.98431
150.00000 1.66666
155.00000 1.86353
160.00000 1.99025
165.00000 1.86253
170.00000 2.00841
175.00000 1.82842
180.00000 1.66193
185.00000 2.00271
190.00000 2.00110
195.00000 1.83295
200.00000 1.97598
205.00000 1.85103
210.00000 1.77480
215.00000 1.79162
220.00000 1.96383
225.00000 1.35046
230.00000 1.94614
235.00000 1.80493
240.00000 1.83200
245.00000 1.71914
250.00000 1.89153
255.00000 2.00970
260.00000 2.00640
265.00000 1.72667
270.00000 1.86549
275.00000 0.98490
280.00000 1.65410
285.00000 1.69498
290.00000 1.90396
295.00000 1.71597
300.00000 1.76972
305.00000 1.98742
310.00000 1.98291
315.00000 1.96039
320.00000 1.84174
