0.00000 1.08380
5.00000 1.22950
10.00000 1.16830
15.00000 1.10677
20.00000 1.23286
25.00000 1.24722
30.00000 1.35107
35.00000 1.26193
40.00000 1.36090
45.00000 1.37906
50.00000 1.13846
55.00000 1.23763
60.00000 1.30308
65.00000 1.02431
70.00000 1.10531
75.00000 1.03105
80.00000 1.10384
85.00000 1.29379
90.00000 1.42680
95.00000 1.17578
100.00000 1.22918
105.00000 1.24486
110.00000 1.24288
115.00000 1.31806
120.00000 1.32543
125.00000 1.38605
130.00000 1.36174
135.00000 1.28313
140.00000 1.25791
145.00000 1.44535
150.00000 1.35784
155.00000 0.95538
160.00000 1.21708
165.00000 1.30996
170.00000 0.76314
175.00000 1.27815
180.00000 1.38521
185.00000 1.44753
190.00000 1.51250
195.00000 1.11597
200.00000 1.36948
205.00000 1.51494
210.00000 1.31756
215.00000 1.37217
220.00000 1.21321
225.00000 1.39254
230.00000 0.79041
235.00000 1.24295
240.00000 1.45182
245.00000 1.17766
250.00000 1.26342
255.00000 1.37997
260.00000 1.25153
265.00000 1.25500
270.00000 1.35047
275.00000 1.13356
280.00000 0.97975
285.00000 1.52423
290.00000 1.24827
295.00000 1.20368
300.00000 1.44158
305.00000 1.45638
310.00000 1.34396
315.00000 1.53411
320.00000 1.31057
