0.00000 2.19531
5.00000 2.18244
10.00000 2.15074
15.00000 2.23466
20.00000 2.17466
25.00000 2.13681
30.00000 2.23273
35.00000 2.23659
40.00000 2.16608
45.00000 2.11637
50.00000 1.60206
55.00000 2.25807
60.00000 2.27846
65.00000 2.26478
70.00000 2.21025
75.00000 2.09934
80.00000 2.11270
85.00000 2.15335
90.00000 2.13791
95.00000 2.16877
100.00000 1.68036
105.00000 2.33669
110.00000 2.28300
115.00000 1.43518
120.00000 2.41603
125.00000 2.29834
130.00000 2.30557
135.00000 2.27582
140.00000 2.31446
145.00000 2.30922
150.00000 2.42837
155.00000 2.26602
160.00000 2.29714
165.00000 2.24287
170.00000 2.26515
175.00000 2.04560
180.00000 2.32689
185.00000 2.29311
190.00000 2.16682
195.00000 2.11796
200.00000 1.70039
205.00000 2.11486
210.00000 2.28993
215.00000 2.26740
220.00000 1.72870
225.00000 2.28092
230.00000 2.28883
235.00000 1.46131
240.00000 2.40802
245.00000 2.33500
250.00000 2.28276
255.00000 1.38736
260.00000 0.66014
265.00000 0.69258
270.00000 2.31018
275.00000 2.31100
280.00000 2.27466
285.00000 2.24430
290.00000 2.28627
295.00000 2.29139
300.00000 2.32955
305.00000 2.31154
310.00000 0.55557
315.00000 2.26090
320.00000 2.22641
