0.00000 1.95832
5.00000 1.87542
10.00000 1.78571
15.00000 1.85575
20.00000 1.80835
25.00000 1.91582
30.00000 1.96486
35.00000 1.85856
40.00000 1.89598
45.00000 1.75042
50.00000 1.92644
55.00000 1.43358
60.00000 1.72778
65.00000 1.77026
70.00000 1.80551
75.00000 1.76983
80.00000 1.73998
85.00000 1.63902
90.00000 1.94792
95.00000 1.98107
100.00000 1.98622
105.00000 2.04805
110.00000 1.77448
115.00000 1.98563
120.00000 1.79294
125.00000 1.67256
130.00000 1.85569
135.00000 1.92160
140.00000 1.93633
145.00000 1.83841
150.00000 1.79218
155.00000 1.88282
160.00000 1.98956
165.00000 1.98485
170.00000 1.96906
175.00000 1.85139
180.00000 1.61834
185.00000 1.95788
190.00000 1.92652
195.00000 1.96688
200.00000 1.77614
205.00000 1.98607
210.00000 1.70268
215.00000 1.81391
220.00000 1.71760
225.00000 1.82362
230.00000 1.94859
235.00000 1.74326
240.00000 1.79289
245.00000 1.98633
250.00000 1.79800
255.00000 1.97018
260.00000 1.98518
265.00000 1.98925
270.00000 1.90344
275.00000 1.98998
280.00000 1.99273
285.00000 1.85992
290.00000 1.75185
295.00000 1.97283
300.00000 1.84818
305.00000 1.72824
310.00000 1.84268
315.00000 1.90122
320.00000 1.98049
