0.00000 0.43200
1.00000 0.44400
2.00000 0.43200
3.00000 0.44400
4.00000 0.43200
5.00000 0.43200
6.00000 0.43200
7.00000 0.43200
8.00000 0.43200
9.00000 0.43200
10.00000 0.43200
11.00000 0.44400
12.00000 0.43200
13.00000 0.44400
14.00000 0.43200
15.00000 0.44400
16.00000 0.43200
17.00000 0.44400
18.00000 0.44400
19.00000 0.44400
20.00000 0.43200
21.00000 0.43200
22.00000 0.44400
23.00000 0.43200
24.00000 0.44400
25.00000 0.42000
26.00000 0.44400
27.00000 0.43200
28.00000 0.44400
29.00000 0.43200
30.00000 0.42000
31.00000 0.42000
32.00000 0.42000
33.00000 0.42000
34.00000 0.42000
35.00000 0.43200
36.00000 0.43200
37.00000 0.44400
38.00000 0.43200
39.00000 0.44400
40.00000 0.43200
41.00000 0.43200
42.00000 0.44400
43.00000 0.44400
44.00000 0.44400
45.00000 0.44400
46.00000 0.46800
47.00000 0.45600
48.00000 0.45600
49.00000 0.46800
50.00000 0.39600
51.00000 0.42000
52.00000 0.40800
53.00000 0.42000
54.00000 0.40800
55.00000 0.42000
56.00000 0.40800
57.00000 0.40800
58.00000 0.42000
59.00000 0.40800
60.00000 0.46800
61.00000 0.45600
62.00000 0.46800
63.00000 0.46800
64.00000 0.45600
65.00000 0.46800
66.00000 0.46800
67.00000 0.46800
68.00000 0.46800
69.00000 0.46800
70.00000 0.44400
71.00000 0.46800
72.00000 0.45600
73.00000 0.46800
74.00000 0.45600
75.00000 0.46800
76.00000 0.45600
77.00000 0.46800
78.00000 0.45600
79.00000 0.46800
80.00000 0.45600
81.00000 0.46800
82.00000 0.45600
83.00000 0.46800
84.00000 0.45600
85.00000 0.45600
86.00000 0.45600
87.00000 0.45600
88.00000 0.45600
89.00000 0.45600
90.00000 0.44400
91.00000 0.45600
92.00000 0.45600
93.00000 0.46800
94.00000 0.45600
95.00000 0.44400
96.00000 0.45600
97.00000 0.45600
98.00000 0.45600
99.00000 0.45600
100.00000 0.46800
101.00000 0.46800
102.00000 0.46800
103.00000 0.46800
104.00000 0.46800
105.00000 0.44400
106.00000 0.45600
107.00000 0.45600
108.00000 0.45600
109.00000 0.45600
110.00000 0.40800
111.00000 0.42000
112.00000 0.40800
113.00000 0.40800
114.00000 0.40800
115.00000 0.40800
116.00000 0.40800
117.00000 0.42000
118.00000 0.40800
119.00000 0.40800
120.00000 0.44400
121.00000 0.45600
122.00000 0.44400
123.00000 0.45600
124.00000 0.45600
125.00000 0.42000
126.00000 0.43200
127.00000 0.42000
128.00000 0.42000
129.00000 0.42000
130.00000 0.45600
131.00000 0.45600
132.00000 0.46800
133.00000 0.45600
134.00000 0.45600
135.00000 0.44400
136.00000 0.45600
137.00000 0.44400
138.00000 0.44400
139.00000 0.45600
140.00000 0.44400
141.00000 0.46800
142.00000 0.45600
143.00000 0.46800
144.00000 0.45600
145.00000 0.45600
146.00000 0.45600
147.00000 0.45600
148.00000 0.44400
149.00000 0.45600
150.00000 0.45600
151.00000 0.46800
152.00000 0.45600
153.00000 0.46800
154.00000 0.45600
155.00000 0.45600
156.00000 0.45600
157.00000 0.45600
158.00000 0.45600
159.00000 0.44400
160.00000 0.44400
161.00000 0.45600
162.00000 0.44400
163.00000 0.44400
164.00000 0.44400
165.00000 0.45600
166.00000 0.45600
167.00000 0.45600
168.00000 0.44400
169.00000 0.45600
170.00000 0.40800
171.00000 0.42000
172.00000 0.40800
173.00000 0.40800
174.00000 0.42000
175.00000 0.40800
176.00000 0.40800
177.00000 0.42000
178.00000 0.40800
179.00000 0.42000
180.00000 0.39600
181.00000 0.42000
182.00000 0.40800
183.00000 0.42000
184.00000 0.40800
185.00000 0.46800
186.00000 0.45600
187.00000 0.46800
188.00000 0.45600
189.00000 0.46800
190.00000 0.45600
191.00000 0.45600
192.00000 0.46800
193.00000 0.45600
194.00000 0.46800
195.00000 0.43200
196.00000 0.44400
197.00000 0.44400
198.00000 0.44400
199.00000 0.44400
200.00000 0.45600
201.00000 0.45600
202.00000 0.44400
203.00000 0.45600
204.00000 0.45600
205.00000 0.45600
206.00000 0.45600
207.00000 0.46800
208.00000 0.45600
209.00000 0.45600
210.00000 0.45600
211.00000 0.46800
212.00000 0.45600
213.00000 0.46800
214.00000 0.45600
215.00000 0.44400
216.00000 0.46800
217.00000 0.45600
218.00000 0.46800
219.00000 0.45600
220.00000 0.44400
221.00000 0.45600
222.00000 0.44400
223.00000 0.44400
224.00000 0.45600
225.00000 0.34800
226.00000 0.36000
227.00000 0.36000
228.00000 0.36000
229.00000 0.36000
230.00000 0.39600
231.00000 0.42000
232.00000 0.40800
233.00000 0.42000
234.00000 0.40800
235.00000 0.45600
236.00000 0.45600
237.00000 0.45600
238.00000 0.45600
239.00000 0.45600
240.00000 0.45600
241.00000 0.45600
242.00000 0.46800
243.00000 0.45600
244.00000 0.45600
245.00000 0.45600
246.00000 0.45600
247.00000 0.45600
248.00000 0.45600
249.00000 0.45600
250.00000 0.44400
251.00000 0.46800
252.00000 0.45600
253.00000 0.46800
254.00000 0.45600
255.00000 0.45600
256.00000 0.44400
257.00000 0.45600
258.00000 0.44400
259.00000 0.45600
260.00000 0.45600
261.00000 0.46800
262.00000 0.45600
263.00000 0.45600
264.00000 0.45600
265.00000 0.45600
266.00000 0.45600
267.00000 0.46800
268.00000 0.45600
269.00000 0.45600
270.00000 0.44400
271.00000 0.45600
272.00000 0.46800
273.00000 0.45600
274.00000 0.45600
275.00000 0.44400
276.00000 0.45600
277.00000 0.45600
278.00000 0.45600
279.00000 0.45600
280.00000 0.37200
281.00000 0.39600
282.00000 0.38400
283.00000 0.39600
284.00000 0.38400
285.00000 0.40800
286.00000 0.42000
287.00000 0.40800
288.00000 0.42000
289.00000 0.40800
290.00000 0.44400
291.00000 0.43200
292.00000 0.44400
293.00000 0.44400
294.00000 0.44400
295.00000 0.44400
296.00000 0.45600
297.00000 0.44400
298.00000 0.45600
299.00000 0.45600
300.00000 0.45600
301.00000 0.45600
302.00000 0.45600
303.00000 0.45600
304.00000 0.45600
305.00000 0.45600
306.00000 0.45600
307.00000 0.45600
308.00000 0.44400
309.00000 0.45600
310.00000 0.45600
311.00000 0.45600
312.00000 0.46800
313.00000 0.45600
314.00000 0.45600
315.00000 0.51600
316.00000 0.52800
317.00000 0.51600
318.00000 0.51600
