0.00000 1.17666
5.00000 1.11474
10.00000 1.08137
15.00000 1.12981
20.00000 0.83042
25.00000 0.98764
30.00000 0.66948
35.00000 1.08485
40.00000 0.72282
45.00000 0.97956
50.00000 0.47930
55.00000 1.17517
60.00000 1.12050
65.00000 1.19134
70.00000 1.13394
75.00000 0.40034
80.00000 1.14090
85.00000 0.88089
90.00000 1.17562
95.00000 1.13933
100.00000 1.16908
105.00000 1.14105
110.00000 1.09165
115.00000 1.16188
120.00000 1.06024
125.00000 1.14218
130.00000 1.14434
135.00000 1.16118
140.00000 1.12155
145.00000 0.74075
150.00000 0.71338
155.00000 0.60926
160.00000 0.77541
165.00000 1.11330
170.00000 1.17447
175.00000 1.06178
180.00000 0.92978
185.00000 1.04872
190.00000 1.12081
195.00000 0.95790
200.00000 0.92386
205.00000 0.74309
210.00000 0.87422
215.00000 1.02357
220.00000 1.08152
225.00000 1.13548
230.00000 1.14533
235.00000 1.04295
240.00000 1.10293
245.00000 1.06566
250.00000 1.09840
255.00000 1.14189
260.00000 1.05661
265.00000 0.39730
270.00000 0.70149
275.00000 1.06697
280.00000 1.13916
285.00000 1.12214
290.00000 1.09166
295.00000 1.15072
300.00000 1.00891
305.00000 1.08231
310.00000 1.00079
315.00000 1.06094
320.00000 1.10758
