0.00000 0.40800
1.00000 0.42000
2.00000 0.40800
3.00000 0.42000
4.00000 0.40800
5.00000 0.45600
6.00000 0.46800
7.00000 0.45600
8.00000 0.46800
9.00000 0.46800
10.00000 0.44400
11.00000 0.46800
12.00000 0.46800
13.00000 0.45600
14.00000 0.46800
15.00000 0.43200
16.00000 0.44400
17.00000 0.44400
18.00000 0.44400
19.00000 0.44400
20.00000 0.45600
21.00000 0.44400
22.00000 0.45600
23.00000 0.45600
24.00000 0.45600
25.00000 0.45600
26.00000 0.45600
27.00000 0.45600
28.00000 0.46800
29.00000 0.45600
30.00000 0.45600
31.00000 0.46800
32.00000 0.45600
33.00000 0.45600
34.00000 0.46800
35.00000 0.44400
36.00000 0.46800
37.00000 0.45600
38.00000 0.46800
39.00000 0.45600
40.00000 0.44400
41.00000 0.45600
42.00000 0.44400
43.00000 0.44400
44.00000 0.45600
45.00000 0.34800
46.00000 0.36000
47.00000 0.36000
48.00000 0.36000
49.00000 0.36000
50.00000 0.39600
51.00000 0.42000
52.00000 0.40800
53.00000 0.42000
54.00000 0.40800
55.00000 0.45600
56.00000 0.45600
57.00000 0.45600
58.00000 0.45600
59.00000 0.45600
60.00000 0.45600
61.00000 0.45600
62.00000 0.45600
63.00000 0.46800
64.00000 0.45600
65.00000 0.45600
66.00000 0.45600
67.00000 0.45600
68.00000 0.45600
69.00000 0.45600
70.00000 0.44400
71.00000 0.46800
72.00000 0.45600
73.00000 0.46800
74.00000 0.45600
75.00000 0.44400
76.00000 0.45600
77.00000 0.45600
78.00000 0.44400
79.00000 0.45600
80.00000 0.45600
81.00000 0.45600
82.00000 0.46800
83.00000 0.45600
84.00000 0.45600
85.00000 0.45600
86.00000 0.45600
87.00000 0.45600
88.00000 0.46800
89.00000 0.45600
90.00000 0.44400
91.00000 0.45600
92.00000 0.45600
93.00000 0.46800
94.00000 0.45600
95.00000 0.44400
96.00000 0.45600
97.00000 0.45600
98.00000 0.45600
99.00000 0.45600
100.00000 0.37200
101.00000 0.39600
102.00000 0.38400
103.00000 0.39600
104.00000 0.38400
105.00000 0.40800
106.00000 0.42000
107.00000 0.40800
108.00000 0.42000
109.00000 0.40800
110.00000 0.44400
111.00000 0.43200
112.00000 0.44400
113.00000 0.44400
114.00000 0.44400
115.00000 0.44400
116.00000 0.45600
117.00000 0.44400
118.00000 0.45600
119.00000 0.45600
120.00000 0.45600
121.00000 0.45600
122.00000 0.45600
123.00000 0.45600
124.00000 0.45600
125.00000 0.45600
126.00000 0.45600
127.00000 0.44400
128.00000 0.45600
129.00000 0.45600
130.00000 0.45600
131.00000 0.45600
132.00000 0.45600
133.00000 0.46800
134.00000 0.45600
135.00000 0.51600
136.00000 0.52800
137.00000 0.51600
138.00000 0.51600
139.00000 0.52800
140.00000 0.44400
141.00000 0.46800
142.00000 0.45600
143.00000 0.45600
144.00000 0.46800
145.00000 0.44400
146.00000 0.45600
147.00000 0.45600
148.00000 0.44400
149.00000 0.45600
150.00000 0.52800
151.00000 0.54000
152.00000 0.54000
153.00000 0.52800
154.00000 0.54000
155.00000 0.45600
156.00000 0.46800
157.00000 0.46800
158.00000 0.48000
159.00000 0.46800
160.00000 0.46800
161.00000 0.49200
162.00000 0.48000
163.00000 0.49200
164.00000 0.48000
165.00000 0.52800
166.00000 0.51600
167.00000 0.52800
168.00000 0.52800
169.00000 0.52800
170.00000 0.54000
171.00000 0.54000
172.00000 0.55200
173.00000 0.54000
174.00000 0.54000
175.00000 0.52800
176.00000 0.54000
177.00000 0.54000
178.00000 0.52800
179.00000 0.54000
180.00000 0.50400
181.00000 0.50400
182.00000 0.50400
183.00000 0.51600
184.00000 0.50400
185.00000 0.51600
186.00000 0.52800
187.00000 0.51600
188.00000 0.52800
189.00000 0.51600
190.00000 0.52800
191.00000 0.52800
192.00000 0.54000
193.00000 0.52800
194.00000 0.54000
195.00000 0.51600
196.00000 0.52800
197.00000 0.54000
198.00000 0.52800
199.00000 0.52800
200.00000 0.52800
201.00000 0.54000
202.00000 0.52800
203.00000 0.54000
204.00000 0.52800
205.00000 0.54000
206.00000 0.54000
207.00000 0.55200
208.00000 0.54000
209.00000 0.54000
210.00000 0.55200
211.00000 0.55200
212.00000 0.55200
213.00000 0.55200
214.00000 0.55200
215.00000 0.52800
216.00000 0.52800
217.00000 0.52800
218.00000 0.52800
219.00000 0.52800
220.00000 0.48000
221.00000 0.46800
222.00000 0.48000
223.00000 0.48000
224.00000 0.46800
225.00000 0.55200
226.00000 0.55200
227.00000 0.55200
228.00000 0.55200
229.00000 0.56400
230.00000 0.54000
231.00000 0.54000
232.00000 0.55200
233.00000 0.55200
234.00000 0.55200
235.00000 0.54000
236.00000 0.55200
237.00000 0.56400
238.00000 0.55200
239.00000 0.55200
240.00000 0.55200
241.00000 0.55200
242.00000 0.55200
243.00000 0.55200
244.00000 0.55200
245.00000 0.55200
246.00000 0.54000
247.00000 0.55200
248.00000 0.55200
249.00000 0.55200
250.00000 0.54000
251.00000 0.54000
252.00000 0.54000
253.00000 0.54000
254.00000 0.55200
255.00000 0.51600
256.00000 0.54000
257.00000 0.54000
258.00000 0.54000
259.00000 0.52800
260.00000 0.54000
261.00000 0.55200
262.00000 0.55200
263.00000 0.54000
264.00000 0.55200
265.00000 0.55200
266.00000 0.55200
267.00000 0.55200
268.00000 0.55200
269.00000 0.55200
270.00000 0.55200
271.00000 0.55200
272.00000 0.55200
273.00000 0.55200
274.00000 0.55200
275.00000 0.48000
276.00000 0.48000
277.00000 0.49200
278.00000 0.48000
279.00000 0.48000
280.00000 0.48000
281.00000 0.49200
282.00000 0.48000
283.00000 0.49200
284.00000 0.48000
285.00000 0.54000
286.00000 0.54000
287.00000 0.54000
288.00000 0.54000
289.00000 0.54000
290.00000 0.49200
291.00000 0.51600
292.00000 0.50400
293.00000 0.51600
294.00000 0.50400
295.00000 0.52800
296.00000 0.51600
297.00000 0.52800
298.00000 0.52800
299.00000 0.52800
300.00000 0.49200
301.00000 0.49200
302.00000 0.49200
303.00000 0.49200
304.00000 0.49200
305.00000 0.52800
306.00000 0.52800
307.00000 0.52800
308.00000 0.52800
309.00000 0.52800
310.00000 0.51600
311.00000 0.52800
312.00000 0.51600
313.00000 0.51600
314.00000 0.52800
315.00000 0.51600
316.00000 0.52800
317.00000 0.52800
318.00000 0.54000
319.00000 0.52800
