0.00000 0.60862
5.00000 0.60244
10.00000 0.61449
15.00000 0.61351
20.00000 0.61478
25.00000 0.61570
30.00000 0.61374
35.00000 0.61598
40.00000 0.61527
45.00000 0.50454
50.00000 0.61532
55.00000 0.61561
60.00000 0.61274
65.00000 0.61143
70.00000 0.61420
75.00000 0.61418
80.00000 0.61138
85.00000 0.61531
90.00000 0.61147
95.00000 0.55302
100.00000 0.61584
105.00000 0.60654
110.00000 0.61404
115.00000 0.60097
120.00000 0.61575
125.00000 0.36506
130.00000 0.61313
135.00000 0.61207
140.00000 0.61602
145.00000 0.60191
150.00000 0.60718
155.00000 0.60858
160.00000 0.61710
165.00000 0.61647
170.00000 0.61972
175.00000 0.62652
180.00000 0.62110
185.00000 0.60155
190.00000 0.60137
195.00000 0.63021
200.00000 0.62124
205.00000 0.63082
210.00000 0.62908
215.00000 0.62027
220.00000 0.62698
225.00000 0.62765
230.00000 0.62502
235.00000 0.62298
240.00000 0.60520
245.00000 0.25234
250.00000 0.61278
255.00000 0.62763
260.00000 0.62810
265.00000 0.63217
270.00000 0.62354
275.00000 0.62126
280.00000 0.62597
285.00000 0.62072
290.00000 0.63082
295.00000 0.61563
300.00000 0.60652
