0.00000 0.62400
1.00000 0.61200
2.00000 0.62400
3.00000 0.62400
4.00000 0.62400
5.00000 0.62400
6.00000 0.62400
7.00000 0.62400
8.00000 0.62400
9.00000 0.62400
10.00000 0.62400
11.00000 0.63600
12.00000 0.63600
13.00000 0.62400
14.00000 0.63600
15.00000 0.62400
16.00000 0.61200
17.00000 0.62400
18.00000 0.62400
19.00000 0.62400
20.00000 0.62400
21.00000 0.62400
22.00000 0.63600
23.00000 0.62400
24.00000 0.62400
25.00000 0.63600
26.00000 0.62400
27.00000 0.63600
28.00000 0.63600
29.00000 0.63600
30.00000 0.60000
31.00000 0.61200
32.00000 0.61200
33.00000 0.61200
34.00000 0.61200
35.00000 0.63600
36.00000 0.64800
37.00000 0.63600
38.00000 0.64800
39.00000 0.63600
40.00000 0.62400
41.00000 0.62400
42.00000 0.62400
43.00000 0.62400
44.00000 0.62400
45.00000 0.61200
46.00000 0.62400
47.00000 0.61200
48.00000 0.62400
49.00000 0.61200
50.00000 1.18800
51.00000 1.21200
52.00000 1.20000
53.00000 1.20000
54.00000 1.21200
55.00000 1.17600
56.00000 1.17600
57.00000 1.18800
58.00000 1.17600
59.00000 1.18800
60.00000 1.18800
61.00000 1.20000
62.00000 1.20000
63.00000 1.20000
64.00000 1.20000
65.00000 1.23600
66.00000 1.24800
67.00000 1.23600
68.00000 1.24800
69.00000 1.24800
70.00000 1.23600
71.00000 1.23600
72.00000 1.23600
73.00000 1.22400
74.00000 1.23600
75.00000 1.23600
76.00000 1.23600
77.00000 1.23600
78.00000 1.23600
79.00000 1.23600
80.00000 1.23600
81.00000 1.22400
82.00000 1.23600
83.00000 1.23600
84.00000 1.22400
85.00000 1.23600
86.00000 1.23600
87.00000 1.23600
88.00000 1.23600
89.00000 1.23600
90.00000 1.21200
91.00000 1.22400
92.00000 1.21200
93.00000 1.22400
94.00000 1.21200
95.00000 1.22400
96.00000 1.22400
97.00000 1.22400
98.00000 1.23600
99.00000 1.22400
100.00000 1.18800
101.00000 1.18800
102.00000 1.18800
103.00000 1.17600
104.00000 1.18800
105.00000 1.22400
106.00000 1.22400
107.00000 1.21200
108.00000 1.22400
109.00000 1.22400
110.00000 1.20000
111.00000 1.22400
112.00000 1.21200
113.00000 1.21200
114.00000 1.22400
115.00000 1.23600
116.00000 1.23600
117.00000 1.24800
118.00000 1.24800
119.00000 1.23600
120.00000 1.22400
121.00000 1.21200
122.00000 1.22400
123.00000 1.21200
124.00000 1.22400
125.00000 0.64800
126.00000 0.66000
127.00000 0.64800
128.00000 0.66000
129.00000 0.64800
130.00000 1.21200
131.00000 1.22400
132.00000 1.22400
133.00000 1.23600
134.00000 1.22400
135.00000 1.20000
136.00000 1.21200
137.00000 1.22400
138.00000 1.21200
139.00000 1.21200
140.00000 1.22400
141.00000 1.23600
142.00000 1.23600
143.00000 1.23600
144.00000 1.23600
145.00000 1.32000
146.00000 1.30800
147.00000 1.32000
148.00000 1.30800
149.00000 1.32000
150.00000 1.26000
151.00000 1.26000
152.00000 1.24800
153.00000 1.26000
154.00000 1.26000
155.00000 0.57600
156.00000 0.56400
157.00000 0.56400
158.00000 0.56400
159.00000 0.55200
160.00000 1.18800
161.00000 1.20000
162.00000 1.20000
163.00000 1.20000
164.00000 1.20000
165.00000 1.22400
166.00000 1.23600
167.00000 1.23600
168.00000 1.23600
169.00000 1.23600
170.00000 1.18800
171.00000 1.18800
172.00000 1.20000
173.00000 1.18800
174.00000 1.20000
175.00000 0.87600
176.00000 0.90000
177.00000 0.88800
178.00000 0.88800
179.00000 0.88800
180.00000 1.18800
181.00000 1.20000
182.00000 1.20000
183.00000 1.18800
184.00000 1.20000
185.00000 1.28400
186.00000 1.27200
187.00000 1.28400
188.00000 1.28400
189.00000 1.27200
190.00000 1.30800
191.00000 1.30800
192.00000 1.30800
193.00000 1.30800
194.00000 1.30800
195.00000 1.22400
196.00000 1.22400
197.00000 1.23600
198.00000 1.22400
199.00000 1.23600
200.00000 1.15200
201.00000 1.15200
202.00000 1.16400
203.00000 1.15200
204.00000 1.15200
205.00000 1.24800
206.00000 1.24800
207.00000 1.23600
208.00000 1.24800
209.00000 1.24800
210.00000 0.54000
211.00000 0.55200
212.00000 0.54000
213.00000 0.54000
214.00000 0.55200
215.00000 1.22400
216.00000 1.23600
217.00000 1.24800
218.00000 1.24800
219.00000 1.23600
220.00000 1.23600
221.00000 1.23600
222.00000 1.22400
223.00000 1.23600
224.00000 1.23600
225.00000 1.24800
226.00000 1.24800
227.00000 1.26000
228.00000 1.26000
229.00000 1.24800
230.00000 1.21200
231.00000 1.22400
232.00000 1.21200
233.00000 1.21200
234.00000 1.21200
235.00000 1.20000
236.00000 1.18800
237.00000 1.20000
238.00000 1.18800
239.00000 1.20000
240.00000 0.63600
241.00000 0.63600
242.00000 0.63600
243.00000 0.63600
244.00000 0.63600
245.00000 1.22400
246.00000 1.23600
247.00000 1.24800
248.00000 1.23600
249.00000 1.23600
250.00000 1.20000
251.00000 1.22400
252.00000 1.21200
253.00000 1.21200
254.00000 1.22400
255.00000 1.24800
256.00000 1.27200
257.00000 1.26000
258.00000 1.26000
259.00000 1.27200
260.00000 0.63600
261.00000 0.64800
262.00000 0.64800
263.00000 0.63600
264.00000 0.64800
265.00000 1.21200
266.00000 1.22400
267.00000 1.22400
268.00000 1.22400
269.00000 1.22400
270.00000 1.12800
271.00000 1.14000
272.00000 1.14000
273.00000 1.14000
274.00000 1.14000
275.00000 1.20000
276.00000 1.20000
277.00000 1.20000
278.00000 1.21200
279.00000 1.20000
280.00000 1.20000
281.00000 1.20000
282.00000 1.18800
283.00000 1.20000
284.00000 1.20000
285.00000 1.20000
286.00000 1.20000
287.00000 1.21200
288.00000 1.20000
289.00000 1.21200
290.00000 1.21200
291.00000 1.22400
292.00000 1.22400
293.00000 1.21200
294.00000 1.22400
295.00000 1.20000
296.00000 1.20000
297.00000 1.18800
298.00000 1.20000
299.00000 1.20000
300.00000 0.62400
301.00000 0.63600
302.00000 0.62400
303.00000 0.62400
304.00000 0.63600
305.00000 1.23600
306.00000 1.24800
307.00000 1.24800
308.00000 1.24800
309.00000 1.24800
310.00000 1.22400
311.00000 1.23600
312.00000 1.23600
313.00000 1.24800
314.00000 1.23600
315.00000 0.63600
316.00000 0.64800
317.00000 0.64800
318.00000 0.63600
319.00000 0.64800
