0.00000 2.96498
5.00000 2.94568
10.00000 3.53234
15.00000 2.37009
20.00000 3.27778
25.00000 2.37243
30.00000 2.53246
35.00000 2.23630
40.00000 2.58937
45.00000 3.03712
50.00000 2.69462
55.00000 2.45660
60.00000 2.21567
65.00000 2.13773
70.00000 2.12624
75.00000 2.01025
80.00000 2.18410
85.00000 2.17926
90.00000 2.45780
95.00000 2.29228
100.00000 2.71755
105.00000 3.79123
110.00000 2.45085
115.00000 2.65551
120.00000 2.20450
125.00000 2.74434
130.00000 2.12003
135.00000 2.72081
140.00000 2.38012
145.00000 2.07058
150.00000 2.88048
155.00000 2.54910
160.00000 3.35890
165.00000 3.27218
170.00000 2.95041
175.00000 2.98655
180.00000 1.78128
185.00000 1.67605
190.00000 2.89398
195.00000 2.39661
200.00000 3.10208
205.00000 3.30294
210.00000 2.50103
215.00000 2.59276
220.00000 2.51630
225.00000 3.04217
230.00000 2.34642
235.00000 3.15033
240.00000 2.36470
245.00000 2.17634
250.00000 3.44240
255.00000 3.21126
260.00000 0.27509
265.00000 2.55818
270.00000 1.78394
275.00000 3.62534
280.00000 2.87265
285.00000 3.56601
290.00000 3.39774
295.00000 2.43474
300.00000 2.50874
305.00000 2.35786
310.00000 2.96596
315.00000 2.50904
320.00000 3.57262
