0.00000 1.21200
1.00000 1.21200
2.00000 1.21200
3.00000 1.21200
4.00000 1.21200
5.00000 0.51600
6.00000 0.51600
7.00000 0.52800
8.00000 0.51600
9.00000 0.52800
10.00000 0.51600
11.00000 0.52800
12.00000 0.51600
13.00000 0.52800
14.00000 0.52800
15.00000 0.61200
16.00000 0.61200
17.00000 0.62400
18.00000 0.62400
19.00000 0.61200
20.00000 0.60000
21.00000 0.62400
22.00000 0.61200
23.00000 0.61200
24.00000 0.61200
25.00000 0.61200
26.00000 0.62400
27.00000 0.62400
28.00000 0.62400
29.00000 0.62400
30.00000 0.60000
31.00000 0.60000
32.00000 0.61200
33.00000 0.61200
34.00000 0.60000
35.00000 0.61200
36.00000 0.61200
37.00000 0.62400
38.00000 0.61200
39.00000 0.61200
40.00000 0.61200
41.00000 0.62400
42.00000 0.62400
43.00000 0.62400
44.00000 0.62400
45.00000 0.61200
46.00000 0.62400
47.00000 0.62400
48.00000 0.62400
49.00000 0.62400
50.00000 0.54000
51.00000 0.54000
52.00000 0.54000
53.00000 0.54000
54.00000 0.55200
55.00000 0.62400
56.00000 0.63600
57.00000 0.62400
58.00000 0.63600
59.00000 0.62400
60.00000 0.61200
61.00000 0.62400
62.00000 0.62400
63.00000 0.62400
64.00000 0.62400
65.00000 0.54000
66.00000 0.55200
67.00000 0.55200
68.00000 0.55200
69.00000 0.55200
70.00000 0.61200
71.00000 0.61200
72.00000 0.61200
73.00000 0.61200
74.00000 0.62400
75.00000 0.61200
76.00000 0.62400
77.00000 0.62400
78.00000 0.62400
79.00000 0.62400
80.00000 0.60000
81.00000 0.61200
82.00000 0.60000
83.00000 0.61200
84.00000 0.61200
85.00000 0.60000
86.00000 0.61200
87.00000 0.61200
88.00000 0.61200
89.00000 0.60000
90.00000 0.62400
91.00000 0.62400
92.00000 0.62400
93.00000 0.62400
94.00000 0.62400
95.00000 0.60000
96.00000 0.61200
97.00000 0.60000
98.00000 0.61200
99.00000 0.60000
100.00000 0.60000
101.00000 0.61200
102.00000 0.61200
103.00000 0.61200
104.00000 0.61200
105.00000 0.60000
106.00000 0.61200
107.00000 0.61200
108.00000 0.61200
109.00000 0.60000
110.00000 0.61200
111.00000 0.61200
112.00000 0.61200
113.00000 0.62400
114.00000 0.61200
115.00000 0.60000
116.00000 0.61200
117.00000 0.61200
118.00000 0.61200
119.00000 0.61200
120.00000 0.60000
121.00000 0.61200
122.00000 0.61200
123.00000 0.61200
124.00000 0.62400
125.00000 0.61200
126.00000 0.61200
127.00000 0.62400
128.00000 0.61200
129.00000 0.61200
130.00000 0.61200
131.00000 0.61200
132.00000 0.61200
133.00000 0.61200
134.00000 0.61200
135.00000 0.60000
136.00000 0.60000
137.00000 0.60000
138.00000 0.60000
139.00000 0.60000
140.00000 0.60000
141.00000 0.60000
142.00000 0.61200
143.00000 0.60000
144.00000 0.61200
145.00000 0.61200
146.00000 0.61200
147.00000 0.61200
148.00000 0.61200
149.00000 0.61200
150.00000 0.60000
151.00000 0.61200
152.00000 0.61200
153.00000 0.60000
154.00000 0.61200
155.00000 0.61200
156.00000 0.61200
157.00000 0.61200
158.00000 0.62400
159.00000 0.61200
160.00000 0.61200
161.00000 0.62400
162.00000 0.62400
163.00000 0.62400
164.00000 0.62400
165.00000 0.62400
166.00000 0.62400
167.00000 0.63600
168.00000 0.62400
169.00000 0.63600
170.00000 0.62400
171.00000 0.62400
172.00000 0.63600
173.00000 0.62400
174.00000 0.62400
175.00000 0.60000
176.00000 0.60000
177.00000 0.61200
178.00000 0.60000
179.00000 0.61200
180.00000 0.61200
181.00000 0.61200
182.00000 0.61200
183.00000 0.62400
184.00000 0.61200
185.00000 0.60000
186.00000 0.60000
187.00000 0.60000
188.00000 0.60000
189.00000 0.60000
190.00000 0.61200
191.00000 0.62400
192.00000 0.61200
193.00000 0.62400
194.00000 0.62400
195.00000 0.62400
196.00000 0.62400
197.00000 0.62400
198.00000 0.63600
199.00000 0.62400
200.00000 0.62400
201.00000 0.62400
202.00000 0.62400
203.00000 0.62400
204.00000 0.62400
205.00000 0.62400
206.00000 0.62400
207.00000 0.63600
208.00000 0.62400
209.00000 0.63600
210.00000 0.61200
211.00000 0.61200
212.00000 0.61200
213.00000 0.62400
214.00000 0.61200
215.00000 0.60000
216.00000 0.61200
217.00000 0.61200
218.00000 0.61200
219.00000 0.61200
220.00000 0.60000
221.00000 0.61200
222.00000 0.61200
223.00000 0.61200
224.00000 0.61200
225.00000 0.60000
226.00000 0.60000
227.00000 0.60000
228.00000 0.61200
229.00000 0.60000
230.00000 0.61200
231.00000 0.61200
232.00000 0.61200
233.00000 0.62400
234.00000 0.61200
235.00000 0.60000
236.00000 0.61200
237.00000 0.61200
238.00000 0.60000
239.00000 0.61200
240.00000 0.60000
241.00000 0.62400
242.00000 0.61200
243.00000 0.61200
244.00000 0.61200
245.00000 0.62400
246.00000 0.62400
247.00000 0.62400
248.00000 0.62400
249.00000 0.62400
250.00000 0.62400
251.00000 0.62400
252.00000 0.62400
253.00000 0.63600
254.00000 0.62400
255.00000 0.61200
256.00000 0.62400
257.00000 0.61200
258.00000 0.62400
259.00000 0.61200
260.00000 0.62400
261.00000 0.62400
262.00000 0.62400
263.00000 0.63600
264.00000 0.62400
265.00000 0.61200
266.00000 0.62400
267.00000 0.62400
268.00000 0.62400
269.00000 0.62400
270.00000 0.61200
271.00000 0.61200
272.00000 0.61200
273.00000 0.61200
274.00000 0.61200
275.00000 0.61200
276.00000 0.62400
277.00000 0.62400
278.00000 0.62400
279.00000 0.61200
280.00000 0.61200
281.00000 0.62400
282.00000 0.62400
283.00000 0.61200
284.00000 0.62400
285.00000 0.60000
286.00000 0.61200
287.00000 0.61200
288.00000 0.61200
289.00000 0.61200
290.00000 0.61200
291.00000 0.62400
292.00000 0.62400
293.00000 0.62400
294.00000 0.62400
295.00000 0.61200
296.00000 0.61200
297.00000 0.61200
298.00000 0.61200
299.00000 0.61200
300.00000 0.61200
301.00000 0.61200
302.00000 0.61200
303.00000 0.60000
304.00000 0.61200
305.00000 0.60000
306.00000 0.60000
307.00000 0.60000
308.00000 0.61200
309.00000 0.60000
310.00000 0.61200
311.00000 0.62400
312.00000 0.62400
313.00000 0.62400
314.00000 0.62400
315.00000 0.58800
316.00000 0.60000
317.00000 0.60000
318.00000 0.60000
