0.00000 1.20000
1.00000 1.20000
2.00000 1.20000
3.00000 1.20000
4.00000 1.20000
5.00000 1.18800
6.00000 1.17600
7.00000 1.18800
8.00000 1.18800
9.00000 1.18800
10.00000 1.14000
11.00000 1.15200
12.00000 1.15200
13.00000 1.15200
14.00000 1.15200
15.00000 1.12800
16.00000 1.12800
17.00000 1.12800
18.00000 1.12800
19.00000 1.12800
20.00000 1.28400
21.00000 1.29600
22.00000 1.28400
23.00000 1.28400
24.00000 1.29600
25.00000 1.21200
26.00000 1.21200
27.00000 1.22400
28.00000 1.22400
29.00000 1.22400
30.00000 1.23600
31.00000 1.23600
32.00000 1.23600
33.00000 1.23600
34.00000 1.23600
35.00000 1.20000
36.00000 1.22400
37.00000 1.21200
38.00000 1.21200
39.00000 1.22400
40.00000 1.17600
41.00000 1.20000
42.00000 1.18800
43.00000 1.20000
44.00000 1.18800
45.00000 1.20000
46.00000 1.20000
47.00000 1.21200
48.00000 1.20000
49.00000 1.20000
50.00000 1.15200
51.00000 1.16400
52.00000 1.16400
53.00000 1.15200
54.00000 1.16400
55.00000 1.23600
56.00000 1.23600
57.00000 1.24800
58.00000 1.24800
59.00000 1.23600
60.00000 1.18800
61.00000 1.18800
62.00000 1.18800
63.00000 1.18800
64.00000 1.18800
65.00000 1.08000
66.00000 1.09200
67.00000 1.08000
68.00000 1.09200
69.00000 1.08000
70.00000 1.22400
71.00000 1.23600
72.00000 1.22400
73.00000 1.22400
74.00000 1.23600
75.00000 1.24800
76.00000 1.26000
77.00000 1.26000
78.00000 1.27200
79.00000 1.26000
80.00000 1.24800
81.00000 1.26000
82.00000 1.24800
83.00000 1.26000
84.00000 1.24800
85.00000 1.27200
86.00000 1.27200
87.00000 1.27200
88.00000 1.28400
89.00000 1.27200
90.00000 1.21200
91.00000 1.22400
92.00000 1.21200
93.00000 1.22400
94.00000 1.22400
95.00000 1.18800
96.00000 1.20000
97.00000 1.20000
98.00000 1.18800
99.00000 1.20000
100.00000 1.21200
101.00000 1.22400
102.00000 1.22400
103.00000 1.21200
104.00000 1.22400
105.00000 1.21200
106.00000 1.22400
107.00000 1.21200
108.00000 1.22400
109.00000 1.22400
110.00000 1.10400
111.00000 1.12800
112.00000 1.11600
113.00000 1.12800
114.00000 1.11600
115.00000 1.17600
116.00000 1.16400
117.00000 1.17600
118.00000 1.17600
119.00000 1.17600
120.00000 1.20000
121.00000 1.20000
122.00000 1.21200
123.00000 1.21200
124.00000 1.20000
125.00000 1.26000
126.00000 1.26000
127.00000 1.26000
128.00000 1.26000
129.00000 1.26000
130.00000 1.18800
131.00000 1.18800
132.00000 1.20000
133.00000 1.18800
134.00000 1.18800
135.00000 1.22400
136.00000 1.23600
137.00000 1.23600
138.00000 1.22400
139.00000 1.23600
140.00000 1.21200
141.00000 1.21200
142.00000 1.21200
143.00000 1.21200
144.00000 1.21200
145.00000 1.24800
146.00000 1.24800
147.00000 1.26000
148.00000 1.24800
149.00000 1.24800
150.00000 0.63600
151.00000 0.62400
152.00000 0.63600
153.00000 0.62400
154.00000 0.63600
155.00000 0.62400
156.00000 0.63600
157.00000 0.63600
158.00000 0.63600
159.00000 0.63600
160.00000 0.60000
161.00000 0.62400
162.00000 0.61200
163.00000 0.61200
164.00000 0.62400
165.00000 0.62400
166.00000 0.63600
167.00000 0.63600
168.00000 0.64800
169.00000 0.63600
170.00000 0.60000
171.00000 0.62400
172.00000 0.61200
173.00000 0.61200
174.00000 0.61200
175.00000 0.62400
176.00000 0.62400
177.00000 0.61200
178.00000 0.62400
179.00000 0.62400
180.00000 0.62400
181.00000 0.63600
182.00000 0.63600
183.00000 0.63600
184.00000 0.63600
185.00000 0.58800
186.00000 0.61200
187.00000 0.60000
188.00000 0.60000
189.00000 0.60000
190.00000 0.63600
191.00000 0.62400
192.00000 0.62400
193.00000 0.63600
194.00000 0.62400
195.00000 0.62400
196.00000 0.63600
197.00000 0.63600
198.00000 0.63600
199.00000 0.64800
200.00000 0.61200
201.00000 0.62400
202.00000 0.62400
203.00000 0.62400
204.00000 0.62400
205.00000 0.63600
206.00000 0.63600
207.00000 0.62400
208.00000 0.63600
209.00000 0.63600
210.00000 0.62400
211.00000 0.62400
212.00000 0.63600
213.00000 0.63600
214.00000 0.62400
215.00000 0.62400
216.00000 0.61200
217.00000 0.62400
218.00000 0.61200
219.00000 0.61200
220.00000 0.63600
221.00000 0.63600
222.00000 0.63600
223.00000 0.63600
224.00000 0.63600
225.00000 0.61200
226.00000 0.61200
227.00000 0.62400
228.00000 0.61200
229.00000 0.62400
230.00000 0.61200
231.00000 0.62400
232.00000 0.63600
233.00000 0.62400
234.00000 0.62400
235.00000 0.61200
236.00000 0.61200
237.00000 0.62400
238.00000 0.62400
239.00000 0.61200
240.00000 0.61200
241.00000 0.60000
242.00000 0.60000
243.00000 0.61200
244.00000 0.60000
245.00000 0.62400
246.00000 0.62400
247.00000 0.62400
248.00000 0.62400
249.00000 0.61200
250.00000 0.62400
251.00000 0.62400
252.00000 0.62400
253.00000 0.63600
254.00000 0.62400
255.00000 0.61200
256.00000 0.63600
257.00000 0.62400
258.00000 0.62400
259.00000 0.63600
260.00000 0.61200
261.00000 0.62400
262.00000 0.62400
263.00000 0.62400
264.00000 0.62400
265.00000 0.62400
266.00000 0.63600
267.00000 0.62400
268.00000 0.63600
269.00000 0.63600
270.00000 0.62400
271.00000 0.63600
272.00000 0.62400
273.00000 0.63600
274.00000 0.63600
275.00000 0.61200
276.00000 0.62400
277.00000 0.62400
278.00000 0.62400
279.00000 0.62400
280.00000 0.62400
281.00000 0.62400
282.00000 0.62400
283.00000 0.63600
284.00000 0.62400
285.00000 0.62400
286.00000 0.62400
287.00000 0.62400
288.00000 0.62400
289.00000 0.62400
290.00000 0.61200
291.00000 0.63600
292.00000 0.62400
293.00000 0.62400
294.00000 0.62400
295.00000 0.63600
296.00000 0.63600
297.00000 0.62400
298.00000 0.63600
299.00000 0.63600
300.00000 0.63600
301.00000 0.63600
302.00000 0.64800
303.00000 0.64800
304.00000 0.63600
305.00000 0.63600
306.00000 0.62400
307.00000 0.63600
308.00000 0.62400
309.00000 0.63600
310.00000 0.44400
311.00000 0.44400
312.00000 0.45600
313.00000 0.44400
314.00000 0.45600
315.00000 0.52800
316.00000 0.54000
317.00000 0.54000
318.00000 0.54000
