0.00000 0.55806
5.00000 0.55965
10.00000 0.54676
15.00000 0.54741
20.00000 0.54971
25.00000 0.56874
30.00000 0.54873
35.00000 0.54556
40.00000 0.56492
45.00000 0.56154
50.00000 0.56055
55.00000 0.56018
60.00000 0.55050
65.00000 0.55498
70.00000 0.56598
75.00000 0.54523
80.00000 0.55723
85.00000 0.55850
90.00000 0.54758
95.00000 0.56193
100.00000 0.55847
105.00000 0.56666
110.00000 0.41884
115.00000 0.55039
120.00000 0.54600
125.00000 0.56290
130.00000 0.54706
135.00000 0.40910
140.00000 0.55180
145.00000 0.55348
150.00000 0.56406
155.00000 0.56717
160.00000 0.49664
165.00000 0.56066
170.00000 0.55584
175.00000 0.56405
180.00000 0.56252
185.00000 0.54804
190.00000 0.55940
195.00000 0.53249
200.00000 0.54995
205.00000 0.56613
210.00000 0.44847
215.00000 0.42625
220.00000 0.55831
225.00000 0.51559
230.00000 0.56238
235.00000 0.55810
240.00000 0.56278
245.00000 0.55686
250.00000 0.52194
255.00000 0.51763
260.00000 0.51941
265.00000 0.48178
270.00000 0.46256
275.00000 0.44799
280.00000 0.52558
285.00000 0.00000
290.00000 0.50515
295.00000 0.51195
300.00000 0.45599
305.00000 0.51462
310.00000 0.51861
315.00000 0.24602
320.00000 0.48738
