1.00000 52.50000
2.00000 45.40000
3.00000 61.90000
4.00000 51.10000
5.00000 54.70000
6.00000 46.90000
7.00000 47.40000
8.00000 28.50000
9.00000 28.00000
10.00000 15.25000
11.00000 16.29000
12.00000 17.84000
13.00000 14.22000
14.00000 6.59000
15.00000 16.81000
16.00000 7.63000
17.00000 32.50000
18.00000 7.63000
19.00000 24.90000
20.00000 0.00000
21.00000 0.52000
22.00000 0.52000
23.00000 1.55000
24.00000 6.59000
25.00000 1.04000
26.00000 1.55000
27.00000 0.52000
28.00000 0.00000
29.00000 1.55000
30.00000 0.52000
31.00000 1.55000
32.00000 1.04000
33.00000 0.00000
34.00000 0.52000
35.00000 0.00000
36.00000 6.07000
37.00000 6.07000
38.00000 0.52000
39.00000 1.55000
40.00000 0.00000
41.00000 0.52000
42.00000 0.52000
43.00000 0.52000
44.00000 1.04000
45.00000 6.07000
46.00000 0.00000
47.00000 1.04000
48.00000 1.04000
49.00000 1.04000
50.00000 0.52000
51.00000 0.52000
52.00000 0.52000
53.00000 0.00000
54.00000 0.52000
55.00000 0.52000
56.00000 0.52000
57.00000 0.52000
58.00000 1.04000
59.00000 0.00000
60.00000 1.55000
61.00000 1.55000
62.00000 6.07000
63.00000 0.52000
64.00000 6.07000
65.00000 7.63000
66.00000 8.15000
67.00000 13.18000
68.00000 7.11000
69.00000 8.66000
70.00000 8.15000
71.00000 13.70000
72.00000 16.29000
73.00000 15.77000
74.00000 0.00000
75.00000 24.90000
76.00000 7.11000
77.00000 16.81000
78.00000 13.70000
79.00000 15.77000
80.00000 16.81000
81.00000 15.77000
82.00000 15.77000
83.00000 13.70000
84.00000 14.22000
85.00000 1.04000
86.00000 7.63000
87.00000 6.07000
88.00000 0.52000
89.00000 6.59000
90.00000 0.52000
91.00000 6.07000
92.00000 1.04000
93.00000 6.07000
94.00000 8.15000
95.00000 14.74000
96.00000 8.66000
97.00000 13.70000
98.00000 8.66000
99.00000 13.70000
100.00000 17.84000
101.00000 45.40000
102.00000 55.70000
103.00000 62.90000
104.00000 81.80000
105.00000 81.80000
106.00000 71.30000
107.00000 74.50000
108.00000 90.20000
109.00000 88.10000
110.00000 66.10000
111.00000 88.80000
112.00000 65.00000
113.00000 67.90000
114.00000 54.00000
115.00000 65.40000
116.00000 66.10000
117.00000 63.70000
118.00000 65.30000
119.00000 65.00000
120.00000 66.10000
121.00000 65.50000
122.00000 66.10000
123.00000 89.20000
124.00000 43.00000
125.00000 59.90000
126.00000 63.00000
127.00000 51.60000
128.00000 49.00000
129.00000 53.60000
130.00000 57.30000
131.00000 51.60000
132.00000 51.60000
133.00000 45.40000
134.00000 45.40000
135.00000 43.80000
136.00000 7.11000
137.00000 44.80000
138.00000 45.90000
139.00000 47.40000
140.00000 42.80000
141.00000 35.70000
142.00000 45.90000
143.00000 25.90000
144.00000 34.60000
145.00000 28.50000
146.00000 64.50000
147.00000 56.80000
148.00000 55.20000
149.00000 59.90000
150.00000 62.50000
151.00000 52.10000
152.00000 51.60000
153.00000 47.40000
154.00000 50.00000
155.00000 49.50000
156.00000 51.10000
157.00000 43.80000
158.00000 27.00000
159.00000 47.40000
160.00000 45.40000
161.00000 45.40000
162.00000 42.20000
163.00000 42.20000
164.00000 16.29000
165.00000 13.70000
166.00000 17.84000
167.00000 17.84000
168.00000 15.25000
169.00000 15.77000
170.00000 8.15000
171.00000 1.55000
172.00000 26.40000
173.00000 7.11000
174.00000 0.52000
175.00000 6.59000
176.00000 1.04000
177.00000 0.52000
178.00000 13.70000
179.00000 15.77000
180.00000 1.55000
181.00000 1.04000
182.00000 1.55000
183.00000 0.00000
184.00000 1.55000
185.00000 0.52000
186.00000 1.04000
187.00000 6.07000
188.00000 6.07000
189.00000 1.55000
190.00000 6.07000
191.00000 7.11000
192.00000 16.29000
193.00000 16.29000
194.00000 16.81000
195.00000 24.40000
196.00000 14.22000
197.00000 6.59000
198.00000 1.04000
199.00000 6.07000
200.00000 8.15000
201.00000 1.55000
202.00000 15.25000
203.00000 13.18000
204.00000 8.66000
205.00000 14.22000
206.00000 8.15000
207.00000 1.04000
208.00000 7.63000
209.00000 13.70000
210.00000 14.22000
211.00000 14.22000
212.00000 14.74000
213.00000 14.22000
214.00000 14.74000
215.00000 8.66000
216.00000 7.63000
217.00000 6.07000
218.00000 8.66000
219.00000 13.70000
220.00000 7.11000
221.00000 7.11000
222.00000 1.55000
223.00000 13.18000
224.00000 13.18000
225.00000 15.25000
226.00000 15.25000
227.00000 16.29000
228.00000 14.22000
229.00000 41.70000
230.00000 41.70000
231.00000 28.50000
232.00000 33.60000
233.00000 32.50000
234.00000 42.20000
235.00000 28.00000
236.00000 13.70000
237.00000 26.40000
238.00000 25.40000
239.00000 24.40000
240.00000 17.33000
241.00000 1.04000
242.00000 27.00000
243.00000 14.22000
244.00000 8.66000
245.00000 16.81000
246.00000 8.15000
247.00000 25.90000
248.00000 33.10000
249.00000 27.00000
250.00000 16.81000
251.00000 36.70000
252.00000 36.00000
253.00000 14.74000
254.00000 13.70000
255.00000 8.66000
256.00000 8.66000
257.00000 13.70000
258.00000 15.77000
259.00000 17.84000
260.00000 16.81000
261.00000 15.25000
262.00000 0.00000
263.00000 17.33000
264.00000 34.60000
265.00000 24.90000
266.00000 42.20000
267.00000 35.70000
268.00000 42.20000
269.00000 34.10000
270.00000 33.60000
271.00000 42.20000
272.00000 44.30000
273.00000 53.10000
274.00000 56.80000
275.00000 61.90000
276.00000 65.60000
277.00000 57.80000
278.00000 45.90000
279.00000 54.20000
280.00000 51.60000
281.00000 53.60000
282.00000 35.10000
283.00000 44.30000
284.00000 25.90000
285.00000 26.40000
286.00000 24.40000
287.00000 28.00000
288.00000 34.60000
289.00000 17.33000
290.00000 56.20000
291.00000 17.33000
292.00000 42.80000
293.00000 36.70000
294.00000 35.10000
295.00000 41.70000
296.00000 34.60000
297.00000 35.70000
298.00000 35.60000
299.00000 13.18000
