1.00000 45.10000
2.00000 55.60000
3.00000 49.30000
4.00000 43.40000
5.00000 45.10000
6.00000 44.30000
7.00000 46.60000
8.00000 47.50000
9.00000 47.60000
10.00000 51.80000
11.00000 49.70000
12.00000 42.40000
13.00000 35.30000
14.00000 27.60000
15.00000 7.13000
16.00000 1.04000
17.00000 0.52000
18.00000 0.52000
19.00000 0.00000
20.00000 0.00000
21.00000 0.00000
22.00000 0.00000
23.00000 0.00000
24.00000 0.00000
25.00000 0.00000
26.00000 0.00000
27.00000 0.00000
28.00000 0.00000
29.00000 0.00000
30.00000 0.00000
31.00000 13.21000
32.00000 36.30000
33.00000 14.26000
34.00000 14.78000
35.00000 16.87000
36.00000 16.87000
37.00000 25.00000
38.00000 17.91000
39.00000 16.87000
40.00000 25.50000
41.00000 7.65000
42.00000 13.74000
43.00000 8.17000
44.00000 7.65000
45.00000 14.26000
46.00000 15.82000
47.00000 16.34000
48.00000 17.39000
49.00000 26.00000
50.00000 28.10000
51.00000 15.82000
52.00000 27.00000
53.00000 28.60000
54.00000 28.60000
55.00000 27.60000
56.00000 27.00000
57.00000 24.40000
58.00000 33.20000
59.00000 35.30000
60.00000 36.80000
61.00000 33.70000
62.00000 35.80000
63.00000 41.30000
64.00000 35.30000
65.00000 36.30000
66.00000 35.30000
67.00000 33.20000
68.00000 33.20000
69.00000 16.87000
70.00000 26.00000
71.00000 33.70000
72.00000 16.34000
73.00000 34.70000
74.00000 34.70000
75.00000 8.69000
76.00000 17.91000
77.00000 24.40000
78.00000 28.60000
79.00000 33.20000
80.00000 32.10000
81.00000 32.10000
82.00000 28.10000
83.00000 27.00000
84.00000 24.40000
85.00000 16.34000
86.00000 32.60000
87.00000 26.00000
88.00000 50.20000
89.00000 52.30000
90.00000 45.00000
91.00000 28.60000
92.00000 7.65000
93.00000 25.50000
94.00000 15.82000
95.00000 35.30000
96.00000 43.90000
97.00000 42.90000
98.00000 49.70000
99.00000 50.20000
100.00000 36.80000
101.00000 52.80000
102.00000 61.70000
103.00000 60.70000
104.00000 62.10000
105.00000 59.10000
106.00000 52.30000
107.00000 48.10000
108.00000 41.30000
109.00000 27.60000
110.00000 1.04000
111.00000 13.74000
112.00000 25.00000
113.00000 36.30000
114.00000 33.20000
115.00000 17.91000
116.00000 16.34000
117.00000 33.70000
118.00000 51.20000
119.00000 49.70000
120.00000 54.90000
121.00000 52.30000
122.00000 44.50000
123.00000 51.80000
124.00000 46.60000
125.00000 49.20000
126.00000 57.00000
127.00000 53.30000
128.00000 47.60000
129.00000 48.10000
130.00000 53.30000
131.00000 57.60000
132.00000 64.20000
133.00000 51.20000
134.00000 25.00000
135.00000 0.52000
136.00000 0.00000
137.00000 1.56000
138.00000 15.30000
139.00000 15.30000
140.00000 16.34000
141.00000 17.39000
142.00000 25.00000
143.00000 27.60000
144.00000 13.21000
145.00000 25.50000
146.00000 15.30000
147.00000 13.74000
148.00000 7.65000
149.00000 8.69000
150.00000 6.61000
151.00000 1.04000
152.00000 8.17000
153.00000 16.87000
154.00000 25.50000
155.00000 15.82000
156.00000 6.09000
157.00000 13.21000
158.00000 1.04000
159.00000 17.91000
160.00000 35.30000
161.00000 36.80000
162.00000 41.90000
163.00000 41.30000
164.00000 36.30000
165.00000 36.80000
166.00000 25.00000
167.00000 42.90000
168.00000 46.00000
169.00000 47.10000
170.00000 43.90000
171.00000 47.10000
172.00000 49.20000
173.00000 49.70000
174.00000 46.60000
175.00000 46.60000
176.00000 48.60000
177.00000 47.60000
178.00000 32.60000
179.00000 27.60000
180.00000 1.04000
181.00000 0.00000
182.00000 13.21000
183.00000 13.21000
184.00000 33.20000
185.00000 43.90000
186.00000 26.50000
187.00000 36.80000
188.00000 36.80000
189.00000 34.20000
190.00000 33.20000
191.00000 26.50000
192.00000 14.78000
193.00000 0.52000
194.00000 8.17000
195.00000 8.17000
196.00000 8.69000
197.00000 15.30000
198.00000 6.61000
199.00000 7.13000
200.00000 8.17000
201.00000 16.34000
202.00000 17.39000
203.00000 14.26000
204.00000 25.50000
205.00000 25.00000
206.00000 15.82000
207.00000 8.17000
208.00000 17.39000
209.00000 15.30000
210.00000 13.74000
211.00000 25.50000
212.00000 16.34000
213.00000 25.50000
214.00000 16.34000
215.00000 28.10000
216.00000 16.87000
217.00000 16.87000
218.00000 13.21000
219.00000 1.56000
220.00000 0.52000
221.00000 1.04000
222.00000 0.00000
223.00000 0.00000
224.00000 0.00000
225.00000 0.52000
226.00000 32.10000
227.00000 0.00000
228.00000 0.00000
229.00000 0.00000
230.00000 0.52000
231.00000 0.00000
232.00000 0.52000
233.00000 0.00000
234.00000 0.52000
235.00000 0.00000
236.00000 0.00000
237.00000 0.00000
238.00000 0.00000
239.00000 0.00000
240.00000 0.00000
241.00000 0.00000
242.00000 0.00000
243.00000 1.04000
244.00000 1.04000
245.00000 7.13000
246.00000 14.26000
247.00000 25.00000
248.00000 25.50000
249.00000 28.60000
250.00000 14.26000
251.00000 17.39000
252.00000 26.50000
253.00000 25.50000
254.00000 35.30000
255.00000 42.90000
256.00000 43.40000
257.00000 44.50000
258.00000 43.40000
259.00000 42.90000
260.00000 49.20000
261.00000 46.60000
262.00000 28.60000
263.00000 26.00000
264.00000 15.82000
265.00000 25.00000
266.00000 25.00000
267.00000 44.50000
268.00000 46.60000
269.00000 48.10000
270.00000 43.40000
271.00000 41.30000
272.00000 34.70000
273.00000 51.80000
274.00000 42.40000
275.00000 52.80000
276.00000 34.20000
277.00000 45.00000
278.00000 32.70000
279.00000 61.10000
280.00000 47.60000
281.00000 55.90000
282.00000 50.70000
283.00000 58.50000
284.00000 49.20000
285.00000 57.50000
286.00000 46.00000
287.00000 27.60000
288.00000 36.80000
289.00000 43.90000
290.00000 50.70000
291.00000 49.20000
292.00000 6.09000
293.00000 0.00000
294.00000 1.04000
295.00000 1.56000
296.00000 26.00000
297.00000 42.90000
298.00000 35.80000
299.00000 13.21000
300.00000 1.04000
301.00000 34.20000
302.00000 28.10000
303.00000 25.00000
304.00000 34.20000
305.00000 27.00000
306.00000 17.91000
307.00000 32.60000
308.00000 17.39000
309.00000 34.10000
310.00000 1.56000
