1.00000 17.39000
2.00000 17.39000
3.00000 16.36000
4.00000 17.37000
5.00000 17.39000
6.00000 8.69000
7.00000 8.69000
8.00000 14.81000
9.00000 24.40000
10.00000 6.61000
11.00000 14.78000
12.00000 7.13000
13.00000 8.17000
14.00000 15.82000
15.00000 16.34000
16.00000 26.60000
17.00000 34.70000
18.00000 17.39000
19.00000 13.21000
20.00000 17.91000
21.00000 16.87000
22.00000 13.74000
23.00000 7.13000
24.00000 8.69000
25.00000 8.17000
26.00000 8.69000
27.00000 13.21000
28.00000 16.34000
29.00000 14.78000
30.00000 15.30000
31.00000 8.17000
32.00000 16.89000
33.00000 26.00000
34.00000 13.74000
35.00000 8.17000
36.00000 7.13000
37.00000 8.17000
38.00000 15.82000
39.00000 25.50000
40.00000 24.50000
41.00000 16.84000
42.00000 13.74000
43.00000 17.91000
44.00000 17.91000
45.00000 17.39000
46.00000 25.00000
47.00000 15.82000
48.00000 25.50000
49.00000 13.75000
50.00000 24.40000
51.00000 17.91000
52.00000 16.87000
53.00000 13.74000
54.00000 14.26000
55.00000 16.34000
56.00000 24.40000
57.00000 13.21000
58.00000 7.65000
59.00000 7.65000
60.00000 8.17000
61.00000 7.65000
62.00000 6.61000
63.00000 6.09000
64.00000 8.17000
65.00000 1.04000
66.00000 13.21000
67.00000 8.69000
68.00000 13.21000
69.00000 8.17000
70.00000 13.21000
71.00000 15.82000
72.00000 15.82000
73.00000 15.30000
74.00000 14.26000
75.00000 15.82000
76.00000 15.32000
77.00000 17.89000
78.00000 14.26000
79.00000 15.30000
80.00000 13.24000
81.00000 17.89000
82.00000 17.91000
83.00000 16.87000
84.00000 16.89000
85.00000 34.80000
86.00000 24.30000
87.00000 24.40000
88.00000 17.38000
89.00000 34.80000
90.00000 25.50000
91.00000 16.22000
92.00000 13.21000
93.00000 15.82000
94.00000 15.32000
95.00000 24.90000
96.00000 17.91000
97.00000 16.37000
98.00000 16.33000
99.00000 16.85000
100.00000 15.30000
101.00000 13.74000
102.00000 13.74000
103.00000 7.13000
104.00000 13.74000
105.00000 13.21000
106.00000 8.69000
107.00000 8.69000
108.00000 0.52000
109.00000 13.21000
110.00000 8.17000
111.00000 14.78000
112.00000 7.13000
113.00000 7.65000
114.00000 1.56000
115.00000 7.13000
116.00000 7.13000
117.00000 0.52000
118.00000 8.69000
119.00000 8.17000
120.00000 7.65000
121.00000 13.74000
122.00000 8.69000
123.00000 15.30000
124.00000 13.21000
125.00000 8.17000
126.00000 7.13000
127.00000 13.21000
128.00000 14.78000
129.00000 8.69000
130.00000 13.23000
131.00000 17.38000
132.00000 14.78000
133.00000 25.50000
134.00000 14.78000
135.00000 13.21000
136.00000 14.26000
137.00000 15.82000
138.00000 16.37000
139.00000 43.50000
140.00000 35.70000
141.00000 14.78000
142.00000 27.60000
143.00000 24.40000
144.00000 7.13000
145.00000 15.30000
146.00000 6.09000
147.00000 15.82000
148.00000 16.34000
149.00000 13.21000
150.00000 14.26000
151.00000 14.26000
152.00000 13.21000
153.00000 15.30000
154.00000 7.13000
155.00000 8.17000
156.00000 8.17000
157.00000 7.65000
158.00000 7.13000
159.00000 7.13000
160.00000 6.09000
161.00000 1.56000
162.00000 7.13000
163.00000 1.56000
164.00000 8.17000
165.00000 7.65000
166.00000 6.09000
167.00000 0.00000
168.00000 1.04000
169.00000 6.61000
170.00000 7.13000
171.00000 1.56000
172.00000 6.61000
173.00000 7.65000
174.00000 8.69000
175.00000 26.00000
176.00000 27.00000
177.00000 32.10000
178.00000 33.70000
179.00000 1.04000
180.00000 1.56000
181.00000 32.60000
182.00000 36.30000
183.00000 36.80000
184.00000 42.40000
185.00000 41.90000
186.00000 44.10000
187.00000 44.10000
188.00000 55.60000
189.00000 44.10000
190.00000 55.60000
191.00000 55.60000
192.00000 44.10000
193.00000 67.10000
194.00000 55.60000
195.00000 71.30000
196.00000 68.20000
197.00000 78.70000
198.00000 60.80000
199.00000 59.60000
200.00000 60.10000
201.00000 63.20000
202.00000 63.80000
203.00000 52.30000
204.00000 50.70000
205.00000 55.90000
206.00000 55.90000
207.00000 54.40000
208.00000 58.00000
209.00000 59.10000
210.00000 60.10000
211.00000 59.60000
212.00000 59.60000
213.00000 63.40000
214.00000 64.70000
215.00000 60.60000
216.00000 54.90000
217.00000 59.10000
218.00000 60.20000
219.00000 70.00000
220.00000 43.80000
221.00000 63.80000
222.00000 65.40000
223.00000 65.20000
224.00000 65.80000
225.00000 62.70000
226.00000 61.30000
227.00000 66.20000
228.00000 64.80000
229.00000 61.20000
230.00000 58.50000
231.00000 57.00000
232.00000 60.20000
233.00000 66.10000
234.00000 66.10000
235.00000 66.10000
236.00000 66.60000
237.00000 57.00000
238.00000 51.80000
239.00000 48.20000
240.00000 63.70000
241.00000 64.40000
242.00000 66.10000
243.00000 65.50000
244.00000 61.20000
245.00000 62.20000
246.00000 65.80000
247.00000 63.80000
248.00000 65.00000
249.00000 66.10000
250.00000 63.80000
251.00000 64.40000
252.00000 65.20000
253.00000 62.70000
254.00000 65.80000
255.00000 65.80000
256.00000 65.80000
257.00000 63.20000
258.00000 59.70000
259.00000 62.60000
260.00000 60.20000
261.00000 63.10000
262.00000 64.30000
263.00000 58.00000
264.00000 58.00000
265.00000 57.50000
266.00000 56.50000
267.00000 57.00000
268.00000 58.50000
269.00000 60.10000
270.00000 63.20000
271.00000 64.30000
272.00000 36.30000
273.00000 52.80000
274.00000 44.50000
275.00000 55.90000
276.00000 62.70000
277.00000 65.30000
278.00000 67.10000
279.00000 66.10000
280.00000 64.80000
281.00000 65.30000
282.00000 65.30000
283.00000 63.80000
284.00000 65.30000
285.00000 66.40000
286.00000 66.40000
287.00000 64.80000
288.00000 65.30000
289.00000 65.30000
290.00000 66.00000
291.00000 66.10000
292.00000 66.10000
293.00000 65.70000
294.00000 65.80000
295.00000 65.00000
296.00000 65.60000
297.00000 66.10000
298.00000 33.30000
299.00000 0.00000
