1.00000 1.28000
2.00000 0.52000
3.00000 1.04000
4.00000 0.52000
5.00000 1.04000
6.00000 1.04000
7.00000 0.52000
8.00000 1.56000
9.00000 0.52000
10.00000 0.52000
11.00000 0.52000
12.00000 0.00000
13.00000 1.04000
14.00000 0.52000
15.00000 0.52000
16.00000 0.52000
17.00000 0.52000
18.00000 0.52000
19.00000 0.52000
20.00000 0.52000
21.00000 0.52000
22.00000 1.04000
23.00000 1.04000
24.00000 0.52000
25.00000 0.52000
26.00000 0.52000
27.00000 1.04000
28.00000 0.52000
29.00000 0.52000
30.00000 0.52000
31.00000 1.04000
32.00000 0.52000
33.00000 0.52000
34.00000 0.52000
35.00000 1.04000
36.00000 0.52000
37.00000 1.04000
38.00000 0.52000
39.00000 0.00000
40.00000 1.04000
41.00000 0.52000
42.00000 0.00000
43.00000 0.52000
44.00000 0.00000
45.00000 0.52000
46.00000 0.52000
47.00000 0.52000
48.00000 0.52000
49.00000 0.00000
50.00000 0.52000
51.00000 0.52000
52.00000 0.52000
53.00000 0.52000
54.00000 0.52000
55.00000 0.52000
56.00000 0.52000
57.00000 0.00000
58.00000 0.52000
59.00000 1.04000
60.00000 0.52000
61.00000 1.04000
62.00000 0.52000
63.00000 0.52000
64.00000 0.52000
65.00000 0.00000
66.00000 1.04000
67.00000 0.00000
68.00000 1.04000
69.00000 0.52000
70.00000 0.52000
71.00000 1.04000
72.00000 1.04000
73.00000 1.04000
74.00000 1.04000
75.00000 1.56000
76.00000 0.52000
77.00000 7.13000
78.00000 0.52000
79.00000 0.52000
80.00000 1.56000
81.00000 1.56000
82.00000 1.56000
83.00000 1.56000
84.00000 6.09000
85.00000 1.04000
86.00000 1.04000
87.00000 1.56000
88.00000 1.04000
89.00000 1.04000
90.00000 0.52000
91.00000 1.04000
92.00000 0.52000
93.00000 0.52000
94.00000 1.04000
95.00000 1.04000
96.00000 1.04000
97.00000 6.09000
98.00000 1.04000
99.00000 1.04000
100.00000 0.52000
101.00000 1.04000
102.00000 0.52000
103.00000 0.52000
104.00000 0.52000
105.00000 0.52000
106.00000 0.52000
107.00000 0.00000
108.00000 0.52000
109.00000 0.52000
110.00000 0.52000
111.00000 0.52000
112.00000 0.52000
113.00000 0.52000
114.00000 0.00000
115.00000 1.04000
116.00000 0.52000
117.00000 0.00000
118.00000 1.04000
119.00000 1.04000
120.00000 1.56000
121.00000 1.04000
122.00000 1.04000
123.00000 1.56000
124.00000 1.56000
125.00000 0.52000
126.00000 1.04000
127.00000 0.52000
128.00000 1.04000
129.00000 1.04000
130.00000 1.04000
131.00000 1.04000
132.00000 1.04000
133.00000 0.52000
134.00000 1.04000
135.00000 0.52000
136.00000 0.52000
137.00000 1.04000
138.00000 1.04000
139.00000 1.04000
140.00000 1.04000
141.00000 1.04000
142.00000 0.52000
143.00000 1.04000
144.00000 1.56000
145.00000 1.04000
146.00000 1.04000
147.00000 1.04000
148.00000 1.04000
149.00000 0.52000
150.00000 1.04000
151.00000 0.52000
152.00000 1.56000
153.00000 1.04000
154.00000 0.52000
155.00000 1.04000
156.00000 1.04000
157.00000 1.56000
158.00000 1.04000
159.00000 1.04000
160.00000 1.04000
161.00000 1.56000
162.00000 1.56000
163.00000 1.04000
164.00000 1.04000
165.00000 1.56000
166.00000 6.09000
167.00000 0.52000
168.00000 1.56000
169.00000 1.04000
170.00000 0.52000
171.00000 1.04000
172.00000 0.00000
173.00000 1.04000
174.00000 1.04000
175.00000 0.52000
176.00000 1.04000
177.00000 0.52000
178.00000 1.04000
179.00000 1.04000
180.00000 0.52000
181.00000 0.52000
182.00000 1.04000
183.00000 0.00000
184.00000 1.04000
185.00000 0.52000
186.00000 1.04000
187.00000 1.04000
188.00000 1.04000
189.00000 0.00000
190.00000 1.04000
191.00000 0.00000
192.00000 0.52000
193.00000 1.04000
194.00000 0.52000
195.00000 1.04000
196.00000 1.04000
197.00000 1.56000
198.00000 1.04000
199.00000 0.52000
200.00000 0.52000
201.00000 6.09000
202.00000 1.04000
203.00000 1.04000
204.00000 1.56000
205.00000 1.56000
206.00000 0.52000
207.00000 1.56000
208.00000 0.52000
209.00000 1.04000
210.00000 1.04000
211.00000 1.04000
212.00000 1.04000
213.00000 0.52000
214.00000 1.04000
215.00000 1.04000
216.00000 1.04000
217.00000 1.04000
218.00000 1.04000
219.00000 1.04000
220.00000 1.56000
221.00000 1.04000
222.00000 1.56000
223.00000 0.00000
224.00000 6.09000
225.00000 0.52000
226.00000 1.56000
227.00000 1.56000
228.00000 1.04000
229.00000 1.56000
230.00000 1.56000
231.00000 1.56000
232.00000 1.56000
233.00000 6.09000
234.00000 1.04000
235.00000 6.09000
236.00000 7.65000
237.00000 6.09000
238.00000 6.61000
239.00000 7.13000
240.00000 8.17000
241.00000 1.04000
242.00000 0.52000
243.00000 7.65000
244.00000 0.52000
245.00000 0.52000
246.00000 1.56000
247.00000 1.04000
248.00000 1.04000
249.00000 0.52000
250.00000 1.04000
251.00000 1.04000
252.00000 1.04000
253.00000 1.04000
254.00000 1.56000
255.00000 0.52000
256.00000 1.04000
257.00000 0.52000
258.00000 1.04000
259.00000 1.04000
260.00000 1.04000
261.00000 1.04000
262.00000 1.04000
263.00000 6.61000
264.00000 6.61000
265.00000 8.17000
266.00000 8.69000
267.00000 8.69000
268.00000 6.09000
269.00000 7.13000
270.00000 6.61000
271.00000 6.09000
272.00000 6.09000
273.00000 6.61000
274.00000 6.09000
275.00000 6.09000
276.00000 6.61000
277.00000 1.04000
278.00000 1.04000
279.00000 1.56000
280.00000 1.56000
281.00000 1.56000
282.00000 1.56000
283.00000 0.52000
284.00000 1.04000
285.00000 1.04000
286.00000 0.52000
287.00000 1.56000
288.00000 0.52000
289.00000 0.52000
290.00000 6.09000
291.00000 1.04000
292.00000 0.52000
293.00000 1.04000
294.00000 1.04000
295.00000 0.52000
296.00000 0.52000
297.00000 1.04000
298.00000 1.04000
299.00000 1.04000
