1.00000 34.80000
2.00000 33.80000
3.00000 35.90000
4.00000 28.80000
5.00000 15.30000
6.00000 1.56000
7.00000 16.34000
8.00000 6.09000
9.00000 7.13000
10.00000 15.30000
11.00000 13.21000
12.00000 8.17000
13.00000 7.13000
14.00000 8.69000
15.00000 6.09000
16.00000 14.26000
17.00000 6.61000
18.00000 7.13000
19.00000 6.61000
20.00000 7.65000
21.00000 13.21000
22.00000 7.13000
23.00000 14.78000
24.00000 14.78000
25.00000 8.17000
26.00000 15.30000
27.00000 13.74000
28.00000 14.26000
29.00000 16.34000
30.00000 15.30000
31.00000 6.09000
32.00000 15.30000
33.00000 7.65000
34.00000 15.30000
35.00000 16.87000
36.00000 15.82000
37.00000 15.82000
38.00000 17.91000
39.00000 14.78000
40.00000 6.61000
41.00000 16.87000
42.00000 17.39000
43.00000 8.17000
44.00000 26.00000
45.00000 46.20000
46.00000 33.80000
47.00000 24.70000
48.00000 26.60000
49.00000 46.20000
50.00000 33.80000
51.00000 47.20000
52.00000 46.20000
53.00000 46.20000
54.00000 43.80000
55.00000 34.80000
56.00000 42.70000
57.00000 46.20000
58.00000 47.20000
59.00000 41.10000
60.00000 47.20000
61.00000 42.20000
62.00000 35.90000
63.00000 46.20000
64.00000 46.20000
65.00000 35.90000
66.00000 28.10000
67.00000 46.00000
68.00000 32.70000
69.00000 46.20000
70.00000 46.20000
71.00000 46.20000
72.00000 28.10000
73.00000 32.70000
74.00000 33.60000
75.00000 33.80000
76.00000 45.90000
77.00000 28.10000
78.00000 28.60000
79.00000 46.20000
80.00000 54.60000
81.00000 46.20000
82.00000 54.60000
83.00000 54.60000
84.00000 46.20000
85.00000 46.20000
86.00000 54.60000
87.00000 46.20000
88.00000 62.90000
89.00000 56.70000
90.00000 62.90000
91.00000 54.60000
92.00000 74.50000
93.00000 51.40000
94.00000 53.90000
95.00000 62.10000
96.00000 61.90000
97.00000 88.10000
98.00000 66.80000
99.00000 74.50000
100.00000 67.30000
101.00000 84.20000
102.00000 66.10000
103.00000 83.30000
104.00000 65.10000
105.00000 61.70000
106.00000 50.70000
107.00000 54.90000
108.00000 51.30000
109.00000 58.50000
110.00000 47.60000
111.00000 43.40000
112.00000 65.80000
113.00000 54.50000
114.00000 90.20000
115.00000 69.20000
116.00000 88.10000
117.00000 67.10000
118.00000 66.10000
119.00000 93.20000
120.00000 66.10000
121.00000 64.80000
122.00000 65.30000
123.00000 65.00000
124.00000 77.60000
125.00000 51.70000
126.00000 55.50000
127.00000 89.20000
128.00000 66.10000
129.00000 93.40000
130.00000 92.30000
131.00000 90.20000
132.00000 92.30000
133.00000 113.30000
134.00000 91.30000
135.00000 110.10000
136.00000 112.20000
137.00000 89.20000
138.00000 91.30000
139.00000 75.50000
140.00000 57.10000
141.00000 57.00000
142.00000 49.70000
143.00000 51.20000
144.00000 55.40000
145.00000 48.10000
146.00000 27.00000
147.00000 46.00000
148.00000 27.00000
149.00000 17.91000
150.00000 15.30000
151.00000 42.40000
152.00000 28.10000
153.00000 24.40000
154.00000 25.50000
155.00000 16.87000
156.00000 16.87000
157.00000 16.87000
158.00000 17.39000
159.00000 17.91000
160.00000 25.50000
161.00000 13.21000
162.00000 32.60000
163.00000 33.20000
164.00000 36.80000
165.00000 51.80000
166.00000 57.10000
167.00000 91.30000
168.00000 88.30000
169.00000 76.60000
170.00000 92.30000
171.00000 67.10000
172.00000 65.00000
173.00000 66.10000
174.00000 89.20000
175.00000 89.20000
176.00000 89.20000
177.00000 89.20000
178.00000 92.10000
179.00000 75.50000
180.00000 88.10000
181.00000 112.20000
182.00000 114.30000
183.00000 114.30000
184.00000 90.20000
185.00000 112.20000
186.00000 90.20000
187.00000 110.10000
188.00000 70.30000
189.00000 89.20000
190.00000 89.20000
191.00000 88.10000
192.00000 91.30000
193.00000 89.20000
194.00000 111.20000
195.00000 91.30000
196.00000 89.20000
197.00000 89.20000
198.00000 72.40000
199.00000 85.40000
200.00000 67.10000
201.00000 89.20000
202.00000 89.20000
203.00000 112.20000
204.00000 67.10000
205.00000 89.20000
206.00000 89.20000
207.00000 112.20000
208.00000 90.20000
209.00000 97.50000
210.00000 112.20000
211.00000 90.20000
212.00000 89.20000
213.00000 89.20000
214.00000 89.20000
215.00000 113.30000
216.00000 113.30000
217.00000 92.30000
218.00000 113.30000
219.00000 113.30000
220.00000 112.20000
221.00000 113.30000
222.00000 90.20000
223.00000 113.30000
224.00000 89.20000
225.00000 99.60000
226.00000 90.20000
227.00000 90.20000
228.00000 90.20000
229.00000 66.10000
230.00000 88.10000
231.00000 67.10000
232.00000 65.40000
233.00000 62.20000
234.00000 51.90000
235.00000 90.20000
236.00000 112.20000
237.00000 92.30000
238.00000 89.20000
239.00000 89.20000
240.00000 65.30000
241.00000 7.65000
242.00000 55.60000
243.00000 89.20000
244.00000 91.30000
245.00000 66.10000
246.00000 90.20000
247.00000 111.20000
248.00000 118.50000
249.00000 89.20000
250.00000 90.20000
251.00000 89.20000
252.00000 91.30000
253.00000 113.30000
254.00000 89.20000
255.00000 114.30000
256.00000 92.30000
257.00000 112.20000
258.00000 68.20000
259.00000 89.20000
260.00000 112.20000
261.00000 89.20000
262.00000 114.30000
263.00000 89.20000
264.00000 112.20000
265.00000 88.10000
266.00000 90.20000
267.00000 112.20000
268.00000 65.00000
269.00000 90.20000
270.00000 90.20000
271.00000 111.20000
272.00000 91.30000
273.00000 89.20000
274.00000 90.20000
275.00000 114.30000
276.00000 89.20000
277.00000 66.10000
278.00000 90.20000
279.00000 87.10000
280.00000 69.20000
281.00000 67.10000
282.00000 90.20000
283.00000 65.00000
284.00000 89.20000
285.00000 89.20000
286.00000 89.20000
287.00000 88.10000
288.00000 88.20000
289.00000 74.50000
290.00000 88.10000
291.00000 89.20000
292.00000 89.20000
293.00000 112.20000
294.00000 89.20000
295.00000 89.20000
296.00000 91.30000
297.00000 52.00000
298.00000 34.10000
299.00000 6.61000
