1.00000 47.20000
2.00000 46.20000
3.00000 53.50000
4.00000 42.00000
5.00000 43.00000
6.00000 41.00000
7.00000 52.50000
8.00000 43.00000
9.00000 42.00000
10.00000 52.50000
11.00000 44.10000
12.00000 44.10000
13.00000 55.60000
14.00000 44.10000
15.00000 44.10000
16.00000 60.50000
17.00000 49.20000
18.00000 50.10000
19.00000 32.10000
20.00000 51.30000
21.00000 56.40000
22.00000 56.50000
23.00000 48.10000
24.00000 51.80000
25.00000 51.20000
26.00000 48.60000
27.00000 46.60000
28.00000 43.90000
29.00000 45.50000
30.00000 48.60000
31.00000 51.20000
32.00000 50.20000
33.00000 48.60000
34.00000 51.20000
35.00000 48.60000
36.00000 50.20000
37.00000 51.80000
38.00000 50.20000
39.00000 50.70000
40.00000 27.60000
41.00000 48.60000
42.00000 48.10000
43.00000 49.70000
44.00000 52.30000
45.00000 47.60000
46.00000 53.30000
47.00000 47.10000
48.00000 50.70000
49.00000 48.10000
50.00000 53.90000
51.00000 49.70000
52.00000 49.20000
53.00000 49.20000
54.00000 50.70000
55.00000 50.70000
56.00000 34.80000
57.00000 55.40000
58.00000 48.60000
59.00000 48.10000
60.00000 46.00000
61.00000 47.10000
62.00000 51.20000
63.00000 46.00000
64.00000 25.00000
65.00000 45.50000
66.00000 48.60000
67.00000 47.60000
68.00000 48.10000
69.00000 55.90000
70.00000 54.40000
71.00000 51.80000
72.00000 55.40000
73.00000 54.90000
74.00000 58.00000
75.00000 54.40000
76.00000 57.50000
77.00000 58.00000
78.00000 52.80000
79.00000 51.80000
80.00000 35.80000
81.00000 60.10000
82.00000 51.20000
83.00000 50.70000
84.00000 59.10000
85.00000 62.30000
86.00000 64.20000
87.00000 62.20000
88.00000 62.20000
89.00000 57.50000
90.00000 59.10000
91.00000 36.30000
92.00000 53.90000
93.00000 61.80000
94.00000 60.60000
95.00000 65.20000
96.00000 61.20000
97.00000 61.70000
98.00000 61.70000
99.00000 76.80000
100.00000 63.20000
101.00000 42.90000
102.00000 62.80000
103.00000 64.70000
104.00000 64.30000
105.00000 64.30000
106.00000 61.70000
107.00000 65.30000
108.00000 61.70000
109.00000 60.60000
110.00000 61.70000
111.00000 59.60000
112.00000 62.70000
113.00000 60.10000
114.00000 55.40000
115.00000 58.00000
116.00000 43.40000
117.00000 50.70000
118.00000 54.90000
119.00000 0.52000
120.00000 1.56000
121.00000 48.30000
122.00000 67.10000
123.00000 65.50000
124.00000 57.00000
125.00000 34.20000
126.00000 52.30000
127.00000 32.60000
128.00000 26.00000
129.00000 26.50000
130.00000 45.50000
131.00000 55.90000
132.00000 49.70000
133.00000 36.30000
134.00000 47.10000
135.00000 51.80000
136.00000 54.40000
137.00000 49.30000
138.00000 67.10000
139.00000 89.20000
140.00000 90.20000
141.00000 66.10000
142.00000 65.50000
143.00000 79.70000
144.00000 68.20000
145.00000 89.20000
146.00000 91.30000
147.00000 89.20000
148.00000 66.80000
149.00000 54.90000
150.00000 47.10000
151.00000 42.90000
152.00000 58.70000
153.00000 65.60000
154.00000 35.80000
155.00000 36.80000
156.00000 33.70000
157.00000 53.30000
158.00000 46.60000
159.00000 48.60000
160.00000 52.30000
161.00000 53.90000
162.00000 51.20000
163.00000 52.80000
164.00000 51.80000
165.00000 54.90000
166.00000 52.80000
167.00000 56.50000
168.00000 57.00000
169.00000 36.80000
170.00000 55.90000
171.00000 61.70000
172.00000 60.20000
173.00000 65.20000
174.00000 64.30000
175.00000 60.60000
176.00000 58.50000
177.00000 57.00000
178.00000 61.70000
179.00000 70.50000
180.00000 63.20000
181.00000 43.90000
182.00000 64.30000
183.00000 64.80000
184.00000 61.30000
185.00000 65.20000
186.00000 60.10000
187.00000 58.00000
188.00000 63.30000
189.00000 65.90000
190.00000 63.10000
191.00000 66.40000
192.00000 66.90000
193.00000 66.40000
194.00000 67.00000
195.00000 63.20000
196.00000 65.20000
197.00000 65.00000
198.00000 66.10000
199.00000 65.80000
200.00000 64.30000
201.00000 58.50000
202.00000 57.00000
203.00000 57.50000
204.00000 61.70000
205.00000 58.60000
206.00000 64.30000
207.00000 65.70000
208.00000 60.70000
209.00000 67.10000
210.00000 66.10000
211.00000 88.70000
212.00000 60.60000
213.00000 66.40000
214.00000 63.20000
215.00000 56.50000
216.00000 49.70000
217.00000 51.80000
218.00000 52.30000
219.00000 56.50000
220.00000 59.10000
221.00000 46.60000
222.00000 66.50000
223.00000 66.10000
224.00000 89.20000
225.00000 66.10000
226.00000 66.10000
227.00000 67.40000
228.00000 61.50000
229.00000 59.70000
230.00000 89.20000
231.00000 66.10000
232.00000 47.90000
233.00000 53.30000
234.00000 53.90000
235.00000 42.40000
236.00000 41.90000
237.00000 46.60000
238.00000 47.10000
239.00000 46.60000
240.00000 49.20000
241.00000 27.00000
242.00000 50.20000
243.00000 55.90000
244.00000 44.50000
245.00000 57.00000
246.00000 49.20000
247.00000 64.80000
248.00000 66.90000
249.00000 66.10000
250.00000 94.40000
251.00000 64.30000
252.00000 67.10000
253.00000 67.10000
254.00000 67.10000
255.00000 89.20000
256.00000 68.30000
257.00000 56.70000
258.00000 83.90000
259.00000 61.70000
260.00000 65.40000
261.00000 66.10000
262.00000 61.90000
263.00000 62.60000
264.00000 66.10000
265.00000 60.50000
266.00000 66.10000
267.00000 66.10000
268.00000 91.30000
269.00000 66.10000
270.00000 68.20000
271.00000 91.30000
272.00000 66.10000
273.00000 65.30000
274.00000 64.40000
275.00000 64.70000
276.00000 61.70000
277.00000 64.00000
278.00000 67.30000
279.00000 63.10000
280.00000 57.50000
281.00000 47.60000
282.00000 57.50000
283.00000 56.50000
284.00000 60.60000
285.00000 62.70000
286.00000 60.60000
287.00000 65.00000
288.00000 67.30000
289.00000 63.60000
290.00000 64.80000
291.00000 64.30000
292.00000 62.70000
293.00000 62.30000
294.00000 66.10000
295.00000 90.20000
296.00000 65.10000
297.00000 55.50000
298.00000 48.80000
299.00000 50.40000
