1.00000 44.10000
2.00000 51.40000
3.00000 52.50000
4.00000 51.40000
5.00000 55.00000
6.00000 45.50000
7.00000 45.50000
8.00000 48.60000
9.00000 47.60000
10.00000 59.60000
11.00000 52.80000
12.00000 53.30000
13.00000 42.90000
14.00000 17.91000
15.00000 13.21000
16.00000 41.90000
17.00000 47.10000
18.00000 26.50000
19.00000 34.20000
20.00000 27.00000
21.00000 35.80000
22.00000 41.90000
23.00000 16.34000
24.00000 16.87000
25.00000 34.20000
26.00000 33.70000
27.00000 28.10000
28.00000 13.74000
29.00000 0.00000
30.00000 6.61000
31.00000 16.87000
32.00000 6.61000
33.00000 6.09000
34.00000 6.61000
35.00000 7.13000
36.00000 6.09000
37.00000 1.04000
38.00000 1.04000
39.00000 1.56000
40.00000 7.13000
41.00000 7.65000
42.00000 8.17000
43.00000 8.17000
44.00000 13.74000
45.00000 14.78000
46.00000 13.74000
47.00000 14.26000
48.00000 14.78000
49.00000 13.74000
50.00000 15.82000
51.00000 17.39000
52.00000 17.39000
53.00000 14.78000
54.00000 17.39000
55.00000 16.87000
56.00000 26.00000
57.00000 15.31000
58.00000 24.40000
59.00000 27.00000
60.00000 28.60000
61.00000 32.10000
62.00000 34.70000
63.00000 35.30000
64.00000 43.90000
65.00000 46.00000
66.00000 53.30000
67.00000 53.90000
68.00000 54.40000
69.00000 54.40000
70.00000 49.20000
71.00000 49.70000
72.00000 48.10000
73.00000 43.40000
74.00000 49.20000
75.00000 47.60000
76.00000 48.60000
77.00000 51.80000
78.00000 56.50000
79.00000 35.30000
80.00000 47.60000
81.00000 46.00000
82.00000 43.40000
83.00000 47.60000
84.00000 42.40000
85.00000 42.90000
86.00000 49.20000
87.00000 41.30000
88.00000 43.90000
89.00000 48.60000
90.00000 48.60000
91.00000 46.60000
92.00000 48.10000
93.00000 48.10000
94.00000 47.60000
95.00000 48.10000
96.00000 50.70000
97.00000 56.50000
98.00000 54.90000
99.00000 48.10000
100.00000 26.50000
101.00000 50.70000
102.00000 51.20000
103.00000 50.70000
104.00000 48.60000
105.00000 54.40000
106.00000 51.80000
107.00000 47.60000
108.00000 45.50000
109.00000 32.10000
110.00000 60.10000
111.00000 53.90000
112.00000 52.30000
113.00000 52.80000
114.00000 52.30000
115.00000 51.80000
116.00000 48.60000
117.00000 46.00000
118.00000 46.00000
119.00000 57.00000
120.00000 53.90000
121.00000 56.50000
122.00000 55.90000
123.00000 54.90000
124.00000 34.70000
125.00000 54.40000
126.00000 51.20000
127.00000 50.20000
128.00000 52.30000
129.00000 55.40000
130.00000 54.40000
131.00000 53.30000
132.00000 41.90000
133.00000 58.00000
134.00000 43.90000
135.00000 42.40000
136.00000 47.60000
137.00000 46.60000
138.00000 43.90000
139.00000 46.60000
140.00000 51.80000
141.00000 47.10000
142.00000 54.90000
143.00000 55.90000
144.00000 47.60000
145.00000 34.70000
146.00000 52.30000
147.00000 32.10000
148.00000 32.10000
149.00000 15.30000
150.00000 17.39000
151.00000 16.34000
152.00000 24.40000
153.00000 17.39000
154.00000 17.39000
155.00000 13.74000
156.00000 17.91000
157.00000 34.20000
158.00000 24.40000
159.00000 27.60000
160.00000 33.70000
161.00000 25.50000
162.00000 27.60000
163.00000 26.00000
164.00000 17.39000
165.00000 17.39000
166.00000 14.78000
167.00000 7.65000
168.00000 13.74000
169.00000 14.26000
170.00000 25.00000
171.00000 13.21000
172.00000 0.00000
173.00000 0.00000
174.00000 0.00000
175.00000 8.69000
176.00000 6.09000
177.00000 6.61000
178.00000 6.09000
179.00000 0.00000
180.00000 0.00000
181.00000 0.00000
182.00000 14.78000
183.00000 8.17000
184.00000 13.74000
185.00000 8.69000
186.00000 13.74000
187.00000 14.78000
188.00000 7.65000
189.00000 15.82000
190.00000 6.09000
191.00000 26.00000
192.00000 17.39000
193.00000 17.39000
194.00000 15.30000
195.00000 27.60000
196.00000 33.20000
197.00000 34.20000
198.00000 35.80000
199.00000 33.70000
200.00000 32.10000
201.00000 32.10000
202.00000 32.60000
203.00000 33.70000
204.00000 34.70000
205.00000 41.90000
206.00000 35.30000
207.00000 41.90000
208.00000 36.80000
209.00000 24.40000
210.00000 35.80000
211.00000 32.60000
212.00000 34.20000
213.00000 34.20000
214.00000 28.10000
215.00000 28.10000
216.00000 28.60000
217.00000 35.30000
218.00000 32.60000
219.00000 28.10000
220.00000 35.30000
221.00000 35.30000
222.00000 35.30000
223.00000 28.60000
224.00000 34.20000
225.00000 35.30000
226.00000 32.10000
227.00000 32.10000
228.00000 33.70000
229.00000 28.10000
230.00000 33.20000
231.00000 25.00000
232.00000 42.90000
233.00000 43.40000
234.00000 32.10000
235.00000 34.70000
236.00000 35.80000
237.00000 32.10000
238.00000 34.20000
239.00000 34.20000
240.00000 34.70000
241.00000 34.70000
242.00000 46.00000
243.00000 45.50000
244.00000 45.50000
245.00000 47.60000
246.00000 47.60000
247.00000 46.00000
248.00000 44.50000
249.00000 47.10000
250.00000 45.00000
251.00000 32.60000
252.00000 14.26000
253.00000 35.30000
254.00000 33.70000
255.00000 34.20000
256.00000 45.00000
257.00000 35.30000
258.00000 28.60000
259.00000 25.50000
260.00000 35.30000
261.00000 46.00000
262.00000 48.60000
263.00000 45.50000
264.00000 45.00000
265.00000 49.20000
266.00000 48.60000
267.00000 45.50000
268.00000 47.60000
269.00000 48.10000
270.00000 43.40000
271.00000 45.00000
272.00000 42.40000
273.00000 41.90000
274.00000 44.50000
275.00000 17.91000
276.00000 42.40000
