1.00000 6.09000
2.00000 8.17000
3.00000 7.13000
4.00000 6.09000
5.00000 7.13000
6.00000 1.04000
7.00000 7.13000
8.00000 1.56000
9.00000 6.09000
10.00000 1.56000
11.00000 6.09000
12.00000 6.61000
13.00000 1.56000
14.00000 6.61000
15.00000 1.04000
16.00000 0.52000
17.00000 0.52000
18.00000 1.04000
19.00000 0.52000
20.00000 0.52000
21.00000 0.52000
22.00000 0.52000
23.00000 0.00000
24.00000 0.52000
25.00000 0.52000
26.00000 0.52000
27.00000 0.52000
28.00000 0.00000
29.00000 0.52000
30.00000 0.52000
31.00000 0.52000
32.00000 1.04000
33.00000 1.04000
34.00000 0.52000
35.00000 0.00000
36.00000 0.52000
37.00000 0.00000
38.00000 0.52000
39.00000 0.52000
40.00000 0.00000
41.00000 0.52000
42.00000 0.00000
43.00000 0.52000
44.00000 0.52000
45.00000 1.04000
46.00000 0.52000
47.00000 1.04000
48.00000 0.52000
49.00000 1.04000
50.00000 0.00000
51.00000 0.52000
52.00000 0.00000
53.00000 0.52000
54.00000 0.00000
55.00000 0.00000
56.00000 0.00000
57.00000 0.00000
58.00000 0.00000
59.00000 0.00000
60.00000 0.00000
61.00000 0.00000
62.00000 0.00000
63.00000 0.00000
64.00000 0.00000
65.00000 0.00000
66.00000 0.00000
67.00000 0.52000
68.00000 0.00000
69.00000 0.52000
70.00000 0.52000
71.00000 0.00000
72.00000 0.52000
73.00000 0.00000
74.00000 0.52000
75.00000 0.52000
76.00000 0.00000
77.00000 0.52000
78.00000 0.52000
79.00000 0.52000
80.00000 0.00000
81.00000 0.52000
82.00000 0.00000
83.00000 0.52000
84.00000 0.00000
85.00000 0.52000
86.00000 0.00000
87.00000 0.52000
88.00000 0.52000
89.00000 0.52000
90.00000 0.00000
91.00000 0.52000
92.00000 1.56000
93.00000 6.09000
94.00000 7.13000
95.00000 13.21000
96.00000 7.13000
97.00000 7.65000
98.00000 13.74000
99.00000 14.26000
100.00000 14.78000
101.00000 35.90000
102.00000 50.10000
103.00000 36.30000
104.00000 27.00000
105.00000 34.20000
106.00000 8.17000
107.00000 13.74000
108.00000 17.39000
109.00000 15.30000
110.00000 7.13000
111.00000 6.09000
112.00000 7.13000
113.00000 14.26000
114.00000 6.61000
115.00000 15.82000
116.00000 13.74000
117.00000 25.00000
118.00000 26.50000
119.00000 27.60000
120.00000 14.78000
121.00000 16.34000
122.00000 36.30000
123.00000 35.80000
124.00000 49.70000
125.00000 1.56000
126.00000 13.21000
127.00000 0.00000
128.00000 1.04000
129.00000 7.13000
130.00000 7.13000
131.00000 16.87000
132.00000 28.10000
133.00000 7.65000
134.00000 8.69000
135.00000 8.69000
136.00000 8.17000
137.00000 6.09000
138.00000 13.74000
139.00000 15.82000
140.00000 17.39000
141.00000 25.00000
142.00000 25.00000
143.00000 26.00000
144.00000 34.70000
145.00000 33.20000
146.00000 26.00000
147.00000 34.20000
148.00000 32.10000
149.00000 45.00000
150.00000 33.70000
151.00000 55.90000
152.00000 28.10000
153.00000 28.10000
154.00000 28.60000
155.00000 34.20000
156.00000 16.34000
157.00000 33.20000
158.00000 25.00000
159.00000 35.80000
160.00000 27.60000
161.00000 36.30000
162.00000 42.40000
163.00000 32.60000
164.00000 35.30000
165.00000 43.90000
166.00000 45.50000
167.00000 41.30000
168.00000 36.80000
169.00000 42.90000
170.00000 41.30000
171.00000 34.70000
172.00000 36.30000
173.00000 34.70000
174.00000 41.90000
175.00000 41.30000
176.00000 36.30000
177.00000 48.10000
178.00000 45.50000
179.00000 42.40000
180.00000 45.50000
181.00000 43.40000
182.00000 42.90000
183.00000 47.60000
184.00000 35.30000
185.00000 43.40000
186.00000 44.50000
187.00000 49.70000
188.00000 28.60000
189.00000 36.30000
190.00000 36.80000
191.00000 16.34000
192.00000 46.00000
193.00000 36.80000
194.00000 14.78000
195.00000 25.00000
196.00000 25.00000
197.00000 25.00000
198.00000 24.40000
199.00000 41.30000
200.00000 52.80000
201.00000 36.30000
202.00000 60.70000
203.00000 62.60000
204.00000 45.50000
205.00000 49.70000
206.00000 45.00000
207.00000 52.80000
208.00000 42.40000
209.00000 41.90000
210.00000 48.10000
211.00000 52.80000
212.00000 52.30000
213.00000 44.50000
214.00000 49.20000
215.00000 57.00000
216.00000 48.60000
217.00000 27.60000
218.00000 55.40000
219.00000 61.20000
220.00000 64.30000
221.00000 42.90000
222.00000 55.90000
223.00000 56.50000
224.00000 61.20000
225.00000 58.50000
226.00000 25.00000
227.00000 17.91000
228.00000 6.09000
229.00000 7.13000
230.00000 26.50000
231.00000 0.00000
232.00000 17.91000
233.00000 7.13000
234.00000 16.34000
235.00000 8.17000
236.00000 14.78000
237.00000 13.21000
238.00000 7.65000
239.00000 8.17000
240.00000 13.21000
241.00000 7.13000
242.00000 6.61000
243.00000 15.30000
244.00000 17.91000
245.00000 6.61000
246.00000 0.52000
247.00000 6.61000
248.00000 1.04000
249.00000 0.52000
250.00000 6.61000
251.00000 1.56000
252.00000 14.78000
253.00000 0.52000
254.00000 6.09000
255.00000 8.17000
256.00000 13.74000
257.00000 13.21000
258.00000 8.69000
259.00000 7.65000
260.00000 7.13000
261.00000 14.78000
262.00000 1.56000
263.00000 1.56000
264.00000 1.04000
265.00000 0.52000
266.00000 6.09000
267.00000 8.69000
268.00000 6.09000
269.00000 1.56000
270.00000 6.61000
271.00000 6.09000
272.00000 1.56000
273.00000 7.13000
274.00000 1.56000
275.00000 1.56000
276.00000 1.04000
277.00000 0.52000
278.00000 0.00000
279.00000 6.09000
280.00000 0.00000
281.00000 0.52000
282.00000 0.52000
283.00000 0.00000
284.00000 0.52000
285.00000 0.52000
286.00000 1.04000
287.00000 0.52000
288.00000 1.04000
289.00000 0.52000
290.00000 0.52000
291.00000 0.52000
292.00000 0.52000
293.00000 0.52000
294.00000 0.00000
295.00000 0.52000
296.00000 0.00000
297.00000 0.52000
298.00000 0.00000
299.00000 0.52000
