1.00000 1.30000
2.00000 13.70000
3.00000 7.63000
4.00000 8.17000
5.00000 17.82000
6.00000 8.15000
7.00000 6.59000
8.00000 0.52000
9.00000 7.11000
10.00000 6.07000
11.00000 6.59000
12.00000 6.59000
13.00000 6.07000
14.00000 13.70000
15.00000 14.22000
16.00000 6.07000
17.00000 6.59000
18.00000 1.04000
19.00000 6.59000
20.00000 1.55000
21.00000 1.04000
22.00000 0.00000
23.00000 0.00000
24.00000 0.00000
25.00000 0.00000
26.00000 7.63000
27.00000 8.15000
28.00000 13.70000
29.00000 14.74000
30.00000 15.77000
31.00000 16.29000
32.00000 16.81000
33.00000 16.81000
34.00000 24.40000
35.00000 25.30000
36.00000 24.90000
37.00000 27.60000
38.00000 34.50000
39.00000 36.20000
40.00000 35.10000
41.00000 32.50000
42.00000 24.90000
43.00000 17.33000
44.00000 17.84000
45.00000 17.33000
46.00000 17.33000
47.00000 16.81000
48.00000 14.74000
49.00000 8.15000
50.00000 16.29000
51.00000 17.33000
52.00000 16.81000
53.00000 17.33000
54.00000 15.25000
55.00000 16.81000
56.00000 15.77000
57.00000 14.22000
58.00000 17.33000
59.00000 15.25000
60.00000 13.18000
61.00000 16.29000
62.00000 14.74000
63.00000 14.22000
64.00000 1.55000
65.00000 13.70000
66.00000 26.40000
67.00000 16.29000
68.00000 7.11000
69.00000 14.22000
70.00000 8.66000
71.00000 15.25000
72.00000 16.81000
73.00000 16.29000
74.00000 17.84000
75.00000 25.40000
76.00000 27.50000
77.00000 36.00000
78.00000 24.90000
79.00000 24.90000
80.00000 16.29000
81.00000 24.90000
82.00000 6.07000
83.00000 0.52000
84.00000 17.84000
85.00000 13.70000
86.00000 7.11000
87.00000 8.66000
88.00000 8.66000
89.00000 1.04000
90.00000 8.66000
91.00000 13.18000
92.00000 1.04000
93.00000 8.15000
94.00000 13.70000
95.00000 14.74000
96.00000 17.84000
97.00000 24.90000
98.00000 16.29000
99.00000 13.70000
100.00000 24.40000
101.00000 16.81000
102.00000 24.40000
103.00000 25.40000
104.00000 24.40000
105.00000 24.90000
106.00000 26.40000
107.00000 24.40000
108.00000 27.00000
109.00000 25.90000
110.00000 36.00000
111.00000 28.00000
112.00000 14.74000
113.00000 1.55000
114.00000 45.40000
115.00000 17.33000
116.00000 24.40000
117.00000 24.90000
118.00000 8.15000
119.00000 36.20000
120.00000 47.40000
121.00000 36.00000
122.00000 34.10000
123.00000 16.29000
124.00000 35.10000
125.00000 8.66000
126.00000 25.40000
127.00000 13.70000
128.00000 26.40000
129.00000 27.50000
130.00000 27.50000
131.00000 28.50000
132.00000 17.84000
133.00000 15.77000
134.00000 27.50000
135.00000 28.00000
136.00000 41.20000
137.00000 27.00000
138.00000 24.90000
139.00000 34.60000
140.00000 28.50000
141.00000 26.40000
142.00000 17.33000
143.00000 17.84000
144.00000 1.55000
145.00000 8.66000
146.00000 7.63000
147.00000 1.04000
148.00000 6.07000
149.00000 6.59000
150.00000 6.59000
151.00000 6.59000
152.00000 6.59000
153.00000 6.59000
154.00000 6.59000
155.00000 6.59000
156.00000 6.07000
157.00000 6.07000
158.00000 1.04000
159.00000 8.15000
160.00000 7.11000
161.00000 6.59000
162.00000 6.59000
163.00000 6.59000
164.00000 7.11000
165.00000 1.04000
166.00000 0.52000
167.00000 8.15000
168.00000 6.07000
169.00000 7.11000
170.00000 6.59000
171.00000 1.55000
172.00000 6.07000
173.00000 6.07000
174.00000 1.55000
175.00000 6.07000
176.00000 6.59000
177.00000 1.04000
178.00000 1.55000
179.00000 6.59000
180.00000 1.55000
181.00000 1.55000
182.00000 1.55000
183.00000 6.07000
184.00000 6.07000
185.00000 6.07000
186.00000 0.52000
187.00000 6.07000
188.00000 1.04000
189.00000 8.15000
190.00000 6.07000
191.00000 7.11000
192.00000 16.81000
193.00000 24.90000
194.00000 25.90000
195.00000 27.50000
196.00000 28.00000
197.00000 36.00000
198.00000 33.60000
199.00000 34.10000
200.00000 41.20000
201.00000 41.20000
202.00000 44.80000
203.00000 46.40000
204.00000 44.80000
205.00000 44.30000
206.00000 46.90000
207.00000 45.40000
208.00000 49.00000
209.00000 17.84000
210.00000 41.20000
211.00000 51.60000
212.00000 44.80000
213.00000 44.30000
214.00000 42.80000
215.00000 36.70000
216.00000 42.80000
217.00000 41.70000
218.00000 42.80000
219.00000 42.20000
220.00000 41.20000
221.00000 34.60000
222.00000 32.50000
223.00000 25.90000
224.00000 34.10000
225.00000 35.70000
226.00000 28.50000
227.00000 28.00000
228.00000 32.50000
229.00000 17.84000
230.00000 15.25000
231.00000 42.20000
232.00000 44.80000
233.00000 46.90000
234.00000 50.00000
235.00000 50.00000
236.00000 46.90000
237.00000 44.30000
238.00000 41.70000
239.00000 45.40000
240.00000 47.40000
241.00000 44.30000
242.00000 33.60000
243.00000 34.10000
244.00000 44.30000
245.00000 41.70000
246.00000 14.74000
247.00000 0.52000
248.00000 0.00000
249.00000 7.11000
250.00000 14.22000
251.00000 8.66000
252.00000 0.52000
253.00000 36.00000
254.00000 34.60000
255.00000 24.90000
256.00000 14.22000
257.00000 13.70000
258.00000 13.70000
259.00000 6.59000
260.00000 0.00000
261.00000 1.55000
262.00000 16.81000
263.00000 15.25000
264.00000 32.50000
265.00000 36.00000
266.00000 33.60000
267.00000 33.60000
268.00000 33.10000
269.00000 33.10000
270.00000 44.80000
271.00000 35.70000
272.00000 42.20000
273.00000 17.84000
274.00000 41.20000
275.00000 41.20000
276.00000 41.20000
277.00000 35.70000
278.00000 33.60000
279.00000 32.50000
280.00000 34.10000
281.00000 33.60000
282.00000 35.10000
283.00000 36.70000
284.00000 36.20000
285.00000 36.20000
286.00000 36.70000
287.00000 36.70000
288.00000 41.20000
289.00000 35.70000
290.00000 36.00000
291.00000 28.50000
292.00000 33.10000
293.00000 32.50000
294.00000 15.25000
295.00000 27.50000
296.00000 28.00000
297.00000 33.10000
298.00000 35.70000
299.00000 35.70000
