1.00000 0.25000
2.00000 0.00000
3.00000 0.00000
4.00000 0.00000
5.00000 0.25000
6.00000 0.00000
7.00000 0.00000
8.00000 0.00000
9.00000 0.25000
10.00000 0.00000
11.00000 0.25000
12.00000 0.00000
13.00000 0.47000
14.00000 6.71000
15.00000 1.53000
16.00000 7.14000
17.00000 8.17000
18.00000 6.61000
19.00000 33.80000
20.00000 25.40000
21.00000 24.50000
22.00000 36.90000
23.00000 48.30000
24.00000 43.00000
25.00000 60.80000
26.00000 54.60000
27.00000 70.30000
28.00000 70.30000
29.00000 70.30000
30.00000 87.10000
31.00000 53.50000
32.00000 70.30000
33.00000 53.50000
34.00000 71.30000
35.00000 71.30000
36.00000 50.30000
37.00000 71.30000
38.00000 71.20000
39.00000 53.30000
40.00000 56.50000
41.00000 50.70000
42.00000 53.90000
43.00000 56.50000
44.00000 76.60000
45.00000 60.80000
46.00000 79.70000
47.00000 61.90000
48.00000 67.90000
49.00000 57.00000
50.00000 55.90000
51.00000 52.80000
52.00000 54.40000
53.00000 53.30000
54.00000 56.50000
55.00000 41.30000
56.00000 25.50000
57.00000 43.90000
58.00000 43.40000
59.00000 41.30000
60.00000 26.00000
61.00000 33.70000
62.00000 26.50000
63.00000 34.20000
64.00000 17.91000
65.00000 17.91000
66.00000 26.50000
67.00000 24.40000
68.00000 13.21000
69.00000 15.82000
70.00000 7.13000
71.00000 8.17000
72.00000 6.61000
73.00000 8.17000
74.00000 13.74000
75.00000 7.65000
76.00000 6.61000
77.00000 1.56000
78.00000 6.09000
79.00000 7.13000
80.00000 6.61000
81.00000 8.17000
82.00000 14.26000
83.00000 13.74000
84.00000 14.78000
85.00000 16.87000
86.00000 13.74000
87.00000 14.26000
88.00000 6.61000
89.00000 8.69000
90.00000 7.65000
91.00000 14.78000
92.00000 13.74000
93.00000 13.21000
94.00000 8.17000
95.00000 7.65000
96.00000 14.26000
97.00000 15.30000
98.00000 8.69000
99.00000 6.61000
100.00000 13.74000
101.00000 15.30000
102.00000 13.21000
103.00000 7.65000
104.00000 13.21000
105.00000 7.65000
106.00000 14.26000
107.00000 14.78000
108.00000 13.21000
109.00000 8.17000
110.00000 1.56000
111.00000 7.13000
112.00000 6.61000
113.00000 7.13000
114.00000 8.69000
115.00000 15.30000
116.00000 13.21000
117.00000 13.74000
118.00000 17.39000
119.00000 14.78000
120.00000 13.74000
121.00000 25.50000
122.00000 14.78000
123.00000 14.26000
124.00000 8.69000
125.00000 28.10000
126.00000 13.74000
127.00000 14.78000
128.00000 13.21000
129.00000 1.04000
130.00000 13.74000
131.00000 8.17000
132.00000 7.65000
133.00000 13.74000
134.00000 13.21000
135.00000 16.87000
136.00000 6.09000
137.00000 0.52000
138.00000 0.00000
139.00000 36.80000
140.00000 13.21000
141.00000 14.26000
142.00000 7.65000
143.00000 15.82000
144.00000 14.26000
145.00000 24.40000
146.00000 28.10000
147.00000 15.82000
148.00000 28.10000
149.00000 17.39000
150.00000 14.26000
151.00000 25.00000
152.00000 25.00000
153.00000 17.91000
154.00000 14.78000
155.00000 13.74000
156.00000 13.74000
157.00000 24.40000
158.00000 7.65000
159.00000 14.78000
160.00000 13.21000
161.00000 13.74000
162.00000 14.26000
163.00000 8.17000
164.00000 8.17000
165.00000 17.91000
166.00000 14.78000
167.00000 0.52000
168.00000 13.74000
169.00000 6.09000
170.00000 1.56000
171.00000 0.00000
172.00000 0.00000
173.00000 0.00000
174.00000 0.00000
175.00000 0.00000
176.00000 0.00000
177.00000 0.00000
178.00000 0.00000
179.00000 15.82000
180.00000 0.52000
181.00000 13.74000
182.00000 6.61000
183.00000 0.00000
184.00000 0.52000
185.00000 8.17000
186.00000 8.69000
187.00000 16.34000
188.00000 8.17000
189.00000 24.40000
190.00000 28.60000
191.00000 26.50000
192.00000 15.82000
193.00000 26.00000
194.00000 0.52000
195.00000 7.13000
196.00000 14.78000
197.00000 14.78000
198.00000 14.78000
199.00000 7.13000
200.00000 14.26000
201.00000 14.26000
202.00000 26.50000
203.00000 33.70000
204.00000 28.10000
205.00000 15.30000
206.00000 7.13000
207.00000 25.00000
208.00000 28.60000
209.00000 14.26000
210.00000 34.70000
211.00000 36.30000
212.00000 36.30000
213.00000 32.10000
214.00000 28.60000
215.00000 36.30000
216.00000 32.10000
217.00000 28.10000
218.00000 1.04000
219.00000 6.61000
220.00000 7.65000
221.00000 15.30000
222.00000 13.74000
223.00000 13.74000
224.00000 1.56000
225.00000 6.61000
226.00000 8.17000
227.00000 13.21000
228.00000 14.26000
229.00000 13.74000
230.00000 13.74000
231.00000 13.21000
232.00000 13.21000
233.00000 8.69000
234.00000 13.74000
235.00000 14.26000
236.00000 15.30000
237.00000 17.39000
238.00000 27.00000
239.00000 25.50000
240.00000 26.50000
241.00000 26.50000
242.00000 14.78000
243.00000 16.34000
244.00000 17.91000
245.00000 16.34000
246.00000 17.91000
247.00000 26.00000
248.00000 27.60000
249.00000 26.50000
250.00000 32.60000
251.00000 32.10000
252.00000 16.87000
253.00000 17.91000
254.00000 15.82000
255.00000 14.26000
256.00000 17.39000
257.00000 26.00000
258.00000 27.60000
259.00000 32.10000
260.00000 32.10000
261.00000 32.60000
262.00000 28.60000
263.00000 14.26000
264.00000 27.00000
265.00000 17.91000
266.00000 17.39000
267.00000 17.91000
268.00000 17.91000
269.00000 25.00000
270.00000 15.82000
271.00000 16.34000
272.00000 25.00000
273.00000 28.10000
274.00000 32.60000
275.00000 25.00000
276.00000 17.39000
277.00000 17.91000
278.00000 26.00000
279.00000 26.50000
280.00000 25.50000
281.00000 28.60000
282.00000 27.60000
283.00000 34.20000
284.00000 16.34000
285.00000 34.70000
286.00000 26.50000
287.00000 24.40000
288.00000 17.91000
289.00000 27.00000
290.00000 17.91000
291.00000 32.10000
292.00000 53.90000
293.00000 58.50000
294.00000 58.00000
295.00000 57.00000
296.00000 61.20000
297.00000 55.90000
298.00000 35.60000
299.00000 17.39000
