1.00000 59.80000
2.00000 52.60000
3.00000 33.80000
4.00000 59.80000
5.00000 60.00000
6.00000 72.40000
7.00000 87.10000
8.00000 73.40000
9.00000 73.40000
10.00000 59.80000
11.00000 73.40000
12.00000 72.40000
13.00000 60.80000
14.00000 60.80000
15.00000 59.80000
16.00000 59.80000
17.00000 62.90000
18.00000 60.80000
19.00000 65.00000
20.00000 52.40000
21.00000 56.90000
22.00000 60.60000
23.00000 42.40000
24.00000 33.70000
25.00000 32.10000
26.00000 35.80000
27.00000 33.20000
28.00000 41.90000
29.00000 50.70000
30.00000 36.80000
31.00000 52.80000
32.00000 55.90000
33.00000 57.50000
34.00000 58.50000
35.00000 52.40000
36.00000 65.20000
37.00000 63.80000
38.00000 62.70000
39.00000 62.70000
40.00000 62.20000
41.00000 54.40000
42.00000 34.70000
43.00000 33.20000
44.00000 51.20000
45.00000 59.10000
46.00000 53.30000
47.00000 48.60000
48.00000 36.80000
49.00000 24.40000
50.00000 7.65000
51.00000 42.40000
52.00000 36.80000
53.00000 17.39000
54.00000 27.60000
55.00000 45.50000
56.00000 32.10000
57.00000 36.30000
58.00000 35.30000
59.00000 28.60000
60.00000 34.20000
61.00000 42.40000
62.00000 44.50000
63.00000 45.00000
64.00000 34.70000
65.00000 42.40000
66.00000 36.30000
67.00000 41.90000
68.00000 41.90000
69.00000 34.70000
70.00000 44.50000
71.00000 46.00000
72.00000 42.40000
73.00000 46.00000
74.00000 26.00000
75.00000 35.80000
76.00000 33.20000
77.00000 33.20000
78.00000 35.30000
79.00000 28.10000
80.00000 32.10000
81.00000 28.10000
82.00000 16.87000
83.00000 15.82000
84.00000 35.80000
85.00000 36.30000
86.00000 35.30000
87.00000 24.40000
88.00000 26.50000
89.00000 26.50000
90.00000 27.60000
91.00000 24.40000
92.00000 16.34000
93.00000 14.78000
94.00000 14.26000
95.00000 14.26000
96.00000 7.13000
97.00000 15.82000
98.00000 15.82000
99.00000 15.30000
100.00000 14.26000
101.00000 25.50000
102.00000 27.00000
103.00000 26.00000
104.00000 28.60000
105.00000 27.60000
106.00000 27.00000
107.00000 25.50000
108.00000 25.00000
109.00000 26.50000
110.00000 28.60000
111.00000 33.20000
112.00000 34.70000
113.00000 33.20000
114.00000 33.20000
115.00000 33.20000
116.00000 34.20000
117.00000 17.39000
118.00000 34.70000
119.00000 35.30000
120.00000 35.30000
121.00000 43.90000
122.00000 41.90000
123.00000 43.40000
124.00000 43.40000
125.00000 36.80000
126.00000 43.40000
127.00000 42.40000
128.00000 36.30000
129.00000 41.30000
130.00000 36.30000
131.00000 35.30000
132.00000 36.80000
133.00000 43.90000
134.00000 41.30000
135.00000 42.90000
136.00000 42.90000
137.00000 41.30000
138.00000 26.00000
139.00000 36.30000
140.00000 42.90000
141.00000 42.90000
142.00000 42.40000
143.00000 36.30000
144.00000 35.30000
145.00000 35.80000
146.00000 35.30000
147.00000 16.87000
148.00000 15.30000
149.00000 14.78000
150.00000 1.04000
151.00000 7.13000
152.00000 1.56000
153.00000 13.21000
154.00000 0.00000
155.00000 1.56000
156.00000 15.82000
157.00000 1.04000
158.00000 6.61000
159.00000 1.04000
160.00000 6.09000
161.00000 1.04000
162.00000 6.09000
163.00000 7.13000
164.00000 6.09000
165.00000 6.09000
166.00000 6.09000
167.00000 1.04000
168.00000 6.61000
169.00000 6.61000
170.00000 1.56000
171.00000 1.04000
172.00000 6.09000
173.00000 1.56000
174.00000 6.61000
175.00000 6.09000
176.00000 6.61000
177.00000 1.56000
178.00000 1.56000
179.00000 6.61000
180.00000 7.13000
181.00000 1.04000
182.00000 7.13000
183.00000 6.09000
184.00000 7.13000
185.00000 6.61000
186.00000 7.65000
187.00000 6.09000
188.00000 0.00000
189.00000 7.65000
190.00000 6.61000
191.00000 6.09000
192.00000 7.13000
193.00000 6.61000
194.00000 7.65000
195.00000 7.65000
196.00000 8.17000
197.00000 7.65000
198.00000 1.04000
199.00000 8.69000
200.00000 1.04000
201.00000 6.61000
202.00000 0.52000
203.00000 1.56000
204.00000 1.56000
205.00000 0.52000
206.00000 1.04000
207.00000 6.09000
208.00000 1.56000
209.00000 1.04000
210.00000 1.04000
211.00000 1.04000
212.00000 1.04000
213.00000 1.56000
214.00000 6.61000
215.00000 1.04000
216.00000 7.13000
217.00000 7.13000
218.00000 1.04000
219.00000 6.61000
220.00000 1.56000
221.00000 1.56000
222.00000 1.56000
223.00000 1.56000
224.00000 1.04000
225.00000 1.56000
226.00000 1.56000
227.00000 1.56000
228.00000 1.56000
229.00000 1.56000
230.00000 0.52000
231.00000 1.04000
232.00000 0.00000
233.00000 0.52000
234.00000 0.52000
235.00000 0.52000
236.00000 0.52000
237.00000 0.52000
238.00000 0.52000
239.00000 1.04000
240.00000 6.61000
241.00000 1.56000
242.00000 13.21000
243.00000 8.17000
244.00000 6.61000
245.00000 6.09000
246.00000 8.17000
247.00000 13.74000
248.00000 24.40000
249.00000 25.50000
250.00000 26.50000
251.00000 28.60000
252.00000 13.21000
253.00000 35.80000
254.00000 34.20000
255.00000 42.90000
256.00000 32.60000
257.00000 36.30000
258.00000 26.00000
259.00000 17.39000
260.00000 28.60000
261.00000 17.39000
262.00000 6.09000
263.00000 26.50000
264.00000 25.50000
265.00000 6.61000
266.00000 15.82000
267.00000 8.17000
268.00000 1.04000
269.00000 0.00000
270.00000 8.69000
271.00000 0.52000
272.00000 0.52000
273.00000 1.04000
274.00000 0.00000
275.00000 0.52000
276.00000 0.52000
277.00000 0.52000
278.00000 0.00000
279.00000 0.00000
280.00000 0.00000
281.00000 0.00000
282.00000 0.00000
283.00000 0.00000
284.00000 0.00000
285.00000 0.00000
286.00000 0.00000
287.00000 0.00000
288.00000 0.00000
289.00000 0.00000
290.00000 0.00000
291.00000 0.00000
292.00000 0.00000
293.00000 0.00000
294.00000 0.00000
295.00000 0.00000
296.00000 0.00000
297.00000 0.00000
298.00000 0.00000
299.00000 0.00000
300.00000 0.00000
301.00000 0.00000
302.00000 0.00000
303.00000 0.00000
304.00000 0.52000
305.00000 6.09000
306.00000 6.09000
307.00000 0.00000
308.00000 0.00000
309.00000 0.52000
310.00000 0.00000
311.00000 1.04000
312.00000 1.04000
313.00000 0.00000
314.00000 0.00000
315.00000 0.00000
316.00000 0.00000
317.00000 47.80000
318.00000 25.50000
