1.00000 0.52000
2.00000 6.09000
3.00000 0.52000
4.00000 1.56000
5.00000 1.04000
6.00000 1.04000
7.00000 0.52000
8.00000 1.04000
9.00000 1.04000
10.00000 0.52000
11.00000 0.52000
12.00000 6.09000
13.00000 1.56000
14.00000 6.09000
15.00000 6.61000
16.00000 6.61000
17.00000 7.65000
18.00000 7.65000
19.00000 8.17000
20.00000 1.56000
21.00000 0.52000
22.00000 1.56000
23.00000 6.61000
24.00000 8.17000
25.00000 1.56000
26.00000 8.69000
27.00000 6.09000
28.00000 6.61000
29.00000 7.13000
30.00000 7.13000
31.00000 6.61000
32.00000 8.69000
33.00000 8.17000
34.00000 8.17000
35.00000 1.56000
36.00000 8.69000
37.00000 6.61000
38.00000 6.61000
39.00000 13.21000
40.00000 7.65000
41.00000 14.78000
42.00000 1.04000
43.00000 7.65000
44.00000 7.65000
45.00000 0.52000
46.00000 1.56000
47.00000 6.09000
48.00000 6.09000
49.00000 6.09000
50.00000 1.56000
51.00000 1.56000
52.00000 1.04000
53.00000 0.52000
54.00000 1.56000
55.00000 0.52000
56.00000 1.04000
57.00000 0.00000
58.00000 0.52000
59.00000 1.04000
60.00000 1.04000
61.00000 1.04000
62.00000 1.04000
63.00000 0.52000
64.00000 0.52000
65.00000 1.04000
66.00000 0.52000
67.00000 0.52000
68.00000 1.04000
69.00000 1.56000
70.00000 7.13000
71.00000 7.13000
72.00000 6.09000
73.00000 6.09000
74.00000 7.13000
75.00000 8.69000
76.00000 8.17000
77.00000 6.09000
78.00000 1.56000
79.00000 13.74000
80.00000 6.09000
81.00000 7.65000
82.00000 13.21000
83.00000 14.26000
84.00000 6.09000
85.00000 13.74000
86.00000 8.17000
87.00000 7.65000
88.00000 6.61000
89.00000 13.21000
90.00000 8.17000
91.00000 6.61000
92.00000 13.21000
93.00000 8.17000
94.00000 7.13000
95.00000 7.65000
96.00000 13.21000
97.00000 8.17000
98.00000 15.82000
99.00000 13.74000
100.00000 7.65000
101.00000 6.61000
102.00000 7.65000
103.00000 8.69000
104.00000 8.69000
105.00000 7.13000
106.00000 6.09000
107.00000 6.61000
108.00000 6.09000
109.00000 7.13000
110.00000 1.56000
111.00000 7.13000
112.00000 6.61000
113.00000 6.09000
114.00000 6.09000
115.00000 1.04000
116.00000 6.61000
117.00000 7.65000
118.00000 6.61000
119.00000 7.65000
120.00000 8.17000
121.00000 8.17000
122.00000 14.78000
123.00000 8.69000
124.00000 7.65000
125.00000 6.09000
126.00000 8.69000
127.00000 7.13000
128.00000 6.61000
129.00000 14.26000
130.00000 13.21000
131.00000 1.04000
132.00000 6.61000
133.00000 1.04000
134.00000 8.69000
135.00000 1.56000
136.00000 7.13000
137.00000 6.61000
138.00000 7.65000
139.00000 1.04000
140.00000 16.34000
141.00000 13.21000
142.00000 16.89000
143.00000 25.50000
144.00000 17.82000
145.00000 15.32000
146.00000 26.60000
147.00000 34.80000
148.00000 35.90000
149.00000 35.50000
150.00000 25.00000
151.00000 34.20000
152.00000 35.90000
153.00000 25.90000
154.00000 26.50000
155.00000 15.30000
156.00000 0.00000
157.00000 13.21000
158.00000 13.24000
159.00000 36.90000
160.00000 46.20000
161.00000 34.80000
162.00000 35.90000
163.00000 33.80000
164.00000 36.90000
165.00000 46.20000
166.00000 35.90000
167.00000 35.90000
168.00000 46.20000
169.00000 43.00000
170.00000 33.80000
171.00000 36.00000
172.00000 53.30000
173.00000 43.90000
174.00000 54.40000
175.00000 48.60000
176.00000 50.70000
177.00000 41.30000
178.00000 8.69000
179.00000 43.90000
180.00000 7.13000
181.00000 47.10000
182.00000 32.60000
183.00000 28.10000
184.00000 42.40000
185.00000 45.00000
186.00000 46.60000
187.00000 48.60000
188.00000 28.60000
189.00000 49.70000
190.00000 50.20000
191.00000 44.50000
192.00000 42.90000
193.00000 32.60000
194.00000 44.50000
195.00000 43.40000
196.00000 34.70000
197.00000 34.20000
198.00000 42.40000
199.00000 33.20000
200.00000 24.40000
201.00000 34.20000
202.00000 36.30000
203.00000 32.10000
204.00000 16.34000
205.00000 28.10000
206.00000 34.70000
207.00000 35.30000
208.00000 34.70000
209.00000 35.30000
210.00000 17.39000
211.00000 36.80000
212.00000 33.20000
213.00000 35.80000
214.00000 42.90000
215.00000 36.80000
216.00000 35.30000
217.00000 36.30000
218.00000 33.70000
219.00000 36.30000
220.00000 32.60000
221.00000 56.50000
222.00000 53.90000
223.00000 50.20000
224.00000 58.50000
225.00000 52.80000
226.00000 57.50000
227.00000 59.60000
228.00000 60.10000
229.00000 60.60000
230.00000 57.50000
231.00000 35.80000
232.00000 63.80000
233.00000 64.30000
234.00000 47.60000
235.00000 49.20000
236.00000 48.60000
237.00000 51.80000
238.00000 50.70000
239.00000 44.50000
240.00000 55.90000
241.00000 56.50000
242.00000 60.60000
243.00000 57.50000
244.00000 59.10000
245.00000 52.80000
246.00000 54.90000
247.00000 50.70000
248.00000 48.60000
249.00000 52.80000
250.00000 49.70000
251.00000 51.20000
252.00000 58.00000
253.00000 53.90000
254.00000 59.10000
255.00000 24.40000
256.00000 52.80000
257.00000 51.20000
258.00000 51.20000
259.00000 50.20000
260.00000 50.20000
261.00000 48.10000
262.00000 48.10000
263.00000 28.10000
264.00000 6.61000
265.00000 8.69000
266.00000 1.56000
267.00000 6.61000
268.00000 34.70000
269.00000 48.60000
270.00000 48.60000
271.00000 48.60000
272.00000 48.60000
273.00000 51.20000
274.00000 50.70000
275.00000 50.20000
276.00000 26.00000
277.00000 48.60000
278.00000 47.10000
279.00000 46.00000
280.00000 41.90000
281.00000 43.40000
282.00000 49.70000
283.00000 32.10000
284.00000 32.60000
285.00000 33.20000
286.00000 45.00000
287.00000 45.00000
288.00000 33.70000
289.00000 33.20000
290.00000 27.00000
291.00000 41.90000
292.00000 34.70000
293.00000 36.80000
294.00000 42.40000
295.00000 44.50000
296.00000 46.60000
297.00000 49.70000
298.00000 27.00000
299.00000 49.70000
