1.00000 24.90000
2.00000 49.30000
3.00000 61.90000
4.00000 54.60000
5.00000 47.30000
6.00000 35.70000
7.00000 35.10000
8.00000 34.10000
9.00000 36.70000
10.00000 27.00000
11.00000 36.70000
12.00000 28.50000
13.00000 43.80000
14.00000 36.20000
15.00000 43.30000
16.00000 34.60000
17.00000 36.20000
18.00000 45.40000
19.00000 47.90000
20.00000 28.50000
21.00000 51.60000
22.00000 44.80000
23.00000 44.80000
24.00000 41.70000
25.00000 45.40000
26.00000 46.40000
27.00000 50.50000
28.00000 48.50000
29.00000 45.40000
30.00000 32.50000
31.00000 27.00000
32.00000 32.50000
33.00000 17.33000
34.00000 27.50000
35.00000 15.77000
36.00000 15.25000
37.00000 15.25000
38.00000 45.40000
39.00000 36.70000
40.00000 47.40000
41.00000 36.00000
42.00000 53.10000
43.00000 48.50000
44.00000 52.60000
45.00000 49.50000
46.00000 47.40000
47.00000 33.60000
48.00000 27.00000
49.00000 27.50000
50.00000 35.10000
51.00000 34.60000
52.00000 34.60000
53.00000 45.90000
54.00000 44.30000
55.00000 35.10000
56.00000 16.81000
57.00000 27.00000
58.00000 45.40000
59.00000 49.00000
60.00000 50.50000
61.00000 47.90000
62.00000 50.00000
63.00000 27.50000
64.00000 49.50000
65.00000 47.90000
66.00000 54.20000
67.00000 58.70000
68.00000 75.50000
69.00000 75.50000
70.00000 58.70000
71.00000 55.60000
72.00000 0.00000
73.00000 0.00000
74.00000 0.52000
75.00000 14.22000
76.00000 15.25000
77.00000 16.81000
78.00000 17.84000
79.00000 24.90000
80.00000 26.40000
81.00000 13.70000
82.00000 28.00000
83.00000 36.00000
84.00000 36.00000
85.00000 27.00000
86.00000 36.00000
87.00000 32.50000
88.00000 33.10000
89.00000 33.10000
90.00000 35.10000
91.00000 34.60000
92.00000 35.70000
93.00000 41.20000
94.00000 44.30000
95.00000 49.50000
96.00000 52.10000
97.00000 51.10000
98.00000 45.90000
99.00000 35.70000
100.00000 28.00000
101.00000 16.81000
102.00000 8.15000
103.00000 44.10000
104.00000 57.70000
105.00000 76.60000
106.00000 57.70000
107.00000 76.60000
108.00000 75.50000
109.00000 76.60000
110.00000 75.50000
111.00000 59.90000
112.00000 57.70000
113.00000 77.60000
114.00000 76.60000
115.00000 57.70000
116.00000 76.60000
117.00000 57.70000
118.00000 49.60000
119.00000 43.30000
120.00000 52.50000
121.00000 57.70000
122.00000 57.20000
123.00000 57.60000
124.00000 74.80000
125.00000 56.30000
126.00000 58.00000
127.00000 53.90000
128.00000 28.00000
129.00000 42.20000
130.00000 33.10000
131.00000 17.84000
132.00000 33.10000
133.00000 0.52000
134.00000 24.40000
135.00000 1.04000
136.00000 7.11000
137.00000 14.74000
138.00000 24.40000
139.00000 13.70000
140.00000 26.40000
141.00000 25.40000
142.00000 25.40000
143.00000 36.20000
144.00000 44.80000
145.00000 41.20000
146.00000 36.70000
147.00000 36.20000
148.00000 27.50000
149.00000 13.18000
150.00000 16.81000
151.00000 27.50000
152.00000 42.80000
153.00000 33.10000
154.00000 28.00000
155.00000 28.50000
156.00000 36.00000
157.00000 41.70000
158.00000 52.10000
159.00000 45.90000
160.00000 41.20000
161.00000 35.10000
162.00000 43.30000
163.00000 44.30000
164.00000 50.50000
165.00000 45.90000
166.00000 50.00000
167.00000 51.10000
168.00000 42.80000
169.00000 41.20000
170.00000 43.30000
171.00000 25.90000
172.00000 51.60000
173.00000 53.60000
174.00000 53.60000
175.00000 25.90000
176.00000 55.70000
177.00000 59.30000
178.00000 52.10000
179.00000 53.10000
180.00000 47.90000
181.00000 46.40000
182.00000 41.70000
183.00000 45.90000
184.00000 48.50000
185.00000 42.20000
186.00000 47.40000
187.00000 45.90000
188.00000 42.80000
189.00000 43.80000
190.00000 35.70000
191.00000 42.80000
192.00000 47.40000
193.00000 24.90000
194.00000 41.70000
195.00000 34.10000
196.00000 14.22000
197.00000 36.20000
198.00000 24.90000
199.00000 14.22000
200.00000 36.00000
201.00000 28.00000
202.00000 32.50000
203.00000 27.00000
204.00000 43.30000
205.00000 41.70000
206.00000 43.80000
207.00000 47.40000
208.00000 35.70000
209.00000 33.60000
210.00000 8.66000
211.00000 43.80000
212.00000 27.00000
213.00000 33.10000
214.00000 41.20000
215.00000 36.70000
216.00000 35.10000
217.00000 17.84000
218.00000 36.20000
219.00000 35.10000
220.00000 28.00000
221.00000 45.90000
222.00000 35.10000
223.00000 42.20000
224.00000 41.20000
225.00000 46.40000
226.00000 36.20000
227.00000 36.70000
228.00000 28.50000
229.00000 33.60000
230.00000 35.70000
231.00000 28.00000
232.00000 7.11000
233.00000 8.15000
234.00000 49.00000
235.00000 53.10000
236.00000 49.50000
237.00000 28.00000
238.00000 36.20000
239.00000 32.50000
240.00000 53.10000
241.00000 55.70000
242.00000 56.20000
243.00000 55.20000
244.00000 50.50000
245.00000 51.60000
246.00000 54.70000
247.00000 54.70000
248.00000 57.80000
249.00000 58.80000
250.00000 58.30000
251.00000 56.80000
252.00000 53.10000
253.00000 50.00000
254.00000 50.50000
255.00000 50.00000
256.00000 50.00000
257.00000 45.40000
258.00000 48.50000
259.00000 49.00000
260.00000 14.22000
261.00000 0.00000
262.00000 1.04000
263.00000 27.00000
264.00000 13.18000
265.00000 8.15000
266.00000 17.84000
267.00000 15.77000
268.00000 17.33000
269.00000 16.29000
270.00000 14.74000
271.00000 14.74000
272.00000 8.66000
273.00000 1.55000
274.00000 0.00000
275.00000 6.59000
276.00000 35.70000
277.00000 49.50000
278.00000 62.20000
279.00000 58.70000
280.00000 59.20000
281.00000 49.00000
282.00000 57.80000
283.00000 46.90000
284.00000 51.10000
285.00000 53.60000
286.00000 52.10000
287.00000 53.10000
288.00000 34.10000
289.00000 58.30000
290.00000 56.80000
291.00000 54.70000
292.00000 58.30000
293.00000 57.30000
294.00000 55.20000
295.00000 60.90000
296.00000 55.20000
297.00000 8.66000
298.00000 1.55000
299.00000 24.90000
